516 214
86 116
966 421
513 1099
915 417
37 111
671 309
279 20
987 717
311 216
720 128
772 715
295 143
857 900
652 378
380 462
1044 353
827 793
23 585
130 364
441 951
793 1004
649 445
709 785
815 203
498 906
77 868
236 433
454 178
400 406
418 471
142 946
293 261
661 422
1050 135
667 698
524 9
477 342
37 409
487 1012
131 103
145 116
374 363
928 138
167 724
884 118
212 848
824 648
571 634
249 665
545 1012
596 690
324 382
164 192
732 581
475 231
109 840
366 683
288 1015
762 322
657 542
774 206
703 141
288 507
1053 185
1102 1005
495 286
373 125
778 1046
478 977
533 106
553 829
175 310
133 990
634 694
671 798
782 118
946 385
491 223
472 150
760 904
732 577
529 699
777 926
295 560
582 424
381 250
394 820
816 505
527 277
184 963
778 934
355 518
477 567
266 44
150 223
409 640
705 156
265 806
469 1022
831 662
260 836
942 402
967 519
472 569
216 337
758 821
912 1123
889 604
405 158
101 546
738 888
843 378
516 785
256 106
417 168
1037 727
653 548
222 731
414 981
247 286
228 967
386 458
205 733
1081 738
993 505
580 663
95 156
793 941
813 179
96 865
1015 851
120 780
206 176
48 423
416 293
831 784
326 798
80 617
886 155
873 950
993 405
815 197
848 289
26 736
6 885
1005 834
989 902
888 347
720 601
269 368
636 640
461 247
862 691
700 514
1043 806
147 586
199 434
215 206
578 814
792 1085
660 757
761 485
508 508
54 549
629 1072
321 425
476 23
425 155
924 883
955 25
415 295
286 5
921 416
166 776
162 440
584 795
716 750
159 310
764 679
122 666
1080 180
778 1077
319 885
14 452
344 615
59 246
622 451
1012 807
982 322
4 186
1016 288
412 946
757 200
19 241
901 406
107 227
833 502
149 322
708 1056
522 59
141 150
119 225
666 738
1017 407
81 514
460 128
647 1007
250 761
1079 143
149 862
384 796
129 822
68 1095
331 815
924 757
223 966
117 995
901 34
474 1007
858 247
77 517
1054 933
786 172
35 1034
207 1073
750 709
465 800
420 532
177 578
942 328
407 935
353 47
280 450
1042 769
937 368
1051 454
244 248
567 643
935 198
890 188
337 846
422 366
228 687
267 526
910 1007
470 725
949 73
819 316
1005 500
934 454
1067 238
709 204
623 800
296 977
1032 281
770 599
292 215
648 418
385 241
353 315
830 341
86 698
78 174
4 727
840 386
740 185
523 83
543 722
222 200
869 531
217 972
1022 852
858 875
123 423
238 105
109 450
777 636
37 363
769 349
613 423
191 371
998 35
735 66
948 934
692 403
417 306
1048 403
822 537
541 657
745 966
435 255
581 669
239 507
907 736
375 1077
28 531
343 720
993 878
768 676
1002 761
1074 298
322 1004
367 344
225 479
915 945
305 584
345 704
723 819
782 158
711 557
344 444
156 773
475 262
214 956
278 358
426 1011
670 283
946 234
132 878
495 750
314 734
197 883
681 212
334 668
1048 794
261 315
76 1041
683 132
650 562
405 1011
312 427
986 741
903 293
600 892
256 146
703 271
827 193
777 669
1002 748
446 520
157 330
429 932
1018 858
1121 216
720 443
357 137
448 285
421 189
1013 536
178 599
651 996
468 472
977 191
613 213
929 103
587 63
504 434
1064 513
275 961
709 809
727 797
245 409
1108 417
304 413
199 440
924 213
374 1004
435 947
914 633
37 142
603 108
14 9
669 523
989 335
975 343
427 671
160 235
185 206
365 934
421 635
877 938
416 248
878 825
552 550
952 222
330 102
735 832
1007 134
975 605
1076 409
1086 753
271 194
830 655
652 626
451 461
1099 153
241 351
1061 358
382 103
181 603
13 655
796 424
114 203
709 238
667 607
149 550
1032 277
505 794
532 99
80 716
879 321
809 198
979 375
147 741
107 483
639 265
665 892
745 556
413 650
423 833
733 157
105 576
845 673
733 1072
330 28
334 548
709 905
363 945
319 922
423 428
536 464
1101 248
845 206
983 478
490 527
128 583
138 748
787 810
1100 284
765 266
264 291
499 382
193 558
948 132
605 1111
244 286
77 999
556 895
115 814
273 634
33 565
693 1009
1123 341
1032 567
1046 16
430 529
634 178
212 138
155 695
432 294
1108 878
866 293
535 217
992 776
306 673
692 596
136 946
704 397
1014 178
862 225
475 100
440 1006
698 632
602 240
490 1003
1093 311
1102 430
964 268
1 191
7 1002
690 306
758 912
422 644
617 861
652 389
875 795
835 340
1008 423
255 335
748 784
212 920
377 223
881 472
481 1047
761 412
650 349
827 904
213 154
7 443
613 199
135 651
1011 329
502 778
503 838
401 993
773 407
483 767
218 694
742 443
514 1082
135 504
847 457
406 672
988 943
783 322
976 997
897 152
92 279
923 983
437 1009
942 129
725 203
721 619
170 1036
50 792
655 401
366 90
329 934
842 919
977 789
361 1013
896 733
686 331
16 485
1012 368
314 1106
834 913
975 245
193 867
692 161
869 604
1007 232
59 842
837 61
670 374
772 277
444 518
606 169
1087 931
631 1115
983 91
127 304
818 455
975 606
352 880
126 1110
704 1008
618 151
630 338
580 356
508 975
146 1016
48 368
336 176
890 927
759 46
933 150
588 210
883 753
841 332
3 535
275 401
905 760
159 715
833 247
784 1092
160 693
1002 48
460 969
785 522
334 1012
415 56
262 990
1016 226
95 22
781 521
305 261
664 915
847 989
394 126
714 618
863 118
542 721
115 387
858 156
790 735
848 171
1069 998
418 529
227 135
509 574
610 219
342 928
247 253
599 453
660 761
665 831
352 576
178 392
280 167
383 352
952 271
168 445
807 733
800 950
757 297
481 626
170 104
487 273
23 317
300 863
367 881
392 752
52 108
239 901
694 706
230 815
705 74
126 367
422 847
809 352
637 816
81 468
851 287
397 892
1122 293
716 747
674 872
350 102
541 1088
317 153
643 295
566 587
262 696
505 361
62 410
428 888
758 324
263 855
280 168
752 557
60 371
650 375
385 1004
938 573
160 822
996 973
666 914
534 1009
896 913
67 1014
937 168
1123 677
590 654
895 420
609 675
184 681
784 593
364 873
1033 600
557 226
735 949
621 1065
301 1007
303 629
104 573
642 781
482 963
669 868
622 884
781 86
868 503
606 345
167 406
722 552
141 1119
647 734
601 500
927 180
451 150
424 246
165 844
274 693
880 562
474 575
342 95
136 726
142 22
71 809
197 242
560 252
52 519
1120 696
758 333
364 119
606 531
940 869
288 959
897 759
459 600
881 805
604 151
306 791
628 680
764 345
790 301
772 44
839 475
584 761
808 39
510 175
1095 834
799 426
704 756
773 986
587 103
746 940
648 101
308 156
383 1099
231 314
639 783
1115 803
995 643
375 552
827 906
891 451
845 619
587 453
126 669
843 601
605 582
440 998
213 527
635 371
969 1000
127 268
265 952
859 71
144 207
284 1000
691 158
1036 850
113 470
1016 198
192 200
847 695
228 849
1119 336
369 607
992 913
161 1007
541 286
1086 744
554 452
129 179
983 109
749 475
942 35
318 971
47 775
911 415
569 975
728 700
625 679
580 508
730 983
1020 520
102 176
100 135
761 314
8 75
107 670
220 89
574 852
888 659
54 17
453 776
574 599
529 623
927 328
784 717
944 666
309 976
84 788
322 701
487 377
1058 611
869 913
333 320
453 1004
880 736
661 826
967 45
351 1100
636 487
399 444
938 156
34 835
832 57
190 170
450 154
798 452
686 703
588 680
833 233
1078 893
421 772
213 141
846 317
439 47
125 826
490 789
563 816
1078 107
524 237
142 860
971 902
967 612
263 467
581 272
409 650
130 370
864 721
223 818
595 1120
507 1039
485 865
599 572
475 753
1023 323
213 202
140 179
677 442
266 354
547 232
914 902
966 844
390 113
81 145
922 733
815 214
698 319
253 884
537 855
180 455
964 43
943 698
413 566
538 980
332 996
710 632
375 298
787 360
354 247
788 650
236 745
390 239
335 857
1089 784
772 102
642 346
384 344
1020 144
1099 461
560 838
510 663
838 1073
275 106
517 420
401 279
123 1082
575 641
531 923
47 594
59 731
250 1016
569 210
904 536
1047 579
638 1121
237 734
1020 956
841 489
525 29
250 586
61 997
13 76
1020 629
446 930
154 616
225 583
490 612
359 1015
672 885
641 777
238 796
958 350
150 418
546 686
1039 675
987 289
343 338
524 1048
138 85
380 324
928 796
269 758
679 144
500 657
981 206
194 901
579 162
71 749
914 394
463 294
703 555
568 880
423 102
963 598
112 546
121 377
284 382
427 342
430 98
456 968
741 154
458 1023
292 730
209 58
507 834
504 803
454 432
583 1025
181 160
923 350
566 346
331 937
1078 13
542 322
646 261
229 324
893 1049
524 1027
620 433
294 111
979 399
452 536
204 1049
784 795
736 508
825 744
1062 292
428 237
579 218
569 82
100 865
672 654
191 1107
100 113
558 877
459 371
610 633
380 845
97 605
311 598
665 535
553 600
455 773
641 875
995 566
253 1022
714 59
347 492
483 593
244 437
422 87
201 878
629 492
40 1033
372 149
447 730
296 1018
626 854
609 740
995 5
948 458
469 221
772 989