757 806
826 253
1023 295
897 226
981 516
995 320
1045 821
550 424
1062 643
1123 577
180 2
662 853
18 991
127 827
564 448
659 1051
774 986
728 602
876 507
81 178
223 129
1069 95
58 478
958 305
213 596
1103 1025
783 1007
1088 795
392 290
560 137
60 491
161 342
287 283
412 253
737 148
701 841
1018 908
237 799
831 498
683 108
417 1015
244 373
637 195
155 951
306 176
796 697
1012 375
514 296
902 689
413 153
591 8
894 463
878 847
949 192
1016 538
560 848
183 946
602 518
1027 1001
814 274
793 1033
689 965
984 1106
142 854
77 836
802 780
648 602
781 551
66 344
992 660
813 827
876 4
1001 79
202 337
522 440
386 457
166 701
836 496
114 482
971 511
676 508
554 749
1014 978
399 443
770 785
740 728
293 767
527 195
798 788
437 585
761 490
477 733
929 316
1020 738
441 209
621 426
427 833
579 873
768 667
432 533
977 664
446 157
842 1040
273 61
54 891
836 726
219 610
586 477
497 814
3 232
644 573
504 170
632 1019
914 393
1038 599
148 376
731 863
439 1097
769 817
193 337
307 1003
820 266
819 52
402 1020
302 763
639 1016
861 188
830 552
532 1010
578 596
444 493
277 821
933 717
989 832
95 557
200 534
994 683
483 100
840 860
377 52
576 772
460 171
218 716
521 405
976 879
634 723
472 529
1021 780
569 290
693 299
204 942
837 313
843 229
941 650
1000 474
135 524
318 687
888 340
309 276
628 635
114 600
860 199
598 59
351 741
478 941
138 248
291 259
122 157
905 304
699 27
888 150
968 571
787 341
185 945
1082 964
947 449
45 982
443 485
147 1027
631 557
1117 1120
794 968
900 480
813 1013
355 980
309 776
1121 672
514 524
390 287
828 552
620 1056
405 676
456 946
538 463
386 482
13 524
732 602
346 326
300 161
447 324
583 921
323 753
749 928
509 168
333 963
586 256
349 368
449 331
729 179
454 396
914 622
981 677
134 859
38 343
897 326
505 786
511 455
269 154
543 151
575 83
723 171
548 479
305 764
481 801
673 416
1021 549
524 1028
125 480
928 844
882 106
504 331
209 268
529 726
699 366
480 619
915 244
252 46
486 612
788 1036
436 149
816 3
198 161
688 396
408 109
500 843
794 958
578 580
408 911
672 255
116 511
407 193
607 727
675 115
835 256
644 1000
152 882
504 611
1018 143
858 55
943 650
617 897
1041 546
883 149
716 552
114 280
108 758
181 134
270 293
352 564
140 238
271 732
857 160
342 327
875 868
748 359
428 647
1000 574
184 1022
967 246
914 864
127 426
853 248
212 116
996 304
1003 688
986 565
375 777
820 580
595 1081
785 1
249 358
87 421
343 811
120 1077
668 192
1068 446
856 174
887 165
682 725
939 647
441 439
739 780
206 277
945 766
257 640
462 572
63 123
149 307
416 942
122 337
635 221
478 971
227 1002
752 1007
342 476
874 299
294 761
277 254
376 241
585 149
285 132
972 380
221 749
577 883
970 457
642 347
340 1015
624 552
65 296
967 894
542 216
939 939
328 1110
709 628
609 134
709 817
328 173
305 245
304 262
336 178
606 418
483 603
881 668
398 272
948 558
431 1018
533 883
724 776
775 310
794 320
98 754
962 805
50 259
939 395
556 753
621 1074
163 171
410 601
59 738
70 345
193 118
699 160
855 248
335 896
317 1009
304 927
1080 803
780 346
365 846
440 1001
703 1102
238 1025
353 771
753 1017
429 195
858 298
1075 902
680 728
534 831
931 58
655 688
86 1018
987 96
166 524
702 695
864 552
1087 5
78 326
288 209
756 876
539 365
686 888
654 456
468 245
979 1076
1110 570
773 625
192 916
472 492
389 354
151 740
1013 1088
934 902
241 548
489 359
552 146
129 695
10 164
181 723
582 841
469 915
915 604
73 669
477 200
1011 797
367 176
448 958
958 217
150 21
865 905
483 108
218 788
564 813
867 477
232 623
807 788
718 432
641 37
947 221
359 925
316 362
1122 223
591 942
469 298
939 382
518 474
1015 840
138 605
538 938
140 126
823 228
649 207
220 411
934 800
1083 127
648 1052
1021 711
938 299
1094 1114
881 787
921 1057
855 671
779 763
642 211
123 612
811 688
784 874
948 987
298 764
398 722
1096 941
179 826
372 408
971 443
396 1004
218 553
974 170
943 996
522 741
526 162
161 478
745 941
212 1017
795 830
544 896
926 596
993 645
554 260
589 293
1111 506
1033 970
201 468
864 866
161 522
985 974
1078 428
529 548
878 548
333 937
538 1098
551 125
638 560
993 633
764 994
496 182
254 910
422 478
697 368
694 143
490 830
291 638
382 1019
385 915
98 432
328 594
465 916
934 576
249 398
317 432
515 855
96 915
873 670
1098 1103
325 944
568 342
80 261
749 958
813 790
86 881
579 312
966 189
1094 1102
930 614
724 883
1022 225
617 268
821 260
318 948
196 965
115 1023
591 876
570 232
831 84
787 1000
719 775
941 153
401 560
556 213
746 865
662 953
973 846
852 958
935 54
606 449
399 808
603 661
852 71
1071 145
1029 265
397 24
468 841
125 506
1118 932
458 560
738 3
842 533
626 958
122 192
574 195
865 431
370 415
464 802
473 765
667 358
226 558
783 430
354 328
1116 784
1119 466
320 126
117 1011
952 390
916 737
860 940
306 837
973 655
835 436
267 903
719 401
243 240
161 497
1112 689
897 726
922 706
690 784
522 560
358 112
166 542
826 655
200 119
283 562
989 736
11 111
557 116
423 782
480 57
906 380
687 298
1038 317
1007 1005
922 888
378 911
764 696
764 963
526 240
859 863
641 448
857 327
124 246
228 770
795 342
27 578
421 181
839 800
892 407
737 185
156 641
515 324
360 414
867 260
473 316
72 1079
1084 981
983 47
218 498
713 1076
448 848
537 794
312 454
829 668
531 614
597 1055
730 658
600 1077
327 454
644 469
320 732
145 167
479 751
223 127
696 971
659 151
888 1104
693 1000
173 190
957 422
550 997
397 1078
467 501
160 513
76 360
132 447
892 166
594 890
294 801
899 958
710 105
229 8
817 402
133 207
234 773
875 999
732 859
140 939
1112 465
773 494
1043 648
941 1097
373 195
1087 103
1098 878
513 1036
676 981
486 495
806 510
562 189
825 1083
762 641
265 702
284 97
544 190
941 412
336 218
904 974
419 364
998 1095
793 800
993 654
272 853
36 293
109 900
853 217
866 591
68 582
532 285
114 721
1115 772
193 16
35 678
860 863
47 519
931 927
250 382
150 579
532 563
93 474
358 972
20 613
876 1107
575 501
538 608
958 914
808 875
105 1119
467 564
1008 763
738 678
236 23
342 464
1021 946
758 309
665 137
109 307
168 434
479 71
712 313
186 147
681 466
98 827
162 369
1071 461
814 855
400 199
940 442
366 450
86 868
649 293
1002 276
260 491
952 512
420 865
715 125
624 1082
626 754
455 60
1045 620
701 951
955 1020
805 588
750 414
343 180
843 480
954 201
178 296
991 409
380 1116
480 458
300 260
164 317
1074 237
831 182
765 185
769 571
1057 114
662 508
659 831
854 846
265 943
115 843
608 988
358 134
1007 495
192 858
251 540
190 457
435 370
764 609
1007 34
579 930
362 1088
1004 486
482 76
939 325
932 483
437 210
331 143
514 760
309 988
744 193
955 679
1063 576
937 1122
499 438
210 748
335 562
986 750
720 292
157 806
898 911
1056 869
27 454
368 184
537 313
361 1036
1027 712
184 590
977 651
902 620
812 123
313 640
908 53
506 472
409 741
339 97
579 837
687 603
730 463
775 997
105 911
353 429
949 173
689 637
623 42
242 683
811 122
844 625
997 1010
821 191
577 497
844 1015
882 608
1057 750
192 1013
223 797
606 1000
967 160
682 298
154 923
1096 474
236 1030
115 521
679 114
26 944
111 910
301 584
489 539
549 114
543 306
950 320
761 873
622 611
498 718
263 157
337 973
762 225
270 346
103 178
276 96
373 1037
818 641
613 354
1048 732
752 869
8 526
419 728
104 464
372 460
137 226
1014 976
707 1020
269 181
799 207
967 491
282 706
551 84
583 792
965 679
278 444
970 595
601 511
328 293
372 859
273 619
388 5
414 906
723 561
564 25
653 862
1058 894
876 440
714 605
788 612
432 688
374 854
151 178
96 387
124 175
475 907
718 135
909 794
199 146
115 754
129 836
868 286
104 818
295 433
276 1044
3 1015
1042 931
743 899
190 101
159 289
69 127
842 1019
633 106
330 268
315 946
639 204
348 924
753 54
377 719
1000 974
355 309
89 952
592 505
157 762
936 180
555 203
287 155
488 986
518 504
357 866
478 793
746 895
931 264
421 27
406 1101
441 948
256 1032
993 820
340 283
450 642
188 682
561 716
466 204
377 393
722 799
644 739
412 479
914 1018
94 776
222 948
166 564
714 716
955 725
672 402
901 671
655 961
866 745
602 490
570 219
399 312
1053 740
847 699
1084 276
774 163
340 856
376 312
657 748
356 95
688 996
802 215
716 175
679 643
770 412
1101 834
227 398
845 352
879 399
624 17
132 384
844 931
633 844
1072 897
832 909
36 862
720 553
45 234
143 705
338 305
773 523
436 583
145 911
864 996
760 1100
653 842
157 1003
815 223
297 8
175 374