338 821
18 77
775 142
614 870
735 1025
741 976
810 542
170 773
777 198
809 2
466 1009
556 652
223 675
580 341
417 274
199 410
121 599
263 381
1061 386
933 805
501 120
123 241
525 735
241 266
847 576
334 256
196 1069
663 823
403 186
839 544
756 317
360 1078
265 794
1008 393
1031 792
518 97
977 930
175 1061
655 557
726 853
157 830
644 331
1008 431
472 130
273 105
185 381
192 1044
776 492
486 837
756 951
369 920
112 537
363 880
681 369
761 415
859 876
443 873
801 727
562 603
149 941
576 631
261 1018
972 383
335 392
845 626
61 366
1007 342
715 990
938 304
286 224
963 625
589 376
703 490
570 77
767 421
1031 839
712 1076
338 28
439 254
996 204
297 424
497 601
2 867
1022 431
903 292
379 902
836 331
432 845
939 583
24 585
485 169
165 470
339 208
713 1004
308 313
624 941
863 415
964 221
754 817
115 907
439 690
278 303
319 865
79 466
461 138
697 1074
556 531
202 867
262 683
399 915
371 692
155 12
473 431
828 57
653 1117
911 552
854 332
874 274
834 527
304 174
216 985
169 764
117 839
1033 497
1001 493
562 692
702 891
932 409
903 416
495 959
953 307
1021 269
314 784
678 823
581 321
1028 331
234 222
557 337
1053 822
656 207
903 934
887 1054
562 566
622 871
991 987
386 1026
992 1016
133 962
733 768
125 933
31 63
795 144
778 1120
469 203
741 902
466 1086
582 639
645 276
909 841
357 882
1075 406
1098 426
1121 1106
236 994
370 811
781 613
793 333
246 259
395 551
325 210
192 277
600 653
782 222
1033 318
1078 876
531 162
129 298
109 692
174 111
668 177
407 681
264 816
1072 219
235 303
306 858
165 347
11 761
604 735
200 620
672 455
405 420
441 237
739 1072
712 958
1067 689
573 1000
273 170
254 761
1073 526
642 508
305 931
1053 269
423 176
260 221
156 146
508 792
274 675
796 875
1057 110
379 975
451 686
726 272
631 1038
586 221
645 1068
820 207
87 745
980 645
221 709
681 529
656 1014
961 916
97 946
415 289
882 942
652 496
825 685
241 542
259 853
352 837
659 771
714 339
141 916
1012 273
556 383
20 638
173 202
281 518
1032 782
777 667
990 950
431 1107
791 246
757 479
556 399
48 1077
963 433
410 111
754 588
163 440
626 296
986 722
828 116
973 819
593 246
233 630
134 672
298 129
546 976
330 553
203 228
448 340
697 804
812 618
966 1082
522 387
848 771
551 755
517 630
608 392
1112 1041
256 729
112 115
28 768
940 389
342 949
903 588
352 417
198 675
115 13
665 964
149 1011
589 576
880 394
1039 439
1021 364
336 453
238 696
743 598
140 313
720 92
389 629
921 303
529 557
1074 885
971 577
540 979
324 829
824 835
109 444
866 351
329 1028
875 829
1115 631
496 851
387 406
1023 669
827 393
790 382
776 161
1019 1024
1014 194
54 1072
802 195
786 696
967 369
325 854
466 698
381 116
471 834
469 465
72 390
705 656
996 22
859 223
479 72
170 115
668 951
552 993
500 396
529 831
309 1044
578 316
220 917
514 692
1105 629
924 1064
505 276
921 914
644 995
715 956
615 665
373 1042
357 459
201 783
783 934
156 612
481 717
546 825
912 158
984 1072
467 287
712 288
190 753
945 225
421 359
851 243
799 924
502 425
505 109
288 483
365 1006
795 112
226 320
938 997
537 954
391 888
811 705
182 625
703 508
370 870
495 955
597 1006
784 856
692 600
326 680
168 1092
410 460
502 425
496 826
227 168
150 278
386 928
586 977
601 147
547 443
671 241
10 955
703 259
616 295
961 711
801 355
551 729
960 499
406 600
129 126
278 250
379 183
124 933
728 820
807 799
276 183
907 299
637 921
245 196
842 796
869 998
908 731
373 108
192 780
406 710
624 951
715 219
262 808
784 945
339 264
623 619
440 920
850 414
82 848
226 504
188 821
479 153
123 174
922 196
493 141
86 245
340 526
7 276
129 747
265 553
1111 763
1051 432
568 262
294 336
975 630
490 871
1058 986
603 1065
892 867
455 937
394 341
288 663
614 235
695 211
376 397
994 757
426 1007
1043 231
1031 104
840 999
958 104
904 209
1077 1019
1089 672
978 460
578 227
804 826
52 338
651 560
638 305
561 886
133 610
131 406
573 1062
875 617
768 229
291 295
116 534
522 683
277 251
600 404
278 346
179 427
546 996
589 780
551 919
979 10
813 198
786 757
954 582
250 204
858 305
908 835
582 230
772 104
104 207
475 545
801 374
144 970
560 32
69 167
506 251
904 1012
325 219
248 664
204 144
281 990
992 602
604 954
979 873
1040 784
130 158
280 922
362 1119
892 138
1 942
809 356
511 391
281 927
1074 503
653 796
257 635
988 911
212 150
829 31
1031 863
619 268
546 1014
919 202
683 637
645 238
196 558
754 812
443 330
455 843
350 980
411 750
864 318
768 381
895 556
248 418
839 152
315 366
462 630
466 417
428 760
360 509
960 647
583 554
889 451
644 584
560 821
918 150
716 675
494 240
587 356
210 830
590 388
118 307
27 197
439 958
260 248
1071 550
1014 367
416 903
770 212
556 633
59 1
911 670
329 865
396 773
927 346
695 122
529 236
777 708
846 341
552 167
371 102
234 574
1090 93
168 965
314 836
693 902
103 890
1095 908
667 576
111 302
484 474
460 223
890 910
907 531
807 585
291 133
226 424
382 896
25 358
37 369
781 475
444 218
156 1095
32 290
352 104
189 907
896 700
825 322
880 588
290 559
786 909
1016 1026
311 200
470 398
853 396
1004 435
353 777
750 734
535 824
6 853
385 433
159 130
251 57
422 322
141 524
759 920
1011 1
626 141
964 332
1008 367
109 280
378 176
798 358
622 437
577 53
139 7
1101 867
529 847
611 807
605 478
501 760
50 813
191 1101
742 583
1081 446
982 754
173 822
406 690
333 602
202 264
140 382
750 741
371 838
958 765
121 819
38 597
164 759
750 854
337 929
219 416
693 485
345 716
863 391
436 766
116 614
780 932
682 443
530 1099
278 930
480 252
903 326
391 925
750 304
781 918
561 997
69 97
63 392
891 222
867 753
897 961
830 112
914 716
227 336
314 968
435 320
780 417
501 942
263 847
319 981
1033 406
757 250
129 882
810 113
613 61
278 810
594 547
337 929
463 202
257 618
499 606
820 342
297 1085
617 533
466 175
909 269
568 531
726 902
336 144
244 967
575 1106
120 780
831 902
340 481
544 739
10 515
130 807
778 477
970 984
659 325
973 377
704 536
315 654
673 126
192 995
675 882
817 247
785 385
257 919
561 465
54 643
583 356
368 1048
937 238
300 892
271 280
481 896
210 862
942 534
447 383
838 276
301 666
354 97
592 184
529 570
751 239
281 786
149 470
516 857
228 207
172 559
175 249
502 467
887 391
965 830
17 815
957 404
467 615
251 478
170 600
325 1116
150 5
458 439
209 939
960 799
57 634
809 975
250 1059
756 550
795 931
795 992
913 612
430 364
618 321
549 178
762 1091
805 804
752 194
915 791
366 777
107 44
204 6
660 227
143 224
386 1025
148 98
242 1027
277 216
1003 335
224 528
262 820
738 352
140 311
1090 309
387 512
180 935
60 845
416 586
436 907
931 227
808 31
890 804
447 830
908 601
634 538
798 509
454 919
488 771
495 124
661 224
730 180
811 1096
228 670
696 1024
799 1078
336 124
497 626
900 234
477 92
88 554
589 852
804 814
564 313
990 104
6 224
1010 930
223 732
304 1122
523 73
220 911
528 4
205 127
833 777
301 578
219 276
241 926
811 647
655 524
140 842
693 219
489 906
1057 579
802 358
695 316
112 614
963 959
975 103
342 820
132 567
459 341
378 1087
362 499
274 996
914 128
317 43
971 288
514 861
296 1043
230 883
390 1054
117 293
669 104
613 380
1077 739
1053 995
357 540
705 368
767 116
334 1012
1021 432
680 274
18 359
281 135
945 490
952 685
678 592
265 769
905 450
196 438
631 521
632 282
791 1021
1107 1078
196 741
443 830
439 966
799 358
489 404
739 941
227 304
917 286
160 282
187 738
971 469
863 1117
866 592
764 259
405 274
971 452
209 794
483 865
680 1096
615 737
321 496
250 600
743 797
719 650
474 664
715 355
495 953
914 1123
511 669
593 547
231 898
862 962
424 463
407 728
185 192
652 475
376 709
39 527
739 209
621 861
808 406
27 172
935 870
637 209
719 261
832 148
712 580
377 699
690 940
85 802
465 949
331 441
590 885
447 1115
417 788
435 382
466 108
1009 434
144 1044
550 549
902 974
1037 989
285 890
755 280
602 614
421 849
984 430
850 280
441 298
238 707
745 687
874 756
542 838
334 983
902 540
832 602
897 278
166 903
640 491
754 476
763 755
385 1102
183 565
708 876
19 714
233 690
673 104
152 139
877 289
507 329
336 276
19 15
557 667
237 793
185 871
1042 688
268 620
944 575
686 657
626 1053
574 199
567 522
756 264
718 2
601 527
302 413
101 118
700 821
879 327
1070 540
94 414
309 288
723 110
273 803
147 810
678 672
53 831
1028 504
262 344
715 683
663 758
280 563
661 392
186 801
310 105
559 133
858 112
597 915
912 35
110 396