819 417
454 510
555 565
334 609
709 971
827 971
335 621
637 1101
452 71
215 1090
194 1123
1056 175
956 212
1008 440
585 766
959 680
534 50
150 218
940 147
248 1089
915 255
888 962
218 791
649 831
819 171
717 1103
372 176
104 870
938 323
678 238
123 1070
941 886
1035 697
723 923
113 803
711 303
539 66
788 507
461 616
644 1036
268 711
763 474
101 662
457 287
820 461
247 1020
95 142
222 151
1102 573
1077 192
943 206
355 1074
196 444
284 323
946 425
534 99
746 356
860 671
177 427
138 223
758 466
257 942
611 258
467 659
999 70
607 230
981 258
579 721
630 958
790 864
272 546
230 671
404 202
537 347
455 637
149 128
1060 657
675 619
735 210
482 603
522 1020
382 385
118 517
930 119
699 494
1101 797
462 283
669 1
311 194
346 279
817 962
463 905
568 988
883 294
74 523
147 899
250 262
427 543
80 673
148 261
216 437
896 60
192 785
922 786
160 146
817 964
750 980
804 387
263 330
665 765
237 935
600 798
202 974
482 969
207 916
419 333
694 956
931 778
174 942
352 601
795 916
519 183
176 193
633 1123
509 259
495 69
1029 448
950 436
682 699
539 903
342 177
183 398
830 1073
402 206
479 716
946 96
944 94
238 152
344 864
597 104
656 551
473 262
319 176
249 972
129 758
996 608
1017 928
665 276
343 358
157 911
957 929
565 940
386 106
622 674
977 745
196 100
410 807
400 923
1028 869
933 495
55 293
869 439
243 1024
303 359
808 1058
461 342
1090 263
486 711
918 831
826 1085
126 160
363 1086
559 401
426 278
955 513
774 251
948 945
198 1023
308 735
256 748
476 517
129 42
1018 821
622 671
311 837
111 958
367 1069
243 514
778 486
264 116
455 310
415 117
225 642
649 993
156 832
759 400
536 262
938 532
362 911
766 649
339 259
938 461
872 912
484 218
803 454
838 1054
927 747
445 487
421 321
455 376
179 311
989 635
904 335
1104 734
518 508
907 742
752 371
169 111
210 421
837 373
978 282
804 215
344 956
381 388
1001 276
439 851
92 445
662 336
271 503
561 811
256 510
415 684
404 940
640 965
1043 928
863 742
172 264
664 314
1069 413
103 980
403 997
610 634
145 232
508 153
183 1038
991 166
960 572
955 1
960 390
147 574
889 721
252 572
925 66
126 573
952 630
181 596
141 26
319 1012
935 117
182 480
1034 1116
610 342
1027 314
685 546
322 1097
505 805
515 736
32 980
859 238
821 285
165 871
558 683
703 221
295 202
64 1072
1117 584
812 937
473 258
552 772
1021 957
166 445
365 364
251 26
852 738
734 974
763 347
663 280
1105 377
1000 404
545 515
138 94
714 130
586 950
117 119
183 578
142 947
925 1067
919 1050
942 705
898 996
783 433
759 660
1093 121
751 685
992 201
704 1058
973 557
930 237
1000 569
90 760
160 709
931 793
528 89
117 941
420 459
273 347
212 191
592 816
708 882
465 625
200 771
679 448
11 839
529 372
527 531
1077 207
557 255
1089 24
509 400
559 716
736 850
872 855
279 919
1071 131
591 1088
76 430
461 970
510 596
1054 650
331 961
7 629
163 1027
582 569
46 35
263 921
568 225
716 548
816 297
847 299
956 329
762 821
899 480
260 678
237 876
892 868
474 314
410 117
854 669
723 240
344 547
50 106
215 893
976 535
368 620
420 930
1055 1002
29 570
284 814
561 319
97 521
513 539
55 872
718 380
1010 676
613 226
290 333
514 301
671 671
370 869
435 790
303 892
128 683
634 560
615 429
990 701
562 352
544 761
312 979
425 1099
929 255
956 941
339 899
726 344
1016 621
706 741
860 497
297 545
179 358
377 801
606 580
522 1032
93 24
552 97
357 868
631 945
905 795
62 663
227 882
660 261
811 390
383 835
1048 726
901 826
1000 1058
328 87
432 826
444 968
950 397
820 1095
921 382
255 285
534 569
340 566
344 1020
294 651
851 624
754 1019
396 125
32 301
293 743
867 1013
517 430
239 453
313 175
890 291
888 462
1096 345
138 424
837 1112
141 823
956 945
635 660
295 417
226 1003
400 675
474 447
1114 682
260 273
617 456
697 286
871 397
508 635
601 740
45 425
730 231
74 842
333 849
852 1030
937 709
319 1017
399 772
743 509
1005 892
400 237
458 503
52 20
400 353
1006 269
124 350
141 714
400 290
923 938
223 562
37 877
660 783
205 350
657 1017
854 752
304 434
420 883
155 763
737 322
606 267
52 461
634 559
750 912
335 997
709 633
1015 700
269 326
667 1023
949 357
1009 488
1031 12
901 148
652 300
411 989
654 898
491 47
935 509
886 87
732 518
852 356
910 573
281 167
649 750
837 177
669 823
454 379
502 345
597 874
206 671
618 419
574 149
409 257
318 494
671 310
857 591
264 1071
676 385
1040 971
748 878
337 877
558 279
1098 705
1099 736
262 380
181 875
695 119
391 74
292 478
930 834
567 380
336 20
978 346
682 715
361 320
679 536
209 636
977 320
866 361
558 169
199 530
964 725
829 192
292 1020
243 944
924 546
1033 833
489 960
901 557
360 164
213 718
367 895
585 144
490 826
791 981
710 557
278 152
975 510
707 1029
608 788
366 705
129 23
764 1005
360 444
584 132
298 761
573 334
362 75
901 687
870 122
977 516
266 689
895 1002
158 972
479 720
356 555
362 855
381 681
504 705
29 300
1008 1004
893 423
391 838
534 634
194 655
1066 204
393 390
486 988
874 417
334 1020
595 168
600 696
1046 600
965 380
998 419
782 633
387 443
143 725
670 687
81 679
659 662
800 858
152 394
1123 205
1087 819
426 790
941 213
1023 72
166 566
977 511
941 189
251 202
821 734
486 510
574 418
546 989
128 598
974 563
913 242
867 629
358 313
952 419
736 159
1002 997
899 875
250 344
84 925
372 716
546 530
261 183
460 613
125 289
73 845
445 1002
1122 885
558 143
707 556
578 1067
713 462
574 686
39 458
296 1066
103 941
896 704
147 937
434 298
948 866
424 382
824 550
307 381
192 724
1028 803
808 1087
518 821
938 554
801 351
308 790
787 226
810 267
232 435
783 969
247 456
767 528
898 1018
474 709
1021 124
177 469
1013 568
534 789
933 788
657 827
700 334
498 669
724 169
870 801
1072 1038
479 552
99 379
943 134
424 925
437 62
637 744
754 681
988 471
759 284
1101 156
1010 906
311 872
528 922
912 610
419 366
670 434
224 396
380 1017
401 302
577 880
304 217
800 337
663 40
737 519
823 1071
826 62
809 925
697 336
642 165
465 1014
1003 977
771 624
666 360
101 289
941 143
802 635
374 434
299 694
937 123
1068 543
469 257
249 642
759 765
625 250
944 922
208 498
98 124
445 970
501 772
356 420
167 977
443 965
167 149
102 680
785 480
113 1084
856 380
460 168
324 307
987 269
515 865
946 729
308 646
379 329
729 476
259 610
386 44
85 577
245 70
379 294
134 192
563 593
530 923
912 489
1017 709
197 287
482 43
547 147
103 855
839 756
974 944
561 495
450 1016
985 312
895 109
272 1071
240 1020
396 280
1099 886
951 869
253 317
343 657
456 474
1094 523
643 487
545 182
7 796
628 630
708 1117
387 923
307 522
109 632
649 763
817 870
989 1029
523 142
511 289
307 857
600 183
201 106
625 119
849 760
982 148
1063 105
379 115
743 596
411 122
605 906
581 652
574 217
446 796
544 302
954 571
530 388
729 271
319 1041
791 725
234 251
163 552
273 875
349 178
64 522
568 111
356 749
256 473
102 115
1079 675
895 650
245 1106
838 405
44 576
514 977
1022 218
810 910
983 960
385 515
441 851
1059 121
1106 238
397 1064
128 273
506 47
127 887
571 576
301 814
844 550
576 819
442 107
304 1006
219 631
429 604
120 698
633 540
631 609
635 944
894 708
750 644
787 198
724 814
856 835
182 662
632 614
1118 409
783 968
979 586
806 957
785 249
959 23
901 726
388 401
753 1036
992 584
79 498
730 573
399 5
674 295
599 596
737 181
710 661
695 852
784 1044
819 360
1020 937
652 105
195 410
872 416
764 697
954 573
480 338
612 159
310 73
789 211
230 847
1033 330
520 622
989 148
749 894
199 386
633 849
615 741
541 318
554 574
142 733
918 554
1077 839
606 1010
738 832
147 836
261 495
538 371
363 366
664 146
370 998
303 528
612 414
234 365
890 636
381 627
645 971
986 266
423 662
466 62
1099 208
196 695
866 349
314 625
144 988
400 594
746 654
373 285
48 310
988 724
195 203
937 328
460 831
753 1038
813 520
493 397
506 619
567 949
400 1087
402 761
723 512
877 289
797 60
1049 175
912 735
171 394
479 194
1079 90
201 292
1086 278
1010 101
977 598
421 303
990 709
460 606
842 434
809 1094
727 322
174 442
583 718
150 100
867 1047
365 939
227 753
392 980
429 839
446 117
851 845
101 451
1087 506
287 898
558 275
493 650
629 259
714 535
675 387
128 737
849 258
71 253
277 980
916 262
518 245
996 41
923 976
707 663
420 680
955 884
889 181
544 384
240 134
407 683
189 726
170 1097
509 724
822 640
652 941
44 31
398 432
225 727
976 373
975 462
914 438
318 826
165 833
504 332
240 118
1022 358
472 688
691 942
384 1045