468 594
569 738
908 672
990 1063
765 862
440 739
275 164
898 30
755 237
493 872
133 525
217 663
271 508
896 874
108 326
614 964
86 555
841 397
764 142
542 815
462 881
744 411
664 100
317 682
357 358
549 536
979 523
334 642
644 608
510 327
543 11
236 868
749 6
242 760
349 686
15 864
674 712
5 520
717 132
972 948
751 437
463 294
51 735
278 412
915 538
514 551
432 548
312 295
997 234
1116 65
665 604
600 1089
229 1065
844 926
276 592
759 903
865 480
67 768
159 210
266 295
515 44
559 437
828 373
209 620
138 399
346 558
626 729
418 347
556 606
682 613
859 908
123 20
162 369
341 173
383 42
980 752
157 190
177 504
610 182
603 611
586 957
532 520
560 267
661 168
640 725
724 614
378 424
164 250
724 750
124 112
713 1044
266 32
358 1062
842 183
425 831
643 877
821 316
177 193
773 823
473 171
970 1120
473 937
1069 840
782 382
306 737
511 764
361 561
533 792
490 973
834 191
707 200
721 954
650 933
859 760
396 22
22 332
979 550
768 423
109 948
834 875
458 625
925 762
746 651
958 135
143 363
137 721
505 937
71 681
996 574
45 617
1046 510
626 170
974 782
555 933
707 824
634 937
992 837
3 479
427 363
107 404
830 296
383 27
274 155
307 753
33 384
369 465
556 125
312 453
88 794
759 764
256 529
126 1011
638 967
857 1094
246 950
308 450
989 501
399 260
280 244
774 1119
809 4
302 259
783 121
240 44
825 433
662 949
364 657
483 1063
1002 990
455 215
184 347
195 609
598 624
286 1072
571 417
360 380
229 288
427 168
1031 772
992 992
772 619
933 471
673 673
562 207
1071 818
176 1063
634 1025
446 432
656 707
58 329
485 331
344 746
316 270
584 551
262 144
464 478
423 880
1111 363
213 802
422 634
146 235
101 944
412 970
1053 1023
245 900
488 346
381 372
112 732
22 196
992 743
423 871
1098 989
215 568
586 583
811 186
5 383
741 721
938 1110
220 897
667 497
1001 773
1010 550
352 342
782 1082
356 524
103 445
158 836
533 357
154 419
189 694
977 155
460 653
279 685
396 798
204 878
604 366
920 525
219 635
173 967
420 353
669 685
271 699
648 679
952 815
28 994
38 175
478 172
585 645
272 581
388 275
335 985
1083 674
392 571
974 155
1056 257
383 121
529 638
299 862
693 632
572 301
1011 387
224 715
268 716
1022 353
185 994
525 673
704 266
255 433
961 465
368 977
290 731
43 181
937 281
738 930
490 1051
104 639
985 903
589 527
928 933
313 991
946 877
893 670
544 741
591 1062
299 1054
335 99
932 653
213 254
844 581
1117 807
655 200
838 586
179 335
948 756
346 870
380 649
697 332
745 1093
248 858
179 73
365 274
114 414
367 699
260 688
226 250
965 242
781 1111
252 597
649 417
919 145
934 1015
532 484
473 424
154 312
950 1041
934 349
307 373
697 579
908 845
829 1010
1107 608
948 14
459 820
563 646
197 839
530 689
493 180
900 389
598 938
654 638
699 358
844 815
417 527
661 1057
214 1103
834 1022
543 127
715 897
306 412
915 937
991 431
390 652
917 309
353 211
316 569
205 485
912 910
592 743
192 448
875 249
695 1093
544 389
104 447
785 595
936 469
133 149
190 307
8 39
67 242
856 375
720 764
269 549
834 1071
471 233
24 776
678 824
662 355
154 33
562 41
951 909
155 148
366 209
220 1018
192 254
686 1119
651 919
285 445
675 796
405 902
909 2
883 208
903 839
476 241
702 697
714 227
273 567
202 222
824 999
877 699
725 1109
749 357
567 583
871 579
11 480
14 488
199 245
918 574
856 936
496 939
215 298
51 246
156 514
834 105
172 348
780 224
579 389
395 546
623 218
187 1110
409 474
81 252
158 400
395 931
968 170
1082 210
110 411
816 715
641 707
1095 655
976 186
16 184
812 151
476 831
353 398
948 510
356 227
421 221
968 915
282 496
375 623
546 64
413 449
138 360
743 289
551 7
909 315
627 387
216 929
373 173
183 414
349 1091
750 818
185 421
706 1069
104 323
783 160
860 298
556 132
886 502
160 739
107 1012
202 739
489 481
1013 110
1043 462
535 809
390 429
609 1071
512 843
607 134
801 1118
439 587
281 1057
977 185
764 126
469 1106
208 512
370 409
141 154
906 820
879 492
810 694
757 964
995 659
856 742
825 769
267 808
1019 304
685 267
1043 192
566 279
739 535
618 746
872 1001
1063 118
699 1020
15 1101
408 664
309 16
925 1039
672 116
135 391
430 960
740 1053
531 438
214 714
493 696
744 280
187 922
632 458
461 1086
353 320
940 1083
385 930
644 441
439 130
802 768
114 1091
947 296
977 981
811 121
350 567
1110 939
1004 756
557 96
362 708
570 768
676 1091
857 253
765 71
1001 999
600 3
331 722
964 348
449 39
566 644
125 524
430 188
122 279
758 156
490 228
867 336
820 685
987 686
851 474
715 271
478 227
687 320
675 1074
33 602
479 389
914 209
889 114
677 296
626 404
846 633
309 242
463 1057
419 742
307 158
941 480
507 311
811 179
568 1050
525 484
771 196
473 658
300 195
340 917
1002 317
221 362
18 308
728 334
785 916
415 553
435 788
419 430
1031 1020
167 609
193 517
643 189
786 196
435 1062
886 100
555 1056
294 238
931 865
874 402
315 416
918 722
608 832
843 416
73 880
183 123
1010 499
626 426
109 179
757 1021
885 937
844 986
410 1015
266 541
1046 193
937 692
710 745
706 428
654 921
604 883
476 1034
608 829
187 115
237 37
52 735
581 575
361 571
162 715
1056 1070
140 121
482 514
320 959
482 527
1 865
770 518
763 904
564 496
676 201
957 232
1030 387
574 1085
618 841
856 1100
852 1029
805 449
308 1118
298 396
996 540
246 803
951 793
821 326
482 628
831 283
811 594
959 345
3 717
451 218
45 492
230 364
882 203
1039 733
5 345
110 152
432 543
618 794
79 453
91 377
437 661
862 929
196 748
574 208
995 267
705 252
195 744
62 796
518 870
1096 344
706 499
917 876
238 111
167 526
528 886
224 358
141 415
266 635
930 894
583 500
947 324
521 237
1094 554
136 914
976 480
194 619
143 781
647 673
602 1043
497 205
896 939
281 983
32 312
87 1021
738 388
541 301
566 1114
738 244
911 792
171 367
537 574
1093 751
1003 604
301 784
1031 1044
150 794
11 373
271 891
988 734
639 528
523 254
467 163
253 968
507 948
149 221
911 380
1105 650
803 282
807 226
1078 1007
1086 283
31 156
148 741
220 554
712 292
664 270
945 625
1074 382
1069 36
455 415
703 1051
414 1095
854 204
773 978
1016 812
306 696
325 333
1098 1109
777 342
484 524
328 484
733 145
728 616
399 902
1004 667
689 1116
661 831
1117 1066
794 779
1075 765
1000 432
618 306
198 149
971 812
269 765
788 602
661 723
355 595
1075 360
754 643
1123 144
241 135
242 560
468 652
701 848
821 617
728 265
141 372
765 773
831 965
74 857
1119 634
472 751
357 766
785 934
597 573
511 508
376 1080
378 629
206 589
903 545
135 108
54 441
491 488
637 932
502 1036
360 234
769 325
569 844
1015 833
281 564
616 637
445 400
1062 683
856 407
274 468
966 523
466 448
394 205
388 789
559 379
181 957
814 717
270 523
781 399
945 260
813 356
274 777
935 555
400 712
817 511
806 867
130 718
788 956
278 994
505 547
89 913
484 288
999 857
995 917
756 263
729 679
330 630
60 107
242 676
882 639
817 850
1107 153
377 316
436 588
416 998
121 410
517 239
879 361
663 711
1012 169
140 808
496 209
707 973
460 41
184 873
570 212
252 888
673 486
318 18
613 812
905 864
469 994
751 156
308 488
456 650
330 17
519 780
512 820
864 22
581 77
769 385
585 979
446 348
922 482
468 257
175 944
154 216
651 643
555 417
1061 582
546 1087
990 1003
258 902
590 851
189 800
964 989
355 501
693 633
1050 453
900 501
99 556
986 1064
352 945
190 677
832 187
805 321
396 783
663 249
177 294
747 119
168 374
1018 675
180 460
996 604
61 570
102 160
600 414
515 712
103 159
539 464
117 977
417 962
720 396
589 10
431 747
698 10
803 926
433 102
681 527
372 501
459 1092
778 201
756 349
146 876
242 803
500 620
41 781
760 206
181 1075
665 838
1073 724
1065 493
546 918
383 109
907 351
452 989
191 364
824 81
894 1043
539 789
143 332
1072 786
953 790
154 539
866 571
1075 332
980 840
400 684
364 389
803 162
920 945
1054 750
848 791
214 865
389 483
527 105
361 693
183 904
333 243
527 15
65 765
513 270
458 826
870 400
1024 597
46 812
573 941
194 530
1062 813
462 903
529 925
674 121
265 333
881 456
248 195
854 593
439 574
12 667
707 967
1012 479
808 749
409 243
929 1006
64 796
488 635
7 364
868 0
315 814
754 924
1095 904
939 247
35 236
47 887
110 1011
518 856
242 739
963 1098
557 607
1006 988
478 199
831 836
618 833
709 955
834 646
743 1065
696 658
730 175
1043 186
783 703
732 654
387 1009
156 994
272 169
262 664
842 563
320 509
740 879
255 621
707 1011
543 299
502 380
997 604
173 857
474 102
1024 500
863 469
589 907
460 38
183 147