588 181
820 556
455 479
991 1087
170 1011
391 26
770 593
723 321
313 1017
551 873
641 464
109 1060
569 571
445 191
68 879
158 882
340 243
679 347
975 1011
314 396
388 821
1076 483
152 777
585 519
663 412
842 397
885 361
233 508
120 875
506 1102
241 946
362 200
554 77
948 246
771 680
1024 110
32 1014
676 1018
672 817
510 99
360 928
342 544
166 729
518 859
1116 319
366 687
365 978
673 972
751 621
777 926
1081 936
861 623
838 351
1101 102
630 1041
682 612
668 989
659 1067
861 454
203 1065
492 438
508 567
502 197
490 265
723 794
206 328
656 109
1013 242
476 958
393 305
781 838
467 933
658 1004
810 1004
842 1010
2 963
19 304
823 1029
229 736
239 359
911 988
299 630
871 13
514 479
716 125
717 322
791 282
221 533
974 451
343 200
396 579
175 476
390 629
602 779
704 616
591 75
1003 539
898 53
764 138
590 517
735 762
885 1021
296 978
268 1084
211 652
290 362
591 319
608 493
815 277
265 258
795 675
289 342
893 575
588 354
454 558
908 934
856 927
244 528
1020 1123
482 161
365 589
148 634
1018 157
729 1037
1094 384
478 498
1086 575
166 909
846 752
864 356
415 804
1112 169
485 1042
423 995
253 1044
297 422
800 288
84 637
245 577
610 538
690 214
1024 484
544 598
877 793
535 278
940 150
105 520
521 379
746 965
704 792
549 1068
789 583
784 508
11 915
937 831
131 325
1035 280
664 622
1023 1118
496 206
673 985
274 173
928 242
535 835
209 31
354 858
458 501
856 151
516 793
694 557
538 478
198 374
520 268
206 603
750 1082
1014 797
360 226
651 632
939 474
697 548
641 792
693 915
787 298
1041 705
755 462
636 277
790 317
499 877
805 891
457 354
901 22
727 292
447 535
366 766
242 984
153 1005
738 215
995 106
582 778
386 54
365 693
466 242
549 281
80 377
69 814
179 906
1035 593
537 608
622 994
42 840
139 360
732 289
221 118
469 998
387 575
698 795
817 917
232 577
970 603
261 901
212 747
415 220
537 57
310 761
1100 489
800 344
214 534
302 936
119 260
207 1041
519 920
319 502
729 566
519 607
332 135
698 666
182 324
239 352
742 277
159 1016
249 342
163 839
66 614
946 621
317 129
535 273
312 265
949 847
965 1120
972 85
122 169
697 881
263 79
146 1103
187 457
507 356
605 655
250 268
536 777
278 665
372 38
479 717
651 986
1120 431
476 299
1089 885
218 938
970 400
669 958
707 365
597 389
266 868
648 126
165 692
837 421
237 653
740 785
2 848
945 264
1027 228
262 624
299 1106
237 408
115 127
242 600
682 470
60 526
675 1059
371 490
239 706
337 411
401 760
117 523
147 160
243 849
101 265
885 245
276 1054
772 540
700 474
362 924
878 399
259 682
807 647
486 666
513 361
671 536
121 767
271 292
277 547
25 350
436 71
542 499
516 483
677 311
110 752
15 516
357 241
588 134
62 589
127 248
1022 338
104 867
991 525
923 845
212 456
671 639
788 17
9 867
546 166
753 976
722 385
971 1007
701 326
964 318
1014 1022
112 235
797 178
791 451
745 1028
768 804
655 433
878 669
770 394
442 859
919 882
540 758
494 181
612 13
638 260
5 455
708 75
136 763
177 869
1118 990
321 1041
581 211
314 647
196 354
975 826
436 693
106 332
547 799
330 144
1090 54
919 52
837 899
899 830
688 944
274 1066
429 547
780 475
1014 240
432 595
179 436
819 430
963 695
1103 319
1104 230
303 249
365 58
360 734
972 800
444 479
207 658
772 1035
139 597
758 745
54 461
836 474
942 421
692 348
372 219
343 593
305 267
870 462
958 601
775 859
601 953
66 84
422 810
685 1040
775 962
547 517
624 553
953 747
508 307
566 736
464 904
427 32
585 265
885 578
812 756
925 701
472 193
792 881
779 510
122 320
22 969
575 243
12 443
56 968
891 393
254 697
624 261
882 1011
514 886
613 573
958 825
898 662
940 1054
819 1055
544 919
966 164
166 338
365 513
1009 101
489 954
136 1034
268 504
820 876
299 746
390 437
765 906
496 633
539 227
332 507
89 388
787 893
390 138
242 13
90 623
263 1110
278 775
652 844
322 566
3 132
434 170
757 255
904 338
790 885
687 357
1042 184
648 575
415 313
415 333
355 542
554 716
566 166
384 255
473 150
326 414
197 869
784 668
255 298
617 344
824 547
683 642
133 253
780 278
913 881
1079 859
173 626
649 64
840 613
537 609
609 68
619 34
811 487
1079 9
812 623
1036 23
369 1061
280 126
189 633
616 809
723 335
374 216
574 807
411 620
770 603
958 728
23 610
101 420
451 450
879 952
126 594
984 278
806 233
517 258
370 691
234 254
390 410
390 693
300 806
523 191
909 336
192 653
1113 372
189 173
463 878
149 199
737 124
629 908
834 201
947 940
753 240
1044 487
230 601
627 246
177 355
367 1054
529 260
550 491
1093 354
140 779
366 179
584 573
188 983
684 965
699 84
297 891
162 669
954 185
901 758
693 163
188 891
1103 564
855 816
81 1108
609 236
412 371
210 858
185 803
119 520
66 232
968 593
728 622
745 150
203 603
789 856
201 298
450 84
405 1058
808 690
691 530
737 559
161 64
240 313
1008 640
696 740
449 569
898 394
671 314
572 143
239 138
379 679
259 166
656 416
521 983
359 699
425 620
919 541
269 601
1113 281
54 550
815 934
626 884
211 446
903 954
244 113
871 878
250 651
378 165
625 262
160 697
1 100
740 944
1025 455
319 853
461 355
914 427
763 973
91 109
624 717
114 113
922 310
520 730
104 236
432 554
528 229
948 497
702 443
876 157
252 770
186 174
484 717
621 191
584 67
515 962
500 415
346 282
836 116
180 449
100 562
462 591
759 39
861 1057
610 906
1090 772
272 788
843 331
361 929
985 320
1082 747
279 486
564 604
361 445
134 17
275 704
415 549
509 521
967 863
596 282
536 663
688 998
175 795
633 968
271 1014
1118 437
351 765
314 704
538 372
965 609
856 367
436 30
722 589
611 193
411 389
782 990
200 940
642 748
1058 226
40 591
992 547
580 61
320 956
245 157
524 272
919 783
513 308
784 763
710 466
808 234
681 177
822 375
344 616
222 706
838 300
924 977
885 1010
244 448
669 798
978 915
708 998
212 974
703 534
792 710
1039 860
27 301
497 543
803 875
690 779
748 975
163 367
609 691
430 810
937 505
900 1086
153 539
314 351
618 501
447 1008
171 777
881 1108
888 421
322 183
236 837
28 741
467 759
428 754
420 378
762 403
504 1010
602 732
912 442
198 716
864 207
618 814
455 503
721 608
329 737
824 1005
826 969
866 998
701 453
680 817
821 689
424 1093
542 691
1030 993
830 599
782 107
154 979
322 792
959 24
1049 458
227 489
58 57
100 1060
423 302
307 575
629 728
701 452
827 792
172 324
888 719
558 913
459 478
785 1051
986 758
770 499
304 344
538 964
176 623
1107 381
535 125
821 80
497 447
997 911
785 852
737 684
1101 179
455 615
486 147
494 632
595 940
1008 17
453 980
103 379
144 1080
192 56
759 419
276 31
643 798
1001 865
1051 705
901 573
311 745
882 536
1094 228
1112 890
23 106
1031 559
620 517
1067 21
410 818
1105 129
592 784
984 534
1022 537
431 962
294 983
159 140
471 38
404 922
835 248
377 404
499 792
283 650
232 178
725 533
733 582
896 989
588 868
479 278
852 516
122 825
383 719
1058 715
885 696
791 628
886 206
68 1024
1060 658
537 330
453 549
865 20
309 297
179 983
656 664
670 239
206 1063
469 713
786 895
769 1025
672 585
996 33
69 504
425 709
818 113
226 450
456 677
472 905
789 337
259 1043
293 210
625 548
969 459
517 997
624 176
537 621
886 931
161 594
811 669
174 26
47 239
629 219
636 378
624 988
110 600
791 959
148 419
265 831
718 1078
406 374
88 283
904 138
936 672
503 24
222 157
34 381
383 89
28 976
926 1004
324 128
709 601
408 284
165 436
11 583
974 198
117 178
558 646
341 961
700 683
398 498
246 936
571 383
648 504
604 713
566 451
639 29
382 59
126 122
543 307
674 325
785 377
1065 888
1014 43
819 1019
115 768
269 127
156 910
487 506
693 274
385 562
447 711
586 465
851 688
641 634
554 626
143 254
0 249
631 120
1009 976
821 169
897 114
990 405
454 656
621 759
363 241
783 633
40 640
488 257
172 91
569 261
942 568
795 991
515 520
234 660
320 463
899 1003
128 423
614 187
350 420
719 12
121 440
473 190
464 22
491 1060
498 388
1069 1094
819 332
852 206
812 224
267 889
787 479
314 166
707 214
785 377
1100 51
604 662
23 1046
461 232
335 690
246 480
908 951
375 358
706 48
447 372
696 856
765 132
1120 776
504 152
782 215
835 856
165 853
1070 328
130 501
148 799
940 570
565 593
482 880
700 969
547 795
678 693
145 1020
493 154
697 946
377 149
970 214
807 480
853 315
879 156
786 436
623 428
1018 984
295 224
1034 195
552 342
668 565
909 1052
925 935
427 282
517 229
486 558
861 720
388 330
547 451
837 934
79 671
315 854
759 370
921 7
612 692
944 313
566 686
442 945
1060 931
1079 42