261 438
788 347
860 979
1092 937
229 497
309 1023
308 363
648 662
1038 527
971 190
903 128
576 183
1087 700
715 315
768 288
397 846
328 938
1000 273
470 555
515 186
912 334
897 420
100 984
997 1105
550 928
67 626
415 546
488 331
260 223
643 156
466 172
649 757
770 107
972 874
351 105
511 143
331 233
613 196
350 888
243 710
764 67
862 625
490 353
736 854
127 941
725 684
554 179
569 551
1051 97
973 357
986 801
593 367
576 396
429 618
685 53
888 144
316 143
943 171
1009 739
499 703
744 958
925 504
243 683
100 363
514 532
937 1037
141 983
543 679
407 726
610 284
151 718
706 151
1006 475
298 587
629 659
487 402
295 899
1027 85
403 123
290 330
1035 525
780 104
635 723
496 248
503 702
515 359
911 491
93 48
1004 881
961 1017
702 557
481 760
243 450
815 460
985 862
1017 950
690 978
544 894
883 705
768 561
264 366
352 779
254 731
141 790
511 280
411 442
1115 5
847 419
820 828
1096 612
714 110
573 578
1113 428
678 600
699 189
356 1043
435 373
387 248
587 392
989 875
115 968
502 409
722 812
147 163
1009 1002
869 280
178 418
491 769
742 996
1073 510
771 59
501 878
735 467
73 913
222 669
914 156
149 169
955 1095
1029 276
1050 776
661 818
818 556
75 398
483 368
1091 577
484 93
448 739
938 769
755 688
548 225
544 1022
824 901
976 51
1105 205
293 346
170 189
230 134
696 633
426 538
975 1100
31 618
999 971
971 434
61 1083
602 124
121 749
365 703
892 885
302 1070
202 563
1104 586
712 588
716 517
792 519
793 678
828 754
819 841
582 1028
264 574
211 513
697 88
691 960
590 988
943 430
434 435
485 278
694 553
833 171
79 790
924 224
1046 986
30 491
1095 933
379 296
190 1060
792 1022
699 66
1043 482
319 386
888 803
1063 808
510 818
124 157
220 373
521 331
1059 777
556 363
249 585
216 837
349 165
751 589
609 339
517 1099
482 469
533 391
641 701
919 294
115 838
1035 424
445 1006
862 163
75 219
33 563
25 757
825 147
559 594
630 459
822 977
672 972
430 808
587 292
135 625
539 678
183 292
1005 804
849 1021
457 894
326 369
841 415
258 607
986 822
382 104
116 540
497 312
342 43
127 579
182 510
238 800
339 606
272 373
676 839
1020 239
787 140
451 448
286 760
255 979
156 918
835 400
625 551
905 599
843 714
151 135
977 999
250 122
495 168
905 416
604 352
809 491
929 733
959 384
553 256
750 1078
275 539
1017 192
189 799
821 494
555 983
830 163
197 285
557 600
380 266
253 995
380 279
830 452
972 665
609 135
316 141
16 1095
585 493
890 273
843 126
397 621
668 420
932 766
538 478
593 930
583 174
864 837
201 811
166 522
125 424
221 291
472 277
244 44
976 372
179 300
376 215
875 951
1095 751
422 475
899 904
410 111
851 794
996 718
402 282
997 188
777 818
930 327
460 526
532 271
877 825
972 172
515 466
326 121
978 882
568 138
786 865
401 1055
163 168
476 391
861 299
517 345
477 104
440 911
336 351
823 727
401 962
236 608
630 331
932 723
616 852
185 748
1028 575
720 615
534 15
964 546
47 422
941 534
702 152
685 77
764 808
635 578
263 664
61 848
627 602
450 149
974 645
625 619
952 369
1077 1046
542 23
710 168
333 211
1094 635
547 644
951 529
279 468
940 983
649 836
384 349
659 379
435 896
333 677
496 302
458 223
362 238
304 488
287 800
775 251
57 708
887 546
880 716
826 521
206 840
549 108
1096 769
397 406
1023 962
462 988
758 737
930 585
533 968
1053 458
981 231
257 100
109 243
592 732
1037 38
156 886
173 683
286 314
440 979
719 284
579 642
439 194
462 969
596 75
744 730
869 549
243 304
419 515
713 240
692 712
810 556
902 3
773 463
128 116
636 827
364 435
802 36
851 167
928 495
81 857
217 883
33 881
31 207
1017 936
309 840
656 1040
1019 838
693 785
864 629
617 1060
788 492
462 248
711 658
617 1107
337 957
481 387
368 1051
112 758
364 107
388 872
634 803
792 19
796 759
690 874
943 385
857 337
902 521
1116 260
215 1014
1023 103
494 532
430 689
943 1011
59 893
663 1098
909 905
993 882
871 768
653 744
274 87
336 147
312 771
458 768
274 973
126 374
798 217
640 34
690 112
348 950
338 332
9 568
736 553
753 1107
418 809
343 36
107 316
970 1074
822 482
57 677
401 109
607 125
14 466
935 910
580 22
385 953
363 764
127 420
228 530
432 286
834 853
924 276
308 270
882 572
869 1045
731 859
372 986
168 748
344 227
786 834
1117 860
44 491
911 438
1036 175
644 266
873 344
304 588
695 585
435 451
586 354
393 646
833 336
112 558
251 404
227 522
102 671
776 667
740 238
87 80
790 284
384 388
740 30
1107 526
285 852
296 240
799 943
1071 412
437 485
1012 864
980 821
281 369
205 886
545 137
837 757
139 900
178 824
802 540
550 434
403 955
187 615
26 126
245 1064
850 864
883 527
1044 136
490 926
606 366
1040 712
784 128
940 744
729 121
359 937
1015 913
953 508
473 315
679 379
156 392
408 300
726 472
132 311
780 418
485 466
541 875
178 62
830 566
652 804
98 998
893 491
901 353
390 841
123 439
522 153
245 677
268 236
39 365
959 342
508 406
318 730
957 799
990 644
989 625
816 465
168 149
850 989
150 467
626 193
788 93
521 968
862 1103
579 755
129 775
668 643
705 468
553 317
1064 178
57 95
800 280
412 546
633 717
749 135
300 603
647 181
264 638
463 785
111 29
973 199
754 623
293 875
451 1028
962 167
996 379
337 921
472 1047
919 768
397 38
962 698
656 957
334 694
211 739
131 635
622 903
851 325
699 171
1066 1009
872 322
480 893
247 740
106 757
132 1042
601 257
235 456
23 545
270 454
877 373
43 82
1119 527
759 805
627 246
179 485
1012 143
103 422
811 489
813 844
685 963
513 241
785 158
813 1019
331 299
48 348
911 219
426 405
262 468
830 755
582 1121
634 323
641 500
1070 236
587 17
460 484
322 612
216 692
607 191
947 695
315 291
760 528
440 37
292 370
448 468
397 509
595 249
505 431
605 571
67 508
248 986
956 18
244 641
367 1027
669 513
365 276
217 763
336 790
113 212
148 691
686 194
732 1095
108 337
317 719
946 11
951 967
793 946
935 335
581 744
154 674
403 652
808 282
494 848
669 587
643 1016
450 31
510 812
258 741
527 764
443 13
678 257
381 1011
310 671
305 451
636 87
726 713
397 185
488 1009
780 105
749 825
696 546
533 125
813 488
584 851
708 642
464 208
189 132
901 862
569 553
646 774
489 1023
203 592
911 441
628 674
539 527
457 742
819 827
404 111
353 175
774 29
645 106
642 1088
521 649
777 286
746 441
715 641
879 582
257 624
354 491
249 707
355 436
626 4
800 160
666 308
963 116
435 456
281 242
998 517
722 402
113 557
46 755
234 170
250 465
554 203
753 384
283 462
748 888
560 241
934 4
157 820
379 1095
152 1090
351 344
440 871
784 678
37 254
480 960
940 771
203 841
143 310
584 1010
929 633
628 533
1042 748
622 736
932 1103
765 167
754 241
968 439
257 1070
796 691
891 824
1013 654
981 594
559 183
461 494
813 1064
129 782
781 755
927 732
284 843
170 581
908 370
329 127
612 666
314 1058
439 785
160 729
792 668
656 865
588 1058
866 817
682 190
716 419
884 231
281 519
798 976
660 990
578 273
117 78
1011 135
82 779
495 29
330 628
17 505
516 255
587 49
31 605
388 547
619 658
338 152
971 952
214 920
828 995
577 264
622 40
845 1030
682 177
829 400
479 397
308 460
249 259
852 911
301 293
967 121
1020 402
419 846
542 139
177 661
106 866
657 400
956 851
978 416
729 221
28 719
860 432
382 1080
825 287
524 771
1077 793
823 755
90 427
657 464
634 712
1043 996
580 884
660 512
49 1086
1008 327
927 853
999 791
112 857
437 555
936 178
292 149
957 32
1015 468
1100 325
141 658
1058 707
806 476
324 578
401 419
534 781
1122 324
908 802
777 534
141 544
463 204
115 564
631 588
398 956
974 932
1096 696
970 178
870 160
180 1028
64 962
248 738
259 776
240 1117
657 109
427 429
324 289
807 1023
926 549
151 561
689 936
907 746
854 204
656 236
1002 152
897 631
675 406
975 751
48 763
687 700
501 860
1013 369
1008 265
211 429
817 533
394 587
428 312
696 558
698 201
424 125
89 897
534 889
564 812
121 167
483 6
482 968
705 985
526 202
247 314
381 130
407 116
1048 741
232 188
922 1017
1015 295
974 183
595 776
830 835
729 222
816 801
221 721
1046 298
315 331
32 110
496 169
60 421
566 98
198 930
312 104
188 537
304 78
277 559
523 426
860 349
299 211
907 612
419 1100
831 1118
1013 985
593 636
955 243
614 473
789 480
219 685
996 25
356 169
741 646
325 1047
670 429
222 336
531 266
873 522
462 859
481 118
439 813
1061 613
693 254
1014 875
319 436
164 364
606 345
796 466
253 232
678 204
379 347
294 690
679 277
827 871
1009 839
1039 199
983 782
430 579
222 992
435 930
729 167
263 266
526 385
553 685