924 291
437 980
802 1041
647 902
554 679
804 1106
388 309
506 525
338 865
292 125
409 379
229 423
154 1091
250 787
1076 382
459 817
333 785
784 349
978 73
810 843
191 698
499 936
275 370
1073 321
115 535
727 177
21 428
750 333
472 811
226 208
201 202
39 130
504 504
171 501
1076 764
795 327
504 802
8 792
896 558
436 770
406 408
541 486
784 134
1061 697
890 307
154 187
1087 629
978 240
998 1118
620 562
946 1018
492 829
493 444
15 997
145 913
906 952
611 783
221 772
954 565
623 767
384 264
586 727
222 604
981 518
349 751
287 316
954 651
630 150
1018 527
471 739
1072 586
700 342
699 290
451 788
891 728
1083 133
870 845
397 103
110 881
823 394
166 911
923 523
110 208
367 185
199 983
801 255
771 241
1105 204
388 906
505 605
212 159
712 948
628 513
985 906
56 232
363 713
630 809
410 391
717 868
214 627
324 865
551 35
980 129
472 110
788 831
575 583
723 148
359 585
1010 1012
853 114
770 786
59 332
463 163
525 153
415 74
701 515
858 598
785 567
746 884
710 56
353 538
229 185
1065 183
88 429
436 853
310 554
277 877
1004 848
107 999
260 1064
939 437
204 661
295 605
308 986
493 466
438 472
901 961
782 254
822 593
1002 840
863 325
189 257
266 727
797 395
684 218
467 285
955 718
1055 913
852 697
962 715
581 466
336 111
630 684
673 733
1019 48
1087 619
681 580
115 504
439 364
447 665
1084 711
17 1118
638 208
939 635
886 1093
834 789
954 396
1065 210
590 388
110 605
862 860
1027 266
1003 506
710 605
230 481
29 556
602 118
951 548
460 348
296 740
1027 374
61 509
532 265
443 125
772 753
692 388
193 214
25 535
478 23
657 563
93 187
294 994
577 395
769 361
885 956
158 495
305 601
336 142
571 737
175 529
971 394
861 158
1099 139
688 762
985 1066
546 446
918 452
891 622
711 372
879 274
954 271
452 773
162 150
194 780
727 998
699 215
589 42
535 177
523 929
1070 433
583 189
956 540
536 665
780 621
143 147
530 650
249 498
806 397
416 80
349 778
944 719
1081 686
965 629
579 263
171 862
503 537
358 830
595 126
586 354
376 402
901 212
362 742
539 665
811 244
374 962
402 849
143 998
975 1012
715 357
458 357
218 147
342 655
1033 309
206 241
182 70
944 572
357 286
660 559
328 672
728 147
68 314
127 893
314 359
598 938
827 1074
1112 979
872 190
145 263
896 740
202 962
643 441
595 435
131 345
487 334
617 826
167 994
689 1082
747 283
698 860
556 1027
385 629
788 540
285 236
787 327
946 785
111 500
745 494
360 1094
771 108
746 523
444 536
158 296
687 534
1014 743
312 282
647 361
322 1027
832 357
281 579
325 931
333 1053
150 212
688 811
588 380
850 192
952 716
739 640
712 420
549 828
1029 489
730 629
951 1092
176 599
684 88
284 233
296 280
40 200
373 461
32 14
562 533
598 957
660 747
844 97
1017 477
563 342
599 923
874 363
1019 365
836 807
637 157
246 271
203 249
891 803
309 754
593 982
493 196
596 716
871 847
457 975
464 938
709 35
61 749
687 719
175 200
147 284
280 220
527 657
563 322
543 356
464 1067
619 532
144 296
409 1105
637 592
385 1012
702 671
804 769
140 831
208 599
1027 412
287 735
808 186
1095 610
873 381
222 274
603 350
711 187
153 1004
959 825
235 86
348 1014
510 884
662 483
182 295
119 423
241 1003
306 70
472 610
335 863
279 262
609 338
255 652
155 531
685 950
784 873
570 811
345 466
997 971
100 145
322 430
299 231
544 131
118 105
650 252
653 345
544 208
504 614
213 856
480 762
1079 531
466 971
963 580
986 424
448 780
275 1031
622 229
564 1086
492 255
909 386
806 432
515 149
270 909
908 219
980 196
95 397
200 651
571 997
331 1018
910 723
516 133
53 403
376 652
1018 982
958 788
769 263
635 163
151 414
744 465
731 500
36 1054
846 638
607 510
921 575
697 535
589 125
186 1006
1091 439
645 936
741 981
714 1073
600 417
841 258
939 883
188 1112
655 319
1016 361
39 85
802 415
406 546
730 449
576 461
540 94
214 192
514 750
541 490
439 477
1061 504
351 529
869 356
74 385
714 254
18 754
257 167
431 906
241 663
899 239
805 503
411 1054
357 331
147 161
10 427
994 552
612 180
126 665
471 311
254 978
506 959
763 956
771 536
505 1011
658 869
1085 250
717 1021
982 171
135 735
608 85
821 978
178 977
1021 124
595 802
424 503
449 575
602 196
417 787
887 1022
414 90
713 595
144 75
864 507
820 146
698 145
126 184
676 166
450 975
608 43
773 436
319 803
153 272
189 409
479 763
196 213
485 201
318 489
1027 474
343 721
186 827
165 867
981 946
704 612
577 650
721 357
1052 538
1094 907
337 417
969 644
132 312
434 890
1077 937
433 113
753 654
1040 393
527 1039
60 137
992 644
562 277
144 443
408 179
799 407
36 630
170 913
873 16
1048 657
537 502
569 865
542 1105
619 352
596 496
704 629
539 971
199 517
0 1099
223 467
765 400
568 790
473 365
498 915
581 896
802 1085
561 944
608 601
153 499
112 261
748 571
308 337
746 575
406 469
564 297
141 326
268 464
396 382
397 112
369 300
749 856
1066 322
1026 956
971 694
179 188
40 153
327 6
62 408
125 37
1104 988
1012 983
401 238
934 509
771 918
432 464
879 935
329 247
441 965
676 213
490 775
530 24
964 483
564 645
284 293
912 781
288 42
490 124
504 577
437 1008
330 170
107 594
912 395
473 1028
599 714
991 785
838 723
311 651
1058 394
629 487
195 997
203 369
1070 696
125 834
581 794
898 846
162 989
204 512
381 768
473 850
139 338
380 565
785 732
779 32
1113 453
1065 371
828 319
482 793
234 309
661 244
683 1006
786 1042
858 604
388 733
707 985
658 268
734 1063
321 309
1108 558
1008 381
995 894
536 747
142 155
973 290
373 394
57 972
467 907
532 772
661 585
244 562
804 402
246 63
49 373
247 569
845 269
288 843
625 925
777 875
194 353
737 856
63 414
371 480
537 313
559 265
1021 401
794 397
877 767
842 943
511 736
23 872
631 455
94 657
788 1015
454 679
466 277
864 183
657 338
330 890
740 422
453 1019
375 539
224 432
608 232
475 360
1016 303
999 748
49 258
29 730
477 681
478 187
495 840
148 200
340 164
198 625
334 328
641 466
882 717
876 997
461 575
847 302
1013 1112
401 747
173 293
679 905
551 279
874 602
759 285
295 574
323 158
784 194
649 505
710 839
143 657
680 688
693 354
504 12
184 868
731 963
884 59
439 587
1064 570
792 148
851 705
635 669
189 391
142 38
332 412
902 382
695 784
178 480
193 366
265 400
202 171
559 253
118 452
313 486
555 587
945 690
533 334
310 305
500 239
969 746
66 887
580 852
311 749
140 666
543 288
861 834
793 248
468 84
340 883
465 928
856 561
949 607
58 639
14 125
113 903
457 401
479 653
652 862
208 341
325 137
176 523
1014 444
251 85
482 734
766 740
595 900
245 934
925 678
1067 142
734 405
442 822
151 817
259 442
730 470
111 622
205 623
990 279
207 710
718 784
593 416
477 203
263 280
743 286
199 424
473 2
590 936
504 485
1017 671
351 285
710 177
635 289
708 342
435 279
764 844
395 1109
601 462
666 328
841 262
303 500
508 684
1109 813
242 1118
767 378
985 786
211 653
713 842
798 822
426 615
1076 466
845 435
1086 757
706 5
506 901
549 1012
732 575
517 97
31 1111
322 184
438 120
925 941
1038 626
949 696
1017 883
583 455
364 315
950 184
105 729
468 782
798 936
288 651
985 744
593 463
532 383
726 779
218 309
335 797
299 421
819 418
635 513
331 4
864 688
383 1028
935 1000
343 112
300 737
992 371
176 214
431 1048
156 812
294 737
968 144
757 479
555 823
223 291
393 520
206 995
441 847
496 263
40 522
611 626
395 460
850 372
137 242
841 643
829 177
714 43
777 115
505 322
669 232
430 142
684 81
569 878
419 414
593 528
997 735
864 883
143 698
463 598
1111 1107
518 243
302 1108
1082 366
943 941
706 364
92 686
770 478
365 164
386 294
862 465
1002 1056
65 297
727 379
395 308
737 384
42 848
14 469
712 789
299 245
269 182
760 641
721 240
137 332
817 392
618 765
633 1071
1028 279
963 501
494 1020
903 1112
102 923
897 868
329 114
807 449
191 479
85 1023
515 183
431 1046
94 368
930 837
834 915
122 194
793 157
698 76
223 297
395 602
165 335
955 597
735 1099
829 958
575 946
487 872
939 356
927 827
664 286
71 195
56 914
106 516
235 602
1090 400
112 809
403 314
485 579
622 474
128 1070
709 241
376 258
700 648
440 221
893 687
817 387
294 874
686 1060
110 460
1056 1023
642 453
379 1061
456 575
28 448
800 607
1108 869
404 43
1060 211
767 614
498 486
630 754
832 323
749 676
482 460
45 158
222 129
532 824
614 634
530 922
141 656
686 710
403 284
1098 949
349 241
834 444
609 167
493 442
193 793
383 21
670 924
532 708
731 361
298 235
827 945
643 487
644 311
168 125
933 457
484 268
62 352
23 851
365 328
475 928