416 251
777 1015
1119 34
371 86
381 1010
52 911
341 174
592 299
206 746
842 542
463 830
762 386
247 432
327 837
790 728
125 814
1008 653
862 473
320 670
882 470
555 1013
365 843
485 244
749 188
164 345
324 832
539 1017
955 261
397 239
663 804
475 175
721 155
758 4
1084 499
1009 124
758 683
578 423
316 968
591 49
860 262
640 641
1067 591
506 69
18 213
787 887
336 842
92 353
29 744
762 310
337 784
153 740
519 848
776 176
442 1106
90 109
260 211
842 649
381 51
141 1107
863 383
364 210
365 953
290 245
117 924
68 319
963 758
719 766
268 921
455 577
408 749
462 1113
506 354
614 924
367 469
154 962
930 710
710 760
790 13
438 383
836 870
384 196
1047 1070
1021 789
817 259
966 359
693 861
675 650
741 580
256 414
906 652
234 965
665 770
444 281
662 122
158 224
572 443
334 254
923 701
666 231
763 374
589 612
200 617
529 571
556 383
788 890
519 1008
1094 759
683 966
742 221
477 966
355 774
5 630
662 612
143 848
718 262
629 890
952 856
695 327
224 203
888 861
182 533
1113 569
372 474
1052 586
576 837
138 752
14 202
151 11
968 849
837 267
105 887
928 578
531 1003
350 105
744 23
882 737
374 859
143 992
486 886
967 212
726 1005
910 203
422 39
207 970
653 618
348 503
299 354
205 533
482 558
1036 173
321 273
927 337
137 497
636 701
499 237
436 549
172 162
82 1053
498 472
608 250
131 679
191 924
53 1007
827 636
857 87
3 622
435 385
139 256
969 128
58 886
42 390
632 1063
178 737
959 190
284 483
673 636
440 689
919 100
117 296
571 1012
960 279
924 41
518 1009
869 109
708 943
830 581
1037 241
114 580
208 779
977 950
843 64
983 576
558 1023
269 565
60 910
175 804
1120 21
398 433
499 615
823 162
1104 326
327 576
1043 865
339 995
807 712
175 893
903 323
334 908
919 203
679 758
819 752
768 663
211 250
422 818
368 1109
777 7
423 657
934 450
932 1023
150 39
801 960
494 132
408 616
316 593
277 44
943 657
1096 1111
84 252
870 878
621 889
1046 1008
760 129
671 914
1014 816
624 518
592 867
8 161
159 179
326 258
892 353
754 680
522 206
909 673
859 669
114 112
133 466
446 212
449 513
882 981
1068 117
599 791
78 990
290 422
330 905
601 399
694 57
569 219
928 243
512 836
594 279
685 930
545 325
415 926
418 1060
675 928
135 838
705 636
248 625
1109 222
121 350
153 998
1087 378
229 890
638 170
963 154
908 487
925 842
553 246
384 599
418 1019
614 189
985 413
518 852
959 275
719 1009
690 1042
974 1040
210 63
396 781
613 410
580 280
71 993
808 498
181 400
443 966
1075 268
407 690
521 208
438 207
436 936
854 256
125 789
960 671
790 190
945 446
258 620
749 1021
979 1067
528 776
290 542
23 638
938 952
118 648
291 841
594 872
1000 408
309 1095
611 927
1079 986
898 1015
924 84
636 966
949 788
531 665
764 925
163 1120
364 445
1113 818
1003 231
80 0
1104 583
4 585
139 19
386 123
348 513
246 198
405 229
317 946
860 98
687 168
144 111
917 988
641 714
327 698
198 631
1090 987
785 544
1061 293
966 641
159 444
469 383
583 672
484 413
232 696
306 180
274 576
696 483
241 861
448 942
403 919
687 830
8 470
70 374
332 632
557 274
516 108
172 184
995 352
210 1056
869 959
527 275
420 670
1052 740
733 816
224 976
1026 698
178 455
1059 1108
966 1046
1014 763
900 1045
421 349
743 291
1005 359
677 1001
929 431
1059 129
139 726
832 516
147 606
553 580
949 959
935 377
561 176
952 924
346 198
415 131
8 851
688 275
31 62
934 174
708 913
1078 489
365 345
860 642
196 512
868 657
466 184
711 445
263 224
222 572
384 603
1014 525
747 475
110 6
206 755
30 393
369 1003
8 560
280 623
404 376
778 734
471 766
854 300
596 760
95 526
414 505
111 648
289 466
139 561
936 147
489 327
83 975
401 360
377 838
719 1015
828 388
742 230
1099 1013
467 122
504 917
812 515
162 237
560 393
157 784
645 349
232 872
119 304
143 684
272 173
1082 9
569 120
272 217
615 483
792 178
350 471
433 249
382 740
377 251
714 1000
756 18
354 474
949 680
315 788
280 341
277 356
1049 619
838 473
593 898
386 345
471 201
671 897
349 145
678 555
587 438
582 695
879 1118
1012 534
343 138
1001 862
568 1105
898 819
600 73
307 259
729 195
280 236
590 1121
251 323
302 190
575 190
760 1113
172 599
343 1093
996 498
278 806
802 806
53 29
390 710
429 820
338 564
1009 443
217 355
727 588
797 390
426 750
1086 903
104 469
533 951
366 912
153 260
698 171
1007 464
541 396
73 703
122 1075
483 382
738 538
676 587
904 179
727 689
732 903
738 284
707 906
595 725
650 661
570 398
235 319
855 675
463 295
558 939
901 777
500 852
287 367
335 999
987 446
998 812
288 816
939 360
633 127
421 55
1057 1013
348 375
721 267
9 141
823 600
96 337
928 255
491 1020
875 580
772 768
567 917
816 349
702 658
118 161
435 516
627 406
205 735
145 559
212 54
538 740
633 486
102 599
378 801
815 854
512 990
794 459
228 341
598 849
509 726
345 736
879 1101
512 1034
261 652
726 776
989 746
235 162
1097 57
199 1000
499 1012
776 1002
693 969
708 849
265 582
158 973
84 801
478 891
574 757
501 28
609 710
999 198
530 1096
753 361
131 872
302 40
306 162
957 669
533 584
607 1076
880 881
933 604
644 414
394 236
593 703
623 1058
600 545
675 245
1053 905
917 981
915 540
708 324
457 593
185 346
766 1001
542 929
640 519
628 510
1114 276
1000 251
390 689
111 432
388 30
914 858
228 511
1099 154
449 684
715 94
1119 555
610 681
695 494
633 160
385 1073
1052 131
702 585
125 526
407 187
627 509
992 782
827 487
465 39
954 825
853 257
402 164
1060 342
228 442
148 996
338 268
411 1003
904 372
320 456
724 46
834 318
738 301
532 1002
551 299
138 1108
1081 143
152 485
188 1115
641 158
990 727
953 632
600 675
998 992
1064 110
789 601
627 565
337 79
46 108
848 1120
423 744
825 543
551 527
972 316
560 394
748 132
547 797
915 818
487 502
683 437
645 676
535 642
738 136
651 681
1015 467
345 537
998 378
837 462
571 712
546 352
573 604
398 821
243 586
712 788
550 243
928 947
839 1083
135 75
445 736
255 749
784 799
885 701
84 596
661 608
988 515
255 249
418 885
183 596
1014 453
93 995
74 357
302 376
108 921
290 94
1107 775
967 823
388 904
721 1012
272 1087
243 989
767 748
170 686
1102 993
1040 403
283 641
394 172
404 720
846 961
857 808
559 865
100 114
530 687
299 918
265 766
1089 336
614 636
549 782
362 312
423 871
647 718
644 837
1012 1073
141 216
406 161
187 336
481 509
870 378
704 125
151 897
786 435
484 648
502 597
94 981
905 784
214 525
1070 249
984 102
897 469
419 891
624 265
501 346
702 984
627 312
81 969
327 604
722 498
641 464
555 881
131 951
1042 1115
638 861
459 754
550 735
563 345
427 266
354 835
328 74
125 1086
1116 148
1069 954
369 611
875 939
674 470
141 616
510 770
228 965
622 574
1064 515
111 250
132 972
223 562
918 299
772 872
770 501
689 613
508 902
284 427
388 433
717 557
677 1036
899 254
1005 995
102 408
516 315
604 979
958 357
553 535
147 607
445 515
352 388
883 450
1063 559
194 266
816 1031
906 153
409 345
953 346
848 526
824 1108
790 503
665 669
296 982
930 567
704 262
934 825
405 371
818 357
780 462
425 195
233 891
354 423
530 1061
637 413
125 188
164 343
904 939
491 906
521 827
885 868
439 842
29 890
416 493
237 791
236 282
374 62
70 72
71 979
888 106
823 361
284 920
884 911
841 469
602 739
599 753
953 339
367 412
861 591
618 23
53 844
152 302
586 740
703 503
460 38
692 254
704 346
73 874
111 478
641 898
496 709
853 629
161 821
416 836
719 57
769 632
443 863
190 445
533 257
236 507
515 408
620 790
328 471
541 88
705 590
448 472
690 621
591 794
165 809
1042 214
966 611
730 924
506 280
1088 740
639 980
200 215
374 755
714 981
331 840
654 155
783 617
622 765
717 835
493 148
935 778
653 441
747 821
913 743
121 589
476 343
917 996
766 729
171 596
917 1002
366 534
693 457
836 595
939 895
992 688
639 213
48 662
729 255
964 280
999 260
193 760
1116 293
109 264
699 412
352 365
468 493
105 981
398 333
3 569
999 101
92 647
1005 900
1038 1118
702 210
218 368
194 666
552 226
239 296
270 724
964 34
124 773
1009 729
406 358
294 1054
855 318
139 243
549 952
611 290
1014 80
1029 333
726 430
115 1104
203 830
804 599
385 0
353 19
926 668
595 131
925 697
451 21
709 143
397 1010
835 952
1094 720
67 590
100 698
1117 306
675 945
938 169
293 414
895 46
702 222
845 827
674 743
1107 788
587 216
1018 590
790 616
129 611
380 211
988 919
468 288
217 870
541 769
599 378
481 659
461 267
888 726
945 897
582 217
536 699
685 751
30 104
575 486
929 984
902 951
542 317
926 710
244 690