473 1046
159 911
258 346
659 194
230 372
304 948
121 526
737 909
516 282
699 263
204 914
754 774
722 134
481 226
868 110
557 261
583 256
299 369
735 1006
894 360
939 359
1028 197
557 321
243 462
381 1071
144 1112
115 548
491 974
107 755
342 896
316 1020
818 84
180 301
327 587
59 166
1101 545
613 128
680 979
682 661
962 579
487 255
516 309
542 602
159 786
627 994
457 485
208 927
354 656
443 376
599 647
1013 738
168 821
955 1096
315 787
87 81
149 351
488 239
767 600
715 889
376 486
720 253
683 481
489 1072
454 909
392 631
577 266
191 403
890 877
828 223
378 398
718 960
1078 189
595 104
332 394
483 1093
197 134
201 803
540 1005
1103 752
358 364
1023 612
177 801
360 448
299 1094
210 652
18 861
470 999
278 495
869 18
834 831
263 473
281 775
934 235
651 722
971 1033
329 394
660 308
526 336
696 810
639 147
1020 473
486 328
103 1018
596 124
668 148
282 210
925 725
882 676
687 982
792 868
579 929
631 807
448 659
130 641
463 96
705 720
866 1036
394 700
937 662
693 1091
225 662
217 1035
951 578
78 626
299 1074
555 685
289 261
224 971
537 677
942 411
421 872
604 294
404 175
1068 29
420 132
388 632
452 866
728 1041
379 47
534 172
713 763
1002 551
620 885
413 422
792 21
769 423
122 362
305 542
422 519
303 297
192 330
873 475
238 448
672 988
603 733
142 870
418 990
1055 704
1067 221
1048 555
593 121
864 748
542 976
845 767
224 726
141 113
773 669
585 947
733 54
953 964
742 448
349 631
555 1021
1041 472
872 543
331 617
585 1113
630 722
578 478
52 336
138 230
1013 556
412 152
965 369
302 331
408 49
483 2
336 291
588 366
349 751
810 307
588 316
394 671
358 1090
1036 605
210 923
493 610
962 353
395 730
204 178
554 556
1019 749
540 201
284 374
1089 498
140 270
1049 621
712 778
402 19
507 546
973 630
718 337
591 110
821 947
619 875
200 1030
1048 764
612 734
848 689
202 302
291 817
550 635
1117 996
417 62
504 938
445 795
630 142
48 166
45 210
215 551
949 124
333 757
319 485
993 795
887 649
595 697
744 722
690 329
958 479
594 138
727 271
657 728
37 179
513 769
840 4
790 830
687 226
599 1119
1001 910
242 989
305 465
1002 1017
806 549
195 1086
516 568
395 625
793 103
355 1019
924 1001
614 799
314 908
199 963
131 920
738 375
605 576
936 462
750 64
877 960
963 989
172 946
759 871
101 65
365 1101
1018 1074
937 858
262 617
845 812
1098 105
328 1096
269 1020
739 1027
386 692
774 751
835 1111
545 151
854 901
607 434
995 789
631 536
990 289
438 367
432 583
712 626
977 995
117 814
329 311
962 928
913 311
266 814
639 827
742 986
679 295
1028 215
268 854
675 832
441 273
378 904
292 768
242 271
595 207
836 979
492 820
836 604
1109 143
960 510
542 249
200 699
456 1001
942 224
591 728
461 508
427 459
213 662
817 306
789 290
699 8
140 659
325 187
732 1090
235 212
713 615
137 340
190 885
417 146
294 989
967 444
781 758
677 471
1015 637
919 731
632 750
508 459
277 482
606 340
858 217
426 751
614 650
433 676
1052 554
761 171
1074 536
221 178
859 339
779 636
504 1066
807 354
1071 310
249 1067
839 776
597 387
339 200
203 168
997 433
437 353
202 130
538 1018
188 136
773 769
555 191
776 449
64 378
163 890
266 519
864 149
730 267
486 655
781 184
449 101
368 648
491 532
424 37
1003 266
298 937
1024 42
293 349
1085 688
143 735
946 683
765 47
785 724
934 459
632 583
1061 337
1065 559
293 1048
396 397
450 698
19 671
646 465
215 266
1066 475
634 752
717 353
129 1085
848 924
995 108
707 570
223 49
743 827
812 224
630 143
1116 534
284 490
1019 1094
151 634
823 577
544 859
385 362
26 831
278 696
767 560
1022 553
553 30
1070 465
408 831
398 221
906 16
886 813
202 485
310 962
804 575
567 343
56 441
31 261
630 137
1018 1091
1078 237
85 729
785 524
877 978
298 290
822 479
96 417
738 606
324 995
76 646
887 971
310 796
983 445
281 169
498 584
1105 392
857 543
587 364
977 832
761 215
999 591
483 432
1122 678
679 620
575 883
346 674
887 834
427 911
323 636
55 992
484 318
452 270
81 824
525 458
514 515
271 624
21 299
276 822
1071 984
252 105
417 472
477 509
908 885
804 59
198 560
769 495
317 691
447 413
360 151
760 987
877 1117
790 37
1042 290
552 905
839 1119
863 697
523 493
466 639
478 489
680 319
1099 418
768 222
198 693
169 829
740 959
820 703
472 831
1123 723
489 791
70 223
114 869
1121 194
1062 1062
459 937
917 708
345 248
813 57
444 825
381 588
167 118
171 636
244 592
781 242
413 944
626 151
577 997
632 1041
426 495
864 75
542 665
921 948
1011 1114
674 634
858 291
668 313
674 175
299 600
250 843
210 799
843 635
228 167
425 608
170 407
985 421
863 1010
945 514
146 1106
969 550
1105 323
1095 712
578 197
321 850
826 820
1046 835
241 514
909 637
793 1008
431 760
1078 102
608 846
874 796
704 561
744 410
1094 1081
886 264
426 430
1118 993
178 283
786 1109
507 109
833 804
328 544
764 411
845 437
965 595
742 593
716 919
1002 272
644 773
770 774
681 641
422 989
66 492
308 413
650 958
652 698
74 226
570 971
1097 174
524 784
999 645
120 535
195 862
951 134
876 154
813 361
966 87
297 668
405 45
341 587
730 823
284 531
260 355
823 708
328 945
162 1120
717 665
684 844
614 569
504 468
426 913
1026 388
313 577
346 629
447 311
412 599
677 1013
668 607
135 720
464 855
1090 621
1114 428
1109 879
634 622
429 517
130 216
548 318
41 222
842 361
379 592
360 199
17 809
469 897
402 903
795 732
186 300
893 939
93 607
1 80
1065 5
688 1077
838 388
1092 541
125 710
578 663
477 917
248 809
699 639
105 638
134 369
696 825
721 680
494 881
751 1087
823 298
351 228
203 144
995 616
944 263
102 190
615 112
546 426
535 994
931 182
265 816
513 766
118 558
923 728
985 1095
1015 67
417 261
617 850
490 661
212 835
146 1000
154 378
1026 1006
1073 760
822 192
209 86
890 1114
325 817
1069 1094
313 570
395 792
1011 983
14 48
430 873
817 398
920 1005
593 746
959 149
56 954
601 842
483 714
717 391
1010 154
683 652
405 326
1051 287
1002 72
374 783
494 734
737 739
596 1024
182 647
212 398
945 223
187 633
348 866
415 1027
190 753
74 922
868 733
807 1058
522 333
904 609
104 452
520 383
1041 86
48 510
801 247
837 492
31 1111
105 1093
801 77
162 471
586 401
442 256
41 936
681 951
633 299
1035 107
38 877
1054 859
703 638
559 438
621 206
843 727
528 136
552 888
276 466
909 363
222 186
999 117
995 951
917 1037
901 420
737 398
99 565
551 499
506 749
922 458
427 254
1006 648
647 222
974 774
188 534
806 1002
225 607
695 417
430 400
673 365
1003 123
813 370
262 995
707 355
579 353
954 248
356 613
566 325
670 700
1046 888
929 197
511 632
854 711
312 1067
951 149
679 328
1000 759
67 958
78 844
98 606
938 914
470 977
543 522
43 200
842 566
972 393
684 422
623 930
842 859
748 806
96 399
525 1020
463 422
990 988
955 875
725 500
512 521
241 772
101 679
982 936
1012 948
824 605
320 62
477 814
964 387
957 710
607 586
941 167
1076 1038
492 850
92 120
986 878
352 535
289 1083
788 651
413 557
661 927
674 206
556 825
3 580
715 390
106 701
153 530
78 581
840 149
784 168
963 652
658 938
465 516
225 757
551 440
617 432
478 241
594 885
561 317
704 143
616 46
922 298
103 468
552 768
106 617
542 521
474 250
237 1050
170 298
216 138
454 899
514 556
361 1113
656 248
798 81
732 942
101 896
499 358
550 290
51 329
981 422
338 857
1066 575
580 120
310 766
252 281
572 590
1073 630
989 332
932 241
374 256
287 81
899 966
300 315
521 442
902 339
754 767
793 899
812 17
189 216
478 459
1000 594
1103 1023
188 394
470 933
306 902
801 785
1017 897
275 297
137 797
136 512
1020 358
788 507
969 365
248 266
530 1001
741 71
580 622
38 641
621 828
701 453
366 318
778 201
826 829
852 590
510 926
139 502
730 32
228 413
111 927
978 253
425 179
294 176
384 311
812 384
491 771
902 309
692 197
602 435
162 982
151 394
723 1021
393 1002
153 905
413 462
615 547
931 729
596 1112
169 734
1088 577
262 401
605 294
728 259
1005 737
882 408
849 17
125 473
1104 340
284 905
881 722
680 248
1018 961
744 767
826 946
373 857
496 654
307 496
461 869
592 752
583 744
769 381
15 277
817 282
81 362
555 985
58 1103
975 544
878 189
1059 349
651 440
915 441
365 749
1083 702
450 454
342 753
876 725
1068 875
749 911
699 681
611 247
147 950
381 893
855 530
313 548
865 807
622 553
778 145
617 856
677 483
708 97
547 367
726 735
124 843
833 1087
290 889
392 362
635 607
1120 645
479 88
41 123
1060 101
797 917
529 669
717 1021
324 328
1115 521
103 721
411 414
377 772
1020 110
111 593
629 803
862 739
284 910
622 884