568 526
1036 1070
786 117
566 404
342 882
930 1038
449 781
743 259
268 714
1057 906
346 148
162 799
383 937
582 458
334 725
851 280
100 849
899 206
915 625
274 682
493 830
411 591
865 178
250 474
997 441
347 218
110 732
848 1010
604 839
672 848
882 523
307 331
37 457
548 521
764 940
1078 883
855 25
573 724
955 900
296 899
993 930
518 871
629 295
487 802
1026 1104
492 374
467 1085
158 331
453 926
378 740
699 721
517 793
1086 427
944 748
149 426
540 435
311 1100
316 331
527 879
112 327
675 764
179 58
217 992
183 383
1103 519
907 360
418 260
842 322
36 914
1069 414
953 118
126 1029
106 704
974 571
428 395
755 745
313 859
892 167
940 718
113 591
959 941
258 478
343 888
714 322
579 554
650 1038
157 144
905 301
292 130
844 561
932 679
375 538
730 789
720 769
693 500
629 1059
168 823
966 333
332 842
754 277
189 112
310 232
715 524
827 458
484 350
439 532
543 313
402 291
164 586
396 219
122 378
606 407
180 126
128 670
1040 451
1065 153
488 525
595 820
154 677
669 805
326 923
141 923
982 924
676 572
322 825
941 741
516 392
917 780
958 667
851 184
34 947
916 555
779 50
410 693
978 881
609 1035
402 962
1027 113
263 863
349 418
280 755
1009 774
956 320
851 701
634 965
813 643
444 376
157 959
366 492
956 889
571 373
144 738
284 727
628 1004
643 322
869 872
1110 321
41 128
904 373
329 448
657 371
627 743
125 961
873 518
652 966
409 135
589 762
795 916
756 295
419 756
483 315
827 485
227 505
256 1064
177 682
855 706
957 589
685 205
301 920
935 328
787 686
966 1091
848 745
417 483
707 887
377 1058
333 626
350 220
1053 1019
731 774
1024 556
556 843
723 253
998 796
860 1021
440 718
230 1068
107 687
220 681
233 791
391 977
307 669
739 1122
685 950
823 241
483 205
1116 825
681 907
379 280
1056 734
891 569
325 32
282 259
291 537
873 845
529 447
41 891
594 620
532 314
62 474
214 104
993 411
364 472
637 1058
850 1034
682 151
680 25
697 390
169 503
356 389
127 401
32 354
698 286
486 185
263 686
394 1046
100 219
1052 631
762 157
393 664
330 200
487 402
268 452
637 935
448 490
853 1085
886 980
680 706
556 353
128 845
118 780
68 417
190 313
562 667
205 974
636 335
201 507
449 662
1087 96
949 172
195 678
433 1072
7 1054
789 747
669 237
1018 636
968 413
713 532
892 810
788 23
13 937
497 387
533 586
959 813
530 278
714 220
410 543
717 495
552 481
522 68
215 106
990 962
85 514
898 951
219 1007
524 810
162 413
655 923
376 1119
935 91
451 465
739 65
658 295
664 352
370 847
242 178
160 735
512 229
1093 727
243 262
385 612
225 685
212 465
756 333
824 736
678 747
180 368
685 416
1005 870
436 621
446 658
532 39
619 214
364 589
536 592
195 528
800 342
955 933
619 108
619 1030
927 807
484 678
787 867
105 324
405 131
596 660
211 165
313 897
723 279
985 2
222 859
304 573
570 969
750 199
815 407
1080 475
728 969
610 273
818 180
292 659
968 40
864 249
120 871
637 427
294 743
544 989
839 309
443 558
93 905
810 598
296 661
693 775
131 242
881 245
975 160
327 246
304 507
239 159
631 629
232 779
679 1008
980 580
27 772
770 412
295 153
336 998
702 61
407 173
904 582
626 314
972 1052
565 639
816 421
1019 393
151 258
899 430
766 218
115 497
547 701
218 927
322 1006
228 37
90 520
941 679
343 752
334 201
472 516
825 619
639 718
875 127
400 532
256 601
343 589
804 476
765 803
844 613
1 533
880 251
322 770
511 106
820 806
146 233
859 1099
603 164
119 285
566 687
41 321
360 663
790 240
154 748
227 964
607 341
732 183
296 937
255 852
622 312
235 880
705 355
341 207
448 293
719 60
630 699
60 195
706 747
995 204
996 521
1107 250
782 983
619 380
657 13
1050 353
884 236
56 248
613 1086
174 642
277 247
715 552
786 363
512 303
630 156
715 106
533 972
1047 494
413 339
294 524
54 178
1049 891
169 506
435 725
261 897
654 577
159 675
1119 901
480 333
1006 960
406 377
164 656
902 523
925 885
229 306
577 1038
946 92
390 490
370 946
213 942
42 407
197 605
615 143
423 663
539 172
796 524
205 102
167 454
878 192
951 701
412 731
932 325
900 191
1064 299
299 347
820 556
281 486
187 922
214 804
367 545
683 310
739 77
511 206
793 759
587 436
292 826
450 593
203 645
978 162
966 327
516 982
842 200
511 629
1105 517
849 1055
892 193
69 570
1019 280
717 883
928 647
686 26
843 22
980 300
202 855
294 155
170 54
247 786
361 695
3 847
493 926
384 532
948 170
836 441
860 1108
1062 414
618 767
114 608
286 330
51 511
421 493
1031 435
283 78
171 600
471 532
138 409
720 430
848 745
344 487
745 341
927 916
682 767
717 938
844 362
68 761
370 902
873 461
157 508
161 410
892 405
218 934
380 61
803 454
228 371
69 956
387 828
490 789
865 181
387 653
571 401
781 638
398 854
784 840
145 314
964 624
217 415
608 1092
1028 1028
276 834
483 632
449 839
584 318
279 564
167 748
431 305
336 159
929 589
695 933
180 462
340 506
268 675
996 733
964 280
331 561
461 914
57 576
789 1074
791 835
476 976
388 200
676 62
998 954
800 86
253 699
843 775
239 1079
225 48
912 810
57 199
948 849
308 285
1104 809
394 547
710 811
355 527
1099 634
544 666
563 729
506 428
994 343
495 155
533 252
619 1003
224 104
361 1035
296 107
371 265
970 956
615 196
964 846
819 794
550 158
14 561
436 742
960 523
115 0
443 1074
931 576
531 139
219 480
179 942
244 101
369 1122
591 799
351 484
153 119
436 1059
1018 134
274 616
1019 200
824 738
307 845
346 883
406 717
191 599
496 1023
1091 20
985 553
526 167
110 251
516 688
838 688
637 990
389 246
0 424
241 151
811 741
381 375
22 320
22 504
152 650
58 346
1121 455
934 158
882 680
425 985
233 333
832 583
344 145
410 1111
800 153
244 429
610 815
746 588
370 47
182 201
903 670
802 602
977 815
222 685
44 879
423 106
906 898
879 63
828 326
461 659
974 994
693 639
931 99
114 307
862 961
1119 308
178 941
802 793
872 276
361 541
830 217
1047 758
935 1051
8 484
225 836
720 876
331 555
175 789
440 391
601 784
962 414
790 277
67 740
463 230
796 301
1074 439
520 856
824 796
1000 677
747 827
415 211
938 1066
125 543
618 538
191 254
584 729
958 878
252 942
960 486
658 835
290 549
610 417
312 1012
347 867
881 973
713 655
654 464
867 860
821 418
283 341
890 259
139 103
830 191
640 741
1011 132
708 950
287 287
156 197
479 815
959 381
430 283
642 909
551 730
666 137
284 383
832 365
184 810
23 66
394 389
195 164
419 450
796 1073
857 503
201 169
677 592
307 435
327 913
299 318
400 535
917 272
112 252
364 616
672 853
647 253
230 1092
683 723
151 109
769 293
1117 373
726 1112
498 297
893 673
321 244
627 635
962 432
883 1123
539 194
903 451
468 1012
812 58
451 840
95 671
153 195
174 368
936 685
486 664
775 569
358 839
294 103
225 1036
342 280
731 521
479 378
284 98
835 77
151 353
519 429
297 452
368 49
1017 133
209 988
993 368
130 907
402 245
927 946
312 104
802 661
74 132
138 969
340 431
277 975
953 960
83 501
721 777
516 735
1097 244
499 456
498 651
469 583
173 415
893 162
364 863
752 701
713 512
770 1114
50 1089
458 385
571 783
468 880
370 517
701 244
210 515
700 295
959 142
974 917
188 396
946 186
100 217
278 1013
351 228
301 53
415 113
714 455
603 613
464 719
407 959
707 276
632 483
883 660
51 292
815 156
648 37
860 1112
188 190
942 1105
1119 920
950 671
1063 805
957 999
920 326
333 406
965 753
127 273
486 582
348 358
176 497
1055 834
989 210
249 1006
739 334
47 910
755 642
1049 322
753 438
628 739
657 381
606 787
49 611
631 238
309 969
459 1093
6 833
333 149
765 421
819 242
763 34
960 522
0 530
158 581
495 958
861 522
429 331
378 456
1005 172
308 210
1117 570
696 521
1013 219
483 282
819 7
409 117
55 515
603 460
238 996
185 467
307 162
321 164
319 309
59 3
993 140
1087 1004
518 909
827 89
842 420
304 284
197 350
703 822
384 29
919 1095
915 393
814 273
268 333
737 337
260 404
1048 991
907 147
798 440
653 287
976 686
907 968
804 540
768 788
1005 846
364 275
844 175
148 650
181 646
357 35
1075 961
627 224
773 229
784 954
122 4
346 995
863 944
415 108
135 355
165 657
383 647
346 996
434 297
698 709
422 190
840 863
729 828
403 930
870 334
135 201
124 979
928 565
88 1110
243 699
545 575
899 315
885 149
122 994
209 437
333 812
442 797
363 889
577 944
622 719
131 228
959 534
747 567
833 10
896 90
297 730
722 440
925 124
331 874
519 962
785 560
245 837
979 271
855 1097
709 1061
1115 125
744 802
323 643
910 402
327 188
285 338
109 818
530 13
252 443
73 740
419 309
635 310
921 914