908 983
315 526
513 846
899 675
787 1062
1054 543
612 300
201 575
1032 918
865 732
439 381
981 634
1026 576
111 721
652 953
554 812
839 850
409 25
936 386
692 243
692 610
590 305
756 705
726 134
715 604
651 869
486 140
241 410
840 372
107 445
486 1048
122 974
57 781
1054 971
729 628
104 184
333 207
952 900
234 664
16 1117
248 552
51 663
924 617
354 489
254 966
870 1023
1017 648
289 793
692 241
405 1097
782 927
470 746
922 759
229 988
876 320
165 437
852 142
1116 667
169 326
784 206
124 223
999 794
989 742
221 720
885 741
213 140
942 306
600 353
179 171
604 454
484 736
415 1004
549 443
531 600
381 321
929 945
378 102
118 306
858 977
299 838
765 468
358 235
848 333
1023 166
144 361
166 638
121 927
893 501
437 339
641 341
736 932
580 1019
592 517
924 781
1080 879
883 919
562 546
719 1026
1054 199
202 590
330 914
1099 1061
722 934
630 1069
142 849
711 157
83 187
986 61
810 354
993 419
1088 148
798 306
378 826
139 308
183 921
366 239
955 661
466 491
185 280
234 135
402 492
182 246
628 399
13 1004
773 550
973 1019
312 690
413 382
523 450
587 365
259 627
500 256
140 708
451 482
949 555
519 178
1067 971
464 168
564 418
70 845
499 1017
487 153
666 16
1017 358
959 611
800 547
1090 758
1110 199
942 549
721 455
302 250
106 169
163 233
926 186
252 927
239 395
710 643
209 201
428 153
485 967
717 707
905 861
476 1065
709 900
131 898
272 675
396 944
353 213
833 1017
936 440
963 173
778 588
624 364
704 1020
776 391
318 471
952 143
407 453
577 797
337 739
597 409
359 1006
887 754
499 1066
617 936
888 965
968 851
420 227
571 1115
668 539
548 111
139 340
694 425
539 804
281 273
891 589
106 1010
541 410
536 372
809 874
778 139
337 781
469 160
294 846
33 450
704 780
650 504
854 903
526 477
255 142
564 270
993 196
816 774
1106 517
629 653
644 111
682 809
132 790
985 497
756 309
848 791
340 369
673 106
582 637
8 882
862 702
955 950
88 730
642 671
491 430
791 184
569 284
212 110
463 486
363 698
693 405
811 482
532 545
1025 354
769 446
748 753
812 683
548 548
923 819
276 728
422 999
390 1096
240 761
616 288
770 107
1013 854
917 309
922 381
596 486
626 745
499 362
258 351
803 943
216 780
411 309
205 741
342 543
1099 1109
772 403
979 821
160 903
494 120
510 436
1000 943
60 309
572 582
961 947
934 423
1048 879
368 753
631 75
591 661
421 575
748 295
739 480
183 520
145 324
470 806
591 122
111 751
961 735
551 642
308 923
997 687
426 500
530 493
901 607
965 912
760 558
627 188
406 572
841 608
66 171
117 352
57 152
998 198
709 717
491 378
362 615
321 767
843 487
568 98
1022 369
119 566
376 526
775 417
37 550
485 741
342 868
659 794
1057 130
421 500
975 230
688 342
979 330
751 866
820 31
961 612
934 520
106 1029
953 282
1103 1048
753 808
884 654
1014 85
513 626
844 127
357 265
359 105
510 424
250 223
824 93
699 1045
372 797
39 886
176 721
844 352
437 693
623 816
584 563
905 616
661 405
264 622
232 181
892 241
813 88
391 730
98 119
493 816
539 486
586 767
710 390
1071 548
672 446
224 691
91 495
506 133
256 425
405 214
23 1046
490 860
1030 975
885 216
183 1020
512 840
125 1059
122 10
312 463
1055 439
920 370
403 140
195 613
656 563
523 436
324 926
562 135
127 914
799 202
1069 908
637 881
635 325
106 282
935 580
847 339
762 739
101 829
702 476
122 466
722 121
244 132
567 410
278 976
450 380
897 348
88 533
1042 895
743 255
378 57
751 71
173 441
369 132
431 841
576 376
918 427
1098 1027
797 958
21 402
521 615
1083 257
597 630
615 444
693 462
93 991
469 138
187 462
903 170
911 910
670 444
176 732
725 153
125 883
236 138
203 973
353 988
109 114
930 908
377 913
417 102
432 941
155 282
733 658
726 391
579 712
698 703
373 310
258 853
245 342
1035 178
192 682
832 985
754 124
383 710
255 432
800 398
112 592
60 287
484 481
433 486
504 623
395 917
746 552
865 596
826 372
992 697
567 175
532 516
505 67
438 993
793 78
377 495
668 975
736 966
322 189
1039 335
831 143
569 277
830 824
290 625
212 112
789 458
128 773
24 518
226 325
30 1094
1078 645
756 561
946 965
392 88
307 445
10 763
791 109
364 275
466 1079
681 1090
75 887
1113 781
986 384
543 1022
223 875
318 816
289 201
773 764
732 406
194 405
444 282
665 691
316 859
749 133
469 550
62 513
262 592
276 134
723 38
379 559
590 668
576 490
1099 892
112 951
201 446
695 155
744 861
784 116
469 1058
642 847
642 312
429 660
235 578
582 200
498 830
991 860
1061 704
91 399
211 139
1005 1067
986 1011
584 9
971 727
855 394
909 670
469 409
379 471
178 643
806 340
215 813
831 425
423 402
141 392
487 979
884 951
416 800
820 207
547 744
49 465
714 978
979 347
524 688
967 107
485 873
1119 273
495 551
193 492
735 414
704 235
1036 616
407 651
306 159
172 887
114 327
643 547
257 723
434 854
945 466
821 973
419 250
637 446
862 283
707 635
523 369
147 249
483 1120
1039 717
749 494
382 740
500 359
645 196
372 585
529 881
651 774
288 270
722 959
485 805
404 372
135 9
787 179
884 753
994 121
901 970
791 950
210 877
272 592
478 1020
151 506
813 26
1 224
375 801
675 947
356 1069
345 912
730 1020
183 994
492 695
818 274
437 267
162 670
412 381
112 112
347 1034
82 292
302 139
893 769
321 611
123 762
447 958
558 740
548 659
276 410
765 590
219 1073
1030 205
472 848
1001 731
931 636
867 1050
709 985
871 909
1062 402
321 199
517 943
190 193
585 1007
648 182
284 929
27 633
118 509
589 419
1011 561
781 252
209 400
699 916
349 483
266 820
420 186
299 1020
992 666
1063 541
468 700
1012 77
788 302
103 728
969 140
305 146
97 173
752 60
498 845
266 1020
864 1053
672 139
95 360
934 1021
246 143
201 698
765 115
973 414
309 114
617 850
158 921
633 739
580 680
560 610
622 520
1071 227
404 341
679 969
191 371
910 307
122 699
230 512
294 572
28 245
1121 276
176 1080
187 780
324 599
242 684
460 148
605 232
604 876
871 141
965 952
204 728
1100 5
483 962
613 56
397 318
554 459
174 853
434 55
58 238
259 510
690 130
1026 716
623 265
394 965
707 120
664 660
78 848
148 220
455 1119
245 617
252 674
570 246
23 278
8 1052
802 625
320 350
1120 432
201 96
1028 954
848 773
546 615
787 618
781 296
904 30
425 345
213 892
354 941
924 753
455 412
667 106
682 476
556 833
136 319
937 747
541 303
633 747
926 473
94 637
210 136
916 565
277 231
86 600
15 304
1073 869
292 234
838 5
156 207
294 425
514 1014
795 466
1056 260
366 429
1070 38
865 473
771 407
401 150
235 546
184 390
170 170
929 1104
533 990
50 948
703 336
563 479
506 544
466 511
431 1018
32 794
294 365
228 1051
138 537
989 301
19 226
842 267
293 866
345 4
26 619
274 1005
555 914
372 1071
344 193
1067 473
560 280
416 665
110 855
302 325
525 416
430 465
866 32
588 404
143 871
449 627
751 773
207 952
696 477
334 36
364 610
335 408
381 590
622 915
230 1074
563 830
438 847
622 765
718 400
909 452
232 449
252 401
988 821
1093 240
30 719
810 189
479 1101
897 949
444 1021
871 841
410 947
913 437
843 467
782 337
140 207
53 840
873 143
691 186
41 341
705 1116
901 112
913 487
251 137
682 279
1063 301
417 916
466 860
964 357
662 452
569 234
581 675
231 899
816 2
436 887
362 813
389 201
630 134
11 774
153 991
790 311
957 447
151 8
214 634
755 277
958 32
392 559
855 51
908 481
262 289
832 271
3 50
391 388
855 411
371 907
754 659
474 380
837 253
507 346
494 106
50 347
746 350
102 393
683 824
18 327
435 496
417 246
544 631
428 144
705 780
381 214
732 434
638 493
945 678
42 303
99 180
106 832
132 396
709 863
498 602
951 159
512 949
736 264
618 418
1005 569
125 1100
819 1070
401 2
606 372
600 983
397 820
183 529
353 125
115 876
845 454
79 1103
524 143
1083 319
261 356
495 531
866 900
129 930
410 100
724 873
315 474
330 49
182 485
639 338
608 993
255 146
155 31
941 1090
55 737
150 917
277 145
153 332
755 242
1015 417
539 661
792 82
146 900
847 699
308 337
1076 630
90 853
496 324
535 986
1070 764
731 862
1079 955
253 961
102 284
381 846
85 177
160 1012
763 547
631 634
815 646
825 224
1032 468
982 191
782 316
122 945
185 288
101 106
1008 759
994 71
1024 777
846 843
949 794
152 669
456 70
374 679
810 721
110 1016
417 756
349 739
1122 1014
373 1082
322 170
510 368
816 280
973 545
553 559
749 1011
830 613
909 708
343 800
902 577
1081 18
863 515
1094 712
374 916
242 267
231 289
65 65
649 568
918 806
710 759
795 84
125 552
1079 78
552 489
992 285
321 865
450 676
993 99
834 943
288 1013
327 131
231 861