367 610
965 792
431 148
1021 984
919 892
735 724
924 634
222 802
466 830
642 114
881 420
992 161
172 393
509 319
517 642
795 877
536 334
383 532
735 935
824 768
953 809
568 687
903 769
986 459
403 1030
1045 285
570 1057
419 377
632 951
419 164
601 93
960 625
623 93
996 918
698 984
918 71
748 514
256 18
1014 747
100 713
722 181
455 590
793 589
285 885
367 355
91 213
422 746
263 896
860 724
837 965
145 123
362 501
471 429
343 453
178 846
483 644
67 862
192 531
368 949
369 358
1063 567
646 18
132 740
653 768
931 123
819 680
802 448
113 644
622 620
428 133
388 767
306 354
10 829
163 240
950 355
878 182
999 913
794 578
491 373
837 856
1020 508
95 634
334 685
788 815
333 540
73 1119
82 250
903 973
275 282
1018 688
619 820
982 898
503 586
62 846
147 282
130 752
191 1021
836 720
1022 741
644 912
796 905
290 303
646 56
1097 64
382 602
78 536
799 922
595 273
927 43
550 796
468 550
791 1072
421 966
760 947
689 1027
722 1106
331 438
466 1078
550 193
109 232
52 903
709 304
554 506
337 236
551 554
149 671
198 266
524 385
400 353
1030 780
206 60
720 282
126 599
930 861
316 614
666 104
35 521
524 836
245 892
528 965
139 407
345 333
945 16
1022 330
661 372
356 676
239 401
407 159
1021 308
944 274
207 556
999 276
976 728
612 887
310 1066
993 570
395 540
141 556
590 927
681 499
945 554
667 430
315 541
926 761
532 394
738 424
999 1081
333 744
456 156
540 758
462 132
933 19
836 863
90 24
771 927
716 936
270 135
805 711
82 149
930 176
227 876
353 484
651 182
303 914
902 509
629 995
494 639
262 87
680 265
473 984
969 600
879 903
786 788
691 582
539 392
758 283
275 265
119 849
197 970
149 563
29 915
191 43
804 1012
365 313
200 377
315 995
1001 978
131 964
356 828
86 1058
960 62
308 948
658 1032
1001 435
124 612
140 928
403 564
825 437
538 986
578 471
397 905
992 832
185 1110
349 95
323 228
141 18
752 357
611 258
842 530
992 1022
536 128
1008 1090
755 781
564 744
254 783
687 974
1025 257
253 562
723 554
975 671
921 659
361 642
380 1028
651 983
601 136
709 248
354 428
497 499
56 192
81 332
1058 381
151 668
938 365
736 574
429 813
736 786
937 22
956 596
930 830
355 438
105 256
265 442
544 299
494 195
504 1032
699 426
68 778
931 936
111 145
1042 1070
209 252
408 321
703 752
877 869
963 751
1001 520
104 770
374 962
187 911
606 369
438 431
761 744
286 196
513 1114
783 53
693 137
678 201
886 906
887 426
410 75
271 777
302 52
572 928
243 737
795 379
487 391
766 1000
914 1008
143 304
402 538
564 390
643 280
948 925
544 1118
1049 623
55 704
215 1104
397 840
300 280
166 841
745 27
165 167
76 463
1073 8
863 374
448 732
813 679
208 490
291 266
565 546
749 99
507 937
481 991
269 769
68 907
816 152
139 137
513 535
948 44
511 252
598 701
691 614
482 278
967 518
379 845
956 194
807 177
959 782
526 598
951 999
36 168
343 717
1035 449
629 135
735 805
224 1007
996 145
20 268
19 38
858 6
916 367
1052 1023
1099 1023
652 89
735 702
403 529
760 514
568 825
239 188
918 364
39 834
317 1037
673 241
590 373
604 130
625 842
934 333
576 869
870 405
397 514
443 889
886 1081
420 341
838 854
449 386
205 300
165 812
573 923
1013 977
322 501
517 206
425 706
377 986
408 347
350 574
242 481
193 706
766 171
668 68
788 490
775 969
717 260
341 941
141 1123
1120 269
765 1012
86 721
112 315
613 1095
685 73
472 605
921 157
859 557
813 720
508 117
651 340
491 44
63 21
288 1048
110 332
243 408
389 216
515 218
999 514
290 232
689 663
449 96
171 572
608 362
400 265
108 913
935 544
20 342
766 424
952 921
47 318
604 979
64 523
528 1002
323 794
169 997
173 686
511 425
876 618
1016 895
42 463
605 774
655 272
330 875
185 234
663 871
755 802
252 807
91 361
438 481
875 207
192 539
735 722
356 356
963 894
355 143
951 310
753 297
653 345
341 673
593 867
340 1033
100 479
724 189
574 764
459 615
1014 38
177 424
685 337
899 184
253 879
777 994
671 147
369 757
403 450
1021 1102
827 642
522 168
521 1117
202 601
1100 318
157 973
1092 618
978 147
191 209
675 334
176 1012
402 549
807 683
426 588
830 73
266 199
569 188
931 860
1000 4
1032 331
336 518
210 448
900 520
189 655
448 953
866 299
610 296
614 610
808 522
342 214
129 704
868 720
1106 748
206 222
17 1086
348 665
849 472
188 994
1046 530
232 431
234 532
267 729
414 736
301 966
684 879
331 802
452 1007
371 374
565 647
47 419
577 880
560 387
1112 254
397 819
44 197
781 1051
59 353
226 800
490 518
951 1030
326 454
1100 547
921 429
95 1074
503 410
1074 854
1065 516
571 765
621 288
35 900
803 774
499 752
700 242
655 201
719 178
1068 318
1111 626
420 53
767 256
849 384
761 2
1015 78
493 737
421 614
1013 869
777 907
180 962
242 971
885 78
318 249
980 58
45 591
476 326
145 27
946 1053
655 184
107 551
714 162
503 846
93 1065
28 1046
579 953
426 137
625 182
365 405
1095 283
340 393
928 973
406 137
554 891
655 328
354 584
390 796
367 763
810 981
653 938
873 59
440 949
458 282
202 246
919 762
98 917
1120 771
199 501
491 185
779 516
1054 140
275 600
1004 401
22 944
598 862
284 859
486 592
1046 383
1004 15
308 405
838 409
435 208
759 661
776 180
13 606
864 498
1011 813
104 491
908 782
675 682
700 849
107 25
950 127
308 177
582 712
424 623
333 611
143 917
64 754
981 620
731 587
525 595
373 510
587 664
188 448
579 930
581 788
160 469
130 324
287 787
769 565
1004 430
180 1086
828 298
704 789
844 548
363 711
578 231
589 968
803 791
309 1098
148 431
860 721
980 110
280 519
637 786
721 460
457 227
24 660
3 568
607 853
215 960
964 1003
487 645
673 231
631 882
794 51
127 504
776 431
879 500
567 1072
287 186
311 223
263 514
959 551
301 870
808 27
1029 646
385 111
220 398
389 206
209 414
883 1099
953 54
720 982
873 878
781 296
237 462
188 853
879 849
373 1088
256 124
1105 815
766 870
1011 666
942 938
588 909
280 496
839 658
952 785
1085 623
1003 380
321 598
211 882
909 397
711 430
479 620
186 132
310 887
178 499
427 1066
419 231
820 779
180 483
452 1085
914 831
152 162
523 463
731 782
118 878
321 523
216 312
102 432
454 677
486 252
841 872
936 909
1121 705
376 304
877 717
391 615
238 1004
455 629
819 367
228 321
956 568
824 850
875 21
945 117
123 648
244 472
835 361
379 677
26 165
823 893
267 296
990 864
295 478
305 497
89 349
95 994
167 343
161 197
1094 922
107 101
231 978
862 448
432 656
804 361
812 1084
248 272
630 841
464 424
883 427
96 862
703 738
89 89
477 295
950 291
899 567
462 450
869 1069
692 173
832 516
306 494
641 814
270 372
22 172
102 711
377 894
220 966
812 461
315 15
36 878
795 1022
1017 672
322 472
573 610
247 503
699 750
280 778
1087 802
77 743
276 165
289 429
117 462
267 526
911 804
105 107
947 419
341 578
608 1009
285 782
515 950
695 825
745 118
271 768
277 923
294 624
22 523
566 717
767 850
985 288
898 102
394 682
609 334
239 444
559 373
516 777
327 21
755 166
875 1008
288 221
1030 493
33 1090
645 293
588 1015
243 691
363 900
108 905
970 182
360 456
110 632
304 1073
1023 634
945 675
316 584
127 511
338 1120
32 417
125 1018
842 781
154 964
701 665
617 641
333 615
914 650
363 219
803 894
298 345
280 385
941 490
67 72
887 1104
430 245
514 561
672 673
779 762
1018 670
165 428
441 767
181 403
324 815
318 251
322 817
997 789
503 357
863 114
1009 702
577 991
298 896
984 868
819 777
1010 308
557 236
816 660
203 869
724 531
687 302
553 698
171 406
409 866
918 568
284 931
899 481
935 980
977 210
646 914
9 559
453 628
1084 676
780 1016
318 1054
114 519
404 237
372 448
309 248
527 541
790 183
926 1061
716 169
623 100
697 366
128 577
425 245
78 592
980 390
990 529
253 656
335 994
609 832
103 437
590 260
669 336
893 557
870 705
998 127
251 400
491 188
446 869
156 322
948 273
1036 878
495 728
561 194
804 485
251 164
223 576
279 780
508 747
1118 520
1041 828
1094 841
842 371
769 549
853 603
362 485
1055 785
989 830
457 419
517 447
719 217
874 448
614 779
709 759
804 994
460 425
529 1055
953 417
748 706
254 437
811 683
154 530
150 73
938 637
590 906
1017 1101
385 964
121 287
597 979
153 173
478 605
111 634
56 693
916 478
785 665
861 298
417 679
692 613
291 912
161 525
612 838
923 180
715 567
716 389
409 1020
284 238
448 131
431 608
557 771
274 506
641 153
564 242
864 846
66 998
205 993
855 310
61 1023
532 477
851 753
522 840
728 202
188 82
308 499
298 106
303 913
54 602
4 279
352 239
666 639
447 105
1052 308
300 122