595 1040
273 142
918 683
480 991
233 132
246 949
1080 251
431 998
878 399
507 558
536 539
641 1080
210 845
485 586
1016 698
764 793
175 648
120 701
396 278
885 929
753 834
116 705
910 18
543 270
815 991
921 870
683 457
171 913
51 239
28 444
756 653
161 506
1082 153
738 311
686 229
759 944
865 458
239 973
226 1023
245 367
813 1003
844 319
294 66
931 251
752 441
463 993
961 361
171 566
818 75
320 1001
635 350
120 671
737 342
379 879
187 830
612 484
946 571
157 481
383 559
368 73
666 881
731 914
872 310
280 828
641 868
432 566
875 881
418 528
482 430
873 873
1 547
719 227
260 121
783 117
991 560
222 642
195 289
781 14
895 60
845 115
489 239
860 409
990 548
959 363
902 872
760 841
540 554
830 601
877 891
1010 547
983 1014
428 1006
692 215
238 103
464 131
737 198
568 531
1107 714
644 70
311 25
790 523
355 9
724 875
184 284
399 316
389 784
869 137
300 364
458 1051
774 776
1057 457
121 501
905 888
406 688
621 1037
573 262
95 466
723 729
1009 533
43 403
160 288
25 617
747 744
192 387
3 655
470 960
428 800
788 653
1059 550
217 563
961 103
737 1072
639 204
945 216
603 201
180 1062
23 944
79 882
815 774
15 923
477 633
978 1049
55 837
718 245
592 419
758 1069
104 142
674 229
544 442
164 582
634 63
443 317
396 1109
338 51
251 1027
232 134
490 611
996 797
28 993
687 403
1111 955
178 835
906 280
656 652
561 881
467 300
886 971
436 321
887 776
169 471
1086 266
11 653
508 402
1061 613
802 764
449 628
128 179
775 893
1039 947
959 141
153 379
83 208
120 488
837 153
112 672
731 259
72 835
421 504
390 402
704 465
785 839
691 800
575 788
380 646
760 870
980 171
378 265
268 1085
358 748
653 160
595 308
117 354
857 178
92 686
464 678
460 327
433 779
401 439
612 806
712 436
939 994
240 505
831 57
889 272
873 1004
536 57
8 509
1018 474
409 1002
570 173
598 348
1090 218
538 614
1099 107
899 16
232 495
962 966
17 702
652 140
153 331
106 305
488 94
447 451
850 339
992 168
324 73
452 758
72 448
548 864
641 61
1048 635
239 31
811 539
437 1081
661 593
243 725
720 185
537 868
860 494
490 52
1118 824
935 551
1010 504
530 617
903 939
801 696
292 784
708 301
1032 752
787 752
694 826
272 919
418 784
984 1005
296 772
771 232
987 799
324 657
236 961
137 436
875 602
206 579
513 947
838 241
911 377
51 760
919 204
375 926
490 96
226 39
873 738
426 276
799 622
552 783
858 1017
195 676
392 553
886 326
869 338
117 896
706 594
654 817
76 731
347 607
943 207
854 858
616 298
742 867
714 640
1113 233
416 583
697 446
166 898
836 553
1106 720
718 199
432 891
361 773
334 301
975 1079
632 993
1087 1012
178 472
64 379
1053 327
479 102
1002 222
340 740
286 417
223 853
597 823
392 1018
841 1021
619 128
1103 792
444 556
207 941
233 894
962 435
827 354
254 937
513 228
309 434
137 853
646 207
333 817
599 271
1020 290
309 135
737 795
824 1062
744 506
1083 775
394 729
683 419
357 485
526 398
555 236
403 588
313 761
679 788
176 37
359 161
573 615
988 205
832 558
774 712
626 111
548 234
3 513
791 558
1091 521
886 315
962 1059
489 558
762 130
986 353
374 154
504 691
840 226
998 414
931 1024
331 899
459 884
754 300
746 349
609 496
223 980
460 1018
497 95
996 286
1011 892
566 511
703 759
596 460
582 971
699 577
526 874
1009 746
274 553
621 455
422 341
416 909
415 914
634 79
667 284
510 189
664 43
306 151
178 513
194 440
104 265
379 485
122 99
86 197
184 420
1117 912
146 126
210 960
104 585
767 844
361 962
385 1036
397 941
520 464
845 774
542 732
703 163
910 768
752 308
804 369
477 870
139 318
477 186
770 849
139 835
874 589
263 729
948 689
957 490
639 765
289 399
244 801
971 259
973 183
229 22
266 441
614 344
701 883
232 247
120 116
710 68
877 579
58 104
875 1108
775 435
1119 581
664 925
840 335
923 1010
1118 565
358 414
1007 674
635 424
284 601
226 125
380 982
519 343
975 1078
266 313
501 392
400 703
831 466
292 924
194 430
432 996
890 788
730 209
565 1016
945 17
1105 123
774 142
598 155
181 581
344 484
384 979
828 825
981 21
889 970
716 1011
738 708
281 52
930 1077
454 278
295 952
752 858
834 723
758 184
847 542
1112 561
208 578
932 40
255 969
388 80
1092 598
1093 778
196 286
599 249
868 660
978 469
13 195
819 128
857 477
441 1091
173 374
631 1097
55 556
381 641
986 257
887 717
409 926
619 262
861 383
889 621
562 262
1083 156
559 519
163 143
1116 625
798 977
981 330
764 722
197 406
276 826
277 983
881 639
654 457
708 118
123 817
82 117
555 185
979 1064
725 832
467 933
533 126
986 701
443 692
1099 916
675 671
113 222
580 466
1018 732
300 405
475 225
967 698
764 427
590 801
949 615
328 699
940 1090
1003 42
974 712
508 730
784 375
423 654
541 92
972 1015
921 307
427 353
88 778
206 295
766 708
357 923
1001 703
970 762
180 309
710 414
425 999
894 885
115 98
642 435
666 510
611 145
605 366
995 136
54 1079
146 699
495 317
567 180
119 1013
176 851
778 249
686 253
518 643
1011 668
473 928
508 753
569 289
866 274
571 885
669 306
532 504
457 64
858 506
148 558
915 795
54 845
213 1020
938 638
871 342
638 169
747 760
854 881
58 1123
130 290
590 5
143 393
995 850
718 189
616 852
1068 766
702 658
681 1123
572 1055
420 569
217 131
870 834
912 655
326 90
234 374
537 105
920 131
899 574
1006 683
224 188
394 100
423 587
136 329
715 1029
842 248
259 93
339 612
953 913
566 402
1014 217
178 396
981 655
160 242
687 474
292 944
829 772
721 611
621 831
715 25
370 985
260 713
912 272
436 1006
342 1083
894 36
213 11
51 237
1116 466
532 918
909 495
550 674
696 796
957 324
550 243
401 247
88 672
969 672
721 406
850 1039
553 364
337 432
2 290
574 35
628 333
594 909
868 293
890 202
501 717
1067 629
826 330
223 557
1063 818
1056 632
1007 641
407 80
86 711
986 926
639 294
277 937
596 671
485 1032
780 718
253 1077
736 224
835 266
522 191
557 1011
402 277
540 255
530 24
539 274
657 840
832 213
347 918
95 296
351 368
856 788
156 276
439 107
609 633
586 989
212 679
313 225
629 581
935 470
291 155
1038 656
594 1063
493 61
494 835
840 158
895 81
304 254
478 978
636 907
828 262
506 981
617 815
899 830
888 1007
998 275
584 1040
465 307
941 763
706 190
416 308
569 882
51 119
504 713
489 807
221 1095
829 906
296 969
378 78
808 904
302 437
770 184
331 975
154 354
422 409
493 546
297 329
406 780
547 277
336 1017
661 283
911 579
896 144
371 724
229 221
656 716
529 172
1028 19
754 721
976 901
133 303
151 173
177 246
296 213
979 200
876 491
410 309
408 43
590 349
987 603
20 236
448 115
340 1118
989 215
999 285
302 5
375 369
706 524
680 1082
182 564
123 491
821 137
880 62
512 925
889 189
413 600
862 699
608 31
224 156
812 290
528 647
611 118
538 855
891 993
310 93
270 252
755 636
263 955
944 1085
870 205
786 787
431 3
850 340
251 290
595 363
482 507
919 1040
714 646
343 441
969 377
875 847
751 543
519 549
623 871
416 282
902 58
194 717
922 627
698 292
1018 704
598 919
40 668
163 481
676 1066
227 897
308 411
688 369
391 785
980 789
624 887
937 1001
797 240
179 558
728 1023
1077 14
608 96
317 605
338 789
412 1058
832 446
564 741
293 462
931 9
319 313
416 346
547 859
660 177
308 819
575 0
794 34
771 280
470 943
325 733
485 422
618 608
211 976
228 128
320 346
821 486
985 512
896 1079
441 97
903 441
444 337
1073 235
881 162
372 273
999 812
184 456
619 812
853 856
319 853
362 293
784 583
887 1040
930 130
601 372
684 980
348 748
256 1008
880 662
1006 310
632 559
746 227
736 943
354 667
1061 313
791 680
409 336
29 413
304 901
259 264
225 711
995 440
201 388
197 375
482 683
1004 586
303 351
281 791
771 919
901 698
162 41
453 1098
311 457
652 806
295 407
479 782
626 288
980 593
328 331
810 1009
562 209
929 704
857 990
1079 160
107 1075
253 454
148 81
419 451
139 118
714 296
1062 524
833 873
887 351
353 701
880 990
823 733
328 910
344 1030
198 210
493 273
606 721
670 338
803 915
102 54
989 176
732 522
460 522
816 660
43 350
669 740
136 869
1011 1008
296 750
296 816
927 49
408 545
38 756
335 526
504 232
733 746
697 749
1099 182
16 316
532 1080
472 348
569 686
762 946
103 197
1118 1108
664 280
898 699
1003 536
266 496
566 410
153 423
528 781
511 105
158 114
948 614
790 595
453 257
699 516
397 494
868 529
978 493
304 52
608 398
653 181
142 846
318 1037
335 63
480 552
539 1096
33 778
383 718
672 588
314 1012
683 205
361 320
149 623
424 990
812 191
842 1116
1021 639
326 641
847 358
1123 273
961 681