612 205
348 844
420 398
208 411
208 478
183 117
817 117
930 954
516 548
584 654
928 1016
341 975
139 766
919 1001
1004 1020
493 943
996 479
187 697
464 511
876 386
522 346
632 314
623 810
510 314
749 67
23 762
173 211
1031 256
882 994
319 520
195 868
966 544
915 594
471 811
239 77
886 898
349 680
871 366
497 934
680 564
347 102
574 942
912 671
655 277
1094 260
132 523
803 574
898 917
511 526
418 155
929 929
765 773
771 393
421 947
1057 525
263 888
564 788
654 691
378 645
562 1109
153 525
587 593
725 326
658 414
722 444
1027 1009
542 803
340 883
337 933
856 542
230 661
207 672
1002 170
137 658
900 234
830 714
232 860
70 50
1055 656
277 832
374 930
505 531
998 526
34 1047
560 675
125 439
200 660
169 354
155 539
952 818
444 319
116 826
224 971
887 943
827 471
380 964
785 904
1028 1003
649 516
838 1073
638 467
413 1105
1103 607
907 62
1010 673
1057 892
292 610
130 664
867 289
109 792
287 261
528 46
246 760
704 690
543 588
704 73
741 488
809 1002
771 186
596 1040
595 723
980 376
242 576
654 321
91 598
926 795
997 546
890 872
737 248
1030 1100
344 534
799 308
147 102
438 393
109 461
603 588
174 539
976 876
840 700
158 959
583 240
419 730
916 608
160 472
850 561
860 195
916 469
868 648
590 153
469 809
275 517
775 258
646 112
802 450
237 229
189 653
974 714
767 797
339 274
171 1006
741 460
349 640
907 178
286 1019
865 260
134 888
1022 187
499 889
361 121
590 863
753 320
241 852
130 547
569 497
1068 180
68 521
270 719
844 844
894 468
768 561
1003 1012
386 535
406 741
916 735
567 223
482 817
684 1047
835 530
74 674
474 931
694 625
934 370
669 962
273 923
571 728
387 145
150 237
425 963
964 103
851 189
982 1098
927 1050
390 299
442 1070
678 1009
105 351
361 366
1082 629
550 110
172 729
628 907
958 643
849 834
173 137
974 814
676 820
283 354
85 261
991 878
606 784
574 863
853 558
909 895
851 156
497 924
667 234
775 623
380 1012
516 699
161 1093
126 312
46 927
510 719
707 217
543 704
859 1057
406 163
890 849
698 161
410 745
922 497
124 234
862 652
1012 702
363 244
344 1023
155 653
270 615
691 73
599 606
6 105
147 211
186 325
549 590
184 177
661 675
878 1048
376 431
975 260
640 983
858 955
857 114
556 766
171 1011
223 326
1017 796
444 567
430 728
594 552
478 1009
847 440
99 27
835 696
83 34
236 178
163 546
918 651
813 236
155 725
0 376
200 929
303 892
793 590
857 836
558 440
303 188
824 425
884 976
339 1017
262 858
1076 650
920 1037
105 237
348 110
79 105
34 247
696 34
899 871
389 471
345 893
54 383
791 637
377 714
233 206
160 227
793 383
1055 891
436 661
1012 275
621 406
752 434
122 320
1113 990
120 353
417 541
439 238
855 725
269 1089
123 324
562 380
480 1020
580 1034
21 653
1046 579
735 28
158 406
486 759
188 410
457 256
411 949
1115 674
635 785
103 899
503 270
839 320
878 447
857 783
464 208
942 143
432 871
283 647
855 317
985 563
905 871
799 302
22 331
797 529
428 273
948 1023
267 384
771 260
782 905
853 482
232 317
274 949
41 710
142 420
565 628
1009 443
489 533
790 225
522 392
733 399
629 1001
728 473
36 606
809 1115
348 629
111 287
974 793
353 237
397 967
90 38
555 1115
662 595
230 236
152 209
195 473
221 937
887 994
797 187
554 598
384 970
585 311
1011 364
444 1096
643 371
1011 467
293 913
417 1032
176 264
811 173
408 791
457 675
484 37
545 1050
457 75
306 563
543 517
883 107
953 882
777 212
568 111
867 182
773 817
809 643
519 408
209 360
142 728
897 589
697 43
857 451
658 521
157 633
880 552
1057 355
505 985
211 806
928 265
996 681
625 866
450 800
611 1035
976 247
206 158
218 448
622 870
294 783
891 24
410 244
778 467
797 935
395 810
537 263
172 617
1073 68
257 942
658 603
813 887
906 962
412 418
502 581
754 152
400 1095
444 699
996 434
741 780
216 852
935 618
620 860
682 950
269 136
1009 205
1080 662
843 689
264 735
832 506
894 933
997 264
131 115
504 640
412 483
361 518
625 285
1061 132
459 574
708 1050
33 736
140 654
164 439
871 181
88 251
514 558
1112 260
367 296
608 527
773 82
331 422
590 265
173 137
829 94
1077 229
480 699
313 310
540 500
130 271
679 636
367 907
495 551
882 269
864 468
722 325
30 442
377 1087
988 691
215 154
115 481
209 330
384 706
700 394
388 340
183 536
469 659
301 875
1 687
497 904
888 861
580 156
900 891
467 817
299 576
993 665
764 437
978 595
898 100
796 99
501 1077
962 959
952 316
324 124
465 938
570 188
215 715
505 454
913 601
367 841
915 837
616 467
178 130
1046 364
688 929
875 632
305 274
287 1006
791 591
402 518
764 882
248 1041
622 636
319 983
250 310
943 265
221 946
552 465
291 751
196 120
281 714
550 222
901 947
342 934
316 582
301 631
616 175
340 366
651 610
760 54
335 338
838 598
223 123
138 659
337 422
289 18
469 293
430 811
301 878
240 898
1038 294
894 856
455 521
212 30
215 355
911 75
120 575
607 622
818 637
354 390
230 333
276 657
780 225
662 866
834 970
117 272
1013 452
1080 823
703 566
256 1000
699 165
554 403
194 817
684 314
1055 981
1089 143
844 236
412 222
694 243
219 209
954 316
150 1037
1017 418
516 1110
526 946
259 210
221 336
116 237
643 89
303 874
620 653
806 698
425 525
824 657
371 821
703 816
555 671
350 792
674 268
958 60
903 673
383 614
935 142
948 1077
361 856
113 651
211 597
1079 590
932 1046
1017 208
523 696
490 406
123 309
978 226
376 321
205 536
210 431
579 907
984 901
497 212
1050 134
288 234
203 321
861 853
509 625
688 931
974 686
170 588
12 678
27 253
515 585
908 907
650 512
784 809
911 673
150 411
680 429
407 818
235 782
170 847
560 164
120 454
852 948
356 719
388 1056
867 935
363 251
554 542
165 111
693 1065
918 804
901 947
358 1048
613 951
141 293
413 396
645 311
217 285
270 510
351 935
405 223
281 511
729 811
8 415
902 451
499 370
180 598
747 752
411 458
529 373
1000 705
476 721
624 85
858 321
666 296
754 587
550 169
711 55
659 463
1110 783
885 931
666 492
945 744
366 855
145 420
804 785
1012 301
976 390
705 803
690 1020
569 613
854 720
407 533
160 351
163 304
589 676
1087 663
811 127
989 693
249 29
451 405
351 398
633 623
1036 919
800 1064
1068 755
1108 357
775 396
144 171
1026 317
495 524
149 197
926 538
560 1044
528 178
496 863
989 620
183 568
943 495
407 226
717 496
753 559
969 292
645 67
705 1021
754 604
737 912
11 1005
555 1
306 914
122 443
1052 100
707 682
270 125
526 149
848 601
516 991
325 425
858 200
175 603
430 785
401 896
1087 484
1047 191
1090 484
343 482
507 452
390 693
393 943
1041 868
686 928
189 899
154 353
865 71
342 646
155 831
483 920
388 605
915 303
364 642
204 620
266 42
275 236
1078 665
375 290
540 496
231 161
1021 223
1073 251
155 740
84 1121
592 441
732 347
1098 577
868 410
557 740
247 65
338 820
170 122
563 495
982 470
191 239
369 395
384 702
771 693
274 839
966 115
471 772
941 919
245 557
57 845
866 877
41 523
950 455
673 577
227 531
352 1014
639 872
341 166
616 742
18 825
952 918
587 158
823 859
602 607
110 191
412 107
530 461
1036 626
417 365
182 667
371 109
342 655
487 766
1065 539
1058 481
776 813
116 985
1051 119
633 279
752 994
293 898
212 966
363 292
190 557
183 363
826 509
873 613
917 101
381 479
359 38
721 561
867 826
659 332
694 313
406 678
13 704
572 1075
297 225
1028 763
689 101
735 426
94 962
204 943
847 900
969 786
597 858
226 2
525 7
426 978
228 134
723 879
223 528
790 883
611 520
829 416
203 306
136 402
329 352
933 721
278 953
846 625
1053 245
376 632
149 989
322 390
277 248
522 437
172 346
500 811
1098 122
11 263
851 845
241 653
202 305
317 1045
208 651
640 699
133 649
1025 452
815 196
53 64
793 966
752 1103
634 369
294 322
679 292
893 140
657 156
875 575
75 103
825 514
255 478
1094 985
199 82
1031 645
695 389
1044 230
176 495
644 722
312 600
384 808
320 489
788 241
753 119
1077 755
171 1034
195 906
1097 799
701 434
682 475
563 516
441 998
605 916
323 400
837 756
717 221
373 534
990 538
261 298
79 855
670 625
665 1052
994 245
180 351
12 792
742 299
1067 977
781 623
570 109
704 348
836 766
859 514
1059 283
169 252
177 146
451 228
973 833
895 485
670 930
715 861
1102 960
67 947
600 300
1003 554
602 891
720 625
0 872
845 251
261 543
394 693
71 524
457 246
165 682
468 501
286 536
362 818
946 690
1000 956
355 860
279 478
798 231
476 366
138 649
491 400
793 516
455 819
349 223
1005 646
852 404
448 937
782 766
197 767
691 648
544 676
530 879
5 82
281 201
194 937
353 36
637 382
745 607
554 847
108 140