160 256
676 29
554 283
624 525
458 208
718 527
880 501
758 433
294 793
813 934
599 175
237 504
211 922
302 294
1001 625
316 365
1109 394
542 357
442 145
1008 1029
253 231
929 74
531 901
698 414
673 839
245 341
2 154
359 149
585 875
928 535
152 356
722 1054
911 137
500 181
553 887
578 736
1053 261
1043 594
656 624
268 595
685 960
378 978
360 906
278 527
36 1096
522 791
852 401
611 368
664 1043
1036 408
824 857
243 936
188 778
261 476
845 915
862 533
644 682
75 515
337 168
651 957
670 505
563 574
37 460
209 277
818 148
466 851
821 125
393 653
1059 487
44 282
931 270
461 818
508 43
361 258
669 796
695 793
609 595
826 148
531 587
401 594
307 897
111 1006
250 10
526 249
943 873
112 810
971 605
1056 1103
131 238
465 438
260 192
341 1071
283 824
645 593
422 819
843 426
342 899
519 116
437 810
135 83
106 795
172 998
556 722
161 981
340 410
826 182
582 165
621 834
182 592
1108 774
838 170
282 875
642 339
129 394
328 934
1089 248
986 172
776 1047
1085 277
321 463
323 726
300 493
435 509
948 297
1100 323
301 154
1051 729
525 733
425 358
1098 539
297 190
734 519
817 619
128 904
1048 719
414 445
608 554
814 802
995 1016
1065 377
851 320
408 246
653 488
811 994
590 360
359 268
386 387
6 519
845 984
705 392
532 519
373 233
1107 800
200 650
327 478
587 1001
946 345
424 537
772 510
381 872
185 892
353 328
418 765
678 255
697 278
808 257
1017 454
558 544
584 671
387 658
165 624
1067 703
392 659
689 860
201 586
523 183
306 190
674 435
305 1006
356 68
717 337
154 902
910 414
978 235
419 656
231 141
190 713
538 443
835 186
228 452
1058 584
476 446
1 773
1035 313
1055 413
553 977
321 92
118 213
669 183
104 459
248 983
813 663
395 396
449 585
390 971
415 326
377 513
504 4
1043 842
620 704
892 636
855 1018
621 1076
226 904
125 345
845 520
707 736
602 405
627 524
509 844
901 846
746 446
820 748
130 728
450 322
134 304
1040 618
704 359
265 116
530 255
694 546
906 947
1028 786
598 625
397 453
719 407
156 245
227 109
93 860
622 956
551 920
553 914
187 1106
100 1119
921 635
969 289
625 79
39 233
1048 982
940 530
139 472
199 940
695 582
304 828
507 234
611 55
59 994
854 557
1021 348
1003 619
1105 497
981 639
868 370
43 477
945 946
338 352
563 290
1110 244
762 651
1018 153
629 988
376 875
752 680
502 776
190 972
514 211
121 637
593 263
1112 894
670 427
469 686
739 324
335 150
695 213
794 802
84 958
565 652
166 52
428 517
1013 558
551 373
622 990
205 969
358 155
421 187
819 904
58 371
945 677
166 503
575 697
1009 459
807 884
738 246
592 760
537 302
664 869
134 724
507 117
142 868
557 515
436 338
446 434
570 105
889 620
768 607
1037 520
748 48
495 375
932 494
894 34
217 170
871 501
325 306
842 660
918 133
157 653
907 362
742 1012
671 248
434 383
805 879
787 1037
852 1015
211 467
771 111
311 23
118 933
909 455
962 157
263 1093
282 349
708 900
228 842
114 183
903 1031
373 23
989 1073
248 643
491 713
1000 460
519 628
618 558
314 564
302 576
559 537
314 356
427 394
809 341
1045 700
386 799
825 897
917 302
1096 435
506 934
391 661
511 310
696 904
620 519
876 768
403 205
218 719
491 613
304 360
46 776
312 636
389 954
1021 329
592 922
926 808
410 392
414 277
929 1023
798 751
414 209
852 34
581 785
141 1000
288 760
372 701
207 760
964 670
667 526
1051 299
411 866
992 448
630 770
934 529
940 16
929 895
437 469
314 191
425 856
231 650
354 818
209 215
697 163
225 222
309 229
38 366
16 545
28 195
757 603
898 965
539 361
298 782
896 384
358 914
686 872
552 608
411 1104
1022 953
463 731
918 164
627 577
689 698
1027 828
363 798
362 749
862 838
790 864
479 145
192 615
1056 432
373 458
567 558
626 942
254 1089
702 341
125 1018
1018 874
865 439
257 301
502 987
100 883
469 90
744 765
938 493
80 243
432 629
999 644
318 826
976 747
955 537
617 322
525 784
819 562
951 780
447 444
435 199
982 102
733 734
599 827
465 840
608 318
442 901
304 863
460 503
535 879
224 231
356 705
910 47
369 948
719 355
180 414
12 612
360 211
93 416
394 737
286 496
79 151
626 523
1013 932
329 831
793 672
593 861
471 941
152 543
391 293
753 865
761 320
791 871
293 1059
885 931
492 524
119 290
532 755
849 958
447 1116
214 868
213 1011
1014 1032
349 205
755 926
563 159
614 114
280 901
646 491
373 445
17 690
1004 112
902 205
956 128
493 917
599 523
225 298
344 281
668 372
876 407
104 851
240 853
992 283
1031 474
288 466
620 932
342 75
341 859
434 279
970 441
191 57
674 508
723 670
680 603
1029 13
555 861
941 839
806 364
432 868
848 545
612 662
5 107
758 1014
921 181
994 553
727 372
540 82
135 246
492 573
43 598
678 348
719 518
459 1068
235 269
427 278
106 712
756 141
171 601
974 429
725 800
192 1062
602 208
71 647
435 482
21 985
976 914
539 677
665 1009
1115 405
740 345
536 313
731 1060
695 856
800 743
842 414
208 600
179 837
442 895
523 386
846 488
1004 951
215 193
997 499
18 633
291 426
912 1025
338 662
61 571
749 403
268 877
179 108
169 617
707 926
109 198
458 1001
409 301
755 610
909 631
702 887
450 613
493 7
842 936
359 241
24 633
766 703
590 562
847 299
966 152
888 314
280 296
815 436
867 349
496 728
313 368
1008 210
560 939
495 631
1095 1019
218 471
129 597
770 483
742 820
616 285
593 496
826 812
729 384
641 414
467 575
661 108
994 278
193 604
996 339
675 948
15 921
851 14
342 693
289 546
273 449
325 209
220 910
818 725
280 879
262 203
909 344
249 225
243 207
635 478
942 440
336 360
658 177
701 252
152 1044
444 709
823 320
1033 192
1103 243
102 1117
974 1099
1041 231
925 756
643 835
464 686
721 207
935 417
189 410
763 717
370 140
453 166
513 682
670 788
870 219
49 1032
479 1006
274 123
410 70
647 728
373 785
544 496
338 61
128 796
1092 766
498 299
297 933
786 7
1049 323
413 180
323 712
674 692
933 179
1100 103
185 770
217 400
950 574
271 639
488 979
190 628
636 986
380 128
315 48
218 909
573 1098
1087 890
572 1072
529 736
449 556
597 459
614 963
1108 286
366 680
805 1110
478 238
38 214
989 77
442 746
882 946
1070 561
979 467
408 210
1093 699
414 377
825 548
99 712
22 305
294 560
813 833
105 126
632 106
400 330
543 724
283 404
235 181
927 680
749 141
134 928
449 1040
945 852
535 195
198 185
427 1091
1012 490
803 230
224 468
926 772
44 276
906 962
746 742
1006 993
158 351
777 301
266 181
607 658
390 821
386 563
131 7
878 179
681 629
48 907
727 449
700 206
821 439
486 904
537 329
80 478
788 313
1033 974
948 660
380 469
933 167
545 667
164 281
427 934
422 249
212 846
1011 429
682 1021
403 342
1099 112
431 545
947 852
845 786
180 1105
245 1034
961 354
663 230
702 733
561 87
963 759
956 575
1016 1116
986 969
928 539
865 186
1042 737
181 735
260 873
1118 639
977 1075
520 342
990 332
739 253
928 1100
972 663
736 878
426 528
890 987
888 798
887 73
590 216
769 536
562 739
256 617
449 106
1066 455
322 767
955 663
274 867
623 816
360 773
488 177
321 79
283 756
822 884
953 181
225 1089
737 425
302 884
494 794
810 812
910 687
962 1116
757 271
428 649
147 263
429 812
334 840
1089 810
420 719
214 361
67 231
419 734
379 442
179 736
533 259
935 617
941 922
121 770
126 695
312 87
468 669
824 632
301 941
983 422
475 148
677 612
606 953
796 460
293 149
189 176
959 683
842 732
103 130
290 295
576 604
585 588
506 502
855 588
111 694
299 330
1106 362
268 973
1116 755
979 337
505 513
72 485
223 447
508 796
292 318
453 1006
857 770
306 903
205 549
785 700
451 235
674 991
863 984
684 535
99 394
592 247
446 646
189 967
185 1057
410 785
436 250
535 704
115 860
732 915
1109 651
879 1072
461 295
548 944
108 237
244 245
734 976
285 881
699 215
175 933
516 413
855 756
984 556
791 361
416 184
899 174
410 848
498 785
213 478
989 1088
1112 489
202 174
628 836
601 166
442 17
1106 162
358 122
557 733
686 1020
982 546
858 665
846 503
804 67
565 601
615 459
243 410
395 663
471 523
299 128
449 406
242 465
683 297
434 352
689 755
39 402
509 295
1108 595
913 345
636 928
685 695
867 916
491 772
941 1054
317 649
910 1123
2 601
395 981
762 194
304 247
624 829
404 648
215 653
690 8
639 185
872 982
707 1101
1077 241
19 265
174 936
491 251
121 660
511 953
701 70
443 1009
317 998
479 997
819 962
987 911
608 359
160 513
434 326
1003 162
129 780
78 143
926 1016
71 296
308 700
1100 803
336 329
1110 1021
739 215
135 691
166 569
785 834
186 3
369 639
288 578
204 261
695 684
773 255
637 93
122 260
775 909
273 761
284 308
990 693