897 319
930 847
432 1058
488 950
313 398
396 570
209 289
961 1000
882 891
54 934
802 917
208 599
857 124
818 1051
332 1047
943 335
228 225
759 564
996 545
708 240
61 728
232 311
114 171
139 753
814 102
191 1000
733 268
295 938
720 116
32 374
844 462
165 99
849 64
918 395
358 56
345 396
1016 831
139 935
20 89
107 487
1061 483
464 781
906 338
1024 978
267 351
1103 548
513 1085
305 534
700 147
316 284
416 374
120 976
836 478
322 770
14 595
883 22
270 375
754 642
762 250
241 610
117 412
933 607
500 908
310 347
961 212
410 1006
17 283
611 528
600 125
298 591
1050 193
800 386
141 685
941 43
853 742
343 278
748 540
843 817
939 995
712 801
328 808
470 8
225 111
705 371
663 466
618 617
831 458
792 956
586 76
662 929
572 689
819 643
291 880
1065 716
687 361
335 931
869 60
340 1109
359 546
640 578
663 590
797 397
997 920
1021 736
517 347
314 686
925 798
277 355
258 830
262 884
649 1095
640 503
660 547
703 121
405 469
225 666
927 847
882 974
788 316
956 416
442 1059
526 230
137 819
1019 1074
809 296
258 61
959 618
1021 202
445 950
765 289
650 206
820 259
759 858
484 153
900 542
504 928
894 877
155 1078
513 659
102 885
964 234
642 1006
987 683
717 913
848 927
379 881
1030 351
986 261
475 826
597 953
653 337
373 841
735 991
104 849
36 134
188 0
539 722
709 165
867 641
190 692
18 133
476 403
498 484
636 487
439 120
844 690
839 606
923 932
902 546
254 578
217 813
368 1050
1074 123
284 492
225 563
136 668
73 158
519 173
876 209
999 457
355 1069
850 935
1018 907
255 306
500 254
485 560
842 804
543 988
285 231
434 258
380 897
521 740
63 998
1065 393
117 897
862 731
280 250
1108 865
367 323
585 423
783 698
676 229
606 619
416 259
88 446
365 1032
1116 625
599 492
58 946
359 750
797 998
299 337
684 645
559 235
748 704
542 669
829 607
707 181
1045 1035
1018 546
651 623
116 228
713 283
289 766
132 794
812 614
701 741
147 370
856 608
688 267
58 75
287 202
680 629
414 652
983 1062
264 501
683 435
1042 295
202 594
878 519
487 727
796 822
1091 105
997 328
704 961
1120 861
418 1006
315 714
1102 932
836 992
316 1047
845 1014
82 603
1036 458
361 276
583 989
709 529
798 870
977 337
226 846
697 1072
480 971
346 526
285 79
322 405
584 361
820 774
132 172
686 614
138 509
429 856
692 505
201 224
928 1
1061 782
1109 344
893 336
357 572
604 449
364 247
787 589
794 1039
223 1050
181 745
261 555
1016 935
927 172
444 767
1082 509
995 206
297 4
259 493
334 356
433 665
191 449
357 886
363 535
244 202
373 137
999 49
673 75
250 176
773 1107
706 10
354 846
823 1043
252 348
699 193
723 1072
331 201
138 440
262 105
53 409
1069 1107
94 340
944 1104
713 621
952 889
776 292
1081 846
136 347
254 1081
669 62
572 880
879 339
802 180
743 162
736 381
21 251
483 962
1066 151
734 383
196 571
327 128
464 152
202 313
500 830
798 1065
286 1109
437 664
592 510
139 299
461 596
263 1110
179 647
277 1005
986 262
983 1018
988 1058
1017 720
358 955
145 851
494 813
326 809
470 1122
398 194
369 551
321 348
260 1086
1007 422
475 260
340 845
204 1071
653 982
916 374
85 174
400 1105
27 127
190 432
156 452
693 431
618 671
538 853
869 1042
804 916
180 395
81 506
337 540
458 111
529 590
640 1083
739 549
568 492
362 1028
521 1009
610 961
131 584
1012 119
127 611
614 923
661 243
1052 816
393 1007
903 63
354 825
1012 631
156 996
45 274
708 943
665 336
1025 696
104 869
1032 563
529 489
292 529
800 102
623 804
328 698
972 399
893 720
430 207
479 102
656 383
975 182
318 71
216 376
543 409
369 59
524 571
238 380
833 109
224 605
122 226
935 347
468 383
618 919
604 832
30 614
908 693
271 801
940 1100
992 440
508 193
330 524
591 738
656 631
430 944
233 191
766 216
964 689
1058 582
716 169
566 467
422 1010
340 303
270 453
888 187
602 306
526 421
690 477
650 594
256 814
311 650
404 365
707 257
721 871
595 368
308 450
187 56
640 404
816 658
689 767
265 526
444 191
238 205
1020 439
923 561
582 670
504 1049
408 598
258 561
981 486
685 451
395 728
651 674
613 450
105 194
545 145
519 79
228 201
21 116
614 387
691 14
299 656
314 440
796 1035
737 986
473 114
646 390
860 1092
910 429
584 213
777 187
680 520
410 580
901 868
794 957
382 231
867 238
370 415
67 303
411 841
234 67
250 476
749 833
1054 156
260 40
327 854
525 207
523 97
298 382
375 1010
1048 773
621 174
937 947
106 384
1097 1099
682 373
755 343
255 36
85 127
856 459
597 1094
457 1115
266 199
105 200
799 580
355 992
505 786
855 158
999 973
886 868
718 663
114 251
54 80
1073 468
264 163
517 309
921 248
416 925
486 249
563 1120
833 469
158 632
848 634
901 575
459 579
895 915
224 962
359 237
553 760
825 340
193 858
855 982
896 388
779 105
515 237
1022 869
280 798
995 680
537 361
830 920
367 597
654 300
293 338
112 306
534 855
403 778
512 874
93 885
210 601
114 552
300 285
604 996
300 514
1107 452
864 898
685 884
58 247
682 694
367 290
938 617
708 351
796 870
353 1049
169 583
1039 639
134 1089
680 375
468 313
646 887
605 1076
877 1011
505 409
36 261
570 611
305 250
316 597
123 855
733 1028
300 882
278 696
728 389
166 541
221 733
900 549
300 979
214 851
548 862
682 239
1005 336
106 775
435 207
155 772
771 618
423 629
937 763
300 429
283 555
825 478
446 997
563 144
39 144
543 177
373 255
777 928
740 284
447 798
625 116
488 893
756 445
271 703
800 1023
114 128
258 615
978 470
487 528
43 611
928 200
878 321
100 845
600 719
483 402
66 390
534 486
658 603
694 804
966 812
421 321
625 329
1091 277
513 1101
512 774
595 748
701 936
784 370
253 672
102 810
594 733
506 200
124 457
885 100
977 198
171 636
541 333
689 576
416 149
759 834
989 949
872 990
104 211
328 767
801 416
603 118
359 703
818 842
219 609
696 839
701 205
835 865
562 747
103 843
991 290
92 828
758 985
913 382
584 511
713 593
442 211
152 314
67 707
811 480
521 570
1110 976
322 500
537 633
1121 160
17 259
458 595
1072 910
483 824
761 606
1060 454
438 976
493 53
460 1057
942 301
310 263
723 960
356 641
296 165
1119 1045
755 631
1072 1105
880 519
240 889
33 1001
272 326
454 1072
380 994
367 283
799 463
440 589
565 871
341 774
11 831
56 199
114 504
1070 1077
226 587
961 174
175 615
598 371
607 212
597 335
1010 753
794 1037
500 848
442 809
145 904
643 946
356 840
360 1005
143 652
872 294
334 844
101 259
188 517
887 43
537 659
889 518
338 273
472 372
1075 42
162 129
594 28
878 365
358 942
753 1087
541 700
964 942
313 202
452 27
706 746
801 780
667 583
794 834
67 753
984 200
683 837
826 997
640 951
488 991
542 934
556 996
359 357
377 57
28 893
134 855
139 212
126 505
747 740
416 731
929 260
706 177
926 779
128 607
1062 277
559 687
533 568
1088 262
50 957
269 139
526 508
531 82
127 87
884 735
277 817
723 841
668 295
657 1000
85 257
942 268
263 416
129 542
941 136
756 459
999 899
551 814
237 1059
907 79
100 557
373 657
969 363
635 212
569 316
987 226
791 815
235 286
655 701
904 324
409 322
178 1115
432 512
179 234
490 597
750 596
1105 593
927 277
485 926
257 826
1021 701
1095 331
817 96
230 954
294 182
679 961
706 183
945 981
508 315
341 1031
1023 333
844 977
958 335
665 821
870 271
1099 642
895 530
945 375
102 1115
713 520
497 1065
662 317
259 998
56 897
918 196
737 270
694 514
446 422
105 747
950 816
778 201
98 453
1010 931
717 896
157 934
995 304
1114 924
172 351
811 883
993 26
751 184
915 259
404 974
106 733
978 379
52 140
344 273
655 981
654 985
447 285
835 73
548 540
616 728
727 26
763 97
979 949
294 454
235 1075
36 69
842 1110
534 659
350 701
2 760
504 1002
758 872
208 969
734 527
596 271
548 230
958 1081
334 1020
1110 921
768 406
517 356
858 340
452 781
413 874
248 415
1044 175
711 295
791 465
1034 936
887 62
627 849
405 673
497 329
602 946
354 569
456 653
982 157
628 943
842 471
826 36
726 885
636 30
642 948
327 99
106 869
371 992
953 275
708 894
644 398
364 650
192 753
624 440
44 295
755 862
898 482
893 493
436 485
986 811
691 952
488 826
904 662
251 313
590 561
952 302
703 459
269 391
1078 737
1023 152
688 904
948 1052
318 566
215 1091
606 287
31 960
481 673
429 702
989 916
920 948
995 699
634 709
127 670
606 887
157 4
243 117
419 205
993 974
677 372
643 943
29 822
372 965
532 877
1025 853
955 982
207 824
86 56
274 426
194 58
1050 865
653 131
499 481
959 313
201 782
87 440
136 679
567 359
194 288
947 548
796 886
360 407
47 943
872 974
197 954
561 147
150 863
463 646
927 282