1120 433
473 47
195 258
189 689
248 294
758 342
260 590
988 385
665 872
660 52
488 653
279 410
664 443
627 491
287 635
357 916
561 320
675 465
216 864
802 872
131 447
1040 160
963 426
757 521
530 258
375 964
445 340
848 982
452 924
436 729
632 795
871 534
177 562
327 1082
216 1000
775 126
671 170
591 474
711 819
653 550
334 307
444 477
225 273
576 779
1076 708
908 920
537 407
972 167
110 715
330 446
747 906
965 406
926 367
880 49
856 817
469 575
507 815
161 360
189 644
910 288
397 833
370 116
667 1047
1029 866
542 404
612 841
841 332
403 1117
249 711
1019 442
957 802
813 700
319 896
948 397
335 758
322 233
185 415
588 626
295 727
49 123
7 1016
915 593
346 509
508 365
421 124
122 569
64 781
708 184
864 334
30 113
897 628
355 814
629 971
336 732
1027 311
951 1010
423 476
343 733
558 979
855 763
260 329
370 159
168 362
506 643
168 177
129 448
121 517
506 737
10 845
1119 546
553 317
1022 782
509 455
589 1000
581 104
428 850
608 450
878 637
190 19
513 669
350 1105
330 32
33 370
270 608
703 999
591 338
352 913
987 512
497 453
587 1096
263 255
258 616
255 431
189 442
648 782
822 655
718 726
930 314
152 508
522 199
807 606
397 173
879 1095
352 360
551 156
12 4
780 11
980 891
335 997
566 63
623 306
972 326
600 744
620 948
221 177
594 214
788 149
60 460
544 1062
10 752
651 19
386 183
708 1000
869 931
811 455
585 1010
347 1109
442 165
552 351
659 695
1026 25
815 29
621 84
399 655
554 373
982 256
217 689
700 662
976 1015
1040 782
43 251
1044 702
789 876
101 833
646 593
701 526
862 638
743 16
625 401
111 732
133 787
555 512
869 386
827 1051
102 898
476 478
454 657
789 993
163 1116
211 211
954 1002
597 764
225 414
713 481
458 540
369 669
969 30
692 89
1107 844
860 557
1008 1013
210 330
1010 515
881 1075
559 784
1037 972
524 974
643 907
939 111
405 760
327 414
502 442
606 1095
982 626
527 214
950 437
580 1113
1000 747
150 960
565 340
735 1121
0 671
512 888
234 837
692 971
282 786
208 182
564 387
860 320
208 113
725 681
976 922
396 784
809 367
622 40
868 755
413 589
456 668
71 158
346 591
572 3
793 654
977 446
376 174
139 1054
244 227
122 910
819 979
766 866
939 632
334 185
607 459
527 423
373 989
647 489
914 274
779 545
610 393
291 638
260 748
99 775
213 1101
672 522
921 539
412 336
233 345
763 191
86 163
1023 549
390 407
1058 513
1089 503
1042 358
948 52
400 323
462 1062
796 25
421 279
896 167
5 87
885 808
551 1112
959 919
979 248
820 363
664 972
1090 910
653 998
927 668
61 920
961 783
309 89
143 413
963 365
499 941
594 801
377 51
190 117
443 201
967 286
214 929
985 343
817 312
1021 453
347 748
102 381
346 427
874 418
82 410
363 109
1060 485
519 1089
1096 1042
183 637
408 680
796 988
141 596
937 857
689 422
537 191
1079 894
723 129
1044 77
513 198
687 579
282 75
782 725
685 589
842 372
552 497
836 823
739 15
353 65
63 858
244 898
12 249
1089 378
811 522
1073 125
602 52
988 447
739 775
251 518
569 127
399 596
732 613
168 746
933 682
602 406
259 426
929 35
632 413
635 519
637 46
167 477
428 951
579 568
474 810
478 958
234 159
831 473
315 763
897 393
511 829
896 636
232 572
179 48
300 498
539 591
648 860
144 28
1093 221
938 521
1008 380
763 521
401 148
714 812
184 481
742 170
622 136
219 1076
663 108
704 418
299 193
323 53
541 990
622 192
614 685
315 699
1069 840
778 941
329 101
448 738
497 559
718 981
281 1122
723 917
1061 815
879 800
1116 655
186 200
508 401
232 461
362 705
1085 524
16 24
174 625
922 636
161 681
187 417
339 540
789 1003
1105 26
243 736
156 802
684 361
328 271
500 210
1 263
640 481
552 271
917 493
913 220
11 464
998 393
287 716
80 957
330 267
379 206
1073 372
351 339
322 882
949 171
903 405
583 377
521 315
196 127
1059 528
383 1018
339 955
757 817
503 805
109 1088
637 593
58 474
280 408
688 633
769 918
849 587
576 416
149 489
52 881
473 625
847 206
314 657
189 978
128 852
723 247
574 799
249 945
951 418
330 73
168 105
1047 187
332 662
1063 327
51 696
610 899
815 556
970 460
567 872
224 78
869 450
838 381
1083 34
175 263
280 410
464 987
829 81
427 1098
718 437
835 391
617 431
963 192
766 504
157 882
530 105
323 424
782 1046
846 321
408 414
830 859
231 158
946 125
676 485
34 457
423 363
413 435
939 964
912 215
446 637
208 1065
908 570
367 952
977 133
42 84
761 797
491 872
747 153
1015 227
134 428
421 833
831 834
317 967
957 639
363 148
647 1017
768 600
907 866
236 804
984 271
1089 254
458 656
129 124
748 624
46 168
285 977
957 220
374 100
1066 332
727 441
990 121
961 755
233 103
96 750
833 1013
986 517
838 894
743 341
1000 408
177 883
972 559
190 284
1009 830
692 116
108 203
862 828
244 596
1029 372
1012 642
480 801
1001 468
791 685
840 768
1000 755
69 1043
1028 486
364 191
274 306
970 883
674 257
1036 1066
228 787
166 425
1097 750
1013 455
326 644
615 649
1111 169
456 167
582 959
642 244
172 496
950 1094
696 157
270 257
678 787
274 574
178 459
12 25
758 915
403 487
529 642
598 443
74 168
995 683
243 692
435 309
625 955
319 409
1083 982
232 177
706 905
643 386
549 337
526 933
197 258
907 904
607 1023
939 881
200 676
1008 420
473 859
605 927
283 402
386 564
801 770
129 842
796 979
878 287
827 821
393 157
1021 983
539 273
119 230
307 85
929 628
503 831
178 103
801 135
114 303
864 184
537 205
572 723
806 600
212 925
670 800
203 952
181 80
916 234
813 797
534 575
925 836
593 544
152 860
578 245
1086 297
392 109
455 603
1026 407
255 385
606 324
273 498
533 934
1047 149
288 383
804 621
997 534
540 906
17 1021
677 902
653 739
232 899
917 258
627 344
288 699
934 686
569 156
715 387
194 1103
890 473
934 401
1098 415
1054 1011
470 417
198 490
899 321
626 769
982 10
240 363
937 999
599 874
557 720
584 1026
422 531
513 411
278 717
142 616
902 952
490 1021
780 235
291 1059
133 1047
633 822
657 251
908 529
997 693
374 361
643 750
563 362
729 50
563 883
530 442
427 914
425 834
1019 171
132 290
929 701
743 192
812 363
226 607
236 858
315 230
768 704
208 140
839 389
776 280
391 917
248 425
934 789
601 679
686 744
264 368
1097 14
849 772
272 902
655 909
536 355
339 550
221 826
508 240
1095 155
539 587
350 156
159 993
826 856
215 714
666 488
862 251
528 986
371 1019
934 881
866 1113
1047 378
649 665
504 541
815 108
764 587
18 870
494 846
319 725
934 708
523 408
441 936
592 748
259 941
209 812
657 333
801 703
696 801
502 473
280 115
81 348
367 785
617 968
644 858
337 482
1010 610
966 438
654 1020
165 618
906 128
1015 617
628 86
406 914
688 991
148 574
964 641
906 1008
837 704
616 793
424 227
491 912
805 180
430 460
257 748
396 671
296 399
133 439
659 664
648 651
992 726
624 65
901 944
963 306
429 587
195 256
484 175
374 423
71 875
516 644
817 276
663 689
280 244
39 482
790 855
447 331
349 847
911 279
482 744
218 927
231 504
778 431
445 950
634 623
268 1061
433 419
1054 936
493 759
865 822
550 39
850 230
770 0
656 618
259 219
100 625
760 300
322 179
294 820
958 255
544 1041
325 917
120 117
855 545
126 413
570 428
456 1037
1071 526
539 39
813 387
966 1123
147 789
822 120
511 629
353 537
167 485
238 180
135 1111
804 767
655 87
90 408
815 491
598 521
744 421
945 458
475 731
587 601
1014 473
418 715
875 916
21 930
620 815
334 671
471 544
671 202
429 612
73 197
661 41
793 669
934 177
236 313
374 1019
374 355
407 198
774 885
717 267
1016 340
496 211
342 924
278 461
120 540
240 509
787 900
166 686
855 1117
700 487
853 312
359 1041
398 571
634 838
833 212
556 558
100 908
993 483
720 615
382 169
1110 194
810 284
896 287
213 568
602 504
275 394
114 495
1122 190
481 711
492 765
970 346
755 250
271 700
666 157
1027 788
269 1023
39 63
1090 168
88 514
1074 848
1093 398
656 814
364 902
905 856
426 910
1072 54
203 612
259 962
83 1073
682 667
439 106
717 857
578 796
580 88
540 310
316 648
455 862
94 384
747 970
994 217
573 380
657 697
475 870
139 942
859 494
18 165
35 1115
365 184
819 931
872 168
618 540
338 550
998 633
869 1060
184 248
632 1009
222 454
570 782
458 187
49 911
207 443
237 1001
65 273
249 357
470 858
819 748
307 625
9 165
489 1039
618 980
857 793
1105 18
469 789
523 636
728 729
478 207
958 205
362 777
984 178
865 429
116 747
482 317
160 347
604 603
444 961
142 158
568 447
891 282
362 1041
563 778
445 381
1013 214
254 599
746 260
176 359
69 280
339 764
375 210
615 515
143 268
699 331
1078 965
187 525
212 380