757 834
907 511
190 192
961 266
488 1063
302 277
1000 1000
697 609
418 513
239 513
552 801
357 608
180 366
897 696
542 575
315 423
363 706
209 973
736 199
596 850
950 339
601 412
1095 409
228 231
108 480
246 543
727 691
452 919
619 293
919 926
555 3
755 719
256 76
905 934
246 308
19 380
804 703
733 531
403 214
746 842
92 812
258 111
173 546
1061 153
366 547
959 440
360 55
725 227
230 101
732 103
1079 572
532 752
1102 1056
309 440
83 395
469 286
779 845
1112 249
979 630
1065 25
102 15
880 979
590 225
372 819
763 1017
860 261
10 991
94 433
461 316
394 662
529 666
683 1041
751 780
839 676
1055 525
377 896
801 659
209 755
517 1001
1026 484
713 491
408 391
329 59
140 82
1047 42
751 1009
212 1019
628 428
605 207
144 88
578 1116
931 52
392 204
279 1014
406 611
392 861
342 840
642 407
539 815
495 117
737 113
590 214
260 514
569 912
922 286
1022 254
773 995
808 1045
135 1045
387 708
871 267
68 553
584 149
982 765
696 593
792 386
20 102
362 481
585 555
769 261
369 83
793 893
814 487
944 809
451 749
158 838
721 501
689 202
269 635
281 352
672 201
248 738
590 260
869 1043
939 457
975 697
577 1044
872 701
222 476
745 1006
290 252
725 354
1037 220
568 136
711 417
470 888
155 446
312 1020
700 45
421 956
50 345
983 802
244 730
628 423
270 672
312 908
166 1011
255 876
1041 939
707 306
800 689
1057 557
881 90
484 861
835 905
103 909
774 181
1018 679
57 366
452 579
765 541
834 139
201 350
854 535
247 157
961 592
355 593
984 615
626 963
355 451
854 935
1076 166
719 712
231 387
692 1092
415 534
378 380
115 670
725 970
635 109
710 474
850 351
724 299
764 382
566 802
314 951
528 257
404 12
1013 954
569 166
721 266
560 973
823 485
945 983
125 635
861 848
678 396
487 434
795 613
541 781
230 415
784 976
1051 901
270 788
992 949
703 131
944 482
926 11
859 128
773 884
336 765
337 430
142 474
1098 1037
356 264
1082 630
32 565
498 160
202 22
810 1082
537 735
897 233
57 889
880 636
310 850
119 348
996 404
184 278
24 822
802 508
787 220
1042 167
981 146
373 229
405 687
955 134
806 253
608 289
604 996
815 708
184 235
526 397
384 715
449 329
283 232
748 0
700 648
204 532
278 856
418 791
788 675
149 755
145 868
470 984
961 508
1123 400
681 168
467 271
876 999
743 682
351 900
271 836
679 693
109 631
681 477
641 958
835 956
425 943
96 488
660 131
196 696
147 1028
977 1021
461 619
740 875
786 316
572 70
672 560
285 524
732 357
856 409
331 978
814 918
896 220
445 647
180 510
410 193
328 1098
248 326
583 1031
552 799
733 578
891 1014
657 813
728 306
248 956
490 945
452 299
541 995
674 949
335 532
733 343
997 112
75 329
990 692
740 588
992 313
113 644
338 307
1001 162
1113 689
193 622
294 876
775 82
856 243
236 584
893 394
550 386
786 60
607 648
611 334
463 963
624 618
1063 496
394 1070
432 916
829 1041
710 389
654 119
284 732
551 110
1114 985
817 702
905 732
1090 859
467 274
752 792
110 157
517 976
694 593
491 410
752 661
458 28
506 170
193 264
600 516
494 565
683 882
114 428
358 868
959 632
1000 780
299 344
1004 290
325 175
491 811
1086 959
996 448
854 213
534 52
687 954
8 151
222 324
103 857
392 141
200 165
467 185
494 673
518 416
975 859
321 971
1103 545
585 186
1013 198
772 392
753 1053
104 348
674 507
221 745
63 416
411 872
693 702
709 456
548 726
911 174
545 453
974 816
105 1020
614 522
458 1101
575 253
808 25
180 879
557 21
717 1023
584 272
979 181
1078 249
733 458
218 309
200 975
231 904
294 673
188 72
171 256
824 700
497 728
956 148
691 423
227 439
852 968
873 197
152 713
594 758
126 858
338 165
231 1065
556 813
439 812
956 841
146 580
1019 542
349 197
572 100
413 814
137 295
1000 211
1055 370
210 285
952 484
414 832
919 1038
1046 418
1014 100
932 92
10 454
850 490
911 499
463 397
987 912
218 957
313 896
127 921
145 480
937 776
125 831
216 161
434 600
772 299
975 834
724 954
149 172
706 430
861 1006
483 756
129 947
763 196
616 632
819 996
1098 163
710 773
668 219
1112 1031
43 107
657 1059
314 303
585 480
824 734
124 248
975 622
781 867
505 49
766 803
803 1112
251 463
570 709
15 359
374 729
514 683
614 818
892 978
197 913
170 149
706 156
71 465
596 699
541 900
154 503
76 369
256 408
811 142
586 0
1005 939
532 489
330 163
270 912
655 261
727 743
315 200
244 1014
795 384
781 292
935 348
669 889
126 724
759 884
939 1001
653 34
521 746
132 261
845 631
427 624
145 610
979 527
840 131
681 602
432 782
106 845
1063 887
519 625
386 1064
335 901
347 245
906 275
906 812
187 149
693 961
834 697
274 273
870 484
877 660
785 553
462 131
393 482
158 155
306 966
890 892
224 121
839 501
458 756
759 387
212 143
971 807
127 306
131 570
505 475
1054 131
869 1069
317 902
477 803
614 333
339 879
293 273
435 439
371 630
468 259
218 566
720 691
727 610
652 807
2 773
815 933
799 307
654 988
454 703
900 861
968 635
694 662
234 603
93 322
207 620
903 978
698 773
952 528
766 106
1065 284
400 153
689 907
316 999
167 60
543 44
613 248
89 649
626 723
371 695
829 429
575 308
223 784
670 667
249 495
1010 999
934 282
501 32
1037 853
657 557
351 41
849 160
999 602
635 1022
513 734
79 178
82 319
268 598
515 351
240 284
176 879
657 18
580 778
506 704
964 10
531 1095
829 107
965 909
788 493
1116 485
230 413
174 14
91 369
832 37
647 635
407 702
619 578
1094 479
338 658
1005 613
1120 478
208 706
202 886
721 806
478 406
759 357
778 1066
368 960
461 923
892 925
852 631
955 215
817 96
344 252
786 125
0 493
1002 567
670 395
141 285
831 402
995 324
351 806
888 187
277 419
707 516
617 1095
358 642
644 993
10 800
333 60
977 145
857 203
106 639
195 50
271 734
597 250
1043 472
294 48
345 1018
685 536
321 170
885 726
228 133
602 561
1082 175
724 1064
721 309
714 1029
678 787
605 609
216 980
477 902
601 154
127 970
991 944
1120 1115
750 22
138 206
611 615
37 835
536 661
917 1065
544 467
954 732
264 123
490 757
623 797
1053 862
861 217
582 125
25 642
807 257
713 1022
547 378
629 529
430 619
983 501
716 265
451 979
480 95
633 819
532 969
503 1002
479 682
100 22
775 465
409 120
1056 440
849 374
599 864
535 362
315 549
367 681
461 763
69 540
286 406
255 228
734 796
297 72
618 998
654 920
710 654
315 828
532 392
485 187
544 401
261 1043
693 457
392 281
576 796
266 918
931 546
101 23
384 894
860 507
438 498
387 750
823 764
644 151
972 31
538 804
661 317
872 546
837 453
345 430
833 562
505 810
135 629
334 658
157 990
695 458
555 724
680 415
674 578
255 29
758 307
235 544
430 1036
1002 409
689 577
444 796
580 530
574 159
306 592
356 169
267 582
533 803
385 500
852 906
899 265
49 955
420 145
667 146
899 255
240 454
451 1088
626 740
241 569
771 61
156 508
655 772
1041 900
940 615
400 614
45 483
903 1018
819 212
852 386
517 843
880 619
953 1116
289 345
131 483
809 604
1095 908
261 673
249 500
759 288
419 855
368 741
623 711
400 954
655 867
880 308
817 147
541 1010
919 416
693 68
249 697
982 406
349 149
821 361
266 740
186 1076
1013 132
745 28
899 358
947 244
315 159
551 795
180 131
670 829
179 925
582 80
351 955
833 314
642 575
1013 152
551 825
388 647
951 546
212 1041
307 328
237 718
704 930
216 609
749 216
111 498
637 688
924 419
302 229
435 324
521 115
339 123
1015 818
814 584
786 827
439 716
964 624
316 401
664 704
749 767
397 714
1081 441
384 994
639 609
766 996
526 635
274 440
680 539
935 556
752 641
889 488
699 149
159 72
394 6
70 372
445 280
527 294
1066 60
238 236
694 347
375 47
200 982
327 1110
349 567
415 197
111 503
15 457
537 395
855 693
742 530
947 630
344 519
123 853
556 552
804 150
747 534
816 415
508 942
49 821
208 608
1090 687
381 693
859 398
295 1120
927 937
963 33
893 685
134 64
198 825
153 952
809 631
582 184
393 407
145 716
856 318
819 922
1115 284
868 129
1004 301
127 410
126 514
619 1015
162 338
527 262
814 201
935 251
774 918
301 362
433 1067
825 470
67 55
492 434
175 1108
874 252
1118 943
920 259
253 683
153 1053
355 91
187 883
902 538
248 921
932 390
713 1108
9 451
663 340
123 619
637 808
269 737
909 807
728 790
505 163
1060 13
569 639
230 307
491 169
488 514
982 947
744 644
898 995
704 251
755 577
613 767
245 325
439 318
140 209
591 998
508 352
250 143
419 511
286 446
157 125
603 713
396 901
627 434
1088 277
311 929
149 704
494 798
260 217
1014 831
898 807
292 258
88 677
647 470
143 680
538 919
1082 1002
566 968
853 1059
309 247
812 246
484 182