948 698
947 1004
356 584
913 101
897 436
874 617
531 300
912 659
481 986
279 503
1120 149
108 158
139 345
9 731
1036 235
418 1014
814 824
1048 758
420 270
86 230
205 790
725 247
568 127
972 976
619 505
462 167
992 560
306 460
547 945
879 805
562 667
975 665
134 453
903 533
342 455
540 626
928 122
405 958
915 815
428 511
999 941
1108 143
614 233
348 335
816 394
983 815
98 789
270 429
823 234
390 114
739 272
236 11
924 993
724 146
330 831
567 103
317 448
686 122
188 434
1044 877
1005 553
59 583
227 132
946 645
395 178
414 164
243 797
205 584
876 281
513 662
518 123
630 521
989 613
359 1071
937 871
447 153
814 791
767 625
973 271
526 168
245 641
584 101
751 349
122 957
599 854
316 945
816 291
881 449
367 585
995 147
141 1019
393 572
406 388
681 1016
280 733
809 1078
582 129
264 154
637 791
996 994
995 540
758 114
622 930
265 945
783 385
1033 979
616 271
505 210
275 758
449 521
844 770
524 866
528 380
456 348
1030 443
540 537
511 702
591 717
41 1116
178 429
213 230
935 785
546 1001
281 825
352 1010
720 885
321 741
436 840
668 54
402 915
51 668
179 459
659 427
940 5
970 712
278 48
637 800
0 250
227 984
780 591
465 1082
93 1061
191 367
798 729
562 153
284 1064
787 310
339 131
703 835
822 295
856 313
136 873
468 965
350 821
635 484
891 390
394 219
536 247
222 167
871 763
911 845
577 1026
717 682
407 258
623 261
695 590
218 813
874 205
800 690
328 106
346 75
308 1061
1015 97
1114 581
886 598
1026 280
817 250
403 377
707 981
1011 306
200 571
372 132
346 315
626 875
390 346
327 415
32 800
376 438
961 383
333 216
335 259
323 655
513 583
399 245
476 989
929 888
120 362
779 770
607 876
264 28
187 375
224 220
526 873
657 404
1002 987
939 421
930 695
635 722
612 989
349 1088
576 492
168 421
388 221
1029 145
113 471
799 842
409 432
448 525
370 966
648 298
1023 798
36 948
917 409
489 325
400 612
131 719
983 949
785 444
820 947
308 838
792 181
825 777
398 175
845 213
318 171
131 477
477 752
464 905
354 956
242 1104
863 644
742 763
992 185
754 806
209 107
619 41
732 1037
607 699
225 457
176 511
912 372
815 279
694 761
922 935
95 873
1089 831
828 996
917 989
766 278
534 207
549 598
147 270
197 88
383 973
985 410
14 340
298 402
205 1087
16 737
1116 986
806 1041
935 787
1123 559
438 605
1014 382
691 693
594 108
103 184
507 1000
948 393
732 710
846 312
498 361
618 189
757 591
575 431
893 18
227 276
935 777
461 865
537 271
804 352
510 348
582 474
742 570
13 733
729 377
733 471
522 357
111 357
195 236
572 47
814 650
881 657
794 251
963 979
511 379
123 136
831 720
695 195
686 674
523 285
852 342
704 598
625 712
1087 861
812 608
105 1084
496 384
184 174
611 911
420 154
464 530
1095 321
652 622
579 885
508 923
841 324
149 395
386 990
1079 730
293 1102
566 714
374 196
955 1021
717 467
898 397
663 368
813 539
315 544
381 480
220 908
1078 379
60 756
840 587
646 570
179 1099
297 705
108 109
323 206
38 840
599 104
339 826
847 826
516 1081
976 42
393 716
203 828
773 343
883 374
649 1055
949 685
983 700
594 124
682 524
586 989
779 127
957 726
267 800
553 1041
127 1049
1039 939
166 212
215 331
178 435
502 298
624 1073
1083 833
706 883
167 467
568 436
60 117
561 341
168 900
1068 967
590 300
540 183
750 348
311 948
541 849
259 695
486 639
186 407
189 767
308 447
1077 878
106 810
248 762
753 337
449 286
623 1016
513 647
237 315
120 853
644 769
16 655
930 138
254 189
77 763
708 399
790 680
255 415
612 887
816 810
97 316
68 484
696 249
299 773
792 205
790 989
282 616
633 787
886 315
915 934
26 771
983 920
654 621
782 355
402 811
635 918
202 946
408 800
176 338
74 898
919 770
587 782
115 914
329 215
326 646
404 73
458 1112
417 705
645 513
107 356
816 758
451 44
244 732
529 579
661 13
495 452
137 442
849 674
932 1063
544 675
220 116
418 492
55 211
325 1078
547 452
798 456
275 639
228 695
1063 397
600 231
293 655
515 1011
182 146
128 303
177 8
1005 461
671 284
1016 946
279 26
142 537
441 766
620 98
649 367
518 699
556 823
169 415
946 580
995 535
742 190
756 369
739 561
336 951
567 850
1094 841
529 692
260 664
565 125
962 666
891 878
731 773
249 546
385 1011
846 305
834 600
481 218
941 735
384 1008
528 80
12 332
101 173
388 973
46 184
953 486
133 910
938 36
590 224
440 427
1001 419
928 478
921 463
111 615
572 515
597 544
1099 976
134 852
279 817
602 890
1042 639
259 100
702 902
444 824
825 960
991 176
1043 828
936 502
255 356
344 108
211 724
131 3
626 968
429 678
812 632
834 100
192 57
229 277
950 266
1027 84
965 385
312 804
210 899
961 285
511 509
492 524
281 868
245 1064
282 543
393 48
509 478
484 163
501 430
206 299
944 971
433 798
747 127
474 569
718 964
565 765
656 132
707 802
1036 753
462 385
299 311
131 26
245 86
928 142
644 385
389 459
633 307
1040 831
603 385
45 834
334 905
331 62
570 273
589 931
46 659
452 660
672 396
769 742
582 207
674 286
811 224
980 29
122 682
103 95
369 894
456 699
370 1040
843 392
132 971
1067 637
908 632
462 114
1079 554
588 941
338 388
818 396
728 494
130 620
725 267
850 550
787 380
629 975
169 235
649 898
969 185
659 696
937 519
772 740
633 686
493 934
72 734
408 126
692 728
975 569
119 865
81 59
983 257
635 931
788 1054
534 726
794 5
1031 546
915 451
862 448
792 33
650 671
190 401
376 237
1025 930
1051 205
457 1064
800 583
56 142
162 128
802 1041
868 42
630 454
789 317
220 451
756 998
797 188
589 192
813 267
262 144
140 596
462 633
750 306
787 1010
535 648
162 302
542 367
528 710
659 566
471 702
301 668
190 1095
655 839
252 560
573 609
670 768
382 312
680 316
977 509
846 228
1022 950
243 107
250 635
102 692
330 314
1019 192
210 265
980 180
204 729
609 820
678 508
813 263
890 1047
721 161
23 860
905 197
440 741
862 222
701 895
171 667
813 731
995 804
562 158
1070 306
603 121
579 604
448 375
469 969
651 1014
1018 236
109 151
540 828
509 866
425 134
485 739
645 802
699 946
582 359
146 531
996 436
78 865
490 332
461 415
520 256
566 733
513 496
315 288
959 1011
173 816
413 393
111 845
34 979
298 806
100 687
409 778
466 514
506 417
157 49
540 106
520 706
1064 23
167 554
162 724
887 656
632 274
259 527
963 586
996 179
979 687
261 178
102 816
357 690
145 288
678 804
264 390
543 364
966 875
573 739
883 465
298 883
630 679
497 1069
884 735
353 781
635 1047
729 734
504 287
483 580
112 959
588 288
506 1084
660 497
60 254
409 907
109 1109
133 31
428 984
689 584
43 885
532 425
667 963
240 391
974 146
662 1032
670 892
343 507
12 504
942 907
939 636
37 771
353 967
109 608
166 758
1081 587
228 627
681 653
586 443
458 298
30 322
352 760
804 552
399 554
109 68
439 226
1021 940
279 657
14 667
757 960
513 172
163 572
774 577
771 1
358 986
207 244
321 952
439 451
747 437
253 785
894 303
1018 158
414 724
153 327
995 130
24 32
996 456
1014 227
293 328
716 686
800 534
815 666
188 938
694 650
472 8
167 284
244 889
983 359
437 509
346 129
965 452
260 709
937 534
857 211
372 82
579 828
864 119
914 363
712 1073
260 354
278 779
278 331
1080 170
378 484
613 817
570 816
445 767
912 315
264 159
470 330
849 353
292 595
230 886
353 130
700 469
1015 468
247 165
371 932
830 881
199 301
382 148
865 604
979 700
243 686
551 1028
516 911
759 445
439 858
815 106
578 774
995 937
714 819
514 702
676 352
391 496
942 428
191 1106
351 451
14 705
979 168
384 372
427 427
463 437
305 538
156 858
391 1057
166 1012
201 380
406 1080
306 977
1051 430
307 472
1110 912
308 1114
633 866
23 1025
708 448
659 773
802 237
276 347
960 945
342 838
567 1013
440 1079
686 680
678 1103
745 506
867 522
365 377
576 512
789 411
459 377
978 357
644 689
481 462
281 453
1062 821
465 695
883 51
875 1117
371 791
903 668
583 1109
312 982
101 595
819 416
497 182
883 289
860 648
838 1077
758 865
664 705
340 462
222 399
706 133
670 440
120 1046
924 199
1006 885
71 873
809 36
797 31
884 720
836 303
249 726
674 475
882 810
74 725
772 1045
831 497
937 996
1017 419
166 740
79 327
513 962
789 103
994 794
126 138
129 335
644 595
45 414
606 511
605 625
133 136
1065 753
91 739
866 478
304 530
643 137
135 665
1006 309
1068 715
953 982
895 616
70 712
496 430
896 225
1091 682
535 965
259 262
225 842
802 457
67 821
828 147
1070 566
76 273
906 383
266 861
22 869
886 735
104 289
116 641
378 697
234 3
931 359
550 117
83 520
564 348
872 251
819 105
461 561
934 710
821 960