590 226
993 241
707 217
601 437
733 549
847 624
994 751
442 981
192 338
929 294
508 480
165 314
422 186
245 1007
378 938
931 566
69 389
502 181
562 380
822 269
354 926
957 124
411 450
131 114
339 880
591 281
164 348
1068 760
364 694
646 374
301 82
90 129
787 1030
721 1039
651 86
375 202
636 155
528 376
985 478
959 721
817 385
861 468
346 901
167 1112
234 167
104 1120
1000 1003
499 589
606 882
561 21
544 1053
621 895
397 228
817 145
932 365
119 556
980 927
1036 96
191 589
445 582
444 1046
766 268
372 817
470 80
244 655
871 291
952 491
169 420
198 271
400 988
196 496
397 664
726 563
490 135
60 913
219 678
355 285
572 212
538 591
918 937
152 228
526 411
1075 865
298 922
528 163
1102 277
769 51
634 195
1106 179
542 110
975 225
616 450
153 219
1072 440
160 843
742 414
957 248
539 875
17 905
879 592
965 52
219 222
547 568
1007 291
815 456
716 958
474 836
137 311
168 769
861 928
448 686
718 511
173 120
603 584
98 707
480 158
539 710
855 997
498 663
715 1055
543 43
320 288
523 992
551 909
726 644
605 626
241 63
779 176
291 775
676 568
846 588
576 636
692 549
614 957
566 777
190 1011
453 593
767 572
116 290
1001 268
953 950
863 449
1018 412
131 29
267 814
431 1016
822 183
567 561
510 206
563 676
855 918
548 447
653 788
404 537
956 1097
1020 7
288 1046
452 633
165 236
215 775
701 248
366 363
840 742
147 502
980 33
976 416
701 820
419 205
83 269
645 191
147 291
1091 934
754 455
699 614
185 516
247 889
197 426
498 45
429 583
264 520
745 142
1061 301
497 569
1041 318
559 738
120 373
969 948
102 1071
625 269
677 269
510 521
386 697
1023 781
699 916
158 548
926 446
355 872
688 698
889 954
975 108
669 828
730 198
550 201
976 962
632 627
433 313
396 37
105 662
927 807
728 153
665 1001
848 136
649 684
620 807
703 0
19 845
297 276
1073 632
114 364
744 230
827 831
320 367
939 608
341 529
245 131
714 1009
560 236
1121 838
807 482
995 881
41 265
298 1085
600 542
516 211
173 157
471 291
842 763
130 377
1107 577
793 181
598 136
161 521
377 168
122 716
505 188
135 164
97 733
29 699
728 264
476 863
15 839
64 972
653 1004
470 733
668 347
115 582
520 990
476 452
38 332
313 924
535 729
748 773
654 306
333 894
1106 357
320 549
440 81
656 328
388 724
876 615
142 343
734 277
488 813
345 510
150 140
271 643
925 959
163 159
279 861
303 749
551 399
987 12
624 939
304 171
876 1108
832 153
610 134
962 1086
387 669
1071 76
896 131
823 699
56 386
564 182
102 309
516 772
897 46
206 1020
583 947
836 1073
1047 1042
689 856
1006 614
139 758
475 1109
984 873
550 998
6 127
330 350
958 599
194 770
795 881
326 857
490 383
150 981
115 707
726 416
496 876
1019 981
678 344
422 447
517 571
847 977
667 995
968 733
701 542
435 578
681 936
489 889
239 409
707 313
268 1117
914 235
657 32
322 730
566 408
831 737
1045 200
451 1016
1013 548
427 624
814 275
737 765
138 568
901 518
684 277
560 263
974 340
501 1023
500 706
393 105
424 211
997 578
303 813
786 119
403 597
777 757
420 265
884 388
893 381
260 90
481 956
779 611
650 846
473 672
336 446
10 712
841 60
726 911
408 718
852 174
477 690
732 1012
648 197
308 155
594 619
277 264
607 787
702 989
1089 660
72 473
243 29
571 929
265 495
229 170
650 164
177 947
68 336
502 807
587 761
489 106
101 964
352 715
998 483
200 635
1022 578
1004 623
868 56
566 816
496 1053
182 640
602 744
1058 174
359 773
797 989
438 1013
859 281
675 866
289 412
1060 180
16 896
968 791
659 1093
812 727
1106 766
893 591
129 630
38 946
269 1018
941 537
412 918
434 416
339 719
687 443
428 1057
829 398
888 51
518 635
947 410
76 519
839 359
428 964
74 788
752 809
867 249
873 394
175 937
507 923
823 187
963 670
69 259
700 667
807 839
934 95
147 255
223 533
477 148
484 302
953 677
581 453
197 755
810 481
365 568
878 508
689 500
180 337
308 475
233 513
565 1113
969 652
175 352
986 4
1004 921
442 174
1102 908
730 110
433 853
227 596
464 232
446 460
519 375
496 567
193 719
262 456
434 179
536 342
691 801
588 289
828 474
991 907
753 566
294 91
697 373
334 637
619 356
766 324
259 573
128 447
248 536
739 1015
614 676
672 354
643 10
951 366
405 622
860 915
819 519
1090 55
331 123
832 738
194 154
769 812
875 211
364 815
441 332
933 762
817 556
356 762
819 273
142 560
191 219
239 940
186 619
266 728
273 130
773 920
1053 604
900 194
969 891
443 586
497 584
945 564
907 146
621 827
523 958
115 1071
642 723
637 832
1031 487
382 440
114 472
775 895
489 552
366 152
420 200
496 235
706 127
434 943
925 969
322 174
743 788
496 854
166 116
423 786
695 131
542 571
206 640
647 262
768 902
233 374
387 1117
575 903
482 122
723 118
253 683
881 900
852 863
906 906
244 348
690 104
828 520
541 1084
396 384
816 298
279 624
326 179
752 610
335 236
555 994
118 683
276 778
185 400
168 552
882 403
610 915
60 210
860 382
215 818
6 904
587 696
339 685
195 854
370 767
854 181
647 400
131 124
995 811
490 592
156 210
316 700
378 331
569 341
974 430
606 325
611 569
81 820
158 533
711 1106
401 603
565 663
201 1066
969 238
592 54
454 235
373 161
584 394
1042 203
241 826
949 1116
432 910
291 999
346 948
341 1070
252 236
469 709
668 1025
232 601
138 519
389 853
538 607
793 279
461 708
868 690
852 1090
699 277
500 326
342 956
874 497
941 940
564 559
678 500
420 263
1022 709
15 19
1105 425
169 512
458 1022
499 280
742 829
3 893
555 222
942 1105
293 222
43 627
397 300
757 95
237 640
502 997
258 903
159 25
27 97
1089 308
1070 705
365 424
994 255
387 116
989 1121
711 586
750 777
152 653
660 686
544 271
976 177
935 904
488 964
613 352
453 163
292 1091
427 836
702 316
287 223
318 389
521 196
331 1048
410 940
819 129
368 476
313 776
376 479
178 467
276 1030
904 944
950 538
763 971
364 847
243 714
741 1009
923 484
691 303
609 467
1065 936
524 861
644 803
970 486
589 259
120 347
718 1013
400 177
406 903
180 458
537 494
425 347
715 752
524 429
387 781
188 725
516 516
885 734
452 983
7 822
760 611
1026 646
226 873
516 844
205 503
398 935
706 943
973 625
683 262
667 789
229 866
875 386
985 932
277 908
296 501
331 435
639 702
1112 369
780 347
620 903
515 656
728 21
571 468
258 144
76 688
506 823
765 696
385 533
594 385
696 382
836 260
926 768
236 833
871 875
485 895
723 108
416 376
727 156
460 225
642 901
775 534
262 840
544 1111
741 774
381 625
917 878
512 512
10 716
357 19
588 102
967 370
925 930
332 829
982 142
401 670
1058 211
674 1066
251 355
264 1094
630 316
900 660
948 483
188 175
887 463
148 350
276 960
923 1018
243 18
111 230
376 85
598 321
10 326
390 693
216 697
162 303
564 416
966 1051
796 405
68 488
1056 723
832 840
578 108
658 62
572 516
905 439
870 1078
627 593
816 940
1019 1097
933 879
147 826
686 280
115 588
470 155
992 307
419 622
305 853
521 711
594 1015
356 830
707 758
652 721
672 106
121 780
810 35
105 433
685 139
214 143
474 535
923 1060
244 650
243 422
559 407
786 721
445 316
432 618
371 1109
849 685
482 338
478 777
473 471
759 192
558 655
616 234
709 642
350 851
117 436
346 144
513 598
953 530
573 103
618 623
258 944
1113 637
235 247
1085 977
625 928
738 484
640 938
312 1060
507 604
558 605
1113 400
199 744
913 79
869 172
1052 798
375 565
41 152
592 648
260 700
838 308
939 532
477 271
1021 839
1106 674
580 987
652 989
186 655
741 439
327 945
304 488
733 986
191 804
783 1044
827 108
106 104
218 177
605 920
751 476
604 972
735 189
192 492
648 896
498 705
155 943
1097 162
18 1011
304 339
591 389
1035 325
293 422
859 906
463 364
241 629
289 348
757 419
1040 861
304 985
1011 172
751 231
614 493
256 843
880 131
441 560
488 288
135 858
690 927
821 684
658 615
1086 457
17 791
128 339
246 986
354 161
118 715
979 982
195 378
1012 911
449 49
191 283
601 252
58 860
654 958
427 275
428 936
764 923
260 877
341 995
291 463
455 916
366 831
336 792
965 935
429 191
427 718
976 235
1123 800
771 202
290 875
589 75
420 500
914 671
196 401
812 1050
368 879
1023 1017
220 896
105 990
192 314
436 1056
842 347
872 840
469 214
788 407
850 1039
942 151
259 634
250 283
453 195
873 69
148 309
587 115
335 929
102 429
155 959
911 573
519 1035
921 184
112 677
252 929
167 508
792 1084
906 988
635 1049
780 586
436 710
140 503
273 175
186 1017
143 465
659 1010
968 981
854 840
524 182
260 886
355 375
810 292
466 855
302 281
221 736
410 820
333 1034
619 209
251 1014
982 720
1068 206
719 731
997 240
760 890