261 1055
871 1040
420 612
865 778
477 863
442 913
48 720
815 97
448 958
214 741
189 418
220 497
908 764
140 445
542 758
889 231
993 653
819 366
862 418
678 211
447 66
966 524
16 432
1066 263
164 670
148 474
176 309
45 940
3 1013
328 371
927 931
698 131
732 394
840 435
179 33
456 619
349 589
914 398
676 1060
174 799
1094 277
162 136
1057 362
456 507
622 742
909 315
777 753
781 1047
624 514
813 324
50 853
614 538
847 852
519 151
1046 513
600 393
1091 71
321 246
673 872
620 38
817 109
744 254
692 669
336 523
231 728
126 1035
349 616
744 794
1038 799
288 502
141 284
143 565
897 189
192 559
248 88
489 415
773 189
482 165
489 955
820 200
691 1017
138 831
211 128
672 257
304 203
156 38
113 364
840 605
946 177
1120 600
1007 902
0 974
236 481
348 655
110 1106
142 728
922 329
274 744
636 569
1052 535
1070 35
333 494
938 468
261 1046
1016 826
943 347
708 942
385 27
207 102
209 829
573 682
239 570
82 436
905 575
920 610
1105 219
509 550
774 555
128 320
211 1038
577 222
562 799
729 967
299 932
603 400
1008 510
124 544
598 448
309 542
890 987
199 814
759 345
131 602
698 873
699 906
424 974
684 569
756 1038
1116 687
207 177
114 737
154 1090
821 190
744 241
506 1042
107 964
209 910
1046 980
738 371
240 109
323 687
672 644
1029 495
88 652
183 429
878 703
298 547
933 498
206 297
656 620
645 662
484 482
774 699
357 607
4 526
561 194
640 614
608 466
659 44
1095 516
353 979
177 309
458 705
382 757
545 886
502 1123
638 372
878 1023
1023 331
368 220
1039 946
859 557
250 695
135 779
672 147
14 575
857 637
836 669
921 200
584 819
485 352
213 1017
549 626
419 79
42 236
670 691
950 411
105 313
314 758
993 665
815 594
110 770
945 287
910 297
85 508
956 660
402 1021
149 921
310 1048
212 319
592 211
322 844
1008 911
537 1123
710 873
374 471
1108 523
596 597
960 824
177 287
317 360
305 632
703 7
780 203
505 176
146 946
314 39
1004 528
1043 396
62 179
295 811
591 933
776 491
745 194
886 527
894 906
813 466
916 568
966 915
223 144
418 833
398 259
942 529
923 843
866 222
172 292
774 310
622 845
865 487
367 305
923 1046
693 561
1113 324
648 212
878 605
215 667
437 594
945 841
686 442
991 1084
293 866
852 125
905 350
492 1085
796 55
435 649
47 300
3 346
837 140
577 411
768 334
530 715
318 652
966 877
600 584
491 362
264 344
191 276
378 284
703 392
289 901
222 947
1106 665
977 368
1021 306
422 837
242 418
438 617
922 151
246 327
150 739
697 743
619 1104
682 459
736 722
1105 619
97 631
849 342
628 622
451 218
733 25
276 899
381 387
194 194
379 283
517 237
143 693
222 763
26 709
508 137
194 679
922 724
642 997
989 122
1022 518
1026 169
665 941
536 498
617 290
200 351
487 830
748 24
626 791
185 485
602 419
735 822
682 361
842 933
166 697
833 1064
558 215
1012 284
193 375
949 366
382 135
305 637
660 44
820 193
145 364
507 721
381 661
164 955
799 337
578 613
435 298
846 166
749 827
392 795
318 722
862 703
133 838
164 687
1000 10
612 976
683 111
543 738
960 834
980 934
489 118
1073 1014
411 976
390 126
612 740
224 142
1114 388
54 816
756 922
136 762
885 257
5 317
696 840
826 1104
460 586
246 490
720 602
760 83
516 898
882 888
545 217
419 6
1115 346
196 1039
389 537
1074 167
901 184
1036 188
856 287
811 558
979 619
649 869
412 806
301 722
76 362
666 602
910 542
446 749
563 482
913 456
782 1021
371 186
691 218
326 107
763 283
1060 403
51 1080
818 286
533 771
567 416
394 1069
136 1102
481 1017
408 928
768 199
805 365
937 731
852 122
587 842
730 527
1017 115
972 2
914 889
348 463
579 535
625 582
442 1014
705 379
324 892
372 316
320 604
589 828
285 858
883 313
401 245
603 1104
123 915
176 329
226 772
494 1088
655 719
1034 945
964 828
942 169
614 486
161 638
925 1054
806 207
306 962
395 629
1069 320
327 615
895 593
311 934
522 608
229 239
863 646
611 964
280 182
571 418
551 127
864 206
26 679
983 750
431 432
773 374
843 691
709 314
110 423
614 836
810 904
255 743
92 310
1010 7
250 381
936 330
175 725
513 405
835 961
123 199
1118 738
436 459
591 408
392 435
745 838
694 909
233 580
13 454
175 436
1054 1031
946 234
644 141
141 556
963 570
959 1111
321 764
774 385
577 375
225 1109
493 168
366 973
830 259
477 625
996 395
958 765
1115 263
556 242
341 81
195 941
501 368
884 718
906 652
879 317
369 740
577 852
139 821
655 581
969 957
513 898
363 1056
499 226
620 124
648 543
418 1023
689 128
254 618
781 236
646 864
865 971
143 122
855 506
233 700
98 189
910 629
97 645
863 877
532 733
543 716
943 554
243 797
773 461
129 890
6 319
148 104
165 573
66 160
616 947
226 314
273 617
661 434
258 292
487 383
235 308
207 308
659 569
788 948
720 767
235 520
1012 137
299 114
305 335
519 446
446 260
264 119
915 997
1111 199
246 638
814 971
735 423
107 418
722 1014
708 653
186 855
547 177
677 148
984 127
334 864
700 572
579 116
490 423
1031 356
647 506
182 977
537 174
856 1084
507 760
850 390
1108 880
811 930
211 532
2 395
804 368
20 632
1042 131
601 590
123 357
311 342
820 587
474 815
615 487
381 262
646 202
453 771
234 67
460 739
990 184
247 635
406 181
844 190
276 797
826 793
162 520
754 118
991 647
475 98
160 775
248 743
788 467
333 311
104 817
907 172
463 848
809 369
439 197
268 1094
945 1033
188 286
428 121
232 473
934 559
335 581
373 257
560 206
174 898
984 582
509 350
466 89
173 622
618 670
526 167
558 203
148 537
793 1058
704 1104
961 224
734 1116
819 333
251 279
397 658
92 76
389 362
335 118
351 346
641 719
1028 929
292 53
360 354
100 212
808 432
689 691
653 121
399 418
404 903
3 286
791 171
805 268
287 826
327 1088
540 184
16 988
785 572
859 1080
52 146
606 729
405 143
783 938
884 992
962 1014
953 667
844 989
727 124
620 868
1004 145
840 770
560 435
967 914
863 1021
870 548
89 163
128 601
988 549
779 497
879 573
383 418
453 172
786 811
307 557
164 218
831 274
545 709
938 317
139 633
945 661
1070 260
398 499
465 122
1092 605
653 876
484 389
351 734
110 501
892 14
660 907
118 466
596 1003
917 403
1084 562
101 238
890 428
264 431
733 650
260 932
580 1023
866 948
708 121
103 578
399 395
478 188
579 974
509 404
19 446
622 817
837 648
799 1114
1028 234
597 614
733 398
1004 573
157 848
992 147
944 679
784 533
916 820
801 886
134 1038
968 863
496 184
51 232
453 25
378 548
662 429
68 784
518 276
818 687
284 730
64 942
294 857
355 725
453 711
641 1098
934 718
735 196
100 637
620 192
1100 376
709 767
120 634
1078 350
528 1123
913 865
221 294
647 270
496 315
86 266
998 971
283 788
876 1078
355 267
1029 57
544 450
266 168
871 542
742 28
1121 839
323 451
626 699
552 250
783 172
380 259
1012 428
971 1013
888 277
927 110
1097 1120
304 416
605 951
735 721
837 979
32 1051
748 219
183 273
168 806
210 927
269 367
36 473
677 659
560 199
543 1078
710 386
914 378
722 940
738 740
1099 352
518 390
130 915
140 857
405 1111
838 12
637 924
205 47
631 740
1007 71
481 533
409 606
107 306
1095 192
305 308
606 178
1119 179
87 160
704 290
194 677
51 389
340 205
354 1019
376 694
500 385
265 1120
802 206
622 373
277 900
469 667
150 83
503 1033
457 698
510 647
991 760
413 194
986 740
473 155
1114 545
594 809
317 573
76 369
611 211
911 171
940 139
601 869
998 62
790 978
338 91
258 795
361 291
696 508
387 157
990 439
156 890
788 400
833 589
724 566
201 697
583 441
408 297
315 941
916 380
863 756
963 385
1102 98
827 47
572 129
916 235
384 1004
511 523
917 807
16 77
417 553
830 522
603 871
385 392
500 948
955 138
187 630
482 779
581 218
138 521
514 545
855 985
380 416
497 1116
736 130
626 445
50 465
1056 855
490 331
655 1011
308 1008
521 394
1046 740
689 617
656 598
216 1080
315 708
354 877
16 317
429 439
172 425
391 423
701 293
773 350
379 423
586 548
989 571
225 809
821 97
1103 165
668 861
863 792
545 594
303 538
909 391
891 802
129 632
136 312
329 570
871 704
865 610
122 690
924 677
567 650
929 793
547 764
268 1080
758 422
923 180
884 659
285 973
782 615
280 849
731 402
592 998
696 683
111 357
391 485
206 32
131 650
737 560
727 611
391 196
360 907
864 465
763 1012
305 918
184 203
886 1059
857 650
646 108
738 1115
398 151
730 187
179 413
793 446
638 210
210 438
156 862
979 504
201 402
11 989
233 740
1056 570
628 288
1066 840
326 730
288 605
996 551
921 64
1107 343
317 720
737 806
956 453
461 506
1066 1018
703 990
60 1108
436 767
263 473
410 594
903 870
251 935
650 755
528 808
685 568
183 948