714 274
987 742
9 796
184 4
355 448
574 428
687 698
932 40
782 965
1063 489
150 55
569 574
714 211
72 983
728 920
374 618
243 206
1027 900
274 602
488 297
603 992
838 468
580 635
554 292
50 577
976 664
1084 881
707 919
751 64
662 789
955 60
329 759
17 788
990 1040
1102 556
657 139
216 305
957 498
230 972
971 610
837 378
702 184
273 263
654 146
205 650
554 902
783 516
571 567
1014 683
322 625
381 459
700 691
1104 862
1095 1009
445 725
490 785
914 1048
633 851
316 893
731 586
827 314
979 500
587 792
852 432
1097 249
950 575
623 461
511 855
1081 14
271 829
978 3
762 634
633 194
427 943
719 507
376 553
516 595
429 148
169 683
925 556
406 489
706 1122
333 275
439 400
634 232
807 274
555 687
420 266
1062 595
886 403
889 297
716 407
70 921
479 856
1008 878
628 429
693 67
738 754
949 825
997 907
590 918
737 1079
209 975
516 73
125 623
679 170
1026 148
955 133
840 303
644 550
488 939
478 158
222 779
407 727
400 370
793 177
207 805
199 194
973 940
897 794
366 144
196 153
306 896
976 188
82 659
658 191
89 105
486 485
725 303
716 476
7 879
81 105
664 783
564 956
1029 319
149 196
161 862
853 298
977 890
785 656
172 279
790 902
891 357
819 626
1091 914
906 612
456 1065
14 407
1105 453
304 862
483 479
215 181
1079 975
866 932
991 127
361 763
414 114
664 637
454 904
706 482
550 30
650 458
421 118
900 304
974 238
475 625
557 335
943 515
1018 416
916 751
124 643
255 339
924 658
929 1011
82 217
945 744
987 186
850 245
613 388
526 271
135 586
165 560
941 411
118 277
1075 612
278 500
1048 356
987 915
618 857
371 745
631 288
369 544
939 593
412 205
719 602
815 289
277 688
343 304
714 318
349 595
519 676
201 763
1091 818
645 16
212 457
257 611
509 231
460 318
988 327
1116 10
429 872
144 205
494 129
217 569
620 690
861 549
228 123
154 713
454 244
898 752
386 558
430 810
173 393
435 930
740 262
941 597
414 867
238 891
171 812
232 998
666 588
287 231
272 141
527 267
767 842
800 518
965 1018
513 875
77 121
454 659
645 501
697 374
482 869
458 147
904 771
428 876
414 546
729 807
721 261
688 421
1008 997
386 698
591 725
1097 199
679 1003
778 1119
889 478
324 515
201 272
65 409
210 524
206 914
671 441
612 295
625 218
100 128
551 618
337 629
618 615
956 1032
385 689
990 428
227 905
822 310
123 875
682 542
331 696
437 86
197 311
617 859
55 323
921 133
782 1027
150 670
348 599
563 186
677 754
116 36
618 252
716 215
536 903
269 106
101 279
136 707
408 74
515 926
107 233
910 890
195 465
534 158
67 591
662 298
985 268
85 9
348 639
216 717
528 675
963 315
962 721
476 502
673 139
155 511
1112 627
916 938
696 259
62 476
233 812
834 1028
439 29
881 675
912 187
117 799
651 821
478 282
684 397
664 880
774 177
42 371
352 139
1002 155
596 703
1011 960
1044 713
709 409
390 801
755 513
242 983
537 872
578 101
240 152
106 206
67 769
368 351
865 232
430 934
991 84
982 44
830 946
823 750
934 465
430 493
301 231
618 510
641 781
155 814
759 510
808 488
253 290
424 961
473 665
806 257
155 31
296 628
39 795
750 913
110 149
807 422
348 737
200 596
0 136
743 318
643 265
326 100
821 835
884 241
571 751
317 958
767 643
625 701
181 866
696 642
933 931
137 374
1021 112
948 867
637 400
359 586
149 294
15 956
822 580
669 1003
291 593
269 905
987 330
153 561
753 495
595 874
748 406
60 474
621 191
59 436
407 190
897 622
938 824
717 1118
753 802
1004 424
734 276
323 57
114 825
200 502
226 639
274 497
631 820
968 250
949 1011
479 172
589 488
847 523
761 567
611 1012
751 176
584 560
117 986
551 596
270 122
719 821
145 892
838 447
303 821
421 969
807 155
981 758
560 1017
128 310
988 54
514 1060
749 439
536 313
585 510
1026 439
822 51
284 344
615 738
289 636
880 330
923 13
748 827
1018 858
370 486
475 170
612 114
912 663
466 524
134 537
853 628
794 981
593 814
592 704
327 771
128 975
199 345
882 1115
884 414
140 540
524 1001
554 776
1058 258
750 462
456 695
185 842
584 811
885 311
589 562
611 735
607 520
239 354
957 844
259 1007
481 1028
1097 809
902 280
52 620
789 624
680 230
950 563
153 288
957 876
549 23
587 40
278 1077
534 1080
370 731
307 386
996 605
928 765
375 166
362 94
705 139
462 531
835 1042
354 237
1102 948
565 804
680 908
501 1015
183 205
47 434
702 154
734 339
14 480
958 529
608 283
396 897
153 230
319 354
173 793
493 201
928 845
192 297
996 1052
306 104
376 620
505 177
537 377
448 704
682 131
1002 771
331 531
760 745
444 921
289 108
208 697
701 961
87 1000
567 482
587 946
624 578
183 1122
215 672
449 831
614 1049
959 801
5 93
555 754
215 751
330 4
380 665
358 389
1018 938
283 787
970 439
900 261
238 685
670 269
434 228
500 891
876 524
436 995
841 135
210 803
602 121
435 305
601 847
837 556
620 626
212 529
731 227
43 701
1021 976
835 735
659 231
16 1006
321 356
147 860
798 490
231 779
864 113
135 621
846 504
303 718
518 514
842 441
867 137
52 898
988 726
16 821
1023 1040
348 609
621 677
387 115
473 749
758 278
785 958
143 1004
440 1014
622 899
1008 1114
710 388
1043 131
3 556
732 101
836 256
227 967
799 394
753 690
908 1083
34 504
471 680
688 841
145 287
1098 284
813 977
124 791
814 126
645 313
1092 209
572 1062
1071 327
997 0
335 473
232 971
277 882
1022 592
706 300
760 1017
847 333
171 620
1032 780
52 108
427 619
570 449
919 684
651 446
57 971
750 641
763 760
840 512
808 1066
398 967
399 937
880 694
935 758
616 1075
407 305
115 802
38 733
1082 635
904 133
1103 249
962 894
97 926
247 141
56 647
124 427
312 859
683 166
929 183
75 567
1001 810
470 456
1080 206
1029 540
399 451
1119 529
271 797
1018 317
491 1108
139 312
1004 105
730 572
56 664
764 204
786 167
865 369
305 398
465 643
936 689
882 737
4 283
613 234
596 786
1073 252
1013 1014
767 851
551 191
8 445
409 997
83 195
250 348
427 940
1000 370
208 232
346 692
724 706
593 522
476 473
421 386
551 729
448 128
411 166
183 425
927 713
97 426
601 307
421 1104
1016 201
526 685
1015 200
222 837
434 707
976 946
794 563
139 17
957 769
27 70
60 166
81 854
231 905
921 236
664 322
1064 182
439 581
434 131
250 787
1074 926
150 946
809 238
21 292
143 1004
857 279
716 880
992 221
336 702
600 720
584 634
22 315
1036 252
394 627
561 603
209 368
893 648
775 965
561 551
999 848
820 470
164 682
986 581
816 675
757 625
139 1040
886 475
901 998
170 518
688 898
912 925
149 802
937 447
141 123
840 964
902 738
520 985
263 194
560 228
829 961
911 600
646 892
791 401
815 296
533 830
401 615
1000 946
572 509
413 335
720 807
671 558
780 384
656 959
128 417
303 905
473 172
596 602
515 688
371 456
655 620
842 138
525 585
277 513
480 483
96 534
248 543
406 185
308 931
597 461
369 654
679 924
1101 750
285 607
344 375
378 420
164 1049
882 598
908 594
329 498
475 195
1041 595
717 551
348 403
713 532
576 526
904 537
90 645
950 584
722 71
591 1110
279 342
460 151
959 885
102 424
558 750
795 1111
855 280
599 871
594 113
1045 839
246 712
727 328
948 429
479 896
464 618
847 406
242 378
1102 844
320 1009
44 884
589 193
963 494
175 92
1023 519
679 444
351 234
1118 513
517 350
411 635
907 672
63 403
656 159
1104 965
626 676
629 356
348 529
1041 425
130 264
556 745
43 467
444 110
751 848
871 966
450 550
442 599
164 757
338 181
89 602
81 466
428 996
879 1028
919 225
123 467
834 451
290 1044
1060 267
704 41
681 771
562 570
734 932
245 682
617 521
844 730
580 269
614 819
716 404
942 984
710 926
520 355
670 850
632 574
563 949
750 905
1025 860
680 906
544 619
213 454
898 574
379 859
552 962
153 879
378 893
911 283
15 607
460 682
650 388
661 87
702 297
238 757
1044 592
1013 216
682 469
865 594
191 215
20 768
573 960
924 101
247 615
571 354
1116 976
915 1009
238 513
280 152
47 315
181 725
456 26
190 210
572 855
678 120
1044 353
1009 960
139 890
76 262
553 762
502 1031
979 762
454 272
746 625
520 913
428 866
804 799
178 865
652 284
188 240
167 703
413 544
1019 939
890 588
997 219
737 671
249 256
486 255
1065 254
106 123
194 808
159 1024
656 402
971 716
742 160
843 1000
267 110
474 983
840 681
227 342
358 357
712 955
154 376
292 294
99 515
146 456
463 704
911 830
610 320
297 260
853 581
529 844
257 271
7 804
311 163
396 659
983 847
360 312
760 821
268 798
833 857
790 217
439 982
771 1001
819 366
777 896
352 243
678 1061
201 1021
365 944
127 407
686 44
575 258
967 479
261 654
576 496
810 150
239 260
363 187
997 575
634 831