148 175
524 991
458 398
446 299
678 876
837 282
639 943
722 615
273 1013
777 309
125 110
748 839
816 547
787 268
116 729
304 825
690 881
198 620
385 421
732 314
862 968
632 168
358 295
714 783
928 356
315 371
847 14
416 323
391 121
988 775
910 909
155 320
585 438
528 435
311 920
196 477
1074 705
511 201
229 1067
1066 1004
734 844
445 525
475 228
1003 150
78 913
290 265
964 231
492 205
918 345
783 1020
596 1114
53 443
630 98
503 358
437 740
880 583
85 981
25 317
83 535
886 905
869 276
879 250
1088 813
342 706
306 802
232 781
209 712
93 253
743 625
136 614
206 888
663 748
735 806
994 1002
262 720
766 793
884 112
840 892
745 670
316 179
504 695
391 912
620 179
421 373
195 527
716 40
505 1039
776 357
946 616
120 764
948 426
4 531
684 506
213 675
487 678
204 859
339 160
594 108
887 803
689 140
691 956
184 304
124 723
1110 52
148 100
397 860
61 884
933 992
335 173
1003 371
258 879
667 732
909 343
116 680
712 759
554 936
412 969
1114 714
289 352
810 898
299 734
667 497
81 610
56 610
679 108
370 465
1026 762
547 639
237 257
529 847
913 416
247 52
1076 1003
1083 1022
558 83
937 630
37 964
951 931
536 15
1015 107
506 733
16 423
399 1114
525 113
982 586
114 263
664 386
133 917
513 277
739 495
957 1002
958 320
869 697
877 347
202 944
83 1092
658 655
1123 732
209 983
437 104
574 598
288 696
159 966
887 821
566 1060
659 930
37 696
379 125
659 582
230 623
975 481
605 772
949 631
180 857
720 746
9 253
704 1023
418 843
349 404
247 123
538 755
576 793
285 419
999 480
59 630
294 122
440 931
148 618
689 279
927 748
661 15
527 1025
68 15
127 423
690 20
362 164
759 449
209 564
159 449
97 968
609 142
774 737
171 555
265 172
933 900
428 527
454 921
396 117
222 42
69 180
357 110
1020 271
532 286
995 355
626 972
750 894
185 599
527 29
146 276
315 409
765 388
175 906
909 160
1074 140
390 217
691 858
576 908
278 67
237 578
611 755
302 750
409 334
159 120
456 505
427 556
1083 152
861 757
335 315
944 935
169 176
433 838
153 867
522 433
284 231
1070 604
730 1072
827 932
275 736
799 922
442 728
920 501
649 274
117 674
254 276
505 507
975 348
773 56
826 916
1107 37
471 805
443 524
714 648
945 22
571 220
958 101
364 708
287 804
258 72
457 586
198 477
14 1109
975 816
355 599
126 502
372 793
336 388
680 533
678 258
776 620
588 739
546 704
533 934
266 980
526 1043
673 371
601 685
217 587
270 374
948 553
274 17
987 617
399 438
1009 827
16 161
889 568
70 296
824 406
1025 181
544 595
448 7
617 664
574 516
897 738
1021 782
1098 426
857 432
553 549
155 718
86 1120
402 1075
474 365
952 711
677 970
1093 730
808 727
22 217
1021 168
115 458
685 576
839 1109
354 766
315 405
86 855
124 565
1011 846
823 703
180 595
184 757
1039 330
617 764
276 250
965 46
786 331
693 815
839 142
262 331
329 576
580 717
651 156
827 338
17 528
760 1000
512 787
184 461
68 57
503 372
315 126
680 366
714 449
226 1004
182 499
162 888
450 55
1079 287
86 617
1022 398
706 307
1005 179
980 468
703 387
775 800
38 489
429 88
849 1023
530 994
897 720
930 350
400 1099
672 953
576 145
609 892
112 1029
748 506
792 417
778 872
204 820
1023 905
875 98
306 943
335 843
459 397
795 861
819 715
658 806
161 499
1030 812
274 802
472 597
837 490
770 276
232 205
261 19
558 315
1122 393
234 768
162 479
1023 107
33 686
977 968
175 541
656 390
784 1114
299 641
573 507
339 713
563 753
744 940
521 991
635 637
563 807
149 376
475 434
436 267
862 1106
613 408
240 409
433 673
231 447
203 706
778 459
252 207
818 203
881 684
94 992
906 1016
419 993
516 204
108 925
473 998
279 522
533 205
482 512
308 440
786 519
993 810
419 182
878 427
136 215
202 288
995 549
915 979
940 959
861 1099
142 487
593 198
491 100
266 431
1020 956
381 850
794 471
447 650
337 303
640 261
188 775
1053 303
842 566
366 1112
981 108
577 784
586 490
614 255
460 35
940 886
216 821
824 683
646 218
524 318
1052 532
874 926
599 184
561 696
102 339
595 79
423 830
665 463
423 609
351 1050
771 891
164 826
1015 548
261 472
735 502
560 953
43 386
208 911
992 367
702 706
970 198
262 156
1015 814
675 779
686 453
644 906
897 57
216 323
609 250
112 946
429 818
723 344
298 694
665 246
992 377
284 149
627 412
251 428
100 674
1025 734
597 291
161 978
495 736
178 106
287 1048
449 304
119 537
293 911
896 793
199 133
997 989
611 632
350 794
123 739
1005 756
545 938
473 959
114 135
822 454
249 550
511 260
93 524
198 752
118 186
208 29
726 818
356 702
267 278
499 76
460 941
35 267
349 118
1037 426
971 367
155 497
116 702
950 930
818 988
99 960
646 845
903 884
524 589
1015 969
892 169
91 432
203 110
824 318
988 294
664 455
624 865
831 726
493 1009
415 620
1001 762
1041 338
270 163
1038 359
286 599
802 592
239 967
636 920
953 528
293 1016
597 256
583 895
938 485
658 210
427 456
609 459
931 523
541 879
1076 1074
393 445
412 488
362 570
442 597
277 394
848 636
385 815
50 455
385 222
675 245
797 235
502 1106
979 550
326 297
944 506
849 596
609 501
794 713
346 879
374 667
504 167
474 600
937 317
962 149
825 931
956 89
456 221
1046 117
85 914
328 189
622 801
974 894
957 757
21 48
376 471
924 697
974 160
414 494
848 454
1093 286
638 84
322 486
506 879
851 600
1046 701
964 398
1086 489
97 110
840 839
75 933
1074 658
226 42
510 536
227 770
1007 389
291 896
977 1034
635 293
851 1080
885 71
119 304
929 771
524 985
308 622
73 28
346 715
101 378
914 1091
496 700
415 898
271 354
628 109
272 125
689 272
217 63
804 1020
621 1049
913 420
258 987
437 10
199 199
180 846
57 853
963 937
631 810
929 336
568 579
608 246
162 763
230 598
690 279
840 243
774 794
315 76
127 533
6 588
715 838
619 384
609 498
972 625
59 916
657 345
753 274
840 97
409 747
1036 671
1035 133
937 640
966 953
511 670
854 338
806 627
990 886
210 265
352 851
359 598
761 897
251 641
706 901
90 912
245 949
522 914
712 787
15 889
735 967
197 968
327 856
549 1101
293 949
304 401
1091 1088
923 110
1049 1072
227 211
308 839
743 1009
618 194
767 728
785 320
483 803
947 581
317 108
1082 688
603 257
522 500
207 471
1 999
208 446
420 598
497 982
765 543
944 321
512 563
857 537
636 20
715 9
843 358
271 695
606 864
440 438
690 508
298 1012
179 746
350 890
395 528
421 722
360 435
915 678
960 322
607 758
792 648
785 746
687 404
155 158
499 530
260 918
716 32
1 521
322 585
125 970
877 168
795 653
268 523
890 406
195 901
857 645
101 715
635 243
972 842
714 680
840 494
263 708
697 349
496 709
388 851
549 214
571 1004
840 243
369 466
227 594
270 390
811 774
521 709
691 588
249 693
814 658
0 249
673 881
612 262
363 799
690 192
366 197
223 192
1018 1000
542 719
432 745
585 283
73 547
164 1080
480 823
661 120
192 1007
68 128
330 379
980 279
54 158
622 408
96 449
0 396
326 88
667 792
272 1078
113 829
683 386
37 384
361 583
721 538
409 840
413 934
770 469
144 997
798 71
834 956
820 485
484 184
373 167
131 614
146 301
519 378
106 499
556 809
440 964
166 107
1011 184
402 150
145 858
388 107
573 988
313 306
448 208
599 112
161 576
296 643
1080 400
282 660
96 936
426 504
116 1004
119 350
540 227
428 632
704 476
791 114
136 641
1010 582
717 831
712 1013
920 457
25 740
609 1006
811 994
506 448
393 888
197 44
881 591
471 515
433 628
989 611
1006 642
784 693
857 803
196 857
578 274
561 1003
343 755
469 911
855 761
129 698
688 870
819 487
556 383
759 225
110 175
26 974
944 1091
423 1056
502 924
235 467
970 560
983 1100
881 327
348 980
501 916
827 63
550 714
710 403
543 356
374 228
163 1110
157 912
74 904
407 618
76 920
476 306
619 438
968 568
872 488
358 600
831 364
1038 1015
1012 287
678 778
500 613
647 163
191 173
568 7
547 217
1062 314
207 768
269 779
993 524
727 117
716 687
75 605
248 266
1064 625
259 300
379 596
353 235
206 341
168 125
1114 933
736 124
670 258
614 443
520 517
786 919
788 906
206 2
1076 747
201 548
591 1063
312 591
269 72
69 348
147 294
486 78
162 967
552 593
473 783
814 104
292 104
415 102
1063 511
616 155
543 164
1039 979
458 263
564 250
677 94
183 1058
542 171
511 553
338 861
744 693
217 356
334 202
1065 892
206 1
316 1023
804 579
669 675
203 671
481 698
893 572
489 672
543 664
439 542
638 53
441 881
966 409
581 736
737 239
223 1022
60 936
951 687
437 479
991 1040
698 736
927 386
314 1021
323 990
560 587
810 372
427 155
831 960
683 945
301 810
22 1031
958 792
754 165