734 714
978 664
209 1121
281 980
290 605
976 712
296 237
662 116
403 374
228 216
955 522
252 508
825 16
20 394
580 597
797 335
646 310
610 592
503 727
422 172
741 295
719 895
782 396
467 726
842 793
347 1115
405 444
265 240
972 942
577 789
447 522
85 334
39 217
290 1045
183 712
555 278
696 1051
385 739
720 678
859 274
168 186
839 573
478 913
262 171
964 84
831 4
747 211
934 903
522 1086
45 287
507 1028
80 256
643 371
887 510
312 872
337 169
871 959
177 137
550 507
312 659
800 720
1084 288
976 684
591 302
631 716
340 360
321 467
338 577
870 1085
774 643
780 1018
169 629
852 175
412 423
709 95
490 18
137 275
959 21
726 1088
418 1120
950 299
552 709
619 355
177 408
521 547
278 654
470 670
10 281
179 358
277 829
292 1063
605 548
961 764
1105 431
517 308
456 1101
16 1027
219 463
680 443
524 507
384 203
651 807
445 300
273 745
985 392
1059 149
761 436
482 883
917 100
275 700
645 477
817 126
639 1019
340 879
392 844
57 1012
579 183
264 904
616 377
805 993
700 65
79 118
109 757
347 762
685 789
826 1068
351 1121
767 243
773 669
850 140
266 1013
241 340
491 316
273 633
929 377
641 431
786 565
766 106
625 243
111 130
1113 794
519 487
553 925
981 281
648 560
596 526
152 844
807 1123
690 484
719 440
303 375
251 967
510 399
474 885
299 109
364 168
130 951
3 982
93 433
798 856
538 218
363 461
481 652
1017 443
742 288
533 856
730 875
506 517
875 326
712 98
556 1111
534 800
210 691
923 479
177 163
289 819
354 838
168 483
397 676
444 914
841 885
470 646
106 976
665 459
891 480
566 762
733 400
820 624
559 454
940 1005
511 1063
935 122
864 954
1012 517
172 1095
682 779
845 374
175 300
423 251
1031 813
277 1032
870 929
349 1026
721 738
171 630
644 988
1117 643
1046 692
251 1087
300 557
1007 133
54 1107
216 747
231 305
602 387
677 660
297 277
611 643
275 214
401 765
580 991
612 8
709 726
258 353
729 926
387 433
540 825
880 132
616 1073
925 247
585 432
40 102
351 639
88 806
169 337
544 435
549 967
577 312
878 28
788 564
229 796
225 556
436 88
727 340
1040 1082
66 786
317 640
351 928
403 636
103 402
646 580
231 844
549 229
258 890
672 127
1010 908
219 708
273 979
816 720
124 359
211 406
608 141
767 1018
849 241
221 1064
858 175
746 10
776 434
894 425
926 655
1059 624
59 980
259 350
618 288
1006 424
688 873
959 494
40 287
853 342
775 120
441 73
1016 869
373 793
338 224
723 372
756 280
831 546
480 1010
146 462
115 762
695 452
796 243
207 736
249 153
520 941
393 959
947 773
15 157
751 302
645 991
760 199
693 710
76 477
128 726
778 129
693 586
596 1053
396 828
27 389
974 379
737 44
990 40
847 151
224 701
32 149
593 311
309 624
955 398
114 63
226 1053
36 219
810 166
52 905
103 141
155 356
208 994
967 763
1097 249
318 149
1107 561
440 630
284 859
422 1015
967 120
201 847
36 634
196 391
84 233
174 1065
882 931
359 566
658 859
353 1116
35 802
290 729
792 155
199 1017
650 254
279 630
680 135
921 214
333 649
255 333
542 520
492 1067
966 263
631 964
679 425
121 39
413 42
104 776
911 840
1013 354
710 187
481 948
121 137
426 859
1007 667
795 1010
146 12
165 729
986 841
484 843
406 63
854 1072
22 225
1005 797
928 512
427 643
309 93
186 104
233 901
581 572
374 630
822 1024
729 670
65 287
107 179
648 734
895 301
576 115
261 826
711 846
248 840
399 953
967 234
167 539
217 286
304 236
847 129
538 127
118 902
535 147
204 771
976 580
549 602
191 297
978 740
116 581
190 296
267 373
155 662
605 46
510 385
692 433
413 804
929 663
772 346
1105 93
662 703
353 853
170 430
635 602
502 474
987 505
215 331
197 633
1117 711
822 997
345 951
778 289
452 200
822 751
522 852
678 932
960 891
365 407
116 274
668 1111
7 133
363 800
173 597
295 12
277 573
1087 709
889 922
809 417
514 980
449 658
927 828
727 402
648 90
750 1029
426 620
746 484
820 844
746 597
455 499
751 350
905 851
209 299
762 487
216 325
352 83
133 196
591 264
50 320
191 903
250 615
225 128
365 526
133 709
931 751
108 650
583 588
389 147
855 704
515 1073
481 565
741 455
720 1038
321 658
848 510
127 642
907 793
769 289
141 1102
258 719
722 918
489 129
478 970
334 803
524 812
495 356
539 665
411 377
393 635
103 113
601 717
832 466
184 784
911 370
818 378
433 968
783 802
1 706
148 180
556 172
454 535
627 844
286 237
1073 249
832 848
978 910
750 738
190 330
605 729
21 858
389 727
925 932
566 937
382 659
656 987
101 300
980 809
440 366
737 603
125 903
425 598
770 320
245 983
633 817
289 694
380 360
364 240
166 272
691 102
805 127
100 582
871 522
490 521
567 661
462 523
785 618
1057 52
1108 816
407 655
656 800
410 637
554 912
49 132
576 265
554 976
1058 876
783 1080
405 1017
336 10
647 783
300 462
235 688
486 403
753 276
901 595
874 211
451 782
200 430
410 192
789 1015
780 576
414 578
497 761
250 556
834 983
208 331
547 417
773 993
993 795
171 645
230 353
986 223
680 531
297 260
401 327
888 973
539 603
1021 1001
467 791
923 245
300 532
389 307
124 559
714 64
994 372
703 1117
633 728
112 1023
913 306
981 888
189 490
972 78
928 170
294 267
891 343
997 337
1074 136
911 6
669 946
98 535
402 805
1059 913
680 107
43 300
967 667
338 756
485 754
708 648
996 296
872 844
986 451
314 286
60 898
931 421
207 191
436 619
815 439
114 603
26 53
156 1012
908 904
929 71
339 696
971 343
813 505
899 984
832 607
996 741
587 515
540 511
1082 317
893 974
419 787
752 418
607 24
372 281
821 392
124 489
174 819
723 290
809 312
868 212
750 113
810 140
345 468
481 933
631 703
198 126
956 32
900 590
927 796
92 429
255 987
12 676
350 171
1118 510
118 443
51 107
898 395
346 765
687 226
591 637
380 386
384 70
292 101
379 328
465 528
735 1017
820 864
548 333
523 478
379 332
418 556
1075 418
622 264
1077 191
918 313
371 936
627 227
256 399
794 617
106 710
96 629
870 826
285 737
439 749
477 723
262 361
756 305
948 515
640 1118
134 772
608 669
464 872
210 747
1005 704
646 376
844 882
953 1023
451 285
671 284
844 1078
316 546
556 213
180 388
343 117
354 487
1108 287
351 537
512 834
611 66
206 577
683 88
851 277
901 971
645 70
233 178
876 1093
272 388
1104 838
810 267
583 287
635 1048
70 270
965 827
50 88
109 142
813 632
215 623
398 195
556 806
173 619
190 209
244 34
289 257
485 290
633 798
11 716
842 1072
776 633
112 907
865 553
439 719
827 469
933 553
126 823
526 581
458 165
360 181
363 801
440 911
1070 358
19 1078
298 834
433 887
257 135
607 300
494 902
923 727
1024 695
349 203
50 570
876 195
655 892
558 36
91 446
283 649
1075 193
416 396
50 361
631 379
851 897
910 331
776 1062
688 460
188 905
83 221
764 689
268 982
163 515
540 437
683 603
148 90
763 850
446 581
738 41
748 835
720 388
273 440
836 784
190 728
978 692
919 552
198 181
440 299
645 641
302 233
920 997
873 299
398 675
854 444
872 619
1000 274
567 280
204 540
797 735
797 632
229 671
722 372
300 893
1078 446
181 565
892 872
575 306
356 292
475 22
156 263
749 919
411 48
853 965
375 544
117 752
853 767
185 435
430 202
302 261
504 100
834 971
610 729
809 828
587 487
254 753
264 481
469 820
229 299
1005 723
618 361
761 566
990 531
108 599
272 368
605 48
460 318
766 230
648 716
935 742
296 813
772 1060
563 445
519 778
318 267
720 202
861 473
774 1063
641 607
369 1008
161 494
697 618
628 634
261 573
222 821
654 535
2 1096
246 310
659 119
432 513
719 558
318 978
680 841
1065 969
500 489
914 495
1003 973
191 457
1039 917
348 229
584 661
197 695
96 272
987 138
194 422
1013 0
814 1034
385 147
631 759
235 993
832 697
276 497
1012 758
919 1061
357 949
92 116
1010 770
1034 686
364 456
630 858
410 1010
65 82
964 761
418 522
967 117
557 380
206 1123
864 169
878 1039
245 615
582 515
846 749
889 170
1080 396
781 664
161 955
649 514
630 702
658 880
937 415
990 944
874 713
500 290
521 179
183 961
998 100
610 423
171 953
371 45
473 75
459 620
651 603
982 464
867 873
806 1069
155 187
1009 1035
81 745
380 769
706 225
474 948
237 569
921 457
121 575
222 585
383 433
46 287
405 195
260 1041
457 1023
690 634
391 368
145 324
189 1054
540 1030
360 887
346 496
536 410
339 61
704 487
608 401
915 733
158 171
750 545
169 352
1045 1095
276 390
366 48
976 110
368 1005
334 729
312 128
737 188
569 129
352 50
476 223
811 461
134 641
580 202
758 1046
444 276
558 454
966 114
1017 687
760 244
823 376
217 910
48 894
90 416
619 68
896 176
846 163
293 467
290 870
38 388
991 1016