618 276
538 560
1096 973
720 164
336 217
953 497
245 786
602 621
625 913
959 329
400 841
553 69
520 178
359 1036
338 959
102 518
601 281
448 958
128 493
569 864
746 16
181 568
1012 893
1010 599
262 1041
703 423
651 743
689 776
61 249
602 183
613 207
551 974
738 1025
535 548
424 17
324 122
651 323
283 585
637 829
466 150
149 1005
843 786
298 265
916 696
670 916
147 891
182 666
1005 547
429 807
513 526
63 735
321 527
381 639
503 647
439 860
769 568
870 1031
1012 627
235 91
826 1122
239 610
948 412
939 663
289 365
790 850
999 543
270 896
145 873
275 145
465 759
27 950
606 709
790 747
555 176
992 998
424 879
260 419
170 1005
750 794
695 530
1078 810
240 995
219 188
287 14
414 362
818 219
703 832
293 989
1007 160
473 420
1071 984
984 838
921 741
738 311
358 926
176 124
1031 821
969 351
887 725
145 1094
772 233
348 251
252 447
189 176
566 1007
892 356
210 487
465 1002
890 28
834 335
570 889
1045 479
150 879
179 382
186 702
914 495
6 744
168 837
154 457
378 867
404 796
421 426
304 608
10 755
235 677
966 598
404 128
494 170
1000 508
509 1062
852 850
488 914
844 302
461 388
866 835
6 34
563 532
46 109
1081 352
320 756
1117 520
557 892
123 247
834 612
271 247
202 991
1038 611
1118 789
1062 434
754 709
794 117
666 1035
877 187
719 1030
141 666
710 681
950 254
767 634
247 106
831 924
261 822
707 753
38 566
182 354
637 837
402 826
987 362
673 338
1037 604
209 1052
404 911
579 935
408 849
707 536
1040 409
130 326
993 867
370 611
766 342
1087 693
527 230
323 1
126 615
876 1015
250 447
461 359
1118 272
406 36
301 956
514 595
1102 138
627 447
1118 1060
730 832
252 196
314 801
122 55
1074 349
441 225
422 132
1050 649
187 207
275 439
753 323
603 652
323 1080
537 981
971 250
842 51
779 334
226 457
692 792
816 894
231 731
774 766
137 353
164 612
543 828
411 171
1019 621
660 94
271 10
601 307
571 38
1000 516
263 21
719 375
278 739
579 636
492 900
556 743
381 244
476 760
482 6
286 130
435 777
758 185
920 982
1079 172
540 652
360 116
694 574
906 267
452 607
410 209
454 570
243 707
728 330
438 366
290 407
716 746
664 639
1064 178
497 735
473 311
177 153
558 73
772 111
989 1104
519 20
448 549
768 1003
290 785
319 296
634 204
734 437
206 279
187 55
153 644
258 1073
328 44
769 982
230 409
534 690
1015 845
999 234
187 776
889 1063
131 685
240 25
612 921
981 328
346 678
411 735
563 593
402 873
909 404
533 803
1072 656
466 911
616 718
907 948
626 105
744 726
221 181
851 672
756 66
814 104
986 356
343 15
241 456
1003 137
206 198
507 381
756 291
6 493
560 989
161 750
913 169
1075 992
104 849
444 999
274 937
1116 589
36 467
325 900
871 635
244 223
821 699
680 824
931 395
884 180
175 119
360 706
1008 648
816 814
924 169
209 1044
419 955
764 415
778 680
158 1014
893 553
84 485
648 512
567 246
995 862
1001 237
661 145
1007 940
411 430
576 414
1090 431
465 86
1105 797
567 824
458 510
806 493
147 625
682 651
465 700
847 530
849 1032
296 798
242 6
158 788
750 451
217 1075
880 407
546 332
409 1111
209 1021
862 548
504 187
885 899
829 561
887 280
909 1101
738 638
510 498
623 972
728 302
158 919
648 443
911 690
399 324
964 115
195 265
997 845
906 420
616 665
565 365
994 317
600 925
1084 666
304 270
186 701
231 767
429 857
80 294
807 809
263 1029
280 951
932 688
551 1001
231 180
474 891
741 513
857 843
933 604
733 880
164 796
316 718
18 478
424 1066
932 604
865 292
500 25
991 171
255 621
500 832
678 937
240 805
639 468
358 892
540 364
603 829
454 771
502 670
167 431
620 979
423 326
115 714
256 895
588 281
1021 521
764 211
207 753
755 741
355 718
656 488
88 712
816 886
447 940
974 728
357 700
319 714
225 257
439 954
495 492
942 712
161 824
799 881
873 622
941 406
138 319
863 662
449 966
303 373
691 636
38 672
251 845
874 662
479 362
1107 443
779 61
943 705
724 533
453 948
636 242
220 122
1077 160
859 153
787 659
540 480
1003 959
804 134
654 734
1122 252
829 829
609 853
583 352
410 136
627 105
190 197
1123 198
406 313
234 953
525 57
507 228
323 319
752 828
226 589
905 217
1078 702
805 612
552 720
683 954
839 489
690 216
970 461
560 870
469 257
731 1120
1019 239
214 802
1028 443
329 409
495 286
335 506
717 1001
136 710
607 138
436 850
674 811
136 158
1033 497
370 866
940 782
915 926
1070 310
740 583
651 30
127 1025
715 676
812 938
693 577
593 309
128 650
776 440
147 246
895 160
364 1116
42 1055
1055 1005
664 492
687 105
627 502
288 524
538 569
942 416
805 474
325 488
537 357
546 1017
275 777
990 306
589 456
833 1077
533 962
57 327
17 531
836 755
186 712
1035 1038
735 394
192 287
836 318
617 607
209 650
77 510
100 376
591 198
573 748
970 163
170 156
156 196
680 1006
438 253
921 295
916 415
506 1020
729 484
911 361
201 844
537 704
1065 791
508 545
258 1051
486 887
621 284
1009 246
371 1036
197 523
718 687
959 871
1027 147
148 793
865 830
1009 1046
745 353
549 844
958 363
725 568
748 665
208 304
324 398
291 716
518 198
654 814
819 940
326 439
188 372
687 807
912 146
657 421
1025 404
184 698
372 804
1111 125
1103 232
642 1021
509 257
1029 680
413 155
663 737
204 965
1074 414
176 426
856 1006
910 775
374 1074
309 365
928 18
852 616
791 826
376 465
694 998
250 854
944 988
349 173
457 611
451 835
392 574
389 557
918 1110
779 682
681 497
985 1006
760 824
916 875
583 215
848 281
113 903
754 983
1068 425
1012 783
543 981
703 127
595 627
1117 214
243 582
1000 1016
212 787
310 358
233 559
1037 564
68 957
613 554
923 532
805 1091
977 889
843 389
344 612
840 885
921 676
30 698
209 265
587 195
24 992
658 859
652 323
600 599
843 1072
609 363
959 262
867 298
1001 761
767 438
582 972
166 761
136 825
318 516
283 37
845 531
326 118
310 817
18 376
699 528
985 126
175 71
1108 565
836 468
234 677
934 1104
188 724
833 322
957 154
52 1114
669 642
255 199
543 275
619 724
731 338
0 359
1025 333
114 930
115 955
440 929
733 775
953 398
419 787
897 663
646 816
407 565
1048 777
1063 591
878 457
619 983
534 304
877 614
428 260
256 775
239 333
391 898
458 753
721 312
438 713
142 178
490 866
709 94
505 450
679 949
1016 779
420 480
1059 769
124 434
1099 430
160 892
1030 756
753 688
522 996
169 459
852 261
272 783
332 965
937 186
361 243
502 566
554 138
748 153
890 148
1123 756
510 715
1070 715
429 362
750 1108
687 330
780 1050
773 1083
207 258
799 571
139 979
553 677
276 740
745 944
637 936
576 1003
252 1078
820 526
1002 569
126 452
231 99
331 650
324 531
336 941
788 353
524 799
435 657
650 224
200 68
62 442
558 693
940 742
718 1065
695 470
400 434
717 10
714 926
653 690
664 664
39 688
901 881
745 371
873 446
971 879
324 893
49 143
823 362
675 500
209 276
251 875
872 90
39 920
576 915
32 383
592 63
981 1036
651 856
751 701
501 62
829 917
279 441
201 280
624 877
132 397
1053 513
795 796
954 860
833 738
154 671
398 606
784 656
586 413
1007 260
448 289
251 746
450 860
833 30
15 925
529 104
1115 185
138 684
470 112
666 349
658 497
966 1000
45 562
136 965
47 495
119 627
331 1017
748 187
963 590
1002 981
10 954
1022 1
176 697
864 510
658 618
236 265
421 878
998 663
6 462
160 236
621 511
781 941
998 942
366 1113
103 143
874 518
773 494
331 888
1036 1052
615 510
547 243
489 1092
0 289
953 467
627 889
696 456
73 726
856 104
330 167
30 1053
537 588
1074 540
163 524
756 431
945 1002
999 117
306 630
871 1018
299 287
422 198
901 690
924 813
910 109
287 318
32 537
1009 126
514 680
224 856
271 569
953 492
146 443
169 1013
517 501
928 655
670 804
87 662
827 1023
660 164
292 396
1068 567
477 627
585 690
325 720
181 646
943 800
950 304
408 624
483 955
443 3
362 652
1058 806
819 922
1020 473
744 551
710 906
1094 874
354 329
724 868
941 391
409 683
624 957
480 347
606 890
190 528
453 187
755 316
783 525
994 510
141 84
993 893
1107 455
309 272
645 771
560 442
256 792
557 661
147 356
837 533
723 845
451 251
578 462
289 676
159 467
716 202
647 197
197 637
594 562
481 502
173 700
839 525
617 650
1007 1001
613 517
974 431
383 243
856 741
419 708
634 589
836 733
465 751
499 374
1114 688
341 261
690 579
783 196
844 629
910 229
937 466
301 661
380 479
233 686
263 736
561 861
265 126
923 307
689 973
729 612
882 782
434 265
720 155
652 270
411 410
859 722
778 878
1076 124
201 405
921 524
1015 884
149 170
438 769
890 689
1076 632
750 733
391 863
25 634
163 437
1069 713
1055 548
113 825
553 1007
445 950
1099 945
467 532
735 340
949 561