677 299
280 411
984 697
482 1061
231 324
854 487
372 300
1012 975
1027 581
84 997
158 1049
134 846
162 320
781 499
376 712
964 896
757 137
678 777
358 193
447 413
690 897
562 952
17 415
779 777
545 606
647 516
999 365
131 317
527 832
815 657
504 807
666 556
283 59
416 1106
403 335
291 221
656 919
579 787
423 489
832 156
141 946
952 449
570 958
346 857
269 1052
430 100
854 443
751 754
352 282
910 667
703 361
113 238
811 844
958 769
1022 273
314 751
188 774
902 386
609 217
100 442
511 923
915 351
24 475
549 301
10 541
506 142
338 1042
376 686
262 846
131 707
222 287
1056 107
244 612
354 336
458 7
423 243
657 21
463 1098
936 332
361 323
354 493
203 500
780 565
571 399
557 169
105 991
527 647
731 887
1010 786
903 1029
207 629
638 448
547 809
257 99
493 26
119 926
949 339
614 849
781 250
195 216
329 490
408 632
297 911
126 382
567 919
843 151
511 410
620 282
350 263
282 949
782 701
503 165
609 374
886 849
1093 165
793 734
552 449
617 267
373 673
903 991
169 383
715 780
34 156
172 143
752 745
954 157
821 269
965 193
80 12
804 409
261 389
163 455
831 984
403 875
873 420
155 524
430 912
762 225
511 376
325 902
194 1118
870 36
361 845
910 614
660 815
758 211
139 639
846 475
470 1004
317 453
414 736
293 873
636 17
401 619
608 1102
622 359
821 678
70 2
370 777
602 386
551 840
116 998
377 382
316 803
822 536
796 739
877 115
182 606
729 394
537 193
1060 102
434 438
751 160
560 770
792 1084
306 925
799 286
713 473
149 353
534 103
185 378
50 331
924 100
599 340
823 133
647 540
771 291
872 905
417 278
521 798
35 864
312 26
570 359
25 951
681 924
968 665
97 444
268 200
229 614
486 1013
1076 969
794 887
614 371
970 665
308 781
144 356
603 80
351 435
607 719
941 327
355 650
698 535
680 1005
1094 735
111 141
669 224
283 733
675 948
1051 144
585 879
775 81
545 752
840 785
80 209
898 634
460 207
725 160
142 872
216 69
591 690
449 254
637 582
816 683
573 1089
843 784
900 449
961 350
836 203
371 125
1056 423
27 322
673 697
422 826
625 778
56 1098
841 448
837 484
534 333
539 153
368 769
734 673
482 675
24 446
130 46
994 615
48 165
706 1009
853 491
133 329
617 678
527 150
237 1009
386 358
893 799
988 272
721 609
981 631
438 593
487 873
611 993
670 202
245 851
339 43
844 336
580 177
189 194
935 1034
658 302
416 427
291 476
347 183
1005 836
406 444
701 549
922 911
184 1018
368 635
472 830
570 362
303 973
938 668
186 807
1043 150
294 391
215 1009
551 951
424 919
825 773
442 169
864 678
121 465
341 635
1054 177
339 348
795 1029
646 1100
383 48
802 553
1059 774
816 106
1007 406
334 431
107 1080
1086 955
618 814
208 492
1096 492
46 690
626 143
763 540
614 997
1112 819
963 662
961 621
959 478
824 417
192 631
483 268
849 514
644 591
965 940
798 174
119 43
456 594
18 706
767 196
452 468
435 749
942 153
603 72
295 637
967 955
434 390
142 256
316 413
484 936
946 299
284 886
750 531
686 889
1000 967
614 580
723 438
598 736
361 632
860 289
771 138
869 448
205 652
820 809
469 465
240 320
755 909
483 406
809 887
870 814
699 936
569 35
124 1044
274 275
202 579
171 406
291 728
307 913
826 1051
511 562
861 229
57 123
239 1100
380 341
1084 326
120 171
979 90
281 196
116 777
678 658
826 896
241 367
1020 539
492 820
511 539
578 132
698 482
689 308
190 446
1006 268
1067 296
1027 0
279 562
763 878
406 458
257 1056
346 856
788 947
296 988
485 363
901 724
773 611
434 848
17 738
911 529
368 887
771 606
899 788
753 838
647 98
713 222
393 967
144 435
923 170
244 382
839 470
725 590
847 160
252 471
994 941
44 1101
910 1040
866 452
245 456
904 992
594 892
575 880
453 849
222 214
144 894
953 1093
6 805
421 210
553 1112
955 543
427 351
148 532
157 227
498 551
226 26
516 471
470 542
415 408
704 771
162 523
1019 981
1069 957
771 229
447 166
369 702
325 207
245 717
488 685
727 51
545 651
977 475
846 931
1015 463
228 508
891 744
166 982
995 259
426 402
748 858
233 372
940 494
853 82
502 737
526 327
1025 18
405 419
587 765
524 167
864 671
424 693
839 645
440 841
239 111
999 534
472 929
957 888
100 541
471 1035
761 513
47 235
451 713
184 190
216 357
519 267
1066 333
646 747
389 132
434 448
459 897
315 712
807 421
898 570
66 614
367 486
1044 1048
819 568
890 661
364 387
1023 765
647 247
435 867
614 804
800 908
1091 44
316 886
212 1090
9 1076
944 537
834 509
453 202
209 139
539 121
807 932
1112 411
1096 357
821 407
625 400
248 779
701 325
563 917
268 429
345 867
220 637
991 390
769 254
665 350
903 468
77 987
857 349
428 686
902 180
823 1029
461 1011
996 631
969 855
962 380
481 173
526 27
665 290
103 457
648 414
211 749
843 426
866 82
1027 808
684 612
611 233
503 888
65 1123
743 1040
876 395
424 397
864 104
299 313
1100 235
128 886
222 248
451 59
1048 245
331 263
717 109
36 446
590 1006
219 787
636 840
663 638
457 937
325 1005
922 294
648 583
125 975
1058 1012
268 510
958 306
679 1007
551 290
962 624
208 785
82 939
397 387
665 379
621 889
811 311
865 298
76 337
349 1011
437 213
613 1110
612 55
382 634
208 396
181 702
330 322
968 0
544 518
755 864
665 525
1025 745
281 62
460 588
1097 336
206 397
310 87
337 344
377 546
900 186
343 168
863 41
747 455
260 561
65 233
983 1123
901 1009
752 805
762 391
1119 433
209 52
195 406
345 213
286 356
893 371
365 283
1061 777
388 358
988 106
408 845
829 803
384 557
612 900
544 420
187 218
128 719
1070 871
572 678
847 566
421 609
207 906
383 997
760 262
100 680
118 555
877 194
923 997
822 231
1087 697
679 1042
925 190
104 1059
105 80
994 669
887 98
636 663
939 465
516 416
801 26
711 139
981 914
737 229
483 974
257 541
541 319
380 822
814 826
696 953
168 109
707 291
514 619
925 36
377 688
303 756
137 250
861 497
747 239
157 177
671 990
489 458
781 273
694 309
149 536
54 696
920 229
713 137
618 902
558 644
395 144
387 137
572 144
310 212
865 140
726 943
586 101
246 1091
517 664
787 664
116 928
372 586
890 695
254 645
400 699
569 267
950 472
270 774
494 964
122 779
884 833
130 217
397 220
336 465
542 712
350 1033
315 474
200 917
347 308
188 158
1058 805
468 555
768 845
555 789
124 365
785 962
248 774
631 734
208 1035
415 242
603 144
731 592
15 587
420 962
420 602
441 696
126 993
713 663
775 64
654 125
680 1075
35 514
516 546
668 870
165 336
587 430
963 374
698 146
983 928
423 534
55 124
591 64
815 1058
239 119
904 974
571 644
1115 334
664 621
675 723
720 1009
405 284
189 252
709 331
675 857
633 636
713 223
321 662
821 583
704 734
206 498
577 615
746 278
82 726
153 75
730 839
161 471
190 569
1051 564
893 272
886 589
131 651
969 514
298 509
111 117
784 796
909 743
569 916
1011 343
736 549
532 572
692 416
854 158
229 356
334 452
338 248
27 567
950 690
369 678
181 684
484 1064
982 54
950 1117
633 1107
526 465
158 944
27 1009
567 277
567 441
298 431
223 527
440 365
194 236
1088 475
136 1111
816 247
578 996
1016 756
544 412
1042 117
403 268
277 896
372 176
363 186
264 775
767 841
340 140
114 234
787 486
840 108
671 789
224 390
352 877
1106 484
148 235
1007 898
571 624
972 61
1089 699
1113 679
313 1039
641 26
1079 20
648 15
523 222
307 209
548 721
528 160
843 870
563 584
216 554
384 957
744 358
76 192
440 544
951 350
178 138
345 996
783 659
257 550
832 235
42 172
320 874
612 974
93 462
221 575
741 1012
740 880
835 595
541 642
323 444
386 71
275 65
941 771
515 238
230 15
299 820
404 684
771 467
387 87
843 374
323 507
771 115
513 259
397 545
198 744
953 181
59 715
520 625
519 515
1085 117
831 551
33 1089
862 882
541 231
251 644
281 138
712 625
603 632
1089 735
640 921
989 506
874 354
63 758
730 358
856 425
772 369
345 622
456 77
683 11
239 667
141 434
851 1070
1011 681
643 554
683 328
102 192
752 674
1046 495
37 65
523 163
138 896
160 506
400 537
706 635
292 1086
887 910
265 106
470 225
787 1022
964 415
818 652
882 130
292 920
413 356
1012 516
909 374
644 844
1081 270
845 400
410 296
83 560
671 264
1072 594
488 587
862 110
1111 145
125 564
1063 963
750 451
231 357
949 646
326 1121
77 921
247 164
452 316
663 282
571 270
453 86
717 659
479 1043
691 1098
674 534
1121 510
659 111
746 1116
540 140
880 160
756 504
516 101
1122 74
924 759
31 760
748 539
555 641
933 170
1033 332
1000 1096
111 691
666 158
925 554
238 329
804 13
812 74
873 515
26 695
2 40
652 163
801 698
550 547
152 201
647 512
924 865
365 794
741 284
1038 689