219 422
127 189
302 969
467 586
802 690
843 110
226 962
283 178
644 605
794 754
824 287
329 719
932 5
827 1066
721 50
447 324
442 640
865 749
250 586
1002 383
375 685
362 422
997 324
339 770
677 388
81 800
495 392
945 550
657 890
1088 550
1016 432
435 233
1074 542
237 1014
94 463
5 445
405 776
823 402
802 540
914 561
915 580
135 510
769 301
900 747
753 211
439 764
220 937
761 821
677 809
174 673
344 154
209 172
194 263
288 1049
1119 1108
1003 857
656 1091
931 879
854 732
200 175
962 861
51 391
485 659
1107 667
1018 73
44 949
1042 1013
945 31
1096 56
1020 698
726 625
584 944
727 814
114 910
790 818
901 442
782 531
1053 721
571 195
142 874
709 533
238 1114
739 620
398 915
833 733
5 153
78 520
206 337
316 168
201 1059
1065 354
965 6
475 932
486 620
70 720
775 189
257 360
125 888
818 264
271 986
47 900
1058 609
494 853
229 622
975 826
355 981
591 475
511 105
791 439
686 541
654 258
171 714
956 486
96 407
993 267
610 370
441 408
624 797
784 236
226 1067
644 239
836 989
241 626
232 806
172 463
602 597
1052 690
797 510
829 649
544 193
927 957
360 47
878 673
924 932
763 435
279 947
631 811
595 289
1021 591
653 330
697 320
274 479
342 214
407 750
872 137
611 187
980 172
457 22
996 507
905 192
423 575
139 805
372 537
239 139
276 780
835 660
486 556
107 373
230 951
750 515
558 654
342 718
760 223
754 369
1122 364
176 742
380 971
605 182
851 991
969 770
927 121
418 112
1059 1090
333 293
946 590
650 932
309 832
313 258
395 153
331 617
560 876
424 743
1074 950
338 385
128 294
714 367
884 203
434 583
856 443
445 562
292 279
134 588
670 327
475 608
285 1061
213 931
650 650
153 323
17 476
139 632
483 662
816 184
701 412
586 895
1089 424
476 367
258 614
530 670
337 91
1026 689
518 171
993 361
732 623
284 787
737 103
888 802
961 920
716 726
569 301
776 958
178 431
537 972
470 977
231 692
63 99
375 570
430 851
943 323
510 706
353 630
954 381
56 1022
612 145
440 243
1103 648
747 440
111 889
575 816
807 417
808 963
270 440
799 612
501 609
268 121
701 1028
356 926
260 338
827 349
874 619
893 677
937 538
900 392
452 903
448 387
252 724
67 1081
224 977
737 535
652 549
1120 125
819 854
132 407
344 152
589 261
281 1008
945 212
982 453
132 949
721 303
697 174
1119 375
595 415
667 1112
588 411
217 933
144 695
169 742
242 292
428 226
531 349
443 803
479 473
766 145
916 918
1087 402
240 753
279 434
192 131
561 21
738 954
221 612
550 143
104 389
578 485
698 621
268 848
918 753
382 347
793 845
575 704
508 599
433 802
12 941
767 474
328 988
556 889
897 937
809 878
418 562
468 650
584 150
403 446
960 830
423 865
911 1069
750 873
878 295
481 585
422 911
952 274
318 218
561 737
36 196
418 187
989 656
729 777
544 359
691 663
968 660
813 149
208 204
371 985
987 938
41 282
269 508
576 371
326 452
924 860
749 24
86 724
591 75
945 115
1032 389
882 448
854 188
1102 719
644 621
605 9
653 111
753 689
682 198
760 958
516 659
918 654
1006 718
788 65
798 236
721 776
458 153
728 420
598 539
255 757
123 899
173 721
715 616
203 23
419 496
1039 464
996 494
480 706
462 526
542 382
156 118
610 426
301 173
888 262
800 285
986 291
294 823
352 627
988 1051
182 645
161 326
896 28
706 639
203 961
316 387
701 607
1043 566
541 327
745 114
444 496
1088 775
549 380
1059 643
735 600
1006 978
984 266
268 1027
172 382
850 748
120 528
930 1007
823 1121
714 948
691 230
454 559
787 424
658 418
663 10
435 907
283 487
412 427
208 398
461 929
156 363
440 237
720 249
1023 665
761 599
521 777
259 522
747 238
392 510
1118 756
521 263
807 168
51 877
382 295
100 243
906 373
1112 958
736 509
767 130
827 499
617 701
792 511
420 768
675 107
451 1038
1004 905
388 521
621 848
380 419
912 149
702 53
365 507
231 728
234 575
938 949
950 989
432 872
831 74
702 1082
227 911
744 268
560 38
449 790
935 881
256 161
122 935
559 551
61 524
850 66
703 97
188 602
432 319
113 978
666 883
490 415
196 406
922 440
367 20
152 780
404 1043
708 233
876 995
108 402
705 431
160 778
845 1014
150 184
762 257
380 615
501 147
344 791
78 170
967 604
95 1019
205 221
771 280
722 484
554 794
337 210
1059 887
474 548
1086 856
521 567
874 787
530 737
788 1099
772 139
169 753
410 510
678 257
91 147
358 506
306 1021
1020 277
730 346
138 940
109 492
620 1022
468 448
945 592
475 469
108 577
77 505
206 660
100 301
1002 595
216 936
900 783
413 911
1067 297
304 314
94 647
630 87
241 35
456 569
48 173
710 692
835 542
356 772
339 443
611 1031
249 979
463 625
797 1016
728 785
193 736
999 178
839 1055
861 275
839 731
359 75
741 201
757 434
22 906
419 986
865 632
255 192
425 110
617 247
553 849
637 228
95 946
16 671
77 503
661 873
88 0
664 448
866 1004
527 54
678 214
280 898
977 820
224 114
564 520
682 163
16 846
147 114
50 872
554 1013
120 91
736 985
343 571
583 606
781 867
513 765
653 952
70 470
346 470
686 784
881 811
1002 829
834 394
290 1096
540 600
730 891
240 773
328 690
415 544
1084 941
520 916
818 368
833 439
967 917
371 103
422 638
152 479
1122 187
871 327
481 290
847 1034
651 583
541 652
722 783
798 141
830 117
953 235
997 396
900 494
458 593
694 430
966 293
897 460
910 648
591 397
348 906
654 248
463 986
807 824
527 294
1015 502
274 927
714 168
873 420
912 508
432 1087
618 1087
415 975
611 922
257 648
107 766
872 17
804 272
301 541
182 1121
729 503
410 738
6 1042
490 19
511 735
316 393
168 104
518 768
411 126
1049 1009
162 807
857 226
14 256
1103 308
451 759
659 768
478 337
431 764
346 789
1001 479
1015 17
788 1085
787 366
852 645
300 925
472 889
1022 443
338 473
551 207
354 353
782 1105
132 758
257 976
726 1051
607 307
399 998
144 950
960 447
998 126
1051 11
1113 917
889 729
572 587
727 129
568 186
69 234
310 792
1075 108
438 475
1016 824
503 562
932 286
793 1015
804 440
1072 160
947 240
471 717
360 699
353 1011
686 780
489 981
1108 919
836 392
710 906
958 455
327 1032
521 219
552 609
1017 380
1016 976
633 792
932 828
130 875
993 805
340 359
73 791
631 1117
295 772
553 617
199 119
1057 566
572 1061
420 852
1083 513
789 151
192 943
546 361
103 662
992 159
301 671
756 687
1023 982
867 101
566 255
644 758
509 322
655 643
112 88
201 710
325 261
20 581
356 198
805 438
962 785
636 773
510 1011
1089 390
607 484
74 964
1013 259
70 317
975 1122
1051 418
381 456
387 1018
1006 974
931 303
164 651
820 200
622 618
904 81
165 103
440 977
563 375
2 195
77 370
271 411
295 84
450 898
76 250
345 439
671 462
554 1106
156 270
556 916
371 437
523 995
203 390
641 1019
538 553
1095 442
348 1012
356 278
684 881
554 863
654 923
498 391
662 901
970 257
577 1016
102 290
106 249
270 293
1071 404
546 1113
340 303
9 800
971 560
365 362
198 294
393 416
490 626
123 687
1021 254
114 825
673 424
974 717
281 638
686 1020
460 699
50 244
1097 293
600 345
303 463
726 870
125 213
448 686
283 932
822 823
426 510
137 258
913 248
748 658
330 556
424 602
1004 673
60 821
929 907
967 337
1022 122
258 137
1113 722
895 477
503 107
624 939
719 978
274 569
334 934
67 92
707 107
569 797
214 755
454 659
108 24
510 481
978 983
562 299
482 990
991 347
549 862
205 335
1074 225
282 1094
22 197
621 16
846 899
874 909
862 852
262 1015
858 498
840 769
101 629
748 595
224 1058
393 221
65 999
887 555
669 916
266 1021
839 137
921 321
178 658
429 248
403 589
1097 473
459 213
525 760
901 208
354 508
283 966
24 767
575 717
1013 266
727 331
707 132
660 123
706 219
198 928
971 743
363 1001
695 110
632 355
915 1028
629 686
287 748
604 753
91 34
455 120
206 434
424 759
534 388
1 702
585 171
20 947
266 859
301 365
673 337
199 183
383 594
932 359
275 195
713 461
858 910
341 767
430 172
983 415
645 390
25 917
183 51
963 534
778 192
790 162
920 986
522 389
800 518
312 282
989 945
76 741
540 818
765 1050
250 1021
422 772
409 315
442 837
345 24
603 207
698 1018
400 559
77 257
639 1103
732 1110
796 887
877 903
555 760
425 149
103 243
732 881
972 949
345 235
279 916
102 345
580 326
359 1018
244 188
827 813
456 306
997 732
48 695
111 556
48 526
778 281
1007 672
890 719
625 952
978 1077
192 304
958 326
662 612
981 1116
590 403
375 438
683 224
794 1092
284 676
968 392
1089 312
839 122
686 971
185 893
518 53
775 917
457 700
528 661
969 560
802 981
763 699
910 147
378 629
401 1014
84 185
193 900
776 192
705 799
414 395
264 484
177 150
257 115
302 512
573 78
1046 990
193 515