280 580
313 243
458 102
915 901
1022 812
680 933
471 209
549 625
810 674
1026 313
133 480
922 49
553 184
249 703
102 720
330 285
460 754
710 990
919 985
438 916
522 714
387 848
393 351
473 390
340 42
178 143
569 376
301 708
876 1012
951 627
552 884
290 238
406 638
601 987
411 322
505 964
599 526
325 508
908 986
1046 1006
508 355
651 301
383 138
993 1
728 556
873 460
766 587
344 757
754 910
283 178
454 491
737 509
608 1113
943 773
808 599
135 943
523 1107
276 374
936 921
205 565
268 268
186 966
529 861
90 188
364 121
1102 393
824 579
632 199
997 556
182 874
293 146
401 275
719 901
982 422
733 114
957 25
52 721
1039 655
138 252
815 933
332 299
65 395
233 807
228 852
398 844
572 123
347 372
157 218
669 449
601 900
317 689
998 453
920 137
167 15
240 880
1050 873
731 619
662 221
769 139
525 493
939 604
712 238
562 57
565 439
957 77
1059 758
175 651
337 384
640 500
979 559
970 822
116 114
91 429
889 937
920 587
409 432
548 859
553 971
386 118
584 1094
1036 433
191 661
93 621
887 713
52 624
958 726
578 1111
244 500
765 158
590 630
574 346
53 600
806 793
788 758
19 16
768 728
788 759
453 793
630 302
11 550
1021 496
845 773
511 1061
359 606
106 659
771 589
116 1048
934 122
135 589
996 114
302 1052
263 246
943 389
634 508
842 500
284 363
289 1027
682 858
713 744
726 823
896 1043
187 533
112 497
502 1020
896 617
896 139
153 342
662 446
1031 132
151 34
152 347
43 736
1061 489
284 352
104 542
585 782
429 379
799 629
604 1034
1036 968
234 970
325 69
669 465
280 868
262 284
933 999
1114 581
1095 257
250 378
149 219
900 463
199 727
824 958
534 280
614 43
844 612
763 330
858 237
515 982
991 1000
303 245
811 786
815 684
1027 88
390 149
181 703
837 625
882 2
104 869
14 162
440 929
390 261
396 682
506 240
1042 427
915 145
58 535
690 713
392 442
313 732
903 227
641 466
819 601
319 329
391 811
424 704
56 720
444 251
982 912
981 852
657 303
187 912
894 713
112 262
307 661
414 671
531 755
546 813
726 542
214 789
732 1076
527 471
1040 548
916 944
508 933
970 629
970 106
224 385
437 147
994 799
345 467
958 122
292 830
108 981
342 451
467 409
175 859
424 590
39 735
445 651
1105 698
906 794
628 846
566 438
386 384
904 894
810 290
515 692
717 398
582 287
475 367
924 472
516 359
1120 783
933 716
251 756
147 901
756 848
1031 34
962 950
653 213
641 283
207 951
189 1100
1042 823
726 391
174 81
366 686
651 1023
637 769
113 1008
280 969
685 910
351 219
586 453
142 417
150 282
1013 333
134 812
938 457
510 603
189 366
277 485
541 570
104 939
390 269
45 792
698 807
887 823
242 89
439 576
952 426
410 536
245 940
696 100
307 381
307 162
491 452
570 564
535 518
995 405
771 1050
856 234
904 918
297 966
418 435
1029 131
508 208
991 664
18 624
582 603
649 432
600 947
511 194
323 912
896 353
325 645
125 784
698 654
363 73
935 956
599 1080
892 257
192 158
602 672
702 867
663 1078
651 60
733 312
768 305
698 577
841 61
440 1039
892 215
796 300
140 391
729 226
134 407
485 281
657 893
731 184
306 889
122 288
79 476
870 702
588 76
294 223
29 504
733 495
457 1112
324 559
342 217
831 420
784 668
598 338
755 721
267 938
758 909
793 173
988 548
352 569
787 1057
430 290
783 594
925 237
73 281
507 216
811 699
897 528
932 1042
824 372
197 11
808 188
897 823
675 650
205 972
421 262
108 1012
1020 850
284 833
426 879
228 804
849 1012
597 471
304 625
669 748
787 114
782 651
496 377
671 862
320 448
115 630
462 230
423 719
119 424
164 300
994 142
325 578
567 134
221 809
50 569
828 786
784 116
215 920
937 996
887 234
560 766
397 975
852 896
845 849
711 571
687 123
431 753
660 375
843 349
1001 517
520 272
10 106
949 930
295 3
137 746
540 196
474 504
642 113
297 389
485 122
564 339
1094 585
859 322
788 367
527 896
1062 92
347 501
884 734
732 920
775 972
991 878
285 132
1057 714
389 658
690 902
504 1075
646 749
87 230
301 551
915 207
273 1011
247 289
429 651
81 492
587 1056
680 1082
255 862
237 336
194 551
116 122
668 136
13 1123
613 786
509 69
393 1080
312 33
683 671
325 444
568 277
219 175
540 1015
735 475
560 156
198 802
646 288
438 744
582 830
739 25
697 121
583 963
351 735
870 108
1100 874
793 918
286 32
1017 1006
598 707
84 56
444 21
47 336
1077 763
94 712
891 879
693 335
682 630
694 594
598 739
458 250
403 866
123 22
585 281
866 479
1056 900
706 431
926 173
927 580
223 154
507 898
389 307
940 181
1121 991
383 1104
76 635
651 911
706 911
882 164
184 392
623 394
644 524
913 177
470 623
225 758
629 408
142 217
939 1040
434 50
68 1017
516 190
1013 593
817 54
296 691
580 681
615 432
1033 778
537 972
151 198
320 226
797 702
669 811
468 480
369 193
492 431
765 335
626 290
371 394
5 695
693 472
95 908
158 157
197 253
167 504
633 238
1060 173
25 834
681 1005
324 222
199 789
131 523
882 219
1119 928
271 978
585 568
649 964
550 181
913 984
286 789
1014 301
502 761
203 633
589 571
191 96
1016 786
917 13
640 582
781 793
1094 896
785 332
972 484
612 200
966 482
964 517
758 838
462 9
116 624
379 79
719 146
1113 908
499 808
151 837
1002 304
884 225
521 353
961 405
438 480
534 739
288 880
835 357
212 154
1015 147
711 404
125 885
126 573
853 659
221 136
929 113
232 442
913 573
853 161
872 371
616 662
1039 861
1089 380
106 135
647 1044
106 511
408 429
134 660
908 759
125 188
182 666
631 481
79 459
555 770
455 51
880 525
657 974
280 323
685 367
129 983
1066 127
877 659
813 713
664 722
992 214
480 439
1019 199
357 314
912 612
777 261
300 116
251 284
342 846
503 415
1010 176
860 220
364 206
553 153
847 174
577 860
326 434
662 138
269 630
167 1063
821 219
501 1085
1095 855
751 328
1088 799
885 782
147 167
1100 241
814 233
871 205
679 451
103 597
278 771
199 344
593 783
342 1000
963 146
630 242
716 139
962 327
215 1035
603 517
56 700
1027 661
805 397
397 343
944 112
560 582
725 753
595 892
590 507
360 857
410 881
500 481
348 856
1003 1092
162 822
879 479
398 163
970 25
594 1055
853 1089
979 798
775 952
928 838
1058 542
188 673
247 750
448 862
215 825
256 301
829 1110
684 588
891 527
726 909
234 297
830 779
405 16
761 1076
979 276
583 214
180 101
369 105
93 623
1108 778
455 288
133 913
894 566
1014 499
837 923
285 962
169 362
663 346
615 654
147 957
474 705
776 157
745 391
699 700
648 601
455 519
941 218
839 147
245 970
655 275
399 263
362 1121
773 473
696 357
706 856
705 824
979 326
986 1122
393 133
767 256
922 383
739 147
591 761
176 808
526 410
636 660
312 380
453 1009
297 543
458 1012
237 417
498 90
98 811
1093 602
860 891
899 672
1093 975
25 949
374 543
600 62
489 143
326 352
240 415
53 165
121 484
768 788
770 111
838 190
815 155
976 545
811 285
495 769
624 555
497 416
138 630
879 17
978 370
342 509
903 1059
132 707
220 953
323 137
712 855
613 502
518 378
726 269
964 249
1121 397
123 809
244 152
308 1060
816 775
141 809
593 625
828 165
855 854
468 211
494 241
519 384
180 905
939 1042
616 6
705 876
984 198
782 593
640 945
986 850
67 394
74 141
705 648
201 210
600 37
520 100
810 52
647 306
384 342
915 812
279 1012
16 924
996 708
473 822
154 434
742 845
157 494
178 70
939 521
910 464
876 374
1032 267
299 571
528 822
951 145
4 718
994 785
467 607
134 1086
608 404
589 241
351 717
287 1122
191 1002
956 89
569 804
258 937
956 395
946 749
618 787
505 1018
839 384
90 322
320 227
764 446
303 245
129 1104
1100 336
888 922
518 341
27 421
987 737
188 218
1008 680
142 220
349 635
973 216
933 45
127 656
857 559
429 507
450 842
368 573
535 365
771 817
560 1067
429 113
756 325
195 829
105 109
116 1084
930 396
17 156
1048 440
224 867
45 231
76 520
561 792
325 779
807 813
1025 503
23 920
603 967
940 282
637 472
409 809
837 23
559 143
630 678
206 302
112 436
684 292
822 892
885 114
850 568
292 167
961 479
725 1088
972 1004
348 870
473 511
201 587
342 527
205 907
721 608
553 276
790 988
126 668
212 602
676 799
714 292
822 175
632 152
864 79
876 876
242 442
761 942
118 380
150 809
709 691
691 943
979 436
1055 383
523 189
937 522
439 1021
522 439
997 379
520 541
558 697
704 527
824 213
134 826
586 955
934 176
221 931
539 133
779 210
690 856
819 654
350 501
579 384
25 577
57 853
260 452
546 1031
722 280
812 513
137 414
811 682
193 785
351 549
4 125
184 507
930 1022
950 288
561 387
714 949
278 883
858 1012
668 813
360 227
520 565
8 616
265 804
811 1016
701 341
530 704
653 587