930 170
764 983
663 793
964 76
498 565
674 528
713 59
700 938
187 610
377 517
492 165
10 874
845 161
577 250
352 723
388 953
955 841
841 96
139 287
261 116
859 935
885 901
982 329
6 310
842 546
797 323
838 714
609 542
450 762
174 463
324 332
318 824
118 484
136 460
206 814
143 707
757 135
57 492
500 1025
127 959
1019 641
1096 1031
931 781
869 615
206 139
960 59
365 882
722 568
943 307
162 192
40 491
657 161
403 486
33 777
1067 682
815 848
1002 875
951 632
916 150
295 626
603 930
203 624
484 898
929 1025
126 1102
37 231
864 230
883 884
133 131
534 606
274 33
800 594
727 196
235 157
327 652
1016 424
772 961
0 691
687 389
180 642
863 144
208 295
456 293
984 443
946 631
173 697
291 388
834 936
702 214
577 672
901 1049
385 880
865 565
702 21
184 722
787 834
478 925
721 903
1079 748
873 596
220 396
327 670
533 251
233 1123
435 618
738 664
279 176
160 686
490 897
778 711
101 829
683 400
639 240
849 785
221 644
563 1050
670 109
538 472
560 174
232 8
667 390
160 703
1052 64
340 51
567 826
1007 177
608 1085
979 353
726 1087
594 876
131 883
1081 119
576 39
115 491
829 911
1020 219
172 178
266 9
339 465
219 642
260 294
596 953
464 1076
1092 528
480 164
803 897
1007 902
290 318
855 381
916 250
642 359
1036 294
43 217
594 850
398 433
44 104
761 675
118 457
284 844
545 657
643 837
517 567
962 967
1053 660
69 340
115 901
712 200
696 849
13 222
1121 47
756 1046
737 799
710 125
637 201
174 427
625 723
629 987
325 631
316 566
524 804
311 370
623 860
87 410
69 453
620 174
771 859
1021 365
1021 738
596 497
956 671
717 890
573 543
144 637
524 456
174 1087
662 1002
297 974
953 684
760 368
850 745
534 111
351 587
265 255
251 965
317 31
869 398
193 224
652 181
1090 916
510 882
894 778
1033 591
356 496
997 792
497 134
976 674
738 678
826 344
224 570
483 773
630 952
984 626
466 716
104 805
558 1002
770 862
102 959
295 516
282 859
1107 361
668 572
522 738
571 992
123 588
786 882
682 949
356 333
24 63
456 789
700 457
707 562
517 114
452 898
957 61
977 979
52 300
543 152
239 836
267 131
1007 589
951 804
910 1041
178 924
1096 131
843 952
166 918
455 264
46 119
842 227
398 322
147 250
488 674
148 525
618 729
801 759
190 353
247 112
1122 557
379 557
214 294
835 393
398 333
897 451
224 758
263 933
360 1072
522 464
996 748
370 334
803 297
401 963
121 692
306 671
320 326
601 1010
738 17
377 831
999 203
57 778
746 952
418 241
11 964
517 509
81 826
497 130
607 247
1111 367
158 1037
848 658
559 629
963 881
477 810
435 290
244 1008
891 902
781 642
461 495
934 358
503 297
744 921
984 467
745 907
159 581
356 194
378 997
824 576
108 756
337 1044
954 367
445 337
963 480
792 348
599 233
161 778
638 764
90 973
801 796
306 404
461 269
293 845
918 971
913 768
634 512
879 396
855 660
841 343
169 431
910 530
896 867
927 353
741 797
192 157
595 124
601 819
905 844
421 374
486 225
708 584
472 488
917 164
1072 244
422 105
677 793
249 454
512 262
1099 179
900 222
541 832
1094 1019
793 914
275 396
348 1010
976 937
828 336
358 628
193 907
623 6
434 751
652 601
224 806
511 504
172 586
263 236
761 1061
706 843
219 726
168 788
355 814
878 726
251 57
460 832
558 41
922 163
722 453
800 773
618 982
981 618
649 417
534 83
475 45
223 180
114 561
142 1006
580 766
742 400
426 1074
382 1024
305 103
123 695
610 204
170 646
580 641
498 122
175 289
117 983
331 946
118 702
647 574
782 705
245 875
410 148
468 185
152 124
1010 933
473 620
280 844
151 980
175 715
287 370
1121 850
1116 900
313 890
829 806
214 178
957 949
785 270
625 642
994 857
963 497
343 864
507 1000
604 947
961 407
504 735
730 289
1001 316
560 285
382 125
925 768
198 746
253 240
988 286
363 675
727 727
877 683
287 492
299 847
103 906
322 630
840 485
348 996
334 50
471 943
491 844
607 1107
556 595
8 991
829 931
496 152
558 69
383 558
28 951
688 215
783 946
148 268
129 708
838 364
664 1073
210 327
262 164
169 359
153 341
160 739
563 709
944 765
508 516
154 453
503 681
978 155
445 884
161 1068
208 1093
350 705
464 396
478 877
881 490
197 409
524 598
827 362
318 1102
851 1030
544 771
356 78
1047 579
1113 710
907 1085
668 259
987 430
1078 228
476 490
577 954
359 394
281 455
384 960
544 571
620 275
1001 334
716 27
847 337
697 931
237 508
878 917
509 565
142 170
548 450
554 670
837 1016
408 653
879 25
1118 599
919 155
832 525
34 523
1017 833
65 648
560 379
695 756
117 862
344 1006
394 926
146 830
858 934
893 914
157 245
30 290
464 874
488 564
200 373
862 362
432 90
184 834
847 27
701 258
935 737
596 675
476 147
607 615
665 223
184 661
351 326
237 212
187 640
859 301
389 50
669 999
358 717
715 255
768 387
392 253
679 651
719 731
778 402
571 1093
493 678
736 709
441 99
694 289
734 411
268 433
390 813
624 214
730 515
85 278
102 265
672 812
872 753
381 1089
442 611
398 118
863 612
820 813
980 140
528 488
832 295
699 229
285 958
253 103
605 355
964 424
365 949
654 782
147 463
128 925
345 267
720 880
276 107
1116 220
867 424
835 837
234 1031
336 336
1076 378
294 141
650 85
443 93
551 130
184 171
446 326
709 277
783 567
553 240
696 173
808 344
105 361
903 950
237 843
591 381
103 668
977 113
86 577
490 388
1041 926
136 597
72 689
168 305
767 779
361 575
181 798
896 1084
366 451
212 910
1118 568
196 52
808 924
128 398
974 693
469 719
210 753
453 84
354 1030
833 666
883 400
568 398
749 282
720 743
249 713
66 830
997 984
408 1018
178 353
665 19
8 169
196 452
265 573
1078 805
709 562
397 537
501 846
1022 697
362 42
572 202
402 1123
985 271
253 170
217 443
1115 212
590 545
267 857
512 429
509 343
933 535
794 701
626 259
1001 1039
315 976
565 203
428 561
451 631
194 864
644 255
561 475
576 731
582 140
626 986
207 1000
982 327
89 336
60 9
934 644
829 152
207 89
691 719
544 545
17 774
1027 1079
899 96
458 740
353 96
489 848
398 615
94 565
487 833
154 249
474 338
671 832
276 147
899 380
723 320
577 608
775 947
309 774
770 1003
10 31
336 587
983 796
240 789
1097 574
280 392
432 468
726 684
759 354
853 999
541 804
469 590
81 549
241 681
977 535
242 849
643 914
444 147
888 401
906 798
297 176
679 559
739 570
675 377
293 656
814 637
359 560
518 867
650 760
235 443
285 337
168 539
895 709
656 928
476 260
789 797
1016 543
697 102
1019 509
515 1044
448 1012
452 827
551 17
685 486
462 626
286 103
579 498
1014 519
409 610
662 890
811 1007
359 921
196 328
955 532
928 794
512 625
66 68
539 1002
1039 462
275 1076
563 756
1022 977
266 396
483 457
401 783
246 9
333 373
287 677
723 435
1105 1018
698 842
325 447
318 1032
899 725
822 490
733 215
255 1060
114 677
681 199
13 509
79 1108
835 390
874 222
317 648
1099 595
163 1006
113 218
1003 890
604 361
571 798
555 429
821 1098
892 980
151 308
234 245
443 88
983 572
525 1033
106 984
848 384
991 427
454 274
621 1101
1002 9
888 305
148 1010
880 869
640 609
357 817
794 125
132 661
439 630
481 555
1107 953
630 920
345 955
647 521
524 333
1079 185
164 225
326 260
974 375
676 1050
1002 153
1018 326
478 155
63 206
168 265
465 588
724 157
372 837
487 346
347 751
508 648
1045 243
72 836
1002 604
630 983
303 394
507 218
482 290
150 44
499 477
779 50
847 358
183 752
422 284
507 919
594 432
244 944
593 1074
882 704
1104 993
436 279
529 71
696 428
1007 1099
325 737
872 598
573 795
871 576
367 663
682 189
293 387
1026 701
498 769
433 409
623 669
213 137
812 831
682 86
590 578
1044 604
627 689
614 885
327 44
753 866
153 171
842 369
868 823
494 957
283 266
255 981
583 778
939 768
683 153
938 642
92 238
622 692
679 428
181 717
817 462
294 407
350 758
588 102
1014 762
675 599
1084 906
258 894
862 398
635 12
1012 238
809 266
339 792
967 251
105 955
29 156
364 869
72 323
1104 909
738 163
325 1098
959 429
835 224
545 1100
550 1048
898 771
468 323
656 1022
279 862
484 513
937 635
615 873
962 256
333 336
510 554
483 204
658 181
491 981
90 639
326 995
327 393
274 785
270 928
469 228
432 904
173 500
698 200
873 317
804 610
635 136
361 149
927 762
314 765
407 144
212 628
280 616
734 375
213 218
880 848
289 776
489 274
866 1016
89 480
492 394
252 536
784 303
1102 579
734 227
880 52
488 389
239 258
511 1030
594 668
229 664
124 1050
5 295
388 741
992 467
876 213
169 663
497 676
650 462
470 400
640 520
707 702
456 357
528 255
547 937
792 616
348 276
539 516
127 722
206 906
877 1019
783 19
1014 964
192 559