867 470
639 311
591 175
665 925
1109 968
984 36
690 536
211 1098
17 978
459 347
695 543
482 102
867 917
119 304
738 1089
708 533
665 471
566 263
694 884
426 216
284 335
381 857
318 1123
837 676
521 458
1043 822
389 777
593 64
93 722
651 446
318 883
149 853
921 515
498 807
669 947
633 287
1116 436
527 186
539 828
835 1033
543 981
164 1095
1070 1063
432 868
988 514
829 453
14 786
1071 447
340 341
380 962
714 214
171 400
235 986
816 216
737 331
594 172
316 599
312 308
529 936
138 672
258 238
942 929
476 727
59 815
368 627
919 861
6 318
367 177
918 772
205 414
728 153
474 780
430 955
704 518
536 262
328 299
900 428
846 990
815 1123
660 25
271 6
145 769
793 218
935 694
773 192
707 241
633 813
497 114
799 71
332 614
1090 151
749 835
574 964
166 1018
239 990
233 333
635 1060
401 246
204 656
956 881
648 336
825 921
906 848
828 619
845 643
560 172
751 137
802 252
157 496
232 251
644 727
1051 530
890 825
59 965
485 904
213 75
520 504
426 1034
900 777
804 1020
822 1081
338 719
231 977
883 912
487 1015
115 990
150 326
928 458
990 523
632 822
814 1101
157 607
303 128
940 334
944 844
326 113
493 816
446 646
954 1098
53 533
226 240
77 463
589 897
567 720
929 1
694 655
309 480
893 846
983 669
364 423
309 607
149 203
853 113
299 1085
472 597
368 930
608 1123
128 184
17 1100
688 421
986 419
406 90
596 395
534 146
778 473
370 675
474 545
249 594
680 833
800 199
745 316
813 637
31 1034
498 857
714 975
193 977
897 972
257 1119
1009 605
825 917
370 533
1 841
217 154
794 88
297 330
88 46
189 363
372 449
709 819
226 272
416 562
707 580
650 753
290 835
238 918
933 446
222 662
13 124
1017 444
1087 91
716 179
471 524
965 183
76 809
776 865
492 616
60 322
1017 222
345 921
802 563
1018 638
811 672
309 351
125 297
498 889
306 931
473 423
900 151
711 541
112 751
707 687
258 37
644 828
363 295
154 256
612 244
637 674
395 291
953 334
72 738
443 1019
666 446
652 1033
958 982
141 331
977 410
98 593
954 122
737 1065
838 514
749 315
209 205
375 841
946 303
785 525
1102 398
1006 360
244 565
337 711
822 1011
245 225
384 380
137 527
761 560
764 352
550 105
478 210
567 967
464 409
521 513
801 834
804 844
354 489
424 230
589 708
469 694
441 53
509 221
620 422
200 732
251 474
91 689
437 352
471 235
176 699
145 258
661 415
754 352
80 933
456 707
466 490
216 501
575 623
37 444
259 353
46 959
616 548
548 892
471 665
410 1025
999 983
411 921
1045 538
45 598
126 1019
511 851
553 225
448 155
737 938
608 160
870 735
534 706
202 613
733 549
306 375
45 336
221 532
712 921
433 571
631 992
325 882
967 789
411 560
413 781
46 967
706 1088
397 287
186 595
72 897
182 621
588 162
465 735
371 668
579 500
850 260
957 484
109 466
137 957
622 864
768 772
237 528
728 433
652 458
440 428
1036 715
783 585
943 913
211 185
343 1048
532 755
502 708
86 611
974 355
1112 744
748 601
466 586
1000 1092
165 649
103 1102
409 221
349 136
279 546
729 639
604 676
498 843
384 499
154 746
251 886
257 590
988 329
347 963
414 596
222 896
740 715
615 256
815 461
643 724
776 607
864 143
16 1000
957 1088
726 914
851 982
207 486
1100 719
403 380
5 999
397 891
943 888
1024 480
374 482
589 612
966 997
907 873
354 1054
982 653
566 1055
983 898
239 1121
602 543
1001 750
739 1107
613 138
528 905
523 71
553 815
1010 360
988 1060
238 477
918 423
650 498
541 796
1007 12
43 1098
611 597
1065 900
574 394
438 341
806 311
312 932
538 848
367 837
525 858
151 552
451 229
8 385
799 690
548 443
830 314
512 318
204 317
178 734
277 201
381 289
930 181
133 963
788 422
340 540
433 565
733 294
1101 293
56 306
615 741
828 981
405 198
444 966
501 935
656 504
405 724
88 1003
656 618
468 208
98 773
115 650
637 716
223 874
245 709
909 477
913 904
420 304
955 1017
195 1012
53 213
171 728
278 221
812 307
584 194
77 946
146 220
311 727
280 781
552 734
161 492
418 713
1093 701
171 404
48 289
1120 816
698 202
222 858
463 1005
439 771
130 258
579 129
461 479
161 604
728 474
424 290
378 708
236 23
767 306
376 681
812 34
729 600
1067 336
504 1009
698 843
770 673
150 434
116 663
516 809
92 982
248 457
510 588
1065 984
506 631
467 521
238 535
78 550
921 116
972 924
641 745
414 533
533 1114
592 316
519 105
861 112
1010 957
1056 610
283 606
948 546
468 227
454 157
989 647
520 694
775 331
233 309
26 453
67 1022
514 950
205 133
257 511
914 462
185 666
388 312
670 831
37 249
155 963
798 440
260 801
754 213
332 294
554 191
759 997
513 696
988 951
255 377
956 516
865 933
492 867
1052 335
654 728
642 544
836 896
264 1023
466 1035
114 459
589 621
991 743
219 1081
672 853
75 73
183 508
877 334
404 253
509 44
956 601
274 783
661 419
976 941
801 1017
878 110
513 870
433 391
496 766
78 398
1113 1023
204 208
10 729
658 855
346 36
507 716
588 678
255 462
133 1020
840 507
895 465
155 275
415 685
37 392
649 898
317 817
242 721
573 189
1010 727
940 387
906 335
505 396
940 990
829 253
761 258
793 1007
27 286
422 705
860 419
529 171
527 782
511 805
564 874
591 368
113 1052
217 429
118 27
848 361
617 937
497 457
731 248
794 314
1038 280
470 97
553 947
406 476
104 874
755 438
488 978
13 83
621 21
878 189
477 442
55 747
457 839
5 494
850 1030
427 764
723 694
691 218
556 322
900 276
789 972
528 786
388 570
636 843
780 708
166 648
415 201
569 613
369 406
611 1075
454 281
763 1035
245 418
452 788
79 606
669 606
211 444
382 777
962 236
773 586
440 949
132 122
164 200
429 542
786 778
526 1071
671 46
132 992
506 513
531 889
496 524
396 918
744 724
880 794
376 431
401 558
859 814
99 10
788 193
717 532
814 432
809 546
133 334
810 288
145 639
517 109
825 534
188 548
202 219
718 616
192 832
71 482
964 824
971 1039
727 980
266 405
271 816
545 795
609 304
920 784
610 433
898 347
569 255
463 881
315 831
501 1016
865 435
143 460
519 891
273 928
790 989
373 1031
800 308
963 276
345 877
365 352
205 1055
984 939
407 15
109 228
9 483
371 972
306 975
188 604
1056 159
851 680
695 721
287 720
828 354
127 701
278 433
1039 407
1022 690
965 580
1029 404
805 529
987 655
975 685
461 902
374 302
1039 844
645 861
995 881
433 868
537 356
371 950
289 38
696 855
1085 674
1082 14
746 662
889 104
853 313
914 1104
297 769
763 979
176 1066
862 454
651 728
328 473
986 377
359 1046
256 754
63 828
590 392
605 1009
838 150
242 1075
1071 433
126 998
430 105
710 593
823 129
183 525
957 936
471 874
619 376
674 477
860 121
274 429
261 313
531 214
513 320
919 923
705 929
364 910
676 600
994 783
296 791
922 506
579 233
261 945
296 577
281 755
862 781
568 255
542 737
453 1061
1091 697
851 922
451 687
396 140
419 410
383 118
400 472
701 867
1083 682
736 820
837 197
337 263
1005 758
185 353
358 291
763 357
500 399
143 902
953 539
25 99
115 437
551 399
969 680
425 578
735 812
461 460
682 213
981 212
368 177
761 89
799 955
765 1117
564 714
652 453
727 766
181 310
221 1115
459 991
540 1106
23 975
406 375
338 626
247 495
299 289
881 1095
496 473
926 928
1012 150
300 427
537 672
761 1017
333 974
919 426
523 171
722 1052
269 802
1007 1068
791 177
725 628
849 363
503 943
692 594
800 683
777 538
810 892
764 180
287 178
568 823
426 320
982 646
1073 912
98 609
20 871
473 335
178 12
622 191
522 829
174 149
496 130
420 176
983 457
828 254
70 699
981 52
687 474
973 942
399 180
416 773
244 592
793 928
947 709
290 351
882 109
439 60
977 925
361 926
156 728
225 230
436 1025
539 613
108 416
991 363
1019 720
79 742
671 1039
1013 798
197 1051
818 353
503 343
512 432
757 341
995 236
543 976
246 469
158 656
818 122
314 836
941 431
796 430
101 1054
989 793
706 471
198 980
199 906
353 517
745 343
259 67
666 421
202 475
415 306
405 556
333 617
306 846
550 855
416 86
173 17
886 347
442 526
1120 583
1098 1074
88 268
359 553
502 797
789 399
860 543
454 881
171 992
852 826
539 391
309 942
362 1100
79 427
50 1004
674 467
261 764
556 96
964 38
227 785
612 476
733 755
500 453
881 215
990 113
932 241
572 908
748 1023
546 637
16 738
882 498
802 880
979 620
310 527
877 859
854 870
1012 807
889 982
644 472
171 954
601 1003
101 346
607 901
594 881
1032 461
984 751
1004 661
517 285
369 648
593 493
795 508
881 546
642 887
626 1093
163 602
472 833
500 1042
202 894
187 325
198 302
4 583
370 487
265 255
770 882
818 246
313 411
1079 846
206 743
706 5
336 516
441 438
549 61
998 1010
790 1023
72 498
643 633