712 929
539 615
102 615
625 201
807 986
673 347
762 359
907 402
566 547
318 113
57 399
551 391
144 594
245 746
773 74
839 475
536 503
302 218
514 714
459 557
1014 796
567 1077
793 866
940 360
1096 671
1068 861
432 716
605 85
542 79
846 280
368 260
461 632
147 704
254 824
606 389
509 127
542 830
401 256
370 111
443 934
573 354
461 312
491 924
319 69
717 710
1109 780
1064 276
570 1073
992 663
432 551
744 406
879 296
273 998
293 521
892 790
572 692
1016 246
1014 501
80 825
574 192
576 881
48 1105
917 474
575 879
155 211
243 143
962 905
963 398
225 1013
398 1020
846 412
700 250
289 324
866 770
376 204
505 301
738 535
947 293
1088 897
1077 152
696 1051
40 345
491 134
676 795
373 323
436 298
322 98
993 638
580 946
277 883
907 893
69 761
661 759
849 655
303 981
709 1046
667 793
570 875
554 437
764 823
460 527
236 379
799 452
424 525
869 712
488 546
42 627
477 290
512 290
1064 265
619 526
196 593
240 115
177 849
689 282
308 840
484 236
919 591
637 564
942 1037
1068 208
356 901
827 613
178 49
339 456
253 2
765 836
365 943
1111 451
1106 590
15 901
495 931
208 198
171 767
436 485
230 616
261 209
606 966
487 191
739 631
630 138
240 604
235 959
610 589
604 222
235 845
836 508
213 58
628 936
591 651
908 682
153 253
584 337
629 252
735 215
965 573
73 293
371 428
447 381
170 378
387 751
447 692
944 898
468 339
392 608
957 1090
333 128
398 189
770 923
795 353
242 469
865 383
884 811
397 762
479 267
334 693
637 941
182 717
539 351
784 857
356 630
934 732
367 836
739 305
25 950
1079 218
743 737
447 199
807 588
553 769
373 171
1019 181
748 926
1083 865
846 420
755 178
884 259
420 1034
602 405
927 986
414 106
583 880
288 803
742 716
330 1072
43 136
392 753
456 788
573 702
375 373
1079 428
226 626
608 977
312 873
839 409
714 867
646 383
990 395
1108 450
625 161
445 639
307 1061
288 894
942 53
845 817
395 1043
295 236
294 213
953 267
113 446
124 548
877 565
235 604
214 292
1003 487
433 642
296 737
50 737
228 128
86 863
975 419
614 896
455 996
457 825
785 469
836 533
146 680
858 695
923 938
228 803
316 698
823 131
444 151
968 718
766 884
540 211
362 808
304 649
893 668
1006 571
741 1015
658 160
178 364
548 206
621 624
853 895
625 374
3 508
955 125
954 944
821 297
109 288
732 410
1066 594
755 575
323 836
226 830
523 637
802 464
894 620
408 824
958 495
833 778
914 308
243 263
49 123
337 928
619 162
188 753
933 517
599 1012
560 955
490 813
910 1007
732 474
326 623
502 201
282 142
877 1065
1100 553
130 509
384 700
1019 492
780 960
101 998
736 456
507 226
152 265
487 395
459 132
1014 562
695 450
702 619
155 290
67 483
932 552
854 476
144 823
601 85
245 272
453 413
300 774
677 239
390 149
676 655
861 834
330 641
313 715
820 965
848 194
604 1044
682 154
181 1008
839 959
212 665
1087 625
255 755
712 292
1015 268
770 967
632 961
710 783
911 451
919 1018
768 384
715 40
40 686
989 225
1001 149
206 887
980 192
72 724
899 637
517 780
560 21
369 1031
541 836
788 213
301 973
705 747
1058 68
758 285
112 629
334 629
57 141
525 1094
770 219
902 116
149 740
1058 838
672 731
961 841
918 348
481 926
236 452
854 815
898 375
346 134
1010 247
124 361
237 231
971 700
388 206
648 100
513 720
624 793
823 613
790 574
715 587
344 707
1012 445
839 716
836 902
624 619
911 142
390 20
169 278
296 202
740 134
848 263
900 314
465 877
189 758
791 302
380 987
593 780
653 884
563 1065
468 340
445 999
1016 1123
450 190
161 414
915 1103
808 513
1015 185
496 904
1068 681
1018 470
941 951
593 448
1020 263
175 509
225 431
367 362
716 607
508 926
311 833
973 714
23 140
378 972
116 876
750 577
656 312
462 822
323 98
410 1004
186 1014
1058 735
185 453
1115 978
885 973
730 628
1005 659
325 57
923 910
832 526
212 337
538 322
188 128
697 754
284 630
831 518
1025 161
686 460
996 723
225 851
636 506
396 229
352 253
293 369
262 337
676 940
922 738
105 1069
385 1001
420 509
516 378
512 655
350 831
539 226
584 833
662 1076
970 537
561 271
831 438
1045 941
642 157
333 155
351 136
829 558
928 858
437 696
1123 205
133 168
858 727
1074 618
676 376
988 894
285 199
441 420
1003 87
646 635
352 710
771 309
340 682
580 1003
740 542
213 617
798 470
543 150
726 387
697 800
202 991
737 441
500 91
116 961
458 808
922 901
478 214
910 385
472 432
541 911
787 443
813 162
477 510
896 741
391 1036
810 301
1102 222
140 302
942 443
930 775
878 192
666 874
356 966
918 787
290 514
851 526
344 250
419 190
845 683
498 217
111 423
715 13
470 734
864 675
993 130
995 970
104 221
851 321
921 607
579 524
640 246
364 1009
731 801
409 1075
209 499
943 510
533 965
710 788
97 1094
363 256
531 470
1023 308
183 823
895 587
360 445
1021 26
761 185
791 1011
514 698
821 347
850 826
805 512
257 591
225 180
341 894
916 302
463 445
702 606
667 796
568 48
789 147
428 214
1008 724
760 824
500 909
137 683
217 854
118 616
957 898
1110 821
838 241
127 1013
973 867
744 299
7 398
665 1055
362 426
632 247
984 1076
343 666
60 576
276 866
492 706
1016 313
206 250
252 757
733 255
536 413
274 143
397 534
262 799
333 337
218 893
138 800
346 335
960 739
350 1022
182 331
374 807
870 1079
325 662
619 592
960 731
1051 718
389 663
670 116
591 536
186 1111
643 865
72 888
146 500
787 550
262 140
54 398
541 782
0 901
21 710
106 880
654 453
732 1071
901 501
953 741
471 241
271 368
480 197
923 552
231 700
568 656
923 498
742 911
460 808
109 673
859 471
835 358
334 647
639 779
785 608
352 7
684 230
400 114
793 400
972 285
211 17
1027 453
839 1019
413 448
231 776
147 733
791 277
445 922
861 905
880 550
552 193
33 524
1120 267
265 576
314 579
161 816
263 603
560 240
939 1005
452 254
789 108
809 1007
215 133
289 287
1006 819
664 874
1009 510
534 657
462 925
154 129
582 251
516 472
611 909
140 695
1078 210
633 919
131 956
904 968
530 626
821 382
395 843
453 190
753 769
357 982
766 687
559 220
926 325
860 348
662 874
861 836
527 301
557 595
409 756
794 528
610 480
578 616
1059 33
160 236
834 178
880 229
645 381
272 385
114 228
208 892
251 768
748 525
539 76
584 316
824 925
136 623
174 467
512 1020
342 209
182 314
1113 553
102 555
304 1057
385 938
982 843
394 227
58 408
898 922
577 500
1034 208
304 64
354 140
211 297
216 470
534 717
265 818
500 443
623 606
358 802
983 230
285 138
721 949
552 607
1 405
1070 524
964 772
516 78
316 551
158 851
192 691
768 412
323 217
871 1108
451 523
538 914
588 732
645 648
749 707
767 650
223 724
265 703
732 119
348 1040
659 163
722 712
849 680
285 317
719 283
151 89
458 653
105 954
394 822
883 813
262 402
354 641
659 513
696 786
12 980
997 686
785 493
355 655
612 677
466 357
516 989
147 772
92 782
700 727
451 1011
402 97
68 621
63 960
752 627
674 270
434 578
258 975
656 908
818 642
815 1055
780 431
668 935
783 972
841 866
791 662
497 433
947 13
271 659
747 232
928 192
593 251
152 583
924 710
26 325
711 873
300 881
239 300
494 67
741 921
721 169
883 608
230 572
607 753
79 524
1057 788
830 275
1035 995
389 946
90 401
601 675
754 786
418 1061
227 866
690 534
218 852
340 1043
985 311
140 407
116 619
301 943
648 122
958 483
1020 268
320 934
362 984
796 856
460 895
857 769
318 795
396 779
214 790
442 1051
1104 941
190 695
493 774
335 336
509 391
900 950
1096 573
731 843
173 151
586 387
518 377
664 591
1103 601
548 490
164 562
772 1000
225 101
1071 1065
754 390
1086 746
301 209
728 567
634 801
941 971
459 291
465 358
549 44
809 310
288 903
70 760
155 805
152 561
193 712
201 47
974 542
387 439
289 702
902 317
730 861
286 527
531 375
596 528
180 612
83 499
207 907
182 864
756 933
16 98
893 573
647 671
327 919
420 388
737 952
494 880
332 924
398 603
1095 487
955 263
851 677
622 911
1058 341
796 968
802 155
858 388
619 178
1021 768
900 902
1067 340
884 57
249 809
572 771
357 501
14 880
518 239
566 851
274 999
567 130
805 888
820 749
664 1017
402 511
787 590
218 300
926 190
995 228
1081 1020
815 922
611 364
405 858
689 629
1094 556
520 290
641 289
551 827
765 902
136 508
588 283
809 566
560 665
135 149
143 467
171 934
432 748
936 900
738 45
772 801
479 792
742 362
798 701
731 885
151 843
916 693
1054 1102
231 474
621 319
13 145
115 571
312 284
290 863
1061 586
508 732
948 1013
654 1097
757 741
1013 690
922 657
375 855
611 331
176 722
766 848
817 98
984 251
574 542
402 775
374 732
552 59
909 941
591 832
854 715
685 956
621 54