306 557
1037 812
458 665
1009 638
454 994
366 678
176 411
135 788
401 113
526 686
276 719
474 866
242 531
481 877
694 849
872 416
776 982
929 930
461 337
32 811
82 1008
523 551
849 602
422 413
719 894
259 584
199 854
184 860
114 394
898 730
457 364
433 331
187 974
172 541
1011 163
948 739
857 512
519 889
871 347
731 792
135 703
1093 862
850 763
830 939
935 934
108 1050
581 189
567 684
457 770
583 279
412 984
430 268
1105 409
43 96
1050 498
9 254
1121 397
125 437
196 717
594 202
1120 25
813 460
353 557
183 976
709 1108
1018 1014
457 158
925 278
797 503
352 848
915 666
324 294
381 1118
462 277
644 337
413 610
645 258
454 202
503 719
665 892
575 944
334 704
776 42
898 508
488 736
716 855
568 174
314 945
707 110
519 806
1076 209
577 625
853 443
940 477
206 862
432 316
1003 252
761 210
394 534
1004 72
788 594
782 606
178 665
974 332
547 466
745 721
963 721
814 606
430 962
769 378
926 772
677 1037
530 129
249 143
816 838
476 304
840 416
23 324
490 191
628 244
161 355
674 765
1089 762
201 220
727 704
588 627
1071 574
563 451
302 265
972 563
376 179
226 969
952 312
390 264
583 370
979 766
645 457
983 658
942 629
825 286
24 605
21 174
1097 820
451 928
236 311
389 900
116 390
253 589
448 381
76 125
144 629
577 918
764 427
1041 599
834 711
547 374
697 577
741 268
772 13
553 1038
676 950
500 889
587 499
701 151
520 1002
264 657
591 980
378 883
932 321
793 983
806 446
502 844
1102 989
324 999
569 755
630 119
271 848
819 237
604 509
292 815
420 595
769 300
523 846
36 47
870 181
946 376
264 894
792 8
316 381
441 956
926 524
434 570
975 1097
203 423
913 958
45 165
269 935
607 335
75 912
949 45
503 207
553 291
1041 179
173 275
569 1062
1107 1118
940 897
742 140
654 939
1106 508
17 492
579 836
1013 398
629 919
505 189
782 167
205 309
453 351
658 1020
606 980
158 414
173 898
252 709
282 904
534 510
339 728
204 788
85 130
385 329
1067 824
572 423
478 946
898 622
1038 628
889 461
407 457
548 467
694 49
660 521
853 354
557 395
325 672
1002 638
388 412
250 436
191 769
636 662
518 175
653 759
45 873
912 386
445 26
781 721
246 772
414 546
918 823
634 535
943 831
291 909
1078 300
554 412
1100 216
801 866
28 507
449 754
708 714
925 143
1019 963
591 612
500 602
544 310
217 247
937 300
1050 537
991 303
623 735
719 446
839 480
499 131
333 1046
712 268
579 186
106 335
242 781
304 895
1080 549
644 366
827 135
413 467
526 42
630 670
1067 854
511 418
578 597
122 860
764 137
573 616
975 357
181 567
883 129
942 255
5 561
928 647
452 1104
876 979
580 824
784 771
367 997
728 450
549 1092
319 90
924 116
568 180
301 593
56 646
448 784
647 232
79 458
574 223
893 696
785 626
175 379
686 83
581 723
517 524
631 776
200 122
624 801
501 579
937 390
794 1031
896 301
217 135
375 989
661 637
792 554
952 954
108 348
182 379
693 799
718 1065
344 357
766 966
454 689
192 816
107 75
691 191
991 65
663 355
172 883
413 649
158 46
185 308
163 961
722 389
1013 336
122 449
493 320
586 883
723 465
861 545
598 619
755 379
868 435
261 408
842 997
622 792
512 328
717 902
794 516
360 337
642 157
943 124
308 906
626 214
625 382
160 877
570 492
162 737
537 928
603 323
606 507
736 995
231 674
534 858
73 494
858 40
732 26
1052 514
705 277
576 326
841 1037
582 768
856 213
960 284
1057 338
625 278
112 67
171 470
550 676
573 342
952 338
870 504
276 479
937 1018
229 222
122 133
631 29
821 144
1018 402
389 494
871 580
339 414
1033 264
71 760
635 951
910 228
240 46
990 214
170 110
115 39
139 1006
810 162
520 991
606 821
426 903
537 671
401 735
861 359
945 846
892 783
971 66
590 616
889 950
857 893
685 661
748 996
663 439
439 1044
773 461
362 1093
460 188
341 287
460 428
471 733
495 537
771 677
950 331
367 719
730 773
1022 142
414 144
253 293
169 662
137 344
630 701
375 748
590 572
487 75
250 731
662 531
332 560
994 962
644 353
783 1022
681 111
1095 1061
908 398
226 376
840 916
488 711
283 476
367 606
113 205
560 536
390 695
232 687
1103 329
130 472
410 162
504 735
628 879
147 503
504 690
948 32
1106 618
347 974
683 178
320 278
388 695
561 96
150 838
898 90
443 918
572 815
933 703
516 760
430 462
938 901
511 561
873 504
1102 999
876 975
460 865
752 442
874 257
720 180
981 337
449 699
900 565
838 804
786 830
158 721
994 832
284 414
522 166
26 461
463 397
674 798
885 581
710 578
909 182
311 1054
940 970
419 380
145 361
666 149
772 803
770 435
150 1073
345 905
491 957
36 675
830 944
870 513
191 453
266 856
884 413
1076 606
510 270
466 218
856 192
511 885
927 856
3 616
850 887
9 117
561 735
1070 582
268 564
222 530
685 586
516 452
168 508
313 189
628 1084
784 698
628 832
108 246
587 579
435 372
927 281
917 728
1103 270
807 819
514 645
883 77
460 58
544 172
398 987
269 1068
954 1040
811 606
205 646
43 619
349 596
953 481
261 690
603 471
492 737
761 714
777 1016
909 554
147 1023
126 712
277 325
560 522
149 542
202 970
952 110
611 507
807 490
833 117
779 119
156 624
533 658
223 692
327 777
629 947
667 513
6 705
125 514
217 927
781 843
145 197
918 363
428 389
742 881
931 572
314 625
289 708
817 167
557 1025
165 192
945 29
653 678
680 590
595 533
306 440
299 386
108 647
151 969
766 293
769 972
172 508
459 201
688 301
723 885
1063 545
822 24
1003 130
511 677
524 746
959 843
618 763
247 842
23 575
1050 212
897 740
801 1035
834 637
707 328
987 212
888 700
921 244
119 984
585 234
592 364
1106 185
613 234
738 144
120 982
742 918
335 506
317 73
1007 950
1098 581
635 787
696 142
906 1035
419 1025
15 30
917 235
887 129
838 614
944 474
728 834
505 877
1021 971
663 331
666 743
753 619
880 351
124 562
369 393
376 90
561 282
871 116
469 347
219 968
301 903
648 260
1053 915
700 408
788 449
546 518
368 103
582 94
413 658
540 608
869 313
596 384
103 445
872 672
531 820
753 648
821 629
663 335
649 714
527 724
495 484
847 966
887 794
607 14
979 549
376 386
707 763
560 193
757 587
664 814
854 1099
96 816
708 472
257 165
900 311
727 969
770 445
213 873
296 638
773 647
972 2
401 50
989 348
613 553
963 1075
790 921
1094 156
255 839
900 88
941 233
431 992
186 884
918 656
219 608
1097 188
224 525
222 591
1060 1080
378 401
764 886
818 558
850 235
331 96
776 348
535 171
457 520
624 389
293 808
241 616
732 802
596 15
344 238
983 309
90 42
610 566
1021 305
488 6
622 1046
365 611
796 611
356 334
406 1001
969 438
127 216
1116 374
648 383
511 269
277 464
210 1115
566 834
349 382
367 747
539 630
461 1016
308 719
579 972
474 611
868 755
536 381
237 374
20 868
952 758
1060 539
1001 93
534 778
787 759
307 263
808 748
705 1042
410 408
264 458
391 222
319 663
626 174
783 1015
856 352
643 623
340 673
809 333
915 215
493 12
632 50
1060 16
885 814
756 904
669 944
465 152
403 136
986 127
529 802
189 921
457 285
643 434
883 329
1000 608
910 134
522 997
1006 986
657 418
76 748
462 642
284 655
695 16
518 1053
499 162
640 279
457 930
583 758
1099 716
783 474
280 433
954 988
701 927
765 727
864 300
436 826
1021 640
438 30
483 517
581 1031
278 29
270 598
157 346
731 819
435 238
137 545
1073 330
796 117
942 513
812 529
914 399
950 687
996 215
243 1021
955 880
397 174
447 914
513 454
888 882
971 816
1010 14
618 417
715 80
190 771
157 341
818 625
648 466
601 916
887 272
858 579
744 151
908 971
2 573
930 401
642 392
100 375
430 1020
826 806
830 1005
914 548
626 1025
268 222
496 454
664 385
850 158
371 239
627 569
285 463
739 661
307 731
747 328
361 687
718 697
384 765
706 670
236 395
638 622
461 577
420 1002
183 1075
929 1028
722 851
866 899
231 302
111 833
773 591
475 987
675 255
862 230
714 920
847 651
413 212
103 1028
463 210
114 839
911 1121
840 727
456 799
991 1047
6 706
928 747
1112 916
290 195
985 742
482 200
949 981
685 476
611 692
750 44
1095 119
412 254
983 603
375 221
522 153
401 969
138 302
527 1081
123 852
552 465
472 459
578 289
431 695
676 547
187 966
144 842
385 312
1049 1004
538 390
498 749
30 595
479 922
754 710
565 421
977 660
678 1036
995 994
171 955
831 268
252 339
899 1116
735 587
166 896
520 823
302 583
773 143
140 508
947 947
475 1011
100 405
67 1117
706 1010
580 1073
755 705
750 964
894 607
620 1020
577 788
264 325
563 521
285 623
749 1014
371 380
948 1084
185 271
582 144
858 920
469 888
770 641
595 855
925 830
1008 36
331 967
1004 590
566 879
617 21
493 513
704 574
665 789
1034 349
756 681