951 505
831 103
397 513
542 712
360 246
242 609
800 651
424 661
486 920
347 1001
760 735
249 455
396 475
1062 747
662 320
150 517
210 392
611 690
878 283
974 1064
227 676
591 226
890 228
639 1116
529 159
40 46
934 847
986 159
448 933
961 291
581 558
213 712
763 881
951 492
498 669
1062 146
230 117
501 210
304 962
342 866
318 338
392 854
283 651
171 392
172 574
1005 567
821 518
411 936
371 154
708 506
154 400
31 959
289 695
981 771
460 1096
166 758
849 1115
866 421
591 665
979 1034
264 318
222 526
814 515
952 561
288 749
785 838
205 515
963 618
792 799
120 627
468 803
593 780
375 1121
197 167
875 161
757 887
344 517
379 903
168 955
564 1062
583 784
1063 936
682 810
379 223
855 840
101 513
274 747
519 769
334 1035
434 610
893 526
126 462
388 3
731 421
299 872
1048 474
309 906
398 805
411 308
202 801
346 564
37 30
845 158
354 457
228 514
52 287
302 830
215 149
77 688
1117 310
800 405
108 972
720 872
735 1114
303 872
747 712
825 690
64 285
1101 526
970 849
571 31
466 676
742 934
804 598
973 914
696 809
285 925
567 261
894 237
876 635
910 904
997 268
464 757
317 448
826 824
378 739
105 519
1075 250
1102 965
462 247
333 493
953 873
747 936
130 1007
117 739
757 769
160 688
1007 629
456 640
933 828
443 751
71 108
232 565
133 682
596 227
508 845
225 462
489 178
211 992
596 111
891 498
237 964
397 148
646 854
783 673
1023 607
730 876
922 194
674 847
169 411
778 113
345 542
346 358
975 617
411 758
940 116
1079 961
113 557
829 515
1085 113
267 986
723 274
926 720
141 350
202 845
521 1079
366 846
812 434
670 93
1006 250
653 158
175 735
340 506
593 1028
472 407
700 302
770 632
171 316
528 324
1103 228
187 746
558 738
930 705
380 103
283 753
224 878
368 798
840 155
184 643
203 816
838 134
160 443
130 1023
525 926
1078 981
411 668
351 842
862 456
277 988
948 347
936 774
212 967
443 512
393 1035
886 582
776 328
327 977
233 917
1030 321
897 405
633 577
792 563
521 840
231 13
814 990
823 448
636 992
709 978
168 767
633 930
982 1064
762 6
763 199
151 836
933 520
400 405
449 144
163 305
177 378
903 734
999 658
336 968
881 779
276 663
1022 817
288 251
244 21
176 482
811 688
862 1087
1113 623
856 684
471 211
420 1093
111 538
273 94
1023 1020
69 71
786 203
752 186
389 848
136 936
656 496
637 962
157 441
536 480
825 579
1108 707
961 851
244 740
571 797
517 698
198 236
897 164
1031 427
436 830
773 646
951 429
402 167
1096 273
771 236
600 174
573 904
172 698
905 206
707 156
394 47
1099 789
364 616
877 252
52 752
111 935
694 731
437 370
842 797
432 436
563 1001
941 193
1017 433
630 910
181 332
114 181
1026 293
721 26
81 624
522 238
593 39
163 699
272 513
865 351
525 316
948 534
767 588
536 683
597 460
898 587
943 479
817 861
672 407
1114 401
413 248
425 769
738 506
707 818
299 575
576 640
149 747
403 283
677 74
215 358
177 386
910 783
861 745
697 541
765 445
179 0
608 476
491 636
539 957
114 20
1071 544
115 851
975 755
1091 414
1055 80
593 466
985 1013
385 1114
649 147
813 740
179 449
189 177
323 527
633 435
472 1006
413 834
116 862
480 396
532 157
843 311
908 360
459 1118
529 824
900 1044
634 774
405 548
751 314
101 877
1012 1009
737 931
421 294
545 683
323 99
1006 651
282 143
38 670
948 543
158 519
970 783
746 1062
280 620
759 174
506 720
847 535
1092 750
932 416
135 325
37 343
402 492
626 954
839 435
599 185
103 938
723 922
1062 392
59 630
715 70
132 457
539 283
169 156
372 872
845 932
816 828
804 967
1051 544
531 766
46 911
455 913
341 165
114 155
530 1052
1022 239
443 155
214 215
501 754
86 708
226 368
995 517
746 897
179 129
676 436
398 870
330 428
385 143
1118 144
386 155
491 1083
700 374
272 993
828 837
702 383
448 339
760 525
879 617
495 420
763 848
103 813
800 121
841 177
174 379
234 629
473 701
839 909
252 501
434 109
759 1117
1005 376
268 595
116 93
1016 547
685 335
112 441
730 1056
466 633
526 328
640 587
337 372
964 617
996 211
893 890
9 726
700 736
794 869
679 526
384 914
903 305
1018 552
1017 135
839 201
1046 687
173 246
6 106
955 214
427 776
909 739
635 0
157 799
306 169
701 576
952 522
1011 180
1059 880
420 984
333 903
645 689
693 808
290 455
210 444
296 892
575 518
393 285
659 590
631 367
720 556
42 1071
868 1103
309 834
981 317
710 519
453 449
444 991
672 876
665 768
447 173
257 213
913 610
290 497
951 1
413 245
629 581
165 587
117 965
382 525
739 652
168 371
1098 848
388 455
118 410
106 808
387 659
236 667
498 488
987 178
1074 677
472 200
760 790
1018 620
944 853
245 89
154 291
606 1080
881 210
213 687
552 999
1121 523
539 390
59 740
779 795
584 868
714 511
273 544
199 550
649 395
227 260
116 847
445 523
971 28
437 1017
215 897
853 849
922 623
154 623
276 95
680 909
613 890
934 154
430 544
515 215
826 269
849 608
355 794
533 973
937 973
510 697
2 376
708 289
1118 91
346 565
921 530
816 354
218 187
283 314
729 240
103 625
930 653
226 939
248 985
361 218
336 87
449 293
1054 351
476 134
243 280
912 719
432 287
277 1
215 678
1040 876
313 695
418 694
699 1088
1025 751
860 1024
36 485
554 583
153 805
627 465
306 801
930 333
904 504
643 208
1015 723
68 268
364 108
309 739
271 898
658 546
437 1110
63 234
687 908
224 804
365 159
729 770
1016 925
512 1059
107 405
577 209
681 1091
1022 950
345 603
567 114
341 436
300 599
902 132
385 138
1070 407
630 19
1050 381
617 249
309 669
111 707
395 64
826 1067
310 684
411 960
808 105
870 876
1099 726
55 762
763 806
227 963
778 386
1060 342
621 422
1049 842
296 980
797 274
677 961
54 768
885 202
856 863
280 168
106 675
81 969
349 210
350 991
691 958
105 1078
707 561
809 986
546 540
588 478
753 603
738 959
1021 683
507 532
898 601
100 732
427 410
412 982
765 518
242 378
459 418
505 497
137 108
1063 178
333 1089
522 394
826 358
581 65
143 417
68 788
731 966
308 402
913 120
378 105
1023 798
645 960
345 665
1055 709
604 444
158 141
993 995
587 610
846 56
183 497
780 290
184 961
213 741
500 909
324 870
303 780
786 213
830 1078
831 969
194 805
1102 939
732 852
501 349
822 261
232 796
22 664
996 76
203 754
854 350
328 1113
812 881
274 974
480 960
450 228
244 926
234 855
937 26
360 151
179 1080
563 418
648 407
403 219
679 62
394 406
512 219
856 563
978 87
732 879
420 103
794 149
375 887
797 827
840 590
613 652
354 317
405 963
714 820
278 1011
541 1025
521 783
378 770
943 1085
956 452
498 887
246 484
461 784
402 69
1002 302
555 979
396 804
889 691
517 361
1014 699
109 1015
487 758
674 725
1075 381
317 1118
211 733
913 904
946 621
390 314
524 784
785 801
761 469
910 584
194 962
958 989
96 113
1003 1091
579 218
861 1088
21 498
1003 127
576 727
871 747
580 650
878 319
1077 406
353 456
196 478
132 438
948 679
1065 238
556 736
461 826
923 211
335 701
283 529
161 646
905 716
1103 0
81 950
873 805
229 716
413 694
607 111
855 977
1031 619
143 926
402 144
21 280
717 522
68 436
861 1043
605 964
440 708
1034 310
1035 454
480 243
1100 910
398 422
774 333
989 519
403 278
993 306
875 745
285 932
155 852
677 142
55 265
1115 435
723 598
928 584
235 321
506 244
818 45
763 760
549 795
847 616
705 78
191 733
749 852
540 467
339 210
740 690
1105 665
1005 832
420 597
193 927
137 515
546 750
343 433
591 712
660 929
848 51
407 1065
792 314
605 1077
861 640
911 800
528 904
155 620
1000 597
242 958
640 112
350 944
351 648
668 632
1011 330
140 299
615 771
830 620
140 509
356 1018
504 884
190 625
1084 372
766 554
307 218
133 778
64 807
512 1091
312 493
359 629
105 900
111 327
163 927
686 1035
866 646
1024 742
370 724
936 309
783 583
948 891
501 366
708 70
303 859
1001 1011
280 67
249 686
830 831
550 1079
1017 957
128 814
56 1052
1039 451
807 168
525 692
982 1097
982 927
206 976
857 565
941 966
44 345
225 691
379 483
218 792
1022 648
330 614
474 508
255 269
964 920
297 795
485 604
248 532
349 373
941 1035
907 616
497 139
112 666
354 323
451 776
673 195
589 381
555 51
918 20
2 1023
418 496
118 323
664 821
186 867
987 366
563 253
802 297
867 240
215 1087
734 892
771 251
608 198
973 667
197 899
762 530
263 857
951 1070
707 8
62 416
196 202
314 851
335 742
711 948
188 805
72 754
828 294
282 424
474 630
980 936
908 63
384 564
373 806
746 511
234 580
391 230
435 774
728 186
418 942
928 247
941 178
695 891
42 459
903 757
123 312
208 1043
359 1014
399 269
992 230
331 553
944 779
467 1032
648 1039
131 419
882 318
694 282
21 695