414 478
456 571
375 784
422 914
489 366
710 246
769 703
512 892
387 942
539 787
388 1001
346 545
446 173
583 322
106 133
500 686
1070 959
1002 811
248 420
543 997
458 871
539 621
743 187
775 952
365 441
351 879
348 344
705 412
470 205
537 146
256 77
699 1090
296 735
1040 811
840 17
822 740
491 537
843 926
798 336
153 520
905 310
972 975
1062 270
841 632
594 488
223 201
554 483
837 353
248 851
102 1031
7 836
212 214
916 1095
821 852
574 699
606 362
779 139
923 909
548 942
9 779
470 429
835 750
978 67
154 409
835 500
812 738
437 893
862 484
13 1022
624 989
687 400
710 402
323 545
721 114
700 651
204 793
406 431
695 468
350 102
963 69
631 441
180 744
282 517
157 779
682 12
804 63
505 779
796 95
474 864
967 594
352 289
1019 1069
138 938
67 63
760 596
770 346
1085 331
1083 606
742 781
666 403
955 95
452 159
324 500
7 794
910 240
948 1049
1070 415
8 264
646 320
207 444
1094 451
944 666
566 770
276 782
41 625
860 4
808 729
313 170
536 1109
772 19
840 888
278 555
656 440
656 916
334 26
834 391
274 845
1022 481
108 390
892 638
908 292
106 848
797 124
414 431
733 1054
241 457
857 930
620 117
533 906
508 827
302 260
453 168
291 416
742 929
740 895
964 954
701 515
688 747
370 916
674 943
540 579
213 328
871 245
469 602
701 756
413 703
71 52
427 595
417 220
782 696
847 917
304 389
805 771
467 61
864 426
294 196
251 236
643 212
308 440
166 198
744 396
1028 818
831 198
892 803
628 982
725 1094
852 96
778 489
317 704
702 193
445 728
735 436
948 576
398 830
423 532
616 815
350 653
561 733
427 314
959 35
708 1040
935 468
338 183
823 657
643 645
722 343
707 573
206 439
781 105
937 419
835 432
52 412
231 229
417 253
648 825
755 394
441 470
679 943
247 452
289 928
961 927
992 987
340 896
380 980
992 98
177 310
1046 981
221 183
499 330
138 319
636 690
467 546
955 615
712 461
678 61
237 800
445 789
935 704
902 948
881 806
1091 10
995 1043
635 845
161 88
594 726
327 70
253 632
136 768
434 176
781 906
847 539
776 347
841 874
248 441
671 781
308 715
512 766
679 108
38 156
373 247
452 830
234 458
294 776
1084 934
358 148
125 934
630 308
153 374
572 486
532 728
893 788
334 683
734 870
848 869
359 587
737 201
945 158
258 734
930 1001
94 482
288 356
1057 937
423 677
197 155
1094 346
676 901
171 1004
582 919
405 788
647 553
486 133
110 873
1034 426
912 959
727 790
782 558
198 101
768 821
350 784
372 658
559 325
918 670
897 472
331 701
285 305
135 506
879 110
630 672
117 496
81 128
756 446
701 850
385 546
547 403
431 162
723 353
566 177
41 299
439 797
242 744
526 975
719 932
474 144
700 1043
348 460
188 376
829 393
651 300
794 405
658 803
1090 255
964 209
189 199
940 243
932 984
668 102
320 566
624 398
351 884
443 971
413 103
217 106
638 376
999 942
343 1045
58 577
823 929
560 556
556 940
646 575
1014 187
127 573
235 685
127 478
727 992
763 113
162 231
481 228
371 807
476 416
994 490
56 110
603 338
195 87
1065 913
156 375
341 595
1000 393
391 479
1005 800
376 797
433 973
705 628
70 478
820 100
27 537
738 428
153 819
500 502
164 572
541 82
503 258
463 812
864 105
556 881
963 222
795 945
553 500
548 165
282 816
953 170
813 544
862 88
614 434
587 487
696 547
688 1023
542 297
697 434
366 780
322 951
127 631
505 169
908 723
202 806
730 27
535 603
272 520
224 962
678 708
357 973
231 466
402 543
509 137
347 879
155 618
354 46
198 346
232 72
286 414
539 256
487 9
1104 798
895 662
655 998
610 736
240 959
220 499
660 1019
507 1055
765 443
968 275
898 436
313 750
1046 344
710 974
959 738
166 610
429 157
1113 341
595 765
674 499
530 550
959 300
636 595
188 339
540 607
112 455
1115 593
967 411
638 129
977 827
6 621
414 652
795 126
1061 521
180 468
103 390
182 971
885 808
364 1050
490 398
630 296
552 287
582 619
17 967
307 874
870 334
280 681
647 1009
376 107
875 831
58 621
741 998
252 20
360 652
546 558
144 567
693 408
793 995
346 493
262 799
539 348
600 975
21 1015
311 798
366 522
693 954
333 987
256 265
943 922
957 259
136 129
435 183
251 377
439 193
862 733
327 997
993 289
741 180
365 417
1102 10
111 1002
83 774
213 385
355 1099
281 404
547 49
701 752
603 479
258 566
163 132
668 621
196 866
877 540
52 983
176 19
713 398
921 647
281 864
507 903
1063 620
349 765
1019 610
232 652
144 163
289 435
614 944
971 498
166 925
271 698
841 975
1118 803
424 497
915 423
496 465
741 441
169 609
491 504
560 861
91 1117
603 331
132 1071
391 1041
610 488
406 867
923 1119
1038 597
24 971
851 1074
716 674
1022 722
1020 599
540 901
107 818
871 936
189 805
452 446
466 570
143 437
507 375
975 573
333 309
1036 479
460 956
956 216
874 407
482 300
489 972
440 187
505 704
463 652
886 1006
752 741
1053 268
517 931
749 455
720 808
933 6
622 472
932 680
768 282
344 47
396 435
914 636
550 253
686 379
586 754
902 382
398 595
568 555
344 1086
0 683
426 475
447 918
310 982
798 172
903 12
498 17
670 522
609 478
65 179
580 523
321 832
589 803
511 366
863 306
606 244
236 544
370 50
144 622
702 817
76 553
548 454
208 743
518 1049
1020 1094
567 69
648 1030
61 449
147 578
1004 917
766 1001
886 981
730 718
794 887
486 345
1085 209
732 820
533 143
362 599
302 493
845 330
274 28
962 215
643 634
800 582
546 80
1005 134
1047 32
848 606
425 759
470 219
510 414
408 136
449 997
564 10
425 251
891 307
849 877
571 885
576 85
229 397
484 743
761 144
616 368
423 790
1063 570
349 894
811 641
839 198
731 342
279 207
884 135
174 1114
401 164
569 648
155 570
888 10
730 716
60 812
926 140
935 149
755 384
121 394
773 1121
689 522
960 1097
589 217
1100 923
493 699
768 331
162 329
761 945
66 160
559 476
683 156
250 417
1001 227
275 380
264 903
374 1062
406 521
263 993
751 939
89 726
834 810
510 1008
1001 173
834 1024
956 120
1099 32
855 365
715 892
371 561
400 333
317 958
458 424
470 49
695 1110
246 922
878 824
724 477
194 392
133 95
67 303
868 186
916 96
550 395
1068 361
367 340
275 572
923 500
809 257
801 906
747 1088
120 531
638 682
971 798
666 896
784 821
575 72
972 653
721 910
1062 640
332 217
995 114
450 345
560 20
470 917
927 802
935 39
111 191
550 787
1008 41
711 149
741 968
127 276
611 794
715 787
173 525
179 437
825 489
572 192
483 965
441 608
784 571
228 227
1009 326
685 603
329 263
1022 348
748 192
841 473
840 906
334 746
553 449
674 570
888 834
775 166
344 686
593 920
836 330
569 519
540 335
221 1010
223 655
864 385
121 1011
715 766
677 259
156 756
724 843
116 5
983 569
2 648
635 376
816 342
172 170
625 335
919 605
413 297
442 660
502 508
388 589
43 877
1041 173
1024 438
900 595
478 754
544 54
991 945
564 746
1085 240
230 1002
835 756
722 452
169 710
995 527
200 37
293 259
491 108
244 946
386 164
392 922
943 372
1098 834
113 719
839 334
983 735
555 1085
904 895
436 422
554 764
672 225
3 736
84 431
348 455
966 251
809 1029
200 313
424 1024
221 911
587 515
896 939
509 733
996 340
965 550
223 939
1012 921
827 819
67 371
133 119
190 161
263 204
766 514
772 247
676 414
577 752
116 631
967 136
174 384
487 629
179 510
126 1057
750 286
378 82
241 847
412 482
96 1062
383 107
742 834
728 386
467 41
398 354
459 593
769 142
671 496
774 911
604 322
985 1028
469 481
327 758
967 902
198 156
997 122
502 522
782 25
396 998
404 863
316 910
908 1053
728 101
857 52
520 695
197 518
569 794
518 196
840 669
282 341
925 363
374 458
820 455
891 495
692 230
862 465
388 431
692 610
53 180
612 374
844 679
1016 902
740 570
692 942
999 665
217 989
278 421
668 666
513 236
184 351
544 359
344 950
1068 79
587 235
361 549
857 895
908 976
107 727
543 236
105 878
651 194
11 615
730 325
220 242
110 965
327 265
1093 166
183 21
749 374
516 501
582 125
380 116
559 17
219 399
1114 810
938 312
444 352
883 1056
967 275
453 702
873 859
693 884
617 53
1122 145
960 331
435 566
278 711
183 93
141 627
713 945
698 188
598 936
322 652
235 573
843 1027
791 929
795 109
362 360
777 513
1008 856
1083 1015
745 717
32 1066
1108 357
206 472
851 651
133 638
798 966
965 636
168 294
521 450
417 1095
109 140
201 236
486 877
218 570
712 758
421 256
427 79
891 339
882 391
206 981
260 740
1037 460
109 853
531 324
820 629
933 853
701 191
674 139
154 568
521 182
893 113
525 159
1 315
625 764
481 707
834 459
896 509
1064 131
194 194
997 113
582 197
622 341
565 551
181 180
155 370
499 1007
36 1115
704 306