255 480
860 821
910 154
347 941
148 982
450 614
909 335
815 434
934 811
867 324
636 111
196 352
767 437
43 747
515 921
1031 163
563 352
474 9
1064 443
763 640
238 359
356 208
996 972
619 1062
769 788
132 100
28 292
97 678
688 555
735 615
569 979
860 210
222 925
412 110
216 818
218 339
255 981
77 412
747 963
795 13
325 910
585 23
919 949
978 571
928 379
980 1065
548 928
213 435
763 831
1067 844
272 584
315 251
929 169
842 206
700 368
863 743
1100 1089
145 794
637 801
41 825
413 214
837 946
588 776
767 806
882 749
782 493
623 494
491 958
158 486
119 745
446 603
934 615
513 469
644 848
918 696
757 860
1006 884
465 747
826 348
439 391
947 337
974 1045
749 387
851 484
788 336
510 209
121 142
187 748
844 242
115 806
427 449
567 731
247 486
874 955
116 993
426 471
358 384
212 975
689 369
149 204
758 499
503 196
996 377
837 446
253 575
285 1008
898 735
428 576
683 466
419 1035
387 802
993 1100
811 485
453 227
213 738
640 765
392 219
856 723
793 1104
961 687
425 775
759 967
253 447
957 193
772 225
143 449
272 537
1118 768
1002 247
299 344
704 665
471 286
258 314
816 619
1007 827
396 701
918 526
394 994
410 349
412 370
661 531
181 711
577 322
826 853
532 782
1035 821
1074 997
611 345
328 432
1030 1008
943 1122
943 884
1121 477
207 748
875 654
856 619
738 775
670 204
1024 885
422 147
847 449
372 197
764 555
1003 565
578 148
318 1065
207 493
306 826
86 319
843 955
30 640
114 558
820 391
1031 610
1012 188
1 636
316 201
293 13
132 726
828 249
700 945
905 652
440 664
284 886
334 152
280 969
1045 1083
135 905
245 273
471 333
484 748
258 748
488 286
461 856
643 580
279 1018
270 851
465 546
690 194
629 409
563 595
445 585
335 608
621 696
6 301
430 256
538 986
630 706
853 153
147 875
985 1002
170 563
357 636
108 452
229 627
240 256
1007 182
195 472
860 56
558 69
271 14
1041 1091
733 898
288 917
821 1103
762 1008
335 1095
922 877
615 757
954 689
794 797
1121 757
336 650
433 717
100 868
930 903
773 720
734 301
949 29
730 460
815 619
594 141
939 163
1008 560
293 683
943 507
951 264
367 454
512 119
16 526
607 147
859 1013
386 253
200 198
586 631
979 643
510 147
218 494
1119 623
947 111
392 938
604 13
886 1052
481 249
522 805
981 310
181 781
216 926
947 717
483 838
452 698
901 1031
1084 1009
864 566
1025 647
526 284
666 437
583 77
157 406
215 402
582 219
831 794
894 191
641 197
225 1104
790 574
491 391
212 219
352 810
782 144
1019 222
418 661
949 625
505 375
838 319
630 124
491 355
799 676
874 703
537 575
83 583
680 917
647 177
619 180
770 617
645 996
460 660
990 865
143 219
947 798
456 180
700 29
723 579
656 459
473 53
328 930
1068 270
867 429
705 128
1001 1017
922 37
722 792
91 212
297 969
898 709
617 887
491 296
178 636
233 515
520 150
459 73
732 681
802 922
952 258
63 497
538 421
448 228
633 789
722 198
680 1045
953 741
261 395
646 929
864 614
489 718
580 176
465 1014
314 489
556 433
47 160
650 531
704 346
336 1106
294 292
792 914
965 417
988 707
289 370
563 949
407 868
39 968
407 992
537 350
297 1053
610 490
337 1060
299 679
912 436
306 821
320 973
205 607
165 759
815 193
427 1015
313 926
236 503
456 891
1000 955
365 968
833 446
444 973
636 151
200 773
1068 871
570 435
753 216
1049 598
245 9
1002 461
70 644
720 614
518 330
770 111
214 557
659 918
632 473
718 236
949 203
907 769
641 500
1060 1110
604 779
204 159
284 712
485 879
555 231
752 489
1036 965
858 365
979 1004
85 612
525 983
896 1101
285 445
858 150
229 567
188 215
972 655
166 703
189 659
812 1025
524 940
865 796
488 977
632 762
792 496
1009 115
722 346
818 954
602 118
223 154
954 421
1099 717
200 589
711 644
69 135
539 898
384 475
492 964
65 981
329 514
557 657
201 823
622 793
652 177
745 239
225 706
302 845
791 702
183 300
544 245
923 813
1018 409
523 783
1111 620
211 569
547 233
649 567
268 474
430 553
1086 915
988 496
424 178
1083 8
294 198
902 787
255 1046
873 907
529 633
565 38
603 282
263 419
704 568
490 685
266 597
839 709
560 520
1054 208
891 658
906 64
906 392
630 845
781 848
658 874
853 1069
134 657
193 501
177 928
386 249
975 726
643 856
834 326
195 440
543 662
484 138
336 92
449 833
726 417
435 777
929 338
212 1017
900 413
175 787
866 821
531 1012
841 973
855 151
408 565
157 337
254 60
138 390
878 530
690 870
744 564
407 846
923 747
611 252
442 663
111 697
793 942
638 1007
617 968
110 557
142 168
880 871
556 754
149 353
634 718
716 849
761 1075
803 806
109 349
575 733
948 1004
247 817
508 201
923 979
650 962
1096 893
460 1112
446 766
434 158
237 144
929 26
953 936
941 961
789 951
316 817
167 687
489 171
97 546
682 919
161 134
820 144
589 909
925 147
277 201
121 1028
1083 119
1004 984
532 243
748 266
911 365
17 685
758 989
824 190
692 969
275 929
874 723
1006 460
789 429
1016 603
276 1047
700 759
1093 386
732 386
465 557
515 819
344 935
117 1114
630 587
951 1036
807 430
728 936
557 386
64 813
200 222
374 578
614 616
164 641
212 177
524 237
852 377
435 870
384 342
1003 704
1018 961
1046 405
660 560
319 951
962 921
706 300
263 1064
284 656
881 474
901 795
433 271
498 839
741 900
746 970
351 898
707 199
549 52
731 369
450 885
997 787
353 928
253 288
960 428
867 447
100 569
912 52
482 710
283 537
1104 882
525 839
605 489
1054 599
689 887
968 106
105 934
467 523
463 352
540 784
797 455
866 37
131 898
334 949
880 1079
143 465
337 670
326 423
306 797
423 504
737 903
440 950
481 235
528 1091
126 930
910 536
668 927
1015 902
666 317
572 542
996 949
625 227
641 464
187 814
518 1062
323 732
681 264
986 603
946 364
975 103
779 620
870 922
935 605
595 878
969 1123
279 454
965 391
123 670
854 668
593 393
305 710
353 343
849 679
144 373
772 1051
410 183
1078 1094
802 644
484 296
880 667
508 190
828 947
410 1096
1116 587
361 190
185 602
27 69
832 721
982 492
519 460
352 1068
758 896
636 1018
928 826
957 810
855 250
123 802
308 993
237 429
501 408
819 301
82 1104
164 944
943 997
758 688
59 843
1052 496
331 455
879 718
9 423
657 342
528 500
906 497
903 280
453 346
1014 523
262 657
775 269
637 142
790 819
858 701
532 960
257 912
5 1112
929 588
929 303
416 367
497 240
894 722
700 172
298 380
318 328
140 547
642 316
372 5
406 834
166 7
904 568
472 820
145 154
696 122
545 702
946 143
1046 342
657 879
859 935
740 913
381 745
479 727
1003 964
714 513
797 709
455 352
373 738
535 771
786 888
1078 65
786 970
911 87
884 655
784 117
23 770
987 928
654 676
281 91
389 909
312 195
275 77
355 623
884 735
775 295
501 690
258 393
618 267
199 977
433 1026
448 632
762 390
119 509
793 485
245 898
1054 896
796 408
381 325
768 725
939 520
465 155
93 725
683 729
613 873
882 10
217 1010
371 53
243 904
992 873
569 566
575 213
221 644
1064 422
614 786
468 746
181 294
652 830
440 585
359 1019
134 972
440 1080
853 311
487 308
675 528
638 242
855 934
319 958
805 897
107 535
468 798
1029 431
263 430
895 792
400 881
893 629
681 396
505 245
55 867
231 104
592 913
889 1040
230 757
572 260
675 254
356 1041
463 720
998 243
815 1009
372 272
143 192
233 336
229 580
869 630
270 48
950 1108
33 361
377 924
1065 427
572 270
128 775
829 569
514 912
702 876
305 238
674 142
686 977
939 308
435 342
845 553
653 483
198 837
1024 159
71 727
551 874
238 502
32 864
997 31
911 572
299 676
805 192
513 924
343 345
171 713
664 319
119 856
814 1084
510 192
94 238
937 491
271 891
1019 610
874 18
764 713
837 476
632 180
513 1070
345 618
542 1010
525 694
891 966
197 879
6 962
858 533
1115 284
873 254
381 138
961 169
394 230
170 24
997 236
765 954
1006 111
626 833
427 851
10 420
361 417
437 375
499 141
242 783
1116 706
1101 349
958 1039
749 183
295 420
903 382
830 918
870 863
550 137
788 233
248 344
888 730
905 1001
177 978
246 340
446 515
928 286
319 963
533 738
739 1090
555 466
227 250
785 598
303 436
856 161
263 544
368 494
1028 610
526 888
352 456
415 673
214 145
889 577
678 966
309 231
660 98
313 889
391 982
971 660
416 806
612 955
531 760
315 121
663 739
982 964
657 455
749 966
562 745
528 925
425 104
967 664
642 574
604 195
569 514
339 131
513 960
609 728
1 302
64 106
1075 260
8 516
438 726
223 517
1003 798
587 118
370 119
832 94
827 911
282 342
122 476
433 299
551 327
375 729
151 811
998 862
102 366
1014 722
878 901
476 363
219 621
1001 800
328 49
1083 173
925 764
797 985
746 720
942 596
352 735
704 303
414 759
823 485