259 149
320 393
833 435
523 392
931 111
580 610
290 674
1112 375
847 449
711 556
626 747
169 849
569 556
969 275
594 450
147 892
785 341
918 595
94 362
879 606
1018 540
1050 240
777 984
321 705
995 596
117 492
982 833
627 252
432 240
980 266
336 530
745 957
382 274
707 609
699 517
646 772
1102 278
296 592
800 267
1082 1071
122 742
767 319
333 675
129 1122
214 165
390 543
499 750
583 415
341 149
235 85
646 248
175 1028
545 240
1012 604
657 37
289 328
263 354
870 64
415 87
265 453
797 653
484 349
163 1040
908 707
118 627
343 700
297 321
405 175
173 999
225 476
882 814
817 590
346 879
488 184
28 896
612 509
1063 823
279 993
648 527
15 645
204 728
1102 349
27 41
772 771
1045 480
674 583
829 237
978 138
283 692
428 442
501 843
421 157
830 917
1010 300
522 238
823 986
673 568
507 831
91 161
830 904
172 541
441 493
793 1014
345 108
138 345
950 516
464 769
1115 348
937 557
744 807
914 634
825 944
248 285
645 618
763 389
398 667
956 554
822 974
526 815
1048 912
143 905
1007 859
62 354
135 643
403 528
641 512
710 240
375 335
997 704
86 37
1002 421
570 48
992 310
525 651
644 813
332 682
506 616
181 679
880 511
486 974
862 110
836 203
719 190
760 678
997 311
785 251
200 72
143 525
152 199
88 852
387 299
348 986
115 289
697 1007
556 30
737 456
85 232
442 842
310 524
196 316
990 859
158 977
445 759
336 134
140 441
256 302
451 648
999 74
826 90
630 670
828 622
956 512
1084 826
618 1035
1 258
996 1120
1029 979
1002 530
153 434
1094 152
588 466
474 501
268 332
948 611
823 347
770 123
190 1015
848 667
231 946
755 466
602 456
550 404
182 1080
443 836
772 714
312 395
236 521
546 624
470 285
555 139
571 751
314 635
884 475
595 768
786 1003
464 1065
232 672
229 606
222 611
920 815
102 772
243 487
872 997
189 876
425 678
991 1066
1004 922
848 377
45 757
338 663
870 743
810 214
18 542
906 483
195 505
778 346
832 903
56 467
128 834
457 1005
477 1005
376 686
472 486
319 269
272 57
803 201
145 590
906 101
706 136
585 763
175 757
411 720
952 380
565 292
592 486
756 186
1083 421
414 888
769 539
669 542
151 873
973 253
124 399
888 593
255 541
968 528
232 910
204 1111
703 524
143 736
545 456
710 905
649 353
952 498
785 705
711 404
553 417
857 224
903 253
207 932
721 740
614 905
308 92
493 1014
126 287
334 315
1029 441
965 866
656 861
347 132
882 33
368 873
350 130
463 753
603 667
1049 344
544 310
399 975
962 902
831 887
475 250
382 849
226 184
150 937
681 900
396 407
126 1024
529 1026
1118 788
822 951
678 310
1000 563
852 229
588 840
569 582
274 675
568 743
832 704
610 104
875 98
747 571
854 913
576 488
193 440
161 440
918 809
594 978
143 340
565 105
420 607
635 833
519 767
443 362
575 773
815 629
775 983
717 918
629 314
276 738
1036 387
775 426
842 860
633 59
759 877
75 805
762 377
879 290
841 340
126 405
229 244
11 104
497 183
185 338
975 992
834 181
999 652
961 383
356 907
437 628
860 839
1055 321
193 256
69 656
607 139
272 196
24 947
708 1051
689 850
758 972
261 772
350 167
987 874
349 741
737 207
125 370
485 349
695 650
418 347
677 562
464 393
497 619
481 790
117 854
1111 913
411 270
775 1005
716 676
879 261
732 228
888 944
105 962
998 261
124 1080
626 1023
879 288
42 316
857 1033
72 293
786 294
983 346
162 648
574 845
196 655
555 695
415 414
1027 646
753 934
584 260
855 968
402 731
783 452
812 837
232 741
340 786
478 534
331 622
834 366
317 322
10 181
921 532
340 877
260 740
172 251
1095 825
622 595
568 963
297 230
260 369
870 270
781 250
787 876
694 359
579 1000
779 788
530 475
465 265
469 378
312 135
408 653
522 406
747 993
971 818
1009 1004
731 774
923 649
415 39
648 425
671 419
1005 1054
135 657
292 11
165 249
328 666
165 551
604 863
486 739
852 388
518 459
736 622
691 270
567 126
170 1044
886 662
912 531
857 365
823 834
1021 970
852 991
231 1019
514 529
553 806
397 567
883 899
830 935
908 789
409 12
74 21
156 810
179 671
340 557
477 242
932 933
795 482
724 899
945 785
474 941
705 1071
389 530
687 601
354 1022
111 138
182 686
596 629
348 1010
780 466
675 250
562 171
631 523
872 412
684 283
109 825
260 351
113 252
601 1116
112 475
275 718
987 370
301 408
126 200
241 881
669 497
471 338
848 363
1109 570
370 639
86 786
13 467
825 413
345 169
143 581
317 594
140 757
22 120
713 116
438 599
357 883
174 521
472 1024
464 345
680 700
227 145
390 588
1000 552
364 192
230 772
102 991
160 315
893 998
358 1106
336 297
549 677
927 658
852 222
58 887
648 649
538 400
313 285
329 293
526 934
698 849
606 527
835 238
800 357
965 49
21 890
493 447
692 604
517 568
349 467
122 906
834 833
357 619
658 490
1058 691
639 673
890 102
267 574
199 613
965 758
532 796
302 198
1095 830
193 163
63 972
447 167
888 1056
1108 458
711 232
821 0
685 1071
691 579
998 952
51 416
503 980
664 535
844 587
657 719
485 368
118 169
121 449
916 257
957 290
904 973
329 536
1014 742
704 399
530 434
879 149
800 758
818 802
927 1035
192 279
805 716
402 474
994 398
793 970
350 650
976 206
1045 390
1010 897
889 902
278 1086
461 682
691 611
500 157
169 177
835 425
865 630
540 742
271 197
428 154
390 558
344 275
159 1031
962 393
854 906
938 197
417 544
578 154
394 141
353 864
999 790
492 197
206 854
985 999
427 507
134 27
870 396
1109 850
1032 209
329 700
476 862
369 655
112 720
434 611
1018 211
846 1092
114 857
739 346
68 1010
164 883
939 96
831 502
424 106
251 719
727 240
881 436
246 63
414 199
260 934
742 780
523 910
539 789
625 308
622 674
369 179
197 260
346 545
23 850
907 145
821 419
916 258
530 940
174 886
709 603
620 393
908 889
184 822
624 976
953 631
727 618
565 1101
809 241
506 322
878 344
607 778
427 1006
200 240
756 398
950 499
866 46
443 275
438 675
1092 84
897 854
305 265
228 218
834 558
494 803
344 971
428 1075
136 688
737 344
500 1033
991 704
235 918
117 42
842 24
226 947
906 989
170 662
128 779
351 405
175 991
1021 100
157 1063
657 2
1005 237
739 393
910 261
667 599
979 421
347 1078
674 388
242 464
832 940
983 329
581 916
782 108
641 621
1099 152
108 1019
582 825
567 915
525 1065
123 748
705 633
761 116
710 795
843 443
173 145
1009 73
80 959
625 939
187 424
445 207
114 25
686 498
121 534
658 714
424 224
217 415
919 336
399 796
776 931
204 633
731 469
1030 68
601 928
301 650
557 931
878 862
860 399
336 945
1107 870
480 613
902 478
598 269
918 87
498 784
455 722
700 389
579 525
208 487
610 660
461 762
652 1105
154 1053
695 273
373 833
956 1103
652 363
844 817
890 967
135 108
607 983
197 817
120 453
183 1010
270 752
400 578
214 784
448 152
585 1088
937 249
199 811
733 506
670 1060
691 357
773 435
1072 921
1085 1011
764 555
513 595
998 684
310 997
205 332
722 980
753 159
388 227
632 748
299 342
668 43
1053 442
529 615
724 1010
235 718
983 173
386 164
486 1046
120 357
353 90
631 713
73 385
327 690
313 358
878 870
783 171
1059 50
1008 808
787 967
533 710
718 85
754 465
570 550
296 421
893 835
915 663
548 504
450 421
298 16
131 276
722 813
279 306
857 789
66 963
54 454
809 948
931 522
941 839
976 954
342 732
798 880
455 659
846 129
508 552
450 193
113 728
496 39
106 624
605 856
380 240
705 892
133 990
737 395
634 887
448 518
931 431
441 274
403 807
872 14
307 363
887 343
644 521
516 734
881 689
345 577
258 708
1019 690
81 707
431 255
428 293
158 564
777 343
567 31
596 666
89 581
910 1004
690 629
241 417
610 619
280 444
996 161
1053 636
302 149
451 820
519 656
491 408
762 873
1053 701
704 343
523 1003
863 919
247 253
185 327
608 322
178 260
385 1047
718 726
213 372
1101 839
961 232
384 100
885 1119
124 975
108 711
325 472
839 929
461 341
991 526
981 743
518 1077
916 34
343 970
599 399
850 331
104 146
935 742
322 164
453 894
912 911
107 591
212 577
777 755
395 381
144 1022
111 593
451 218
660 540
896 897
823 883
829 180
359 833
132 968
405 771
998 349
602 336
931 188
55 411
975 890
377 751
251 101
493 857
814 416
566 653
743 608
718 424
735 308
842 737
985 1111
225 307
776 679
814 281
412 984
564 501
1024 996
163 853
425 75
601 1019
431 464
527 809
594 624
460 249
61 545
909 31
834 63
750 379
1023 415
201 563
477 904
405 643
526 920
781 85
802 104
954 239
505 598
793 122
397 250
585 935
354 375
964 131
236 932
276 614
884 908
21 325
1006 980
289 993
779 153
459 920
492 902
887 574
693 906
61 121
856 646
981 677
84 392
83 271
723 259
284 430
803 124