497 885
435 101
469 87
125 477
953 717
485 868
1043 477
142 842
637 215
105 696
348 617
397 1033
638 863
202 315
115 266
44 211
191 685
564 861
453 217
1068 734
901 672
685 141
49 180
675 114
733 171
401 623
527 357
603 1117
278 132
264 842
725 1090
589 60
835 345
448 590
747 256
829 179
442 1103
195 479
649 492
607 334
811 443
678 788
1092 553
1075 190
58 1010
430 749
853 217
737 159
488 115
131 1057
713 526
221 772
523 446
586 576
994 483
715 1006
935 874
294 398
692 958
650 451
301 307
67 178
601 670
808 982
140 82
161 444
390 974
368 248
635 181
763 945
900 672
153 790
525 33
56 919
415 389
799 421
609 575
81 348
906 712
880 585
995 781
647 105
122 872
996 867
920 298
903 503
870 406
466 594
177 329
353 532
470 712
881 1074
445 582
9 631
529 112
752 97
403 845
471 1009
405 576
349 705
1033 237
205 944
322 270
637 160
675 682
136 286
1031 243
657 492
829 745
1011 968
372 988
904 645
345 873
795 887
1015 613
386 827
158 935
638 196
735 1006
1025 977
908 782
332 413
276 783
529 747
373 484
153 833
445 778
487 266
973 842
989 554
352 989
606 462
319 503
372 284
518 928
883 877
106 633
798 122
443 894
714 487
1001 204
407 370
530 516
750 1055
843 954
832 43
440 880
436 461
344 567
880 936
461 310
379 439
550 883
487 668
590 123
882 872
481 334
361 1050
989 154
242 330
192 556
501 487
543 419
597 927
961 559
763 990
1037 364
916 761
209 233
37 603
252 923
1033 704
677 275
56 408
421 790
860 637
114 636
1081 452
149 160
255 909
326 1067
668 784
398 684
806 411
349 446
1111 1104
293 190
158 307
382 451
141 863
1010 463
607 41
615 1089
95 682
483 523
736 1075
516 304
220 293
904 50
413 6
1000 764
156 434
560 596
732 552
918 319
345 892
588 194
606 300
945 692
933 1059
719 883
927 145
237 795
488 124
1012 402
102 161
560 299
27 506
375 280
479 263
334 29
316 985
1018 39
134 249
974 698
859 372
34 480
324 503
582 405
285 624
232 264
932 468
307 660
231 253
265 31
679 286
847 484
549 598
582 1032
367 877
841 221
450 134
677 916
728 601
1096 1094
648 767
830 807
186 293
824 1021
399 728
942 23
197 549
839 719
959 241
248 181
656 762
617 773
810 705
742 470
862 510
469 222
178 122
428 599
275 609
50 1005
788 239
46 692
107 819
800 678
731 380
982 631
659 1010
376 507
52 110
599 821
995 79
259 597
1021 919
428 224
897 272
1011 111
435 59
202 799
402 971
56 486
2 703
681 231
212 410
189 563
11 341
279 186
366 841
793 561
354 863
469 480
1046 690
546 299
868 757
632 787
1090 443
825 986
956 23
985 188
186 981
128 138
788 125
846 933
519 319
350 630
248 363
383 863
81 663
843 711
190 516
601 818
133 316
214 776
656 504
846 574
992 913
265 405
316 1004
147 449
949 302
284 113
230 411
225 100
984 71
582 491
775 290
821 708
608 227
746 442
262 809
273 938
374 265
672 1022
939 239
592 1080
128 104
922 146
161 982
245 567
842 260
75 130
551 308
981 105
478 762
543 885
935 104
296 265
181 851
521 348
322 843
764 1072
626 747
84 1082
74 1069
898 502
152 410
30 16
27 578
767 978
773 1022
100 908
763 448
125 946
69 284
884 469
559 264
703 723
912 266
266 1089
618 982
592 340
865 141
308 799
356 871
893 69
477 253
929 455
127 782
886 889
541 1004
710 932
923 45
873 580
484 962
88 624
143 323
695 515
620 1007
467 759
928 520
1045 1028
317 349
246 123
752 403
701 469
599 102
69 367
392 773
186 786
886 603
690 852
46 1115
127 789
801 474
696 928
502 543
913 798
195 195
591 843
629 824
376 296
922 464
1086 480
771 342
979 580
590 861
552 377
1064 605
529 841
531 644
100 994
810 228
800 109
878 641
209 100
483 484
945 225
899 475
750 972
309 199
378 798
757 955
1038 1058
556 813
675 774
1002 620
957 901
805 366
922 795
719 221
810 986
172 895
111 855
378 524
747 335
320 644
632 105
143 956
288 596
539 206
654 393
846 156
297 271
421 532
806 590
663 562
863 688
237 825
954 642
440 1044
787 413
242 848
918 811
709 73
159 1004
164 3
59 795
934 892
210 907
507 962
510 444
1089 316
380 795
1059 714
986 836
1005 787
720 817
526 309
290 562
771 841
305 147
738 108
688 451
647 753
930 449
962 218
417 742
980 370
34 1000
1099 772
279 652
506 146
712 864
354 990
334 646
432 848
424 1008
982 185
935 490
1005 236
232 374
751 665
415 487
327 227
1015 704
493 460
825 561
629 734
874 198
431 493
320 296
241 453
758 438
521 119
230 674
1022 77
1099 149
591 118
528 34
678 466
977 260
403 268
520 48
139 493
606 536
708 272
226 866
109 17
613 368
3 1001
487 115
165 511
653 260
440 840
285 682
600 591
874 305
397 388
908 578
927 283
835 847
1122 747
594 579
657 1071
315 739
145 47
865 421
1011 101
149 652
995 439
292 168
880 63
144 1050
261 267
205 692
426 296
259 1090
344 552
146 808
67 511
598 428
362 633
1051 661
242 498
691 1014
468 970
342 324
747 782
650 390
876 705
84 521
349 924
269 474
615 366
105 389
906 990
181 764
621 725
95 333
253 260
955 102
615 1021
772 377
818 534
444 403
76 142
327 855
593 25
677 847
636 708
519 437
560 957
596 482
75 260
452 754
1052 7
489 521
289 420
748 872
264 205
537 884
470 1114
655 984
815 488
532 58
1022 1014
132 107
760 592
1094 745
797 465
370 409
623 354
701 260
731 216
263 365
534 662
411 760
872 1038
213 916
147 873
928 112
117 264
328 74
816 298
861 765
460 623
945 254
614 893
800 513
158 642
190 254
826 350
89 455
1024 248
831 221
714 779
854 364
1002 2
843 894
831 1030
396 688
46 849
121 1077
330 192
1012 422
803 904
384 602
933 255
943 66
730 715
183 1019
733 137
278 1013
706 814
693 969
778 335
751 426
892 1118
738 197
1037 241
114 349
496 212
364 157
255 111
906 997
328 421
420 363
467 889
461 1010
740 660
150 181
155 363
1107 915
345 382
245 608
440 861
627 939
703 846
1004 381
981 145
780 1021
373 1030
814 636
559 700
157 956
159 636
366 876
505 878
14 18
76 666
984 804
339 1065
737 667
150 989
655 788
253 206
490 999
720 189
124 852
138 684
316 202
692 172
542 276
300 404
729 583
100 921
644 687
485 385
122 723
858 408
893 324
1072 141
768 811
890 766
216 28
603 319
132 198
238 813
980 179
1085 827
524 886
918 1123
402 777
631 678
144 252
665 730
669 418
609 891
443 27
483 869
137 918
778 976
995 134
213 713
938 474
308 769
660 425
253 224
472 612
528 355
1097 446
379 793
281 854
686 50
353 950
340 755
695 539
16 161
507 517
590 164
774 840
536 588
791 619
410 48
287 775
953 830
784 192
4 269
984 1083
364 621
315 386
694 504
650 930
515 312
830 167
581 618
682 580
464 817
1063 853
1014 150
960 401
633 327
460 428
539 333
771 178
675 704
814 563
686 1004
106 441
531 198
339 774
484 193
868 350
647 279
426 558
665 916
978 1034
345 829
451 616
926 436
128 1016
174 488
685 844
423 705
319 419
415 191
986 601
972 850
166 412
324 209
878 813
10 79
716 313
1015 617
428 189
960 568
888 672
159 477
943 930
51 725
722 55
798 766
443 201
488 707
823 606
401 166
1078 3
722 69
1000 679
526 827
43 884
617 1042
283 601
371 300
1098 802
847 679
233 841
464 868
426 799
292 1087
991 792
239 222
1001 207
376 863
237 603
262 530
232 945
598 1064
914 554
225 830
613 886
545 322
845 975
3 646
287 770
930 907
509 840
492 728
629 235
299 1036
931 457
693 857
431 738
776 868
275 1079
753 889
668 221
842 234
647 429
750 205
946 1001
13 687
659 56
241 560
637 542
838 708
802 1058
960 502
600 10
910 685
543 217
155 328
391 309
400 428
509 720
875 672
127 555
1005 599
648 1111
610 1102
213 311
498 655
946 4
752 729
848 436
251 748
839 825
788 907
290 496
528 868
281 529
33 103
1074 436
1095 294
572 901
486 667
709 183
355 175
955 567
909 482
209 134
936 950
506 639
618 790
533 543
61 795
929 364
358 650
560 570
968 201
472 173
492 637
405 615
346 680
949 377
137 250
292 297
798 489
599 224
368 560
912 872
992 393
351 921
924 69
359 725
853 739
882 180
1045 351
65 179
934 326
696 476
131 392
658 547
741 486
352 1117
461 1111
343 749
576 376
538 999
375 186
93 172
153 544
155 679
652 166
758 128
252 343
541 809
311 253
685 641
644 362
804 324
992 281
438 1003
901 894
410 636
197 706
856 1095
181 1061
539 911
695 743
1046 916
439 970
922 1105
1036 694
519 134
401 619
659 945
858 312
717 629
152 161
935 897
655 711
674 847
378 412
595 1070
449 915
906 509
190 138
296 49
525 544
338 764
876 834
589 716
438 454
521 185
1002 669
1032 952
438 221
641 157
106 364
321 143
1043 755
722 766
366 595
1120 724
297 800