394 990
822 971
914 296
1021 911
58 427
505 679
444 404
850 752
425 907
578 822
161 547
1037 834
940 692
824 809
626 735
978 330
989 436
1073 676
701 801
530 483
468 677
479 914
787 491
292 86
440 640
122 849
585 506
557 16
780 329
798 410
935 297
491 193
562 531
1100 651
852 352
525 149
11 1016
465 205
280 881
305 120
433 51
282 925
720 590
680 127
896 493
363 232
125 1078
697 902
993 418
784 103
757 780
829 369
550 301
1051 790
625 592
936 959
1024 969
677 771
766 733
206 119
135 911
481 576
204 324
719 360
695 428
1028 63
546 571
1032 762
877 446
896 382
552 686
1055 658
585 669
771 105
835 569
860 821
203 57
115 627
204 433
810 901
974 244
689 382
361 334
178 839
932 1050
288 720
579 179
271 345
765 965
417 698
567 362
1061 546
719 185
1033 513
645 346
241 718
539 359
784 154
740 481
740 749
159 673
109 351
460 137
1115 522
734 764
448 252
810 143
808 688
671 768
320 780
95 817
269 551
878 233
934 635
186 808
572 679
470 209
305 565
457 113
432 101
565 38
687 887
988 473
16 550
152 749
576 833
563 618
145 1016
880 101
141 154
74 338
811 366
481 502
859 196
164 767
549 377
331 972
175 50
517 591
521 525
876 1113
1020 498
951 331
645 681
1119 66
332 1118
126 934
858 720
60 877
789 80
580 980
281 33
682 9
527 1080
134 626
501 238
172 269
471 285
868 1054
496 614
761 774
378 415
893 787
390 911
372 759
328 997
465 793
445 198
976 385
1040 1103
653 17
575 176
64 279
510 732
467 746
475 624
656 1021
116 980
303 814
816 770
1035 163
880 456
243 90
1099 892
975 607
1088 638
427 370
239 37
629 952
8 719
1114 481
99 658
586 395
493 296
212 306
871 702
1010 490
906 517
690 599
874 242
173 1097
1060 624
481 956
1036 459
397 527
367 220
451 813
847 594
914 28
460 689
468 526
684 249
142 572
41 478
22 278
1040 687
689 952
199 714
853 1052
125 202
638 966
282 343
852 244
446 192
848 373
592 343
159 629
271 1019
137 833
416 296
1095 938
856 482
1031 373
298 311
1121 594
943 159
654 131
383 746
727 351
983 1016
199 1053
75 515
597 389
527 958
325 673
216 977
941 603
1002 556
1103 1012
157 540
620 935
1093 542
955 696
313 698
962 555
408 1067
689 223
726 813
246 93
701 792
141 516
950 962
208 674
354 739
660 530
644 995
598 268
487 56
304 434
714 69
847 705
520 226
433 514
377 266
915 517
408 76
424 785
357 738
185 854
140 110
800 149
197 882
206 349
290 821
196 372
319 884
1109 604
474 859
155 1070
203 518
1050 14
511 616
252 881
717 722
366 953
813 821
571 915
494 531
830 363
438 116
945 966
399 45
924 145
737 808
439 843
298 375
52 939
601 483
636 204
179 591
696 601
759 929
1067 312
960 589
165 573
116 401
718 477
980 603
732 924
454 976
846 225
661 868
1098 887
57 1019
1056 202
568 621
1120 1012
658 460
313 808
105 777
491 435
1054 1012
359 323
527 428
989 1041
846 818
934 375
267 824
258 1012
815 964
512 275
203 346
300 146
502 773
489 655
272 943
1080 321
91 689
24 400
712 1048
103 812
666 1087
604 438
948 873
622 983
620 340
376 519
375 823
454 325
826 718
747 528
538 966
884 835
344 57
41 548
136 943
914 950
719 640
560 582
275 464
693 315
234 755
816 830
291 795
533 596
265 475
996 872
944 277
456 557
893 212
814 111
471 944
822 587
749 115
11 942
272 130
206 1025
832 698
1048 439
694 902
576 383
630 455
282 396
313 293
538 858
427 300
395 1001
674 950
268 276
643 106
571 887
952 827
35 883
570 353
277 578
976 608
241 716
740 865
727 805
674 769
915 576
272 1084
365 673
710 136
394 228
765 491
662 106
51 497
419 848
1087 138
365 216
864 217
431 590
385 158
197 875
300 204
132 825
533 973
378 64
106 595
633 301
257 1047
1110 205
1074 396
494 181
578 925
105 323
80 170
2 76
135 729
902 853
551 178
595 503
862 615
503 110
323 995
418 55
780 290
765 808
710 757
108 835
865 515
338 606
905 162
914 902
671 1108
513 653
978 983
953 30
146 509
305 1066
595 957
203 351
39 777
678 1029
110 452
1069 513
515 803
1010 759
529 682
391 39
703 662
165 312
251 360
279 728
704 726
706 270
545 836
446 686
858 790
408 556
827 799
945 339
1018 394
875 968
1032 993
201 211
1024 65
284 514
361 391
820 1006
935 849
1012 225
821 821
658 715
940 470
541 289
173 783
608 114
471 503
1123 1116
530 352
1024 577
267 157
1 896
676 930
223 673
694 500
526 986
24 890
846 458
37 207
488 688
161 189
362 1012
666 854
460 300
90 677
245 10
379 908
876 569
564 894
202 511
723 1000
707 897
850 1018
284 359
344 203
329 800
301 497
304 391
978 778
397 511
1010 410
878 566
185 361
341 842
415 226
540 656
517 257
537 112
496 158
1011 693
345 265
1000 793
475 722
280 1075
1074 650
965 244
450 1062
820 726
185 821
212 853
850 889
701 158
1046 697
667 390
745 981
923 189
665 573
389 131
560 870
123 537
1076 816
738 828
328 216
848 563
252 294
737 135
751 553
725 999
427 251
293 618
87 535
172 688
55 647
1052 1093
439 491
386 643
990 387
555 678
681 932
1000 267
912 342
240 725
606 761
844 865
620 772
767 709
571 1077
398 812
750 785
450 713
135 578
939 29
41 923
232 565
1019 102
1062 651
620 295
170 119
141 243
130 998
580 570
381 576
547 533
969 207
1021 580
517 725
117 217
264 496
593 522
609 62
550 1120
752 598
624 597
265 774
575 991
671 362
858 1031
451 233
390 930
133 416
182 647
142 753
783 900
840 286
471 398
478 97
624 376
496 546
1009 327
930 91
255 1028
179 971
1048 466
905 304
836 536
330 210
322 578
74 487
647 732
306 238
600 288
680 71
162 543
237 325
600 613
762 1004
594 873
358 281
992 463
659 1015
268 274
880 174
529 634
911 638
711 970
400 834
683 1100
257 703
46 680
943 569
62 644
411 370
965 793
105 603
605 772
713 124
825 880
176 379
238 1022
1003 445
920 868
809 951
727 981
318 508
819 981
509 339
282 198
615 917
698 313
394 49
891 314
792 616
178 282
768 1013
641 1074
580 621
36 148
445 12
741 786
215 385
375 731
481 14
1108 646
68 779
219 1012
523 76
861 270
86 355
212 799
1018 71
325 1
448 310
125 530
836 311
732 920
705 419
537 641
386 960
351 185
356 768
1039 110
330 948
172 564
189 446
429 183
372 1005
675 302
662 704
819 374
806 786
727 925
606 552
128 606
8 702
254 717
878 58
196 468
377 874
79 477
303 302
452 338
168 270
431 256
329 947
325 405
379 686
680 361
604 871
745 178
603 337
1080 1034
1090 847
411 73
742 184
947 1106
406 317
929 217
860 926
784 1029
527 182
241 363
107 330
734 442
25 232
935 869
228 274
444 305
711 249
959 312
603 874
25 27
956 972
391 906
698 207
940 450
451 626
352 703
238 348
633 382
355 413
909 1119
553 765
415 1055
595 514
183 9
159 137
334 436
103 1056
618 767
1033 499
292 160
753 270
918 247
549 524
633 1052
385 485
900 880
819 139
476 692
221 157
778 420
49 403
955 198
894 965
171 279
433 905
702 969
113 724
620 28
726 642
658 344
215 326
178 202
523 712
282 901
381 999
612 655
331 126
1092 847
577 767
723 580
170 109
481 861
891 651
665 904
458 485
926 904
857 123
768 1035
631 477
656 763
688 949
298 210
908 804
114 929
855 528
1072 210
60 680
568 399
999 794
360 415
690 625
816 64
766 844
129 307
1088 498
30 381
860 687
902 56
956 536
588 1123
914 792
477 526
303 929
562 350
494 746
880 668
356 968
215 828
992 885
178 401
559 815
857 883
438 816
795 7
675 608
991 873
229 447
776 506
459 577
794 1042
274 196
1080 247
1034 306
966 822
858 651
826 671
235 444
938 441
1050 203
953 808
266 447
814 1072
877 22
570 740
296 453
482 733
136 494
411 648
987 989
421 181
533 571
386 806
923 475
452 48
369 942
287 130
191 959
992 289
936 83
181 976
158 84
401 602
665 240
1067 1013
982 318
625 113
291 423
115 386
73 544
458 544
1037 891
542 765
411 167
674 194
1087 1021
876 447
741 23
303 61
395 724
119 376
709 175
573 129
253 524
521 575
508 1068
195 503
488 558
376 385
262 1094
314 1052
706 569
328 402
262 822
966 547
936 992
383 551
407 915
688 532
827 381
513 546
860 44
510 318
692 142
276 759
313 761
625 130
793 818
484 186
359 985
913 191
1066 668
259 237
156 306
745 77
26 1065
301 693
145 928
982 643
1051 899
606 582
210 308
236 497
913 954
303 642
865 1042
783 685
639 627
553 639
276 269
986 865
996 688
866 952
355 655
955 1032
727 740
221 567
155 438
82 112
128 208
971 879
445 586
667 703
970 1097
245 967
927 832
316 614
483 464
392 969
410 367
690 852
702 346
537 528
290 969
656 650
160 1037
1003 1096
450 104
106 124
946 425
336 510
773 126
791 920
349 469
1115 210
254 26
1023 918