1066 904
91 473
929 571
256 239
19 447
849 497
345 39
790 791
486 830
744 276
994 542
191 545
467 876
362 984
853 1044
16 975
109 758
429 557
289 937
790 938
311 597
47 739
853 456
658 230
148 660
521 817
448 648
407 230
638 510
266 562
1106 824
335 1097
602 1119
641 1105
744 847
716 604
431 768
538 736
771 632
985 72
167 924
439 421
537 300
940 287
785 740
287 435
547 425
312 1000
993 766
774 399
1038 956
167 897
355 75
621 464
554 617
1104 448
456 285
497 38
790 340
285 96
720 486
893 339
882 612
365 198
683 923
542 205
419 177
688 322
767 292
849 356
258 995
334 632
771 477
182 925
53 428
1106 613
259 26
21 323
869 317
475 69
786 491
432 629
111 631
750 71
603 787
1024 915
403 943
889 150
304 968
187 578
736 746
28 1000
342 448
134 875
198 47
728 33
331 153
203 239
850 567
428 215
687 219
591 109
582 137
13 679
508 194
475 1019
702 297
442 368
809 105
533 433
92 501
544 494
767 315
814 481
204 280
555 123
287 777
102 305
289 793
9 816
993 918
730 208
566 183
545 436
804 518
483 376
750 661
466 858
104 43
904 149
965 1092
314 122
767 805
673 451
93 360
255 153
116 394
945 861
682 458
345 206
1016 284
864 854
966 866
761 493
1055 221
766 978
542 862
671 584
407 968
435 527
466 1064
770 782
70 41
1000 726
857 207
286 837
907 446
171 778
43 164
667 855
925 911
793 290
405 1048
97 449
560 210
967 166
1097 236
699 941
766 439
823 180
779 130
96 555
378 538
52 638
613 985
448 779
633 868
352 905
636 785
137 772
528 491
597 72
120 1009
677 551
519 94
153 719
136 1035
61 484
606 210
839 922
700 264
375 230
206 7
767 466
937 756
286 152
148 699
269 1110
185 148
287 517
443 197
35 656
664 478
780 860
173 253
713 1092
248 133
694 584
390 590
535 966
1102 229
331 260
201 754
464 215
290 222
304 261
465 309
301 878
1027 830
775 657
1 474
889 614
225 662
662 838
308 722
1012 746
585 884
755 924
561 543
884 1044
893 374
481 568
45 950
1005 594
913 312
415 209
976 504
947 270
575 213
538 1096
980 202
542 326
796 935
801 456
1026 1027
32 275
833 517
932 294
118 785
482 35
1034 789
996 387
400 467
425 567
218 505
463 439
114 607
540 518
726 705
90 975
279 1086
815 470
421 147
322 146
314 139
158 250
1079 438
88 1039
292 856
624 167
251 585
1068 1018
18 91
629 460
295 522
813 591
508 1
464 806
387 977
513 451
124 1071
762 44
518 650
598 56
183 1073
752 1022
232 5
17 620
200 98
439 166
878 271
858 838
8 600
958 46
370 521
843 1096
497 197
127 53
713 331
1097 1110
743 669
676 453
491 408
595 1008
272 765
417 601
37 218
432 262
297 904
992 403
618 578
689 936
755 305
514 732
702 290
961 508
935 627
436 450
842 811
602 896
978 342
771 237
459 840
242 897
282 343
621 1053
291 57
222 933
143 991
802 215
335 312
1102 231
223 826
566 640
463 230
577 369
834 52
801 746
1008 462
199 768
815 892
63 449
869 770
246 970
925 566
848 657
146 179
497 975
943 494
505 252
1120 752
510 498
729 575
578 280
773 619
348 491
952 488
1085 144
424 1059
409 640
854 222
199 750
57 699
1000 828
191 1084
190 575
679 371
248 650
553 622
943 255
304 169
792 574
669 634
708 114
421 849
696 811
508 160
221 201
674 634
296 997
256 326
191 955
107 848
932 296
731 409
401 617
898 434
352 899
671 267
507 336
546 690
637 473
132 448
431 442
135 739
844 735
340 585
410 973
371 127
169 576
528 682
275 27
683 684
638 278
984 869
157 785
872 452
399 592
311 44
48 680
335 952
343 101
260 401
66 1079
393 340
990 674
686 472
919 286
780 669
121 1119
317 915
857 20
528 356
757 759
604 966
1095 123
594 533
708 139
540 570
1025 736
116 486
893 405
811 458
773 763
283 278
346 710
787 546
330 220
832 924
440 697
590 891
755 301
416 411
922 142
829 974
710 439
284 951
1063 635
418 122
556 154
602 371
550 511
932 1110
881 1006
978 722
907 857
591 1070
179 626
825 338
464 774
401 645
1074 246
1001 753
715 943
447 335
972 225
855 295
1004 827
410 945
605 684
636 238
885 865
838 973
920 182
149 72
882 123
766 552
330 45
1027 954
644 434
997 207
948 475
388 819
429 973
835 508
644 479
104 1017
127 313
631 1019
627 734
148 435
743 768
178 77
567 324
979 288
609 524
262 981
421 462
776 1056
628 947
469 677
127 339
77 698
583 327
665 610
608 597
511 192
322 630
371 244
973 154
479 668
873 480
713 519
110 704
714 820
1096 714
555 397
209 1108
770 697
530 408
518 938
740 255
924 184
384 584
140 455
637 199
304 260
831 264
778 655
208 701
940 701
400 368
720 244
135 463
673 597
257 436
629 123
663 632
348 136
522 475
541 307
869 722
462 413
284 761
125 419
155 1003
109 159
376 267
286 874
664 854
241 511
697 733
830 381
983 134
664 826
931 478
146 1011
332 462
706 141
177 757
326 700
592 307
469 967
103 496
716 990
285 167
266 490
185 604
282 855
675 705
374 430
1012 489
142 982
636 384
50 962
990 215
1105 130
121 605
172 117
706 198
50 689
25 93
820 1001
1042 318
43 689
250 786
944 813
713 441
327 644
988 115
328 533
568 787
959 413
1053 942
642 757
48 948
1020 428
532 981
359 548
473 780
198 55
516 735
1028 504
649 480
436 420
787 364
202 252
1006 646
630 931
1000 689
455 111
800 313
210 453
187 1026
187 707
693 519
935 139
1010 546
196 299
934 796
238 735
192 540
898 732
865 464
871 113
191 366
411 523
307 700
632 77
107 1114
264 1005
141 122
335 568
930 675
543 743
817 102
747 989
554 333
567 987
396 633
1083 937
1067 716
551 525
148 625
954 235
689 1068
519 448
257 205
676 710
61 457
372 563
938 330
452 287
889 635
177 1058
286 739
528 120
948 692
953 196
843 137
693 840
656 377
558 133
256 934
56 255
263 923
517 114
801 304
625 507
0 506
856 478
178 586
308 897
224 941
914 824
157 727
1115 781
289 484
838 248
1013 658
701 807
487 116
417 236
788 315
523 505
753 657
20 808
202 194
362 754
314 1023
595 235
728 707
445 663
603 920
200 301
647 281
125 967
554 697
992 290
662 446
648 907
684 285
140 763
627 762
225 109
490 177
194 805
190 438
176 361
1099 415
1018 223
883 539
243 872
247 1109
746 483
549 890
382 822
564 146
1003 850
675 632
323 110
277 591
369 820
1052 279
366 841
372 1083
374 803
758 715
715 212
801 684
1079 630
465 767
367 326
428 638
502 1075
571 481
651 957
162 252
974 543
503 591
101 472
74 762
179 128
867 325
860 847
742 186
167 1021
283 264
421 600
386 201
630 86
747 122
333 64
64 228
507 294
501 708
951 735
878 140
616 937
846 445
352 644
1083 1094
771 935
275 543
650 500
726 468
307 782
269 38
817 335
1070 397
1055 346
706 1045
442 980
463 217
351 710
862 947
814 663
442 389
601 188
202 725
512 300
911 1078
501 820
839 979
855 867
701 767
466 320
805 779
553 968
328 969
479 1022
912 305
638 469
169 531
154 554
155 462
174 261
981 175
549 270
440 444
167 548
14 129
996 511
232 289
580 378
168 325
944 379
385 160
692 964
959 950
879 645
956 438
708 178
315 296
873 28
236 759
661 603
522 669
661 132
174 1088
231 771
432 779
538 632
548 740
889 940
647 6
38 247
440 779
554 1019
467 903
523 100
491 561
409 989
989 284
669 684
546 421
582 557
85 950
485 84
716 750
1035 596
134 827
233 166
997 597
448 157
285 286
209 1081
217 223
647 981
686 578
348 233
297 99
241 931
895 675
745 278
34 669
339 1093
327 974
982 187
588 103
558 739
700 868
645 994
679 874
35 1018
128 411
922 160
562 749
208 521
675 709
574 306
865 826
289 902
80 919
95 94
245 904
488 1107
29 330
173 991
346 779
694 210
608 813
807 316
222 395
687 806
860 914
428 750
498 1042
798 226
297 828
171 1097
999 823
266 702
550 183
371 1078
125 743
646 89
853 480
435 510
214 537
230 626
145 16
524 170
927 173
392 157
330 759
369 800
811 255
320 276
861 915
1022 570
393 982
1057 484
230 156
614 47
424 801
417 371
153 772
1012 449
343 331
329 674
124 478
1011 764
712 933
1006 252
589 966
918 558
278 1103
613 652
638 586
913 897
981 137
477 388
979 379
605 422
133 636
547 726
1047 589
0 403
153 128
521 953
40 825
1091 415
422 1087
60 263
449 465
666 656
487 315
736 109
624 420
1024 674
464 837
228 644
931 951
328 614
815 290
391 1062
373 980
269 842
1090 636
981 978
150 537
227 522
230 957
499 676
463 672
307 327
255 527
627 116
58 550
427 400
9 452
510 273
691 893
252 825
472 639
727 448
1001 523
722 275
699 153
95 954
807 689
384 723
306 644
692 683
542 660
745 628
399 392
1008 380
157 855
824 513
387 749
832 363
898 943
297 568
655 800
407 854
160 869
525 216
472 835