871 726
417 881
653 935
655 216
653 302
542 95
728 835
895 365
1108 1022
955 1057
512 608
426 166
212 786
577 348
509 176
367 854
469 785
900 593
142 1009
208 832
852 769
906 520
627 652
1012 782
782 324
699 702
345 535
419 482
61 941
637 671
210 445
973 196
440 1035
196 870
1114 351
1009 940
904 569
955 230
499 700
1020 759
554 878
248 901
218 480
530 825
853 751
708 700
607 816
152 94
614 272
608 920
785 396
1072 981
703 881
239 828
288 119
102 598
87 806
859 349
833 738
444 527
374 674
454 187
542 786
781 613
410 230
662 976
667 442
268 265
115 348
374 24
962 399
744 672
571 308
137 109
184 582
782 975
599 762
610 672
342 661
148 1058
832 755
349 868
544 94
918 585
534 331
125 494
417 1031
866 994
1089 492
617 993
790 308
624 768
79 937
585 567
734 779
896 5
1020 419
335 1007
209 979
589 1071
402 228
1000 538
518 940
488 358
393 587
232 92
523 593
261 468
652 718
212 370
992 243
548 109
674 571
189 214
212 424
144 241
774 778
991 420
567 699
485 1114
863 390
588 394
606 299
629 287
949 962
236 943
291 809
957 966
378 644
102 771
1123 785
198 281
734 440
174 70
126 930
267 753
523 823
1052 1104
217 713
557 584
730 1030
806 625
271 950
200 755
716 805
881 238
740 681
130 477
958 571
792 201
321 708
764 328
306 900
992 408
155 267
147 364
995 745
1021 60
748 396
684 773
788 199
995 668
105 242
578 215
730 278
573 194
746 627
194 174
774 756
419 1097
868 98
464 554
720 281
339 884
594 798
638 897
511 689
21 522
624 244
109 178
398 990
677 882
639 114
866 162
768 836
457 844
285 563
457 254
285 313
725 224
953 969
303 683
111 237
912 539
99 977
373 216
130 601
418 745
778 232
999 475
697 7
569 391
1004 489
648 848
18 273
223 1014
218 533
863 458
633 546
476 1083
113 208
761 177
202 350
519 153
658 1023
854 192
459 454
834 485
226 482
532 648
1123 22
769 959
123 970
711 79
282 632
110 591
505 929
865 670
734 334
188 735
1054 477
800 845
867 156
420 843
175 529
979 826
928 91
960 765
245 816
209 983
636 1046
260 241
101 119
510 280
87 977
894 893
600 688
793 304
102 301
813 2
948 892
242 215
862 390
1 701
993 293
337 242
505 102
800 632
1028 635
911 51
683 654
555 513
359 1013
379 477
839 420
416 659
1007 227
759 915
23 832
374 305
693 966
238 677
1116 461
1053 222
510 213
636 324
627 1078
372 869
51 123
239 995
545 759
459 741
586 470
235 138
377 304
289 374
699 314
879 857
448 182
404 136
827 684
264 784
684 858
366 217
804 1091
81 651
990 96
623 993
35 348
465 346
858 247
913 466
281 938
1012 696
111 232
779 382
995 125
269 1060
352 184
768 892
354 608
206 1026
785 627
859 911
420 155
1016 139
244 86
866 966
921 265
492 260
688 233
1034 939
478 373
660 316
473 984
679 103
342 1077
879 465
438 526
402 884
220 1023
1027 101
285 220
257 631
370 30
887 901
715 388
332 214
237 841
307 327
862 307
138 159
38 559
949 280
217 724
763 987
330 743
410 368
931 56
759 684
107 893
262 685
852 385
981 820
558 21
949 423
306 147
564 352
635 332
827 289
194 1008
899 141
720 199
842 1033
813 530
325 860
590 524
953 731
431 517
908 609
402 698
977 559
455 844
661 952
957 403
631 794
341 408
81 110
565 286
211 36
607 532
518 534
178 533
255 120
788 827
720 1060
618 575
1120 993
320 896
918 400
405 60
208 137
130 1108
1096 618
65 307
804 626
753 997
1071 708
159 159
249 494
583 1002
594 547
756 629
245 778
741 222
330 455
105 667
192 479
1009 927
56 359
444 888
677 646
550 812
489 901
829 242
12 420
752 729
653 102
210 475
288 232
510 415
302 501
419 300
478 400
450 334
866 718
878 201
889 542
1012 649
622 411
772 896
887 514
528 497
776 745
882 295
224 516
567 212
233 802
874 579
88 118
450 761
943 516
543 887
907 407
419 191
109 650
444 627
140 369
769 474
762 143
934 115
372 564
752 1059
282 991
549 347
655 7
51 841
906 373
415 71
128 889
557 657
710 117
173 1009
884 341
1036 283
737 563
149 931
323 113
757 309
434 363
766 270
382 542
582 231
28 391
415 96
773 183
83 13
811 1061
672 25
159 800
890 317
316 414
294 509
914 1097
651 434
1105 206
412 357
980 816
864 632
648 548
1021 236
898 706
701 382
499 166
987 818
302 108
957 1065
540 245
859 324
954 638
544 834
998 825
615 623
114 523
299 679
153 464
226 820
218 378
187 598
611 699
759 323
657 495
667 710
256 434
915 658
452 35
925 909
347 754
263 274
776 503
1097 554
983 726
479 699
920 741
258 573
711 812
717 641
465 200
735 250
327 426
638 411
965 409
419 307
963 523
196 570
367 930
837 1066
551 573
922 555
705 972
216 1074
597 615
291 135
919 573
676 816
536 762
500 816
906 975
216 843
412 948
358 484
592 898
614 191
1015 142
1093 686
66 801
123 472
744 975
1107 1013
735 353
992 815
952 774
1053 663
891 706
18 278
396 468
693 926
256 881
18 657
1003 784
1070 362
130 588
41 370
834 545
116 721
454 1103
610 318
527 199
1073 243
265 960
779 60
1073 300
569 683
479 338
572 953
810 970
23 905
294 694
652 397
560 240
253 590
852 825
830 518
872 118
1073 881
324 459
913 1004
980 794
794 925
799 107
896 860
1053 488
951 589
469 454
371 365
361 625
808 179
658 323
624 559
985 555
739 346
686 373
743 312
785 1064
0 699
30 300
522 53
686 525
822 650
380 186
593 277
70 428
460 331
648 213
292 609
747 316
784 878
853 263
608 606
986 213
596 320
850 285
546 234
291 997
1004 446
131 238
624 589
432 700
433 283
573 379
702 1027
760 35
393 715
185 1085
886 895
635 553
956 577
1060 971
652 819
967 789
833 243
427 1025
843 513
572 616
319 620
676 949
742 734
785 168
996 803
491 647
704 586
951 797
130 519
782 633
1052 139
638 358
493 752
579 165
674 662
843 487
1070 1063
272 205
220 443
455 896
1099 582
874 842
58 249
952 633
108 363
191 668
715 198
433 546
336 1028
144 1122
273 466
275 424
598 904
554 212
733 160
652 280
220 975
533 496
752 851
1000 90
292 617
850 154
943 110
135 46
562 558
667 128
268 172
737 652
207 855
888 136
815 533
327 324
265 1011
1108 27
554 240
1005 116
209 468
200 221
965 860
363 565
611 696
205 903
163 171
503 406
401 51
387 305
135 228
118 670
761 691
426 285
268 719
1006 398
122 868
176 972
502 309
868 987
915 402
651 927
959 427
177 401
229 66
381 576
1002 1107
172 475
683 554
338 831
583 448
629 1086
809 188
127 867
500 1012
507 843
418 282
543 155
490 233
450 368
1009 429
966 338
226 1005
465 120
905 570
851 894
961 501
627 397
901 521
790 323
313 97
661 941
81 665
400 1015
553 503
251 914
382 999
865 794
333 502
880 857
562 491
484 679
475 653
722 820
438 201
1060 775
216 880
220 553
102 416
5 156
101 194
226 335
1093 310
859 564
862 664
178 215
526 1055
642 62
318 782
121 2
164 969
395 279
212 206
599 709
339 395
809 200
1096 173
1023 680
156 933
355 597
408 634
410 700
557 721
430 980
920 524
111 479
183 779
1016 988
571 160
142 906
998 973
869 482
184 896
725 493
157 15
346 792
521 582
529 477
695 981
838 140
367 68
701 493
279 807
647 1098
776 400
266 193
225 708
346 606
411 711
984 972
446 157
634 817
780 737
163 292
540 602
863 463
77 599
1100 104
108 241
992 291
463 563
339 562
611 415
119 492
703 271
495 272
617 482
705 828
745 278
837 136
645 725
628 772
980 493
257 861
798 357
536 1089
532 787
753 131
307 900
929 214
742 412
823 573
725 976
706 238
52 941
383 321
240 110
822 915
171 173
519 552
278 1019
144 538
31 329
874 222
539 410
225 485
390 506
1117 287
842 1113
231 483
381 428
731 359
198 544
772 137
322 263
944 906
506 189
958 394
156 267
871 779
482 267
1025 659
314 621
324 964
864 422
671 938
620 732
944 596
936 922
371 96
444 950
825 363
564 123
777 176
555 466
594 271
984 765
420 715
846 896
101 307
751 480
11 586
129 996
453 125
252 143
652 878
355 127
991 436
490 441
997 867
948 1013
177 919
301 154
371 277
26 33
369 464
959 929
922 13
216 365
401 923
724 207
361 1020
770 123
457 588
1094 159
251 523
935 271
1038 967
577 523
891 161
586 472
834 262
920 394
109 1013
614 190
671 151
174 930
219 993
953 1002
844 226
14 341
871 270
940 963
494 936
828 880
959 441
346 767
409 479
66 215
938 843
761 162
1059 359
620 809
544 23
372 115
25 1034
524 487
656 214
352 63
30 643
814 828
584 378
222 405
766 181
341 794
696 348
570 926
667 822
317 1023
930 894
344 1094
185 256
775 20
747 458
949 502
861 735
192 717
669 621
826 322
353 517
537 582
492 433
438 442
155 409
505 602
272 133
279 157
810 204
582 996
186 998