262 43
244 216
457 201
22 697
199 419
348 155
980 903
602 650
1016 63
635 274
330 817
962 443
404 59
374 787
605 227
101 787
1035 47
932 975
154 464
800 364
391 298
952 452
273 1003
872 379
169 434
1000 812
1120 595
632 1085
858 62
338 372
648 378
41 40
378 444
118 1028
982 541
118 470
484 12
288 573
668 901
741 603
516 241
477 534
557 946
650 63
652 616
1007 14
820 1056
248 685
923 1081
751 493
286 215
219 693
745 463
992 708
187 465
818 691
505 855
384 793
673 1109
867 906
570 1047
967 388
697 264
121 392
182 879
844 436
984 295
746 641
310 999
699 619
439 728
389 164
908 217
532 286
732 28
874 807
824 976
879 213
591 514
789 454
735 550
911 289
534 488
682 451
371 727
722 1018
345 17
325 393
201 944
870 139
470 123
200 497
706 341
1045 339
94 313
520 752
423 103
928 522
1022 809
755 368
272 749
916 455
872 85
44 856
173 370
670 972
463 974
288 349
792 435
1090 435
174 9
676 675
180 888
94 858
770 1054
864 926
177 427
920 219
939 939
1004 464
202 906
1056 131
663 137
833 689
738 429
638 934
664 762
382 1043
135 2
968 374
329 355
755 905
450 606
622 303
492 1003
99 515
933 704
663 509
991 7
1004 887
496 337
336 789
722 468
456 354
521 684
606 1097
210 248
938 328
36 906
158 114
498 910
1089 713
391 378
814 1026
205 59
591 267
42 609
833 510
597 906
649 250
456 31
851 823
303 486
570 1035
125 891
689 141
741 668
545 140
695 1088
869 279
842 520
721 608
209 1002
728 516
234 580
0 322
878 195
561 812
135 1103
638 242
450 845
303 959
173 844
644 864
892 891
202 836
895 346
1046 1085
651 176
728 341
1063 575
168 805
634 607
562 414
698 891
264 565
492 899
629 225
626 753
633 1012
32 1013
228 83
762 114
201 759
1065 703
309 449
485 867
490 387
263 189
858 837
176 203
359 110
653 362
394 145
860 996
220 974
942 1121
189 1037
237 154
754 905
404 475
214 711
1005 536
431 587
351 741
258 265
657 301
923 330
399 1021
653 896
979 742
218 1056
545 859
696 1014
823 769
153 573
778 783
1111 394
1030 625
872 264
457 28
864 978
205 478
1077 874
1036 1003
495 103
767 261
470 603
275 427
0 218
855 199
610 558
821 800
481 271
295 662
671 310
505 12
1011 137
757 516
565 34
158 731
633 527
328 511
579 656
763 630
540 317
351 791
638 198
996 538
104 856
394 175
1019 1064
575 732
315 1046
903 404
810 441
956 631
276 781
918 384
202 665
625 582
915 811
254 793
717 877
651 449
723 581
646 740
291 162
367 695
1109 654
548 894
277 905
765 101
742 1058
434 685
577 734
237 195
1041 714
916 501
698 20
965 289
703 445
179 860
694 269
465 897
106 846
693 713
435 264
987 743
654 477
162 598
993 968
131 694
189 1092
1057 210
1100 644
788 838
596 424
649 341
187 976
193 37
139 185
376 323
123 409
749 467
211 825
144 196
332 446
732 1012
729 414
309 630
395 785
51 354
389 439
848 557
153 310
383 905
183 188
471 289
373 164
683 10
476 612
930 1013
113 296
594 503
694 353
56 559
607 96
630 797
826 632
1072 961
869 65
584 406
21 185
488 1023
986 951
1097 819
1022 895
962 1008
934 508
282 632
502 84
586 261
754 699
557 31
746 813
577 771
454 570
354 563
298 926
349 273
541 970
619 247
1056 417
407 110
842 505
728 654
194 963
987 311
940 832
832 16
885 158
971 444
313 369
386 1066
990 1120
661 645
475 1050
126 389
127 842
392 518
20 49
981 864
163 1074
595 725
880 117
988 664
1008 185
647 638
806 258
249 578
1084 774
400 984
1002 702
608 535
323 841
767 193
364 1001
87 374
287 937
427 745
525 867
1123 725
1034 329
747 817
928 34
877 674
365 826
437 349
84 229
670 572
447 25
291 182
837 580
168 778
451 532
521 563
837 466
190 546
586 859
912 541
1050 748
428 692
290 708
174 323
241 434
128 924
731 552
988 542
71 157
915 834
529 790
134 703
259 608
826 766
883 504
975 351
923 785
889 221
186 331
738 658
83 346
847 727
511 862
722 965
265 310
887 456
1010 859
651 436
687 627
45 954
863 440
990 769
34 26
123 135
860 726
561 747
1017 632
593 171
722 829
301 432
773 642
1026 705
468 392
270 1084
371 885
837 1026
317 253
183 392
980 453
352 1051
987 1120
1115 408
537 403
876 356
553 737
181 116
796 95
379 217
88 840
849 730
496 985
252 228
877 949
1057 702
338 710
895 1087
628 206
177 440
268 899
530 646
191 253
818 971
599 217
294 677
681 575
539 349
917 848
1000 1003
32 856
787 576
140 445
400 412
286 505
1121 635
484 576
353 740
723 1113
620 957
835 691
1111 173
300 697
564 205
714 546
363 713
80 749
983 565
171 596
567 859
115 123
972 809
563 594
516 620
257 908
172 923
445 737
262 986
974 124
99 169
272 237
575 294
94 847
132 114
600 755
284 130
438 313
602 688
168 908
835 512
827 342
472 943
626 459
587 245
950 624
730 962
245 943
955 960
377 324
738 615
462 735
11 921
418 398
860 1047
750 751
102 54
973 71
794 885
619 301
162 1011
967 702
176 348
769 975
919 764
567 324
521 840
118 490
456 266
958 799
1016 1090
143 203
180 150
378 1104
600 758
426 373
407 128
209 877
845 673
827 512
791 1052
1015 1056
577 317
409 303
455 443
769 501
280 554
1011 603
1011 346
109 695
252 937
354 772
942 704
533 261
425 183
458 458
547 685
489 447
498 622
1064 483
421 917
1078 521
570 677
287 1102
1014 585
1037 136
268 993
60 240
124 350
380 590
516 198
149 629
763 348
622 256
404 56
706 707
428 832
646 307
832 737
269 582
1078 763
205 517
850 796
915 626
763 496
369 658
1071 1016
325 649
507 433
950 230
623 803
238 540
949 356
131 888
345 485
594 762
293 623
629 451
757 1009
854 687
532 254
763 1110
1024 884
132 557
107 901
442 502
91 236
394 243
685 680
682 885
349 33
333 895
424 885
119 369
156 617
140 236
892 370
929 675
736 484
698 310
916 162
867 18
113 679
1095 1045
890 950
36 1118
411 1098
1021 1040
263 518
860 757
817 155
62 76
169 387
236 1122
776 1035
716 682
104 764
166 1026
119 1115
250 231
994 308
116 940
469 890
289 193
847 492
940 57
475 192
334 637
309 985
38 122
278 817
324 722
1016 1052
670 1084
567 571
308 465
688 971
821 823
1026 358
302 719
798 1026
964 285
802 932
821 712
407 108
912 1010
467 199
1065 214
1049 901
77 658
743 622
1022 315
511 34
1116 104
706 732
1087 722
286 790
161 312
14 844
137 940
930 498
1017 854
520 427
98 93
529 250
1088 748
657 1010
822 209
965 130
694 694
133 633
550 338
189 554
128 714
679 589
180 520
796 774
806 1002
356 806
860 431
810 393
275 807
331 624
352 213
977 180
363 778
284 368
882 295
997 778
436 226
694 380
615 845
76 112
672 950
1022 263
954 1003
350 500
239 328
527 548
521 656
459 574
318 587
581 195
804 484
564 444
272 379
1 469
77 345
890 644
1006 485
104 1108
166 408
987 1055
712 795
804 418
471 108
499 41
297 353
873 654
715 325
1108 305
893 322
593 208
576 524
238 575
923 285
873 652
645 189
516 1097
255 657
162 464
199 1037
517 797
181 308
416 946
104 387
180 307
545 474
366 631
750 750
240 726
266 775
609 130
1093 687
109 537
707 778
81 248
1088 549
1097 962
874 286
283 707
650 807
316 957
229 512
993 922
864 738
968 754
230 649
968 828
295 84
146 386
368 991
1017 545
471 335
775 703
207 691
160 746
292 871
652 539
178 710
272 189
158 303
610 315
533 653
966 766
633 831
799 248
813 528
354 264
573 319
135 189
109 992
817 258
752 344
720 44
131 756
357 520
943 342
795 9
516 506
555 270
162 217
1004 516
46 748
996 149
123 980
786 259
858 520
1092 794
195 821
748 48
129 224
935 551
725 1075
777 755
1012 952
159 507
903 126
261 768
566 546
151 722
847 599
238 92
545 806
835 102
745 786
340 437
629 364
157 410
710 616
293 547
820 751
914 137
720 844
274 436
973 126
499 388
670 792
100 845
1002 625
605 789
971 710
512 822
592 639
273 103
551 1098
904 783
551 457
660 482
938 257
995 405
224 203
288 822
146 307
957 990
954 259
58 673
283 917
516 123
434 513
842 646
727 978
108 880
692 1004
806 812
247 771
352 1069
966 531
279 835
468 1050
875 697
377 257
618 563
233 230
356 161
800 290
912 80
642 676
699 494
648 862
998 947
608 701
202 701
824 624
414 979
160 817
820 132
644 484
788 896
645 614
873 883
706 411
299 461
560 602
231 319
715 236
574 761
1075 404
199 851
543 680
590 763
605 224
975 488
142 900
26 502
922 660
857 759
1092 571
131 851
228 170
270 991
352 442
724 582
303 317
60 886
433 298
768 427
608 912
607 908
894 842
299 490
1028 380
258 503
275 643
1024 221
466 531
535 498
433 881
530 743
805 745
726 194
973 449
379 856
337 747
58 538
915 685
112 643
1013 865
542 305
338 714
202 1014
929 742