1105 667
159 89
480 77
760 569
804 573
104 481
176 485
682 1091
252 1068
464 647
1024 38
606 688
354 233
108 869
809 747
973 291
272 440
176 810
927 153
1104 159
240 475
0 416
237 336
828 408
156 837
533 723
670 745
512 852
917 326
150 742
421 489
504 624
217 483
680 141
118 1089
353 860
859 1007
479 924
1098 362
760 218
551 1068
913 854
359 635
53 328
652 1036
513 543
278 681
327 879
928 627
943 1067
459 645
410 619
943 771
140 131
305 1083
838 341
884 173
449 471
243 149
869 932
618 135
146 109
836 127
705 972
513 528
391 679
640 630
355 887
927 604
245 860
489 170
239 780
623 271
55 444
875 167
580 543
997 314
490 580
1015 487
725 273
1064 865
638 302
252 153
573 380
814 902
626 258
921 31
228 915
0 506
733 781
621 356
735 348
1012 114
249 178
664 569
414 736
505 160
983 486
231 312
120 461
234 430
353 947
731 601
398 550
747 343
828 693
482 1002
395 521
943 435
1118 249
205 382
427 466
356 450
542 761
937 471
853 101
430 603
498 896
678 617
918 1039
1000 1034
973 106
755 728
1006 958
946 1104
522 757
224 269
4 158
1041 627
473 395
490 1055
546 411
706 616
390 415
1058 834
449 574
795 639
1045 198
646 311
230 435
41 17
412 306
663 186
714 197
1056 727
146 583
18 566
292 531
366 660
845 130
343 343
816 1103
1069 1053
17 750
197 361
422 559
1016 658
5 628
412 508
952 404
350 136
48 212
481 589
166 546
550 752
422 1040
174 516
264 1108
872 396
579 746
799 694
808 1008
915 392
484 584
214 282
803 597
13 79
280 476
119 64
1002 709
762 489
705 392
509 467
178 209
274 884
659 629
547 908
371 739
278 185
128 490
268 980
250 181
350 850
535 612
156 543
957 675
318 1121
665 206
253 641
1016 1071
29 636
271 421
851 754
144 625
297 867
1 891
520 725
580 682
762 330
1008 373
1121 243
135 485
431 34
144 462
1062 117
799 212
723 846
220 1106
334 587
134 860
32 408
954 555
1073 582
964 142
960 590
143 504
180 382
619 210
907 800
814 793
321 620
912 298
890 656
384 499
1020 1106
396 251
884 802
733 1035
815 590
852 752
795 712
284 724
447 264
343 905
379 45
250 152
964 123
1012 540
624 140
739 179
669 540
799 712
535 220
969 731
586 594
291 529
433 558
986 753
272 927
434 581
592 753
1122 562
105 776
700 362
959 774
931 424
153 87
466 719
499 404
388 928
330 674
657 615
693 809
281 439
473 587
127 625
496 787
1091 975
374 507
775 929
1089 395
191 442
520 522
383 120
706 5
536 470
727 1026
207 1113
414 1121
890 144
504 205
1037 370
157 212
747 846
773 861
252 901
813 737
967 466
922 600
475 812
926 951
619 363
537 666
61 1104
1030 1007
40 993
751 433
413 29
254 844
737 691
877 1120
515 613
603 622
700 104
687 137
997 593
417 294
700 72
888 215
779 229
100 248
392 532
933 543
253 355
630 68
686 641
101 598
229 968
3 541
558 433
512 587
686 338
889 575
423 621
861 1042
151 636
524 1030
903 15
250 831
242 439
447 233
217 133
999 446
659 432
765 213
14 1050
459 211
991 1007
109 485
286 887
366 833
858 848
66 193
107 701
941 569
838 642
48 861
837 203
906 447
940 649
129 830
791 758
218 841
917 316
1025 684
695 242
533 685
698 967
210 769
125 450
272 113
700 299
949 362
619 603
118 897
55 822
103 160
720 609
499 999
721 155
1061 22
129 675
280 788
1067 152
889 447
929 459
82 1014
164 794
758 475
738 975
755 332
401 200
743 449
706 832
936 157
17 373
705 970
774 636
833 126
369 305
205 687
960 508
667 205
829 1037
631 61
984 496
361 446
237 129
902 812
1026 812
15 543
444 341
245 185
718 268
342 1021
913 677
811 127
902 639
956 961
150 620
68 317
686 106
592 735
798 203
374 744
797 14
730 636
918 763
685 180
97 60
545 472
60 350
380 706
26 570
283 785
279 1075
697 44
350 1033
753 992
824 784
660 446
265 942
720 251
698 1108
817 960
70 876
201 650
645 451
530 513
1087 1048
665 944
929 950
798 177
768 338
530 778
950 18
289 1010
333 834
880 332
414 198
457 464
773 25
1013 141
361 1085
810 294
581 1021
670 1023
354 797
327 493
831 551
1020 678
662 221
515 370
881 309
348 930
255 790
986 684
189 336
815 1078
910 806
941 249
332 309
107 871
513 687
133 289
768 848
120 187
118 984
12 97
209 476
123 153
606 155
914 848
820 340
446 411
848 864
906 607
831 903
1062 785
616 630
394 91
1013 836
716 913
93 875
719 840
302 593
525 787
217 716
730 266
435 56
234 262
1048 742
708 306
328 761
513 1060
250 237
436 290
800 466
962 645
340 511
147 945
517 202
378 599
197 563
659 693
291 812
123 627
282 545
421 27
144 789
802 455
130 829
525 274
778 741
1072 629
397 507
502 355
362 497
730 424
604 418
199 403
575 847
1081 880
823 517
116 447
536 929
883 809
775 1006
495 497
571 601
560 393
987 455
951 677
489 911
221 32
867 863
636 563
358 442
941 37
888 340
637 856
1007 232
283 39
658 691
964 814
384 650
697 1108
230 971
702 255
683 184
588 225
386 645
673 270
713 491
509 117
740 488
288 783
828 526
769 978
299 979
566 170
758 246
514 445
107 1037
859 636
180 39
933 755
900 207
793 494
893 460
594 343
644 932
137 378
546 1088
7 818
217 535
328 45
196 623
869 812
40 30
310 609
1003 933
353 485
978 631
814 551
980 395
148 547
864 16
256 322
398 834
748 486
482 764
902 710
607 681
377 683
804 1048
1039 822
477 934
745 746
93 4
551 322
85 1084
492 839
639 185
717 0
487 1118
120 670
917 341
920 256
1000 174
518 895
104 686
482 196
433 918
467 160
1078 173
844 178
393 417
544 235
233 226
568 905
181 410
283 611
692 745
589 1054
718 225
100 690
261 871
247 468
364 857
529 390
989 902
485 250
237 1096
250 823
653 531
453 856
1 129
877 1079
776 1025
911 676
231 837
427 32
486 325
67 779
359 860
449 165
559 716
314 431
318 814
577 595
961 236
777 52
48 344
702 773
666 250
414 602
364 550
1107 702
635 564
404 981
217 642
541 555
405 1111
471 638
675 857
124 129
574 906
250 516
875 1001
206 1013
881 1009
800 373
1023 136
148 444
333 920
147 150
1038 422
652 974
32 175
824 272
327 197
821 921
1063 801
653 337
827 954
854 331
918 591
634 168
656 440
1079 367
398 384
897 953
539 96
997 936
975 364
886 486
154 570
627 368
233 435
807 258
293 214
636 855
273 378
100 272
248 418
242 850
583 882
836 676
635 872
1106 111
777 966
875 541
293 595
830 511
673 526
782 849
726 98
817 764
807 733
482 1032
264 727
910 910
950 178
418 705
223 52
1034 829
193 70
960 1000
538 670
350 898
183 890
784 214
374 393
414 1062
837 456
733 856
384 319
740 588
320 648
358 534
166 558
629 966
1030 828
522 782
2 734
155 709
676 677
488 950
838 1105
849 947
720 484
787 717
84 195
1066 466
646 1024
887 555
247 493
363 552
345 365
835 589
869 519
189 458
767 280
1069 299
276 577
892 793
243 260
302 490
103 331
730 704
632 353
359 938
677 458
700 962
664 869
1045 497
203 423
396 809
303 1025
829 989
168 290
741 178
913 676
848 630
65 180
779 337
767 274
733 376
1006 683
680 427
554 483
430 894
186 639
144 950
398 770
511 628
713 830
590 433
595 921
307 168
617 259
484 942
557 383
965 385
1017 1001
912 924
403 366
504 576
957 614
241 109
590 366
931 198
828 954
366 795
996 41
922 49
462 1028
175 1022
897 262
195 681
970 798
162 773
637 664
722 186
208 123
343 801
717 578
653 496
79 448
549 626
173 200
620 816
1099 936
739 107
759 731
171 251
842 943
1031 665
676 938
227 1024
943 680
395 976
385 557
361 660
834 375
315 425
464 732
919 488
9 847
584 870
502 62
453 831
1029 647
1016 886
1114 283
1117 986
132 380
1043 332
467 161
727 223
676 777
888 606
570 740
1010 869
385 594
166 290
531 1016
601 762
624 522
987 571
328 1066
807 1061
288 745
121 658
311 380
611 710
925 409
844 1086
596 264
437 218
330 433
853 999
1023 656
175 693
166 627
906 497
587 621
669 1108
621 51
707 155
366 818
146 208
974 1110
135 876
31 1008
708 493
658 699
365 638
707 23
784 283
235 395
299 167
868 110
1011 373
17 614
539 879
583 669
530 186
166 865
233 118
426 494
1075 583
698 1064
182 621
359 680
962 209
806 582
896 401
977 1027
273 306
886 455
808 735
285 307
140 934
844 744
154 547
860 106
766 966
956 425
888 873
754 631
162 1119
469 896
240 734
505 549
919 682
387 1121
593 495
345 514
573 833
643 526
882 410
154 514
486 582
842 219
876 920
620 672
1009 334
889 718
34 1032
911 861
1070 1012
1076 145
128 199
814 486
375 736
154 766
729 2
268 339
261 772
321 154
264 632
735 600
105 903
560 747
128 357
674 545
836 151
946 1049
1116 916
767 326
996 924
180 224
264 644
477 346
420 425
596 37
533 562
646 442