694 1019
369 792
172 970
945 195
861 857
666 1013
236 306
549 364
694 469
785 835
1003 462
101 1101
191 699
481 549
772 555
384 757
219 707
950 430
971 390
631 261
509 893
533 139
346 285
239 924
845 876
651 327
205 937
573 209
990 914
178 750
134 780
750 830
118 225
965 701
994 167
519 559
622 519
857 780
609 255
141 513
363 380
135 586
602 212
898 685
329 114
342 1016
389 201
19 294
464 798
1005 846
879 395
417 662
890 935
703 857
457 351
367 483
862 811
10 1043
858 386
583 290
324 957
84 1035
648 343
517 566
303 172
238 615
667 935
402 309
830 7
376 888
331 923
180 468
208 197
238 200
700 336
51 575
36 795
565 123
633 267
115 14
733 937
181 81
598 856
992 864
770 228
61 949
733 294
973 495
895 207
698 482
722 370
613 381
863 666
311 594
127 352
100 505
800 220
168 917
833 271
434 766
731 601
503 274
457 582
963 485
617 1010
325 313
195 663
476 561
910 174
661 130
514 113
731 341
670 618
498 538
218 398
949 675
407 558
450 532
869 913
1097 319
981 725
922 54
375 186
535 677
430 476
632 1001
874 105
242 403
138 220
821 586
435 540
42 950
800 536
453 898
75 364
102 443
523 546
368 161
366 943
844 433
458 693
307 398
863 492
926 506
92 220
64 426
1059 326
352 927
992 778
116 10
577 544
803 618
850 64
591 1120
393 677
468 1042
741 1000
943 43
266 716
584 843
940 961
22 259
401 722
152 1116
689 170
185 206
481 203
542 725
864 149
240 269
502 165
820 347
1009 799
552 527
369 849
745 867
278 1074
158 829
735 971
289 458
350 120
71 333
114 884
274 444
1080 268
599 95
326 795
275 840
209 985
197 291
797 212
1074 1058
710 217
199 320
188 432
222 583
654 782
769 1112
92 804
958 301
102 140
622 1022
417 190
638 1043
204 878
218 775
310 587
259 784
672 1116
464 85
144 629
887 964
743 563
570 422
663 802
297 909
210 766
400 436
752 681
476 903
812 509
154 633
357 410
267 957
660 356
266 772
347 1013
87 522
84 799
227 62
618 375
92 838
141 487
626 806
601 143
192 271
824 310
867 138
1008 745
804 796
934 746
181 789
429 293
999 1058
657 856
386 644
160 277
104 220
265 976
250 93
198 653
423 395
1080 850
314 1029
161 608
503 905
482 595
288 846
438 996
40 146
242 633
671 483
894 111
56 542
483 515
102 1
605 343
762 1012
372 354
810 829
831 1063
672 249
296 1065
396 984
598 285
875 963
967 993
413 110
205 429
753 1007
359 647
567 748
656 764
125 605
564 805
538 789
913 101
134 711
97 69
328 987
773 504
337 1053
760 257
816 356
469 395
508 185
474 549
330 515
902 1110
841 1026
448 1017
241 372
353 836
1054 999
187 29
149 32
1003 697
387 350
325 1061
217 678
350 627
291 583
738 289
695 609
319 92
469 765
865 977
335 1090
118 234
16 181
992 362
450 367
857 944
237 237
715 594
679 547
945 929
341 153
129 136
1013 90
802 1018
222 981
605 572
547 174
504 384
631 806
174 724
528 847
245 483
1014 1074
636 357
655 108
148 169
819 249
145 223
696 361
465 198
951 993
509 225
600 716
399 301
737 744
147 785
719 711
552 213
609 149
157 80
370 359
848 967
450 437
348 719
1118 582
203 488
8 182
394 362
725 608
579 736
1105 503
562 332
574 131
923 461
381 970
871 904
768 53
174 398
619 595
501 767
637 649
728 647
430 527
206 381
161 91
796 624
507 186
702 590
174 805
437 1054
907 599
444 151
280 175
756 102
1089 660
576 634
526 775
104 461
219 128
391 707
965 78
834 1109
646 921
405 170
704 1115
541 709
408 913
902 981
144 926
60 610
311 299
744 132
917 188
844 723
394 198
135 1021
298 249
349 498
425 764
414 140
927 649
61 590
171 370
144 579
472 206
429 831
235 184
215 711
45 366
834 233
849 628
952 903
267 1075
469 948
835 793
521 410
210 952
916 993
1101 592
925 944
271 907
671 859
162 642
92 874
588 853
947 784
251 321
249 598
913 796
146 665
363 240
126 766
994 497
1 166
513 295
1059 842
364 473
841 274
295 26
587 183
175 218
440 1104
241 464
242 48
528 483
317 429
206 80
377 238
372 252
590 453
85 842
873 28
468 1029
213 654
801 192
236 1077
727 739
895 714
292 906
978 940
367 923
60 180
847 469
146 1010
439 544
834 101
974 181
235 236
224 786
122 736
781 442
647 812
801 714
233 731
947 699
899 1106
21 258
441 261
610 1075
229 901
747 1092
845 431
119 444
853 539
264 1100
144 251
72 1020
409 1122
182 600
375 937
1012 29
740 1116
171 440
218 409
456 728
799 380
351 977
263 715
593 774
651 370
308 801
687 806
475 799
972 610
359 178
824 1117
800 491
669 728
1050 876
105 632
848 218
674 606
182 818
960 225
941 220
629 894
731 664
336 524
717 473
5 1012
709 480
987 811
425 569
802 392
221 729
301 883
431 371
611 919
727 459
313 214
458 199
479 770
407 436
505 338
657 197
493 926
770 780
554 643
161 1091
656 457
115 710
1005 212
1088 965
1023 540
529 261
848 154
1017 12
801 453
1103 250
787 333
753 1076
782 999
535 974
932 824
535 1059
145 398
867 688
1011 407
426 792
160 966
803 711
438 779
796 757
755 501
736 565
806 888
50 492
578 508
923 269
705 116
360 261
138 614
160 420
646 452
964 667
812 61
990 604
1084 539
412 618
686 671
791 114
859 177
243 1108
947 512
747 290
992 349
665 593
367 914
372 574
494 1071
238 898
1045 505
452 842
32 618
386 83
316 973
951 995
488 770
59 468
607 541
1032 163
947 814
437 880
313 494
420 390
627 1114
349 566
889 592
606 121
196 320
467 246
327 778
666 422
39 720
275 952
141 1017
495 379
841 728
706 969
378 1006
345 951
989 145
121 49
771 813
946 210
654 1005
124 159
861 495
757 405
830 817
941 958
132 321
969 863
803 270
918 708
28 417
230 919
500 654
312 674
763 344
622 828
64 881
484 711
872 579
790 121
247 735
913 247
282 408
711 585
1055 235
721 773
570 968
766 575
128 461
575 298
676 838
951 352
504 277
944 68
998 61
391 29
649 388
840 748
94 168
200 399
622 1060
880 476
327 313
41 180
681 418
813 799
340 977
628 581
128 485
391 401
277 357
205 647
459 295
1080 93
504 793
244 923
160 213
628 404
813 852
868 587
536 228
206 232
1094 402
138 1009
743 102
598 599
456 597
883 124
1111 124
716 661
1000 434
142 356
438 433
578 296
11 649
107 896
179 725
228 749
198 815
424 850
645 741
645 287
675 1004
856 436
1060 457
169 287
778 190
895 580
278 982
929 103
77 43
541 692
740 515
586 234
409 66
756 330
330 738
695 431
350 538
51 310
922 301
334 901
658 321
786 992
881 995
809 696
662 567
556 464
113 871
54 333
749 241
433 995
1022 423
661 91
316 855
4 412
513 805
962 933
977 965
990 1010
424 225
226 900
664 1077
683 546
548 893
527 650
619 451
940 550
161 899
522 971
1075 50
601 582
129 473
312 112
621 243
362 16
122 223
213 12
571 471
365 293
739 798
201 497
271 356
525 988
1107 629
317 1094
607 84
681 795
50 880
570 716
295 175
401 548
54 785
778 100
409 700
559 415
792 593
782 713
622 553
378 329
900 967
565 341
138 868
654 172
909 895
77 288
232 487
229 1014
782 422
904 724
807 618
984 872
1002 238
631 1011
1070 140
984 472
452 646
893 575
121 268
905 816
712 1003
217 469
1022 766
483 749
1121 1048
600 920
969 757
1032 904
768 202
725 459
881 755
790 113
148 54
1081 632
160 105
425 407
444 457
1011 788
63 638
450 225
367 701
975 991
171 352
324 119
708 473
302 1107
641 631
632 1018
554 512
210 988
155 726
739 576
818 469
781 33
229 879
1033 841
520 963
314 785
558 377
949 678
797 769
612 274
424 462
328 284
296 268
110 629
695 722
594 431
480 546
302 711
370 154
499 80
451 562
256 175
156 322
814 1020
147 105
492 43
905 885
969 417
252 485
445 190
822 686
734 816
912 622
85 137
513 451
497 445
403 940
358 978
699 303
152 1019
430 568
622 229
343 910
201 335
576 905
764 139
270 32
866 459
888 160
894 634
217 119
162 182
61 888
20 270
1017 847
174 959
1014 151
319 225
652 198
367 653
834 331
638 611
857 175
518 163
866 705
1040 88
720 955
988 324
138 197
853 600
1020 330
975 507
307 942
794 846
443 1088
798 198
708 1073
227 1018
485 63
966 701
116 920
159 876
501 1081
806 545
474 668
402 917
522 200
642 375
814 1002
678 936
140 729
899 960
125 382
467 236
885 532
591 868
520 441
468 451
496 663
520 305
301 412
380 44
365 841
218 177
813 163
960 598
219 343
709 834
77 765
989 2
892 954
388 157
85 1034
939 741
493 893
253 527
788 272
292 299
592 549
193 692
217 722
790 717
348 464
846 759
1123 469
705 697
152 94
184 42
83 212
449 242
848 214
183 531
445 293
521 591
787 226
166 286
859 600
431 764
51 624
193 453
985 816
876 249
584 391
534 723
970 289
799 540