836 226
899 700
791 710
228 764
24 432
855 232
242 319
864 302
596 670
28 16
693 535
157 904
151 820
790 168
1023 60
871 727
580 972
816 1042
567 489
752 281
751 241
52 267
437 179
938 298
62 766
851 462
1111 844
145 299
933 494
930 687
414 265
505 810
367 140
663 146
1038 350
723 741
786 392
406 519
545 782
696 532
51 360
730 392
829 1017
944 953
907 588
111 52
41 806
351 781
163 457
515 1122
356 589
114 455
405 870
1048 1025
334 503
943 521
237 609
827 312
957 51
1123 781
701 467
318 459
874 698
259 820
713 554
185 620
505 922
470 807
884 106
482 678
101 385
1016 316
857 725
364 679
1025 804
557 943
307 975
243 688
808 1007
991 314
274 88
230 54
902 312
264 418
731 407
336 837
684 873
999 714
464 296
246 776
8 1061
1097 47
262 925
302 772
810 1094
265 494
292 458
945 458
561 388
366 770
419 313
911 479
652 536
717 546
520 708
851 760
354 454
780 727
812 197
224 176
826 978
1000 338
481 1065
157 753
339 1002
51 77
258 217
860 142
1022 918
745 683
615 82
564 206
567 968
405 288
506 513
681 411
735 373
86 666
179 63
250 175
597 207
447 460
465 986
471 1048
584 554
694 717
639 214
760 641
127 288
213 95
949 792
1102 941
673 345
138 226
64 48
169 975
1005 932
119 167
605 896
392 748
564 615
925 238
974 478
821 121
218 937
629 734
39 200
494 206
392 932
978 120
443 822
788 665
581 324
3 645
332 333
766 620
152 394
391 888
767 717
995 702
952 964
179 374
270 861
1018 743
924 127
367 336
156 1017
1123 789
947 258
655 185
708 418
213 856
990 295
667 210
362 782
1079 809
881 174
782 540
384 1115
829 991
230 759
956 665
635 944
577 712
417 161
129 833
304 1061
890 407
221 378
1089 360
603 551
1037 544
405 762
549 794
155 782
934 806
460 645
622 924
463 133
241 1119
750 813
446 965
715 168
784 273
92 12
204 1019
622 672
654 910
676 87
461 168
774 466
609 501
695 1024
238 198
1006 831
705 124
514 168
532 321
223 600
336 663
421 740
143 467
1003 164
253 728
63 972
527 350
816 1072
957 788
847 170
629 684
640 500
241 718
645 601
324 266
179 64
747 855
127 299
657 418
282 344
20 233
588 266
754 574
319 738
250 832
509 172
474 778
1059 991
1040 567
103 272
1053 518
347 294
506 499
306 243
497 389
815 996
861 37
781 688
127 688
798 951
126 646
647 499
645 590
612 887
326 418
184 467
865 125
935 788
358 363
646 505
874 681
890 241
460 711
488 20
701 540
941 1111
488 194
183 637
143 217
395 277
182 1014
1088 162
698 953
895 463
523 421
451 294
59 819
591 454
159 327
1103 689
743 1003
916 617
831 764
84 594
495 52
252 589
170 1019
479 974
148 832
803 611
528 916
353 129
876 432
503 302
343 893
488 937
193 900
515 919
170 968
293 808
524 365
936 844
618 250
1045 28
559 965
751 349
553 5
968 829
4 165
588 430
260 528
285 580
498 948
227 256
596 233
756 922
347 888
821 903
1056 378
498 406
732 689
407 877
474 505
1073 430
917 634
400 461
549 823
845 559
839 437
18 187
291 747
392 83
643 689
197 695
754 132
550 575
892 362
171 436
936 81
738 335
394 859
125 471
202 11
992 627
373 450
1081 136
318 332
169 887
929 282
162 900
105 254
378 898
634 347
20 394
452 757
628 585
137 649
617 1105
117 231
46 818
133 565
904 120
569 364
479 983
1053 58
658 149
462 466
180 964
478 510
1052 184
962 756
1040 730
505 975
98 389
129 830
607 455
127 916
1000 515
808 307
658 248
874 52
104 835
357 488
1014 118
173 1075
285 948
770 902
652 777
303 691
530 823
25 794
555 167
362 371
567 242
646 650
810 293
48 1103
539 374
891 165
510 628
212 982
193 1029
693 946
674 437
1021 770
548 853
895 293
762 274
384 244
643 482
274 856
591 413
397 44
197 998
692 597
694 433
698 346
434 368
315 659
377 719
544 161
496 961
667 805
804 549
646 581
18 902
296 684
809 845
742 807
1121 172
58 1023
1093 845
1028 114
178 896
265 327
664 906
126 504
706 360
748 561
209 257
150 638
266 422
848 640
544 605
690 53
983 749
404 234
402 115
90 304
507 958
174 950
1113 312
1090 467
386 943
516 771
769 174
951 859
538 87
413 900
924 848
919 580
151 819
329 733
455 968
1097 252
868 708
555 456
131 515
958 564
192 286
700 659
285 699
320 881
298 803
1017 927
230 316
619 911
485 294
487 482
715 218
851 319
549 368
245 870
686 1041
559 1121
48 512
157 456
707 1115
334 565
154 859
905 531
1092 347
399 127
9 399
301 450
62 176
290 629
737 949
813 119
818 672
508 170
538 857
814 394
861 44
980 781
437 764
117 948
544 949
307 379
1007 1091
1003 130
584 909
353 892
386 1118
1090 227
215 782
708 179
198 435
870 706
761 685
908 350
965 233
969 396
480 961
694 747
952 621
227 42
185 697
117 733
519 1007
10 508
229 824
334 295
976 438
130 423
793 660
125 695
941 713
392 846
398 600
840 312
586 452
384 772
313 613
515 254
793 455
958 631
980 1040
696 422
505 841
597 304
803 777
687 16
158 1066
275 277
817 870
843 201
662 319
171 280
1080 621
634 1096
634 855
256 349
988 202
115 864
955 310
761 713
433 198
698 832
1114 256
922 356
1072 463
237 518
581 438
1001 686
327 964
576 121
1123 747
960 143
710 951
723 478
172 707
501 134
234 572
359 395
814 975
935 547
245 742
910 964
561 531
711 396
484 327
121 547
684 391
983 531
600 85
641 288
814 891
224 623
366 541
367 600
342 682
43 312
807 747
165 805
372 653
197 955
176 235
400 184
225 244
278 564
1115 205
441 624
123 418
837 735
45 390
169 340
295 447
16 564
494 521
959 983
904 444
819 964
156 333
171 107
223 285
515 503
584 837
482 159
85 354
77 59
823 1067
412 281
227 696
103 522
466 812
991 291
251 630
500 398
782 792
119 677
1004 14
294 679
725 519
593 426
818 866
617 445
652 218
1024 477
980 827
441 917
987 593
1081 118
532 822
752 2
256 371
821 205
606 918
264 72
76 431
942 731
857 76
568 220
932 1072
989 488
320 682
163 991
529 262
884 997
795 691
722 519
665 746
820 76
643 315
1073 295
196 1094
308 610
786 261
737 113
487 339
747 505
113 386
418 634
572 883
237 939
1111 917
707 838
488 134
279 285
401 1049
296 495
148 147
225 735
313 600
1015 914
493 217
947 252
977 661
222 932
900 448
401 235
1006 341
132 101
407 422
134 800
99 461
16 244
390 31
840 1020
526 781
522 555
479 112
526 84
322 468
992 99
1042 21
617 748
147 1063
356 654
1109 446
108 221
504 511
674 539
113 326
723 33
333 1097
1049 926
563 800
691 979
591 229
408 749
76 665
823 732
958 295
425 1000
906 1101
305 313
590 1113
1077 334
493 562
241 659
842 888
437 104
594 778
617 450
124 10
1009 220
732 373
212 241
264 285
924 859
1078 1117
890 1055
120 714
438 628
578 500
429 929
789 926
733 592
237 887
968 441
93 793
765 826
168 209
880 402
907 478
639 177
833 692
751 23
326 545
430 940
680 1012
430 751
1110 836
400 957
682 790
728 752
106 409
835 64
538 213
390 295
1012 741
675 46
267 672
925 81
160 223
677 721
279 282
497 742
1037 948
246 518
411 666
624 904
59 319
610 694
1016 292
248 1049
423 249
840 862
444 902
391 290
1010 100
802 929
855 677
990 656
407 245
832 804
879 299
558 748
840 909
415 435
268 399
371 719
921 912
891 520
100 654
85 902
1120 32
615 173
352 699
1032 620
826 464
382 210
133 390
273 998
41 1111
539 439
445 607
148 228
868 86
101 465
939 223
820 348
831 907
362 556
890 901
417 46
652 522
579 804
735 587
280 694
854 140
188 170
370 658
41 295
566 367
809 740
834 294
612 1024
329 692
906 270
718 982
777 822
1007 270
375 546
484 707
170 995
615 468
831 444
853 560
313 397
753 903
432 266
143 1059
566 613
363 324
760 315
546 981
323 203
157 833
677 551
828 143
698 127
725 880
556 767
333 880
204 964
391 450
358 839
11 482
490 829
126 410
782 371
560 939
348 827
600 527
246 408
311 1118
599 723
310 572
525 560
994 107
997 968
926 971
976 583
311 906
973 721
184 656
474 591
190 212
1017 527
202 603
109 431
509 376
2 540
648 261
871 87
412 845
440 237
660 455
505 1072
218 581
806 702
767 485
479 46
918 165
25 584
670 531
243 483
774 285
971 1031
725 648
175 239
1027 63
236 353
412 593
580 1066
675 150
508 397
869 832
439 760
126 963
802 302
440 793
102 782
954 619
387 823
359 358
173 998
160 873
824 684
606 561
666 604
676 911
954 751
1000 586
913 662
624 471
574 1039
448 602
1015 980
177 788
723 356
389 838
849 805
665 686
245 958
570 140
584 497
604 111
578 759
946 683
616 1080
931 235
478 628
758 827
672 64
92 309
646 929
114 1017
572 147
279 260
870 266
860 29
527 910
938 126
355 738
553 404
291 1004
95 517
802 606