664 824
493 428
685 149
246 311
888 788
684 313
256 861
423 1016
997 690
986 260
604 1001
846 483
376 114
367 933
682 132
666 527
395 168
2 732
752 394
783 475
792 452
361 824
565 166
594 353
113 108
1061 896
831 750
682 365
334 720
233 279
665 407
900 133
500 87
508 992
141 432
1031 634
497 678
535 134
334 562
566 977
166 299
304 935
266 1026
799 783
956 150
813 1060
1056 230
217 865
383 47
966 977
582 1039
391 635
390 506
136 836
693 1032
425 376
897 919
32 447
891 528
721 328
310 803
748 979
600 973
313 467
389 216
572 122
617 214
987 326
288 337
324 649
337 993
615 969
662 167
346 975
947 575
1066 490
972 488
774 126
441 727
43 119
592 761
912 493
296 549
362 734
1029 803
210 725
1097 271
789 160
910 819
939 514
674 441
655 488
210 91
144 750
875 457
141 926
381 828
940 1048
298 774
487 219
382 825
954 247
967 527
402 222
323 342
982 252
480 33
423 393
261 652
435 559
119 919
358 270
385 583
587 606
511 6
431 117
211 233
1051 547
210 314
324 524
363 581
967 457
318 774
672 1067
847 571
904 653
835 798
447 337
298 130
705 427
463 743
811 121
333 339
881 245
370 664
479 184
429 647
228 1007
386 880
253 620
137 203
518 269
296 635
393 102
1058 951
168 100
658 158
223 1104
982 295
953 110
687 127
518 471
104 664
182 598
886 929
458 1021
748 896
853 762
1119 813
1049 799
936 941
904 116
944 262
114 476
716 249
902 733
785 234
705 964
134 846
71 999
992 227
521 530
590 485
424 88
991 645
832 448
248 267
744 831
409 301
1008 276
453 900
321 246
1056 991
279 627
666 302
664 170
162 445
200 243
445 425
961 884
959 758
519 596
601 572
766 946
1013 1096
450 12
127 873
347 470
868 22
529 787
412 790
952 36
819 507
267 808
148 795
41 761
729 712
524 93
533 675
329 961
660 755
250 513
928 985
669 764
870 807
694 800
896 169
206 257
954 678
221 301
646 955
360 827
500 601
660 391
191 173
1097 884
998 559
807 1036
986 1036
890 594
172 193
1039 769
494 274
255 487
905 960
580 683
409 1059
517 310
1111 944
617 887
443 415
13 326
692 260
252 600
1072 972
122 518
287 1029
618 798
454 246
277 127
735 656
840 416
772 538
137 399
460 1014
511 441
565 833
1046 540
956 403
242 1103
942 276
548 811
1000 44
546 141
884 400
663 622
348 998
499 94
875 655
1090 882
842 317
625 596
790 573
883 336
760 806
786 344
756 305
257 127
109 648
421 430
668 855
781 896
368 200
1100 396
418 908
357 487
505 834
136 402
428 825
311 762
974 105
868 598
682 166
142 777
792 917
278 240
430 164
0 763
747 822
634 767
753 214
466 713
593 237
396 1074
416 381
955 850
88 18
701 577
1088 264
114 68
143 425
361 527
595 28
760 967
885 804
100 1073
884 889
58 735
875 1096
549 233
318 275
648 333
700 1084
361 241
602 1028
332 797
1020 63
325 159
553 585
826 205
630 110
435 910
1015 514
567 246
669 131
570 853
715 194
756 966
604 821
608 751
100 188
611 382
870 1007
583 590
25 851
277 597
111 1031
915 208
722 504
688 1115
672 1010
875 191
825 209
266 134
543 306
825 976
314 109
991 103
469 194
61 164
916 2
843 805
574 1103
580 353
561 503
386 762
124 189
679 438
678 585
512 434
517 163
841 554
628 298
169 303
848 714
45 849
732 877
421 743
172 654
535 563
785 988
634 356
666 961
345 600
720 1011
352 850
374 577
844 116
395 801
743 221
33 591
764 456
191 959
427 898
522 597
302 505
696 665
603 898
0 775
786 217
161 341
97 162
10 309
426 244
789 1020
706 107
655 526
1052 665
504 492
836 735
646 611
816 250
623 1018
255 315
472 586
465 595
872 247
778 389
1001 166
168 869
528 954
1092 265
610 565
566 30
798 637
222 611
842 0
300 383
651 388
405 14
1064 160
145 697
121 546
321 615
51 958
494 734
802 690
93 983
867 360
101 703
939 540
794 379
61 604
225 15
815 253
637 789
266 142
187 1007
539 928
740 557
720 419
967 421
449 108
939 274
408 375
530 785
310 401
993 652
902 340
288 243
1042 468
1070 793
581 92
227 1118
664 501
806 689
744 747
155 314
264 353
631 77
362 682
822 246
567 1
128 509
15 476
1067 467
910 19
208 591
944 106
826 621
1003 555
769 443
867 631
432 548
418 347
231 56
449 1116
642 348
2 551
440 696
255 851
425 982
718 383
918 169
469 703
713 132
1044 234
508 160
618 995
171 475
501 430
79 698
614 647
399 126
987 681
118 515
422 769
198 464
462 570
873 901
475 641
663 47
495 729
928 988
995 1122
219 439
1012 124
227 277
799 102
774 709
398 319
289 105
876 435
492 296
469 453
735 614
250 218
429 619
689 1025
884 310
528 932
948 805
407 877
1022 804
470 964
899 741
727 787
321 207
777 114
890 1019
281 367
855 409
394 978
786 779
988 746
257 868
87 164
1104 397
758 41
158 886
1009 201
621 1100
651 236
605 161
165 829
835 488
553 239
1 912
291 752
421 340
125 605
860 721
1066 650
386 51
777 926
747 261
890 794
383 131
592 370
510 833
688 520
772 363
237 461
830 1074
397 967
673 941
1008 928
868 609
304 907
986 808
232 391
377 692
631 647
616 152
963 299
493 221
850 242
400 87
486 291
644 190
609 512
879 126
746 859
793 896
464 533
599 180
139 428
985 618
498 858
131 1100
473 19
783 152
411 1061
551 723
954 184
864 280
1013 492
1123 559
109 183
760 19
180 764
650 278
10 547
1033 527
242 143
1041 295
1012 1102
843 669
756 840
275 180
878 698
213 300
386 265
548 809
519 1020
568 692
323 572
1060 890
1118 628
966 907
895 559
539 204
962 648
48 693
403 999
1117 257
570 566
1020 907
769 896
751 467
914 946
50 299
541 132
160 259
473 754
238 199
993 779
463 642
349 981
894 996
417 72
525 491
247 823
204 757
136 908
1067 792
324 129
171 14
194 885
1029 516
192 665
1032 939
608 877
456 939
223 191
516 245
503 402
1066 220
475 1006
339 2
1121 312
301 472
928 785
796 328
194 356
604 196
736 331
413 541
708 849
366 949
575 814
517 433
1019 242
189 827
192 1020
18 893
386 863
966 1027
606 619
924 142
565 203
379 28
855 176
564 206
501 581
892 859
177 986
360 925
743 552
651 869
220 802
893 16
437 501
767 289
725 1043
9 489
835 731
941 201
719 624
598 336
667 113
418 306
217 362
987 193
730 637
355 996
265 549
567 649
1008 449
118 177
959 981
404 531
588 179
233 606
347 442
650 481
286 952
1082 233
766 345
416 1000
452 767
391 307
786 744
814 875
621 588
880 1029
883 121
1061 752
569 347
456 663
882 455
227 417
871 785
132 7
686 11
515 728
244 563
1088 763
414 426
1085 410
371 413
270 481
125 261
123 539
520 1079
157 9
686 608
331 632
796 980
721 558
201 922
556 121
1044 612
918 965
511 531
909 476
666 295
757 465
953 1024
534 349
290 257
805 553
74 539
561 245
870 522
597 506
441 686
448 947
139 336
402 855
28 970
408 170
954 818
654 86
92 310
339 586
1080 736
215 833
402 128
694 19
1038 266
240 1055
455 926
679 592
769 905
1084 186
161 546
755 265
667 679
290 696
948 364
347 719
1008 842
717 143
1098 802
73 665
218 168
852 1035
375 596
972 660
678 276
889 204
870 454
454 213
661 237
418 709
22 684
114 79
92 640
266 666
482 260
779 164
404 736
920 839
377 919
1014 556
226 700
952 244
931 963
646 213
192 791
759 355
1086 379
639 438
931 926
310 372
254 1012
673 449
515 106
103 436
886 222
172 698
566 259
569 666
48 220
1051 127
916 481
1077 1020
281 676
974 872
292 708
990 869
266 1012
650 300
398 661
858 666
424 979
887 748
392 304
587 498
325 1014
672 732
1082 949
983 851
585 238
904 289
785 713
472 172
227 248
846 1005
927 738
66 103
613 972
478 870
697 915
720 1026
839 727
452 686
952 634
645 113
420 639
241 727
441 422
733 629
543 711
372 127
189 356
479 164
851 481
844 818
394 306
1075 542
540 886
1038 258
935 120
425 413
612 195
450 370
996 523
992 995
567 608
462 848
176 610
997 479
656 203
357 983
705 205
124 45
1041 676
577 1033
464 952
490 293
1035 542
388 748
114 940
1009 302
452 269
49 584
832 156
253 269
1075 771
946 61
807 343
176 707
363 9
593 940
649 640
783 428
896 507
958 249
795 343
911 361
960 852
389 848
565 1048
3 137
51 174
955 845
845 433
478 668
528 845
287 979
1004 1092
866 412
594 705
647 948
839 598
714 939
213 965
646 903
631 1001
548 212
966 615
423 1005
162 964
775 802
110 686
307 91
880 812
212 255
695 279
107 757
710 469
291 888
561 555
912 1030
174 370
105 931
399 901
482 457
837 375
980 591
168 528
860 928
1100 757
771 856
758 422
863 931
344 74
938 668
666 226
302 1099
163 288
595 351
470 687
114 996
864 981
115 633
785 183
848 617
1098 264
822 494
343 278
1021 678
614 221
222 336
347 181
998 551
924 1009
381 623