690 78
1120 919
555 710
625 689
800 291
169 1109
805 284
455 736
749 432
769 1091
357 70
106 933
1076 383
815 243
500 671
407 668
385 971
757 875
800 101
151 676
930 942
991 1111
889 634
203 587
555 406
399 881
854 251
133 628
1011 647
980 923
14 930
106 435
917 162
908 766
575 697
611 723
1008 686
382 992
1067 242
245 815
168 887
720 95
1110 889
1067 596
674 142
399 574
761 974
301 292
140 537
793 948
410 236
357 83
87 167
621 216
418 818
428 1019
682 879
171 536
301 233
422 1005
394 350
111 197
430 364
401 1121
684 217
425 872
544 849
847 863
757 997
105 111
390 349
299 566
279 545
687 866
676 628
767 572
497 770
1039 792
195 312
161 718
1087 394
703 770
377 394
921 11
115 900
922 94
831 938
840 111
609 443
668 580
385 514
574 660
84 702
1118 1094
354 326
354 723
907 629
360 599
1013 563
590 943
194 782
937 884
885 876
368 231
770 991
927 105
654 472
362 744
116 945
509 903
97 988
51 956
934 96
953 388
956 895
354 146
456 276
509 921
336 251
171 532
717 442
351 118
657 320
652 42
491 386
801 587
778 836
27 650
543 564
408 493
582 1119
737 909
679 596
723 495
312 160
1085 1117
874 1
355 1046
596 353
617 963
1071 987
140 123
723 346
365 133
298 152
401 636
763 25
308 664
1029 598
692 907
21 498
637 1067
120 173
630 430
670 33
878 793
847 811
197 85
758 1063
701 764
783 276
717 919
780 431
479 405
212 524
552 1007
943 493
804 535
225 404
891 839
1078 654
129 918
926 192
597 883
314 657
572 786
534 818
318 297
727 829
283 497
759 1020
320 258
975 12
254 498
532 930
603 746
926 301
937 674
730 550
585 436
87 430
840 818
135 985
1025 663
157 887
753 261
437 823
336 172
987 858
275 432
341 1036
931 702
629 294
750 792
578 649
920 394
788 568
1001 228
670 944
575 204
807 888
873 73
1112 237
833 380
380 924
108 683
625 379
276 427
171 928
1083 792
126 883
91 833
331 580
1062 172
199 865
443 1085
315 482
408 287
203 191
591 621
763 551
17 473
802 663
732 891
848 551
498 479
370 444
891 605
195 398
692 977
858 915
752 242
875 523
330 752
618 963
673 941
1054 719
547 937
573 952
416 755
612 957
448 126
982 813
468 59
837 810
623 1057
527 77
243 406
805 793
232 291
105 569
930 861
175 781
92 865
134 629
745 540
799 845
460 361
558 188
179 197
839 467
733 130
971 728
163 255
19 52
1078 741
876 433
759 148
821 323
110 196
582 647
128 1087
425 511
30 232
98 1009
673 995
130 564
543 859
1076 988
50 22
772 134
219 79
223 31
201 978
215 221
433 429
963 183
842 130
475 535
319 418
670 974
549 452
718 595
165 789
396 0
921 961
871 821
822 25
415 1028
44 486
191 218
103 657
907 875
302 1041
611 997
1107 661
698 161
578 864
851 739
1080 534
141 780
609 234
990 1085
760 485
862 374
519 1028
212 322
479 587
124 811
955 271
1034 76
259 276
579 476
107 840
938 556
385 712
141 1034
1087 121
936 77
458 283
5 675
983 111
382 76
590 79
516 593
177 359
921 117
413 284
991 805
905 354
457 1078
763 915
174 450
128 614
277 793
809 777
565 306
451 314
965 843
911 121
197 980
223 768
470 391
224 180
116 891
695 719
730 330
773 448
298 505
697 790
789 368
936 748
280 716
470 405
561 700
612 1067
1013 1082
647 1091
907 172
891 614
696 122
30 872
595 942
464 784
644 1082
627 229
200 665
801 332
1016 210
789 871
298 244
980 889
239 63
757 406
662 429
469 921
517 1000
600 493
78 780
561 659
240 844
821 184
1006 951
329 256
539 449
425 881
984 365
654 159
927 119
108 805
113 781
49 288
529 820
916 581
498 1035
208 978
330 950
136 889
88 356
799 413
423 620
613 905
836 448
679 650
41 364
795 115
323 503
604 834
310 616
717 88
151 1022
242 398
542 1024
262 528
116 162
948 218
843 666
562 721
628 412
896 797
833 1030
294 395
604 272
797 583
1067 840
612 14
900 268
952 466
580 597
498 355
995 120
867 344
523 617
566 887
369 1058
911 992
195 271
759 340
1020 265
124 910
244 226
392 336
643 275
657 484
744 664
519 1003
742 778
353 454
302 268
602 655
388 138
571 947
283 634
51 695
450 957
610 414
836 504
404 5
475 797
414 528
242 951
538 482
715 689
315 673
162 587
177 987
467 1006
248 403
1005 1011
356 155
120 1057
306 105
377 152
177 990
196 739
846 1021
998 660
824 813
444 227
344 113
450 995
184 336
648 888
393 488
937 416
399 488
230 785
153 483
414 132
1049 361
422 849
706 86
892 284
136 229
815 481
445 9
38 543
300 893
297 851
246 280
788 794
864 869
954 129
256 883
1079 713
929 753
762 931
799 697
153 500
143 995
654 199
18 491
839 645
362 72
640 960
236 909
120 299
1 669
781 656
936 641
377 499
370 891
518 875
868 1111
739 965
821 928
520 438
226 741
443 95
677 788
852 851
130 430
531 806
561 855
71 645
864 117
830 181
639 593
403 156
665 341
488 822
133 385
252 898
260 819
1019 779
870 350
877 941
792 593
567 775
67 88
864 176
144 909
275 693
433 354
1017 1065
965 1052
682 240
936 863
724 1063
1073 1028
927 585
670 560
658 247
547 662
810 260
885 172
25 1012
345 689
80 947
675 949
929 751
699 822
991 858
591 689
991 967
860 123
544 1066
749 553
205 189
267 556
306 952
279 1050
824 378
938 478
482 786
894 677
913 759
782 162
973 479
473 418
325 426
405 232
112 550
578 593
69 447
331 1115
153 327
874 711
391 461
744 284
131 534
1051 761
243 647
625 818
190 355
365 505
694 638
859 917
1012 430
1086 736
546 1027
915 658
422 235
702 992
972 494
284 584
381 578
433 574
317 275
193 298
249 978
336 220
602 330
190 128
345 104
464 871
556 668
194 600
132 827
594 681
721 806
77 981
1090 349
142 705
649 248
645 661
710 783
362 595
873 318
319 47
954 1020
867 461
108 749
559 400
465 274
375 491
357 135
486 1035
920 725
825 301
302 340
477 757
109 7
1030 393
332 1038
380 603
430 653
479 628
328 286
199 896
384 531
108 143
351 875
456 882
950 694
469 982
227 1071
430 915
53 414
826 789
145 982
988 540
947 47
319 1008
937 343
403 299
1013 364
128 379
41 707
964 615
511 589
917 673
418 1083
951 512
829 960
897 686
865 887
356 1019
852 933
427 844
856 708
410 608
376 959
731 922
506 118
348 595
265 523
188 751
818 522
201 598
322 913
397 203
421 504
653 777
533 1020
184 63
859 127
485 952
469 825
606 656
114 877
537 157
539 407
977 25
555 730
655 715
813 60
109 710
131 1085
622 169
138 680
632 403
443 959
892 1002
365 382
985 778
1025 905
1028 504
401 754
579 743
245 916
366 122
590 615
162 695
685 396
211 67
175 389
104 221
257 423
870 119
234 521
525 556
631 825
258 492
887 701
488 487
168 927
719 151
761 699
970 725
585 1063
1059 357
812 214
325 805
692 607
684 569
945 417
202 544
916 482
898 961
593 933
287 868
956 525
901 482
887 480
186 24
25 810
1058 716
817 552
310 294
91 1011
597 979
183 956
17 12
896 241
195 511
519 765
537 267
154 264
163 418
930 605
812 1001
644 1096
634 101
130 879
784 423
544 222
874 921
626 518
459 1051
532 196
1046 206
709 323
207 558
904 694
679 998
443 828
531 46
745 415
1012 660
363 815
955 37
810 922
754 391
311 468
996 753
510 843
443 725
612 272
1066 203
415 149
908 52
683 707
397 897
178 270
329 810
1064 948
860 941
353 641
502 843
331 575
929 1083
1031 399
513 671
538 45
965 764
472 899
187 941
321 955
193 938
310 555
593 111
466 129
148 642
749 255
856 1030
757 494
650 924
368 786
267 240
396 135
399 97
617 391
455 133
292 716
884 1104
133 561
926 226
515 491
808 695
182 830
651 141
636 907
552 448
239 284
640 542
655 897
1039 938
172 778
857 982
610 158
397 378
159 705
193 655
357 952
311 891
804 831
567 604
750 267
901 205
230 250
367 804
349 729
462 205
455 798
407 915
382 888
331 547
676 805
1004 953
714 646
306 1008
63 1045
436 673
70 810
418 714
540 275
729 854
568 418
340 219
468 128
618 928
544 355
1070 304
773 649
710 627
428 33
942 299
975 520
953 254
1052 779
142 514
352 976
969 28
967 16
296 20
73 729
634 617
51 1031
837 634
336 867
589 260
893 140
828 174
252 214
753 198
232 907
368 409
140 657
582 392
985 940
877 346
592 293
388 588
529 1036
35 155
78 1038
259 421
551 149
101 1120
495 44
822 611
510 831
877 700
263 202
695 258
600 272
988 690
480 825
240 637
581 538
417 329
927 537
579 147
457 631
945 553
174 49
1008 304
262 610
846 816
625 1017
1034 1011
303 283
806 990
705 645
657 792
428 538
117 364
900 580
934 293
719 596
1117 1009
578 681
724 13
160 743
668 572
562 360
382 962
310 957
356 422
907 338
250 594
888 752
159 267
1123 920
306 997
129 475
720 929
692 806
900 503