1111 231
710 814
822 743
391 1004
432 834
651 993
866 634
168 953
685 962
719 529
687 431
516 488
832 880
138 205
969 377
806 261
373 967
222 144
26 114
727 190
410 81
853 944
278 694
337 956
707 282
480 316
888 93
346 161
839 754
380 419
658 1009
548 254
321 640
853 1022
234 397
958 478
492 561
926 967
935 797
301 441
1019 541
835 1096
256 917
377 461
1022 971
976 820
173 903
604 24
431 600
841 356
108 825
778 979
345 429
725 1012
125 295
22 247
373 965
580 542
623 127
562 880
1080 419
318 1106
561 931
56 1015
263 827
683 36
361 126
800 624
219 971
132 177
289 480
372 407
537 731
11 516
428 66
775 597
327 1057
146 41
790 590
295 1066
401 268
356 699
162 893
1013 183
393 85
404 198
1049 369
764 246
983 340
379 133
737 971
927 259
786 751
910 389
660 955
330 56
405 697
191 752
757 659
151 245
347 328
321 529
207 1085
1104 7
1111 732
194 360
757 247
935 545
857 435
781 691
259 954
784 512
859 805
997 810
276 230
664 483
105 391
680 797
169 443
631 294
502 840
133 883
784 56
356 899
196 799
836 700
907 118
964 694
639 570
282 704
293 332
929 446
15 1024
828 686
337 708
319 981
458 799
588 174
771 755
735 166
631 41
899 697
500 331
1112 794
334 160
663 428
490 997
1022 665
57 645
401 1105
429 836
518 200
208 573
929 676
52 591
129 606
1066 601
591 713
630 854
979 115
414 766
996 934
458 738
534 588
47 660
653 834
135 544
696 103
789 1094
522 284
92 1113
431 1008
53 689
204 725
729 160
317 562
425 637
138 709
876 393
924 797
566 142
185 137
422 845
1015 173
223 821
273 477
931 785
179 209
849 895
436 708
230 475
927 500
625 582
543 225
98 202
671 524
700 482
669 673
210 805
1022 829
632 978
539 910
354 483
722 733
128 588
861 638
819 335
513 108
684 127
512 738
987 568
626 929
230 329
364 504
467 431
674 862
418 786
209 281
135 308
376 542
939 816
1005 277
282 261
874 1078
180 337
1070 433
183 270
174 44
929 916
387 111
113 836
844 447
143 335
282 358
820 117
13 270
147 330
347 446
353 184
739 263
459 356
422 565
374 61
842 626
971 194
991 413
628 987
304 212
34 850
994 474
551 645
150 217
722 589
653 490
338 594
74 957
728 351
401 342
296 119
132 474
882 298
189 450
420 258
303 261
135 944
238 705
562 334
608 4
946 301
1018 385
691 16
1060 416
939 555
115 524
637 205
987 146
920 365
112 493
1033 737
1106 698
601 661
455 801
708 505
781 216
454 61
129 108
974 645
1019 1023
1004 144
869 784
62 133
608 434
595 697
1057 24
1035 416
928 604
398 117
278 1092
380 971
581 989
625 762
1080 658
858 419
120 609
39 855
221 585
745 334
292 758
1050 35
951 780
531 962
1058 229
649 474
254 494
84 274
757 368
737 510
975 988
719 860
407 712
96 933
680 544
31 559
464 755
644 486
858 101
359 856
736 260
502 620
847 554
523 946
389 762
785 1066
806 1072
965 911
191 636
1087 420
1006 1004
977 332
641 1123
207 548
157 599
592 1094
7 219
754 756
456 384
497 664
664 482
73 877
497 848
836 835
923 460
48 30
448 453
1061 491
298 450
930 140
105 936
791 121
813 497
751 920
313 951
310 417
985 731
189 575
51 979
4 448
656 1116
139 470
541 227
725 622
883 917
685 176
195 855
898 495
435 424
918 656
1123 278
258 831
813 365
765 550
889 643
861 889
775 216
1116 185
45 1007
839 708
359 725
884 406
460 624
859 176
201 841
995 646
692 808
805 122
771 224
541 486
1121 533
103 661
906 221
140 683
545 177
469 565
366 405
643 239
1011 309
617 141
552 960
363 431
339 436
1039 468
252 849
281 578
1110 401
922 318
1032 162
701 630
265 975
782 706
781 940
855 644
1113 571
531 651
121 357
468 1078
293 607
137 887
835 755
1053 1055
482 146
814 410
171 163
477 740
870 338
441 185
894 867
6 107
621 1098
451 885
818 157
1020 739
20 340
17 652
830 718
257 323
909 991
252 466
541 1005
722 1048
342 180
120 867
712 439
365 101
1105 509
160 906
305 453
761 348
935 955
840 25
536 682
338 444
57 421
970 195
353 231
110 830
558 729
898 1121
244 816
1076 26
114 137
594 566
79 446
965 537
420 188
799 428
855 805
234 534
408 176
1105 629
900 886
67 798
375 814
575 591
522 33
496 305
28 694
833 931
1016 977
631 626
730 1117
420 1031
261 422
275 62
661 590
1114 678
299 396
155 126
696 406
447 686
529 332
923 339
1079 1048
981 1015
309 362
458 1106
395 167
929 116
295 576
787 453
516 391
284 317
639 518
957 70
378 44
642 306
735 830
479 623
872 441
534 982
327 20
168 109
926 772
476 375
266 602
1120 594
544 371
94 1091
542 466
869 351
151 200
360 759
787 497
490 344
26 594
460 503
739 430
0 366
384 280
287 1058
238 713
444 398
394 732
842 234
654 850
531 434
416 81
674 479
1055 59
130 138
821 172
544 430
176 386
378 508
310 400
265 465
1059 979
245 801
714 686
807 377
312 249
611 1060
532 736
262 101
938 95
754 911
180 859
312 375
651 1021
242 751
843 783
474 504
746 448
806 691
106 694
876 912
646 293
457 192
552 970
485 990
193 453
630 1119
191 803
285 421
987 948
796 1117
1089 833
226 243
403 634
579 771
240 630
483 234
29 287
277 780
54 395
8 120
250 982
38 554
929 144
728 336
891 99
28 114
677 267
1041 882
319 743
399 554
740 659
1107 667
870 308
1007 595
850 490
565 314
91 505
669 657
544 670
623 251
161 120
58 291
253 855
1071 638
408 154
88 585
207 981
20 917
426 236
407 345
888 413
878 455
1025 540
645 682
99 1044
876 499
922 615
958 681
852 268
828 22
646 252
325 774
312 712
1086 587
944 841
757 8
976 271
465 442
188 23
333 508
191 271
565 886
367 896
753 939
940 754
624 139
51 372
167 1034
975 440
666 538
662 404
474 776
141 804
840 328
459 166
410 604
1052 284
436 395
641 777
1053 1121
786 594
499 674
775 874
612 709
237 1106
414 31
355 541
492 768
703 695
762 113
405 861
726 325
350 510
176 11
837 691
676 711
141 947
413 898
615 71
317 687
700 1000
387 600
800 867
365 281
229 401
974 390
863 244
226 793
690 1089
113 200
508 3
364 254
934 1054
727 85
506 582
986 471
1014 119
17 749
724 626
323 124
285 471
1006 672
208 946
102 383
254 170
62 959
501 157
551 949
450 633
1087 577
944 200
991 998
331 421
785 337
1105 433
64 270
657 770
73 373
263 272
599 545
447 196
97 296
358 968
1015 527
651 877
198 818
424 594
773 132
467 924
73 950
67 904
502 1050
848 507
751 390
245 614
171 677
284 83
1025 978
558 230
202 951
904 196
469 361
908 216
398 176
659 559
387 750
280 381
175 104
1115 248
680 750
1109 630
892 603
800 483
70 995
227 356
191 899
192 195
98 1075
840 332
868 516
1047 325
789 1015
496 861
262 1021
216 163
572 611
815 168
448 502
208 57
921 1023
693 0
702 12
64 373
151 19
2 278
197 222
726 190
713 175
242 781
955 355
331 709
115 754
394 101
1101 762
651 736
288 221
169 287
698 649
779 288
651 1051
802 415
1115 432
431 755
982 798
27 249
438 354
413 626
174 996
764 275
265 1082
130 534
324 534
580 248
813 291
776 1067
717 423
141 78
905 455
594 355
1027 555
629 383
763 707
236 918
419 1050
229 541
466 420
1088 738
109 946
439 139
362 115
1060 384
551 1067
111 652
890 687
161 223
282 830
773 979
1046 683
567 102
403 771
501 744
63 225
331 446
580 962
429 935
693 799
902 1030
352 806
817 447
728 172
330 286
226 1121
671 1041
495 324
271 348
839 998
980 734
456 562
128 370
495 655
858 744
854 705
1041 869
696 991
404 102
178 73
301 336
291 452
727 235
918 183
371 863
389 326
769 358
1121 365
402 725
248 786
158 258
918 895
499 1095
655 101
232 170
240 116
1019 350
309 432
85 517
179 427
354 935
223 829
1019 622
498 883
906 750
357 674
555 355
383 913
595 336
533 701
913 816
914 693
915 453
672 237
20 456
582 39
913 558
875 45
417 973
823 307
111 880
608 258
222 801
14 144
406 11
690 15
886 77
20 463
461 929
652 569
306 666
940 691
987 201
851 797
603 577
516 614
414 633
847 62
272 373
220 85
485 1089
743 454
576 360
522 591
206 273
642 571
696 1001
811 569
210 1041
502 1009
428 350
541 725
928 272
92 533
550 1105
607 645
167 918
410 803
795 1002
325 445
242 507
984 765
568 628
781 415
755 239
572 1058
207 985
462 150
764 904
302 821
701 147
237 795
969 565
172 755
745 314
427 690
873 585
71 132
795 328
452 1006
373 121
548 730
971 1020
823 817
678 351
397 446
585 978
556 735
110 999
1093 604
339 309
637 270
147 364
152 793
722 716
278 942
991 778
528 831
727 320
965 760
559 1013
321 1002
1074 629
570 694
64 944
502 964
965 1017
612 121
158 472
929 198
614 360
973 296
364 536
687 614
895 762
702 745
641 306
18 780
1005 229