389 198
411 437
405 687
889 946
841 50
705 727
606 142
854 309
931 1014
300 745
973 713
352 163
279 350
563 761
988 142
491 369
341 261
781 849
622 854
919 192
350 900
752 471
493 429
1010 100
595 775
351 171
783 713
381 783
550 569
748 661
124 383
1116 645
450 85
419 514
282 753
439 349
508 930
928 823
945 506
934 945
701 367
413 870
32 228
418 697
669 203
500 666
406 572
737 270
882 316
828 642
857 687
879 877
193 779
440 100
723 1067
715 529
541 595
529 417
807 527
658 265
963 733
365 531
513 237
607 696
156 966
768 486
1099 267
1052 605
599 798
309 666
633 138
10 991
779 570
226 872
374 294
1051 871
738 805
272 192
468 953
660 491
1048 343
562 263
481 858
447 388
301 1100
575 231
652 1102
895 783
355 608
920 735
844 1052
447 828
321 19
398 551
729 127
596 1002
798 858
187 206
361 457
533 928
811 845
617 652
565 245
145 254
401 489
954 239
73 207
266 495
1064 264
967 275
551 582
816 648
627 726
664 546
13 79
149 580
241 1002
966 359
314 918
954 748
825 1072
720 641
309 561
1025 925
499 732
874 977
1030 598
467 195
905 82
1098 492
691 530
327 300
171 824
467 1027
613 350
427 609
143 509
229 765
416 546
175 400
174 1103
337 723
110 758
823 550
509 119
366 450
389 571
50 237
829 193
55 862
124 631
836 909
268 740
605 968
482 490
281 834
221 265
101 512
296 6
122 631
27 812
731 127
1009 741
688 125
983 598
91 126
1097 776
730 995
66 787
865 271
867 410
232 394
692 635
258 320
1018 908
165 6
40 826
1049 280
137 606
213 549
1085 1020
808 216
659 499
982 319
986 556
856 854
516 880
198 225
891 753
693 124
445 880
842 496
790 1002
705 967
716 219
1070 545
187 639
804 943
418 816
620 21
245 859
560 935
883 1080
633 285
494 1017
1031 946
777 539
124 932
259 482
1061 930
306 505
702 416
881 739
622 855
797 787
764 834
477 983
296 71
281 282
10 953
762 469
895 645
727 74
228 137
941 12
517 915
539 746
787 965
972 243
812 62
558 792
695 998
732 24
400 962
247 830
897 927
1089 457
480 506
909 37
765 906
1042 1101
902 82
55 606
557 224
274 430
391 1093
860 855
561 906
1081 884
425 480
667 972
999 779
428 412
772 860
997 979
806 615
325 528
797 375
662 591
395 950
653 154
393 771
431 1022
715 636
571 982
451 484
879 1004
63 869
1096 774
538 687
549 681
912 941
214 28
358 983
352 148
917 943
543 178
34 383
1104 945
436 176
300 1013
285 380
914 34
406 533
876 909
386 575
103 791
784 1056
620 504
1079 607
773 1100
526 49
250 165
442 844
421 805
935 386
339 633
454 781
115 896
243 495
387 589
877 273
978 464
590 271
1013 142
75 370
277 532
670 166
481 659
828 167
727 499
453 999
760 730
963 157
892 866
480 484
203 268
827 624
957 1011
261 926
968 707
404 252
600 237
677 117
1051 699
162 690
142 1061
125 205
611 384
157 56
676 828
478 103
535 760
539 330
882 797
244 248
925 674
815 97
407 991
32 775
982 871
532 411
659 971
676 892
888 642
701 4
171 874
317 737
695 796
110 815
696 778
748 829
716 754
883 29
408 664
418 264
881 1052
296 118
172 303
885 483
39 137
262 746
225 668
801 974
1118 1086
298 1031
471 483
130 159
526 154
487 503
573 205
41 758
568 550
493 773
675 840
146 982
884 573
934 177
118 475
815 343
874 703
630 497
919 347
605 543
389 4
532 165
772 666
837 478
1007 866
483 983
62 877
488 976
876 581
964 1058
146 294
342 36
986 104
134 712
432 804
420 261
390 1014
897 146
511 608
759 297
618 855
688 486
327 355
148 628
1005 570
453 867
285 113
507 135
1110 559
579 586
330 592
832 129
89 441
439 162
221 564
125 1086
613 448
244 572
388 336
1021 476
992 1013
912 350
1087 987
99 893
751 357
1033 95
542 414
986 562
71 500
112 432
1021 318
204 645
136 613
158 1099
799 862
152 829
118 748
884 250
224 171
988 740
247 648
1023 313
2 373
302 864
1098 976
687 852
353 216
1005 871
647 131
846 112
575 88
268 261
853 728
562 30
225 817
328 325
811 700
736 461
1055 274
163 218
100 917
79 629
112 613
487 587
347 614
1013 947
1004 125
886 202
863 609
435 533
512 115
786 135
203 47
347 172
14 190
836 551
111 971
215 1019
970 301
661 84
342 299
893 975
558 825
830 755
1022 573
805 678
142 1012
834 892
128 432
139 447
1045 149
534 457
693 187
1054 992
239 689
648 954
97 338
717 908
813 1009
983 1001
380 745
105 471
700 1118
991 749
280 743
856 547
766 705
888 265
381 1066
193 472
879 781
319 912
217 1067
738 638
529 757
1001 294
348 135
746 433
1000 728
464 801
905 894
157 542
527 147
923 759
783 4
961 591
866 929
752 237
596 176
995 744
962 265
657 985
590 452
205 637
1084 145
642 385
237 946
642 314
786 691
522 431
434 556
686 1051
752 388
930 341
144 912
155 689
168 826
221 374
506 820
448 1027
967 358
152 1034
786 359
1026 641
381 309
693 357
944 622
697 212
785 111
464 47
344 236
249 841
1003 769
981 986
447 50
517 233
305 587
954 271
79 522
717 908
634 469
709 310
848 785
970 561
742 465
701 227
1011 217
670 1026
180 730
793 888
971 868
1002 602
297 540
117 951
347 172
572 292
272 1019
739 914
518 158
672 476
309 1120
18 639
199 25
784 345
745 792
998 812
514 482
913 539
129 717
587 214
1084 245
146 628
471 432
788 735
162 1049
699 414
719 311
282 191
967 955
630 431
755 723
490 792
982 534
421 885
888 569
711 232
217 579
285 587
663 59
889 388
717 463
120 779
101 1033
1086 45
747 825
379 749
251 595
1023 195
612 200
268 624
710 853
1007 22
990 283
18 755
168 677
641 489
965 645
110 1040
725 243
176 224
199 770
398 609
807 918
1001 399
148 941
819 533
659 1024
430 264
291 319
849 223
802 758
375 185
115 69
151 353
393 86
639 400
835 886
954 389
865 297
371 312
790 368
859 12
847 386
109 1029
992 339
689 1014
973 725
332 404
679 85
292 774
848 314
637 138
635 532
230 841
784 846
508 37
915 424
657 827
539 1004
976 555
825 798
90 1056
289 234
672 173
522 350
805 186
849 493
595 310
227 550
847 781
91 478
233 395
69 219
510 652
245 153
894 515
642 536
319 326
1095 830
812 132
218 7
283 147
958 677
717 765
864 778
797 590
620 683
727 363
966 805
195 231
1006 767
773 958
120 80
707 870
53 984
1114 607
1 249
292 105
230 463
594 161
796 128
931 864
138 429
756 149
908 442
719 468
607 888
744 815
89 367
275 547
180 257
510 1009
833 667
149 435
401 692
935 820
436 50
457 266
765 811
928 592
173 292
904 600
430 438
433 446
206 468
454 641
349 214
191 89
872 88
759 941
135 213
116 282
961 966
758 546
13 485
786 510
208 988
535 830
828 704
101 212
188 1113
572 260
518 382
100 448
349 788
977 570
144 77
644 319
953 653
724 330
386 481
152 506
1044 184
798 718
826 922
241 301
973 189
938 628
489 290
823 656
259 1114
30 373
116 466
1087 929
978 894
565 303
292 562
883 568
327 593
268 1006
783 394
956 296
171 16
606 892
637 437
479 304
776 753
784 310
763 126
874 201
498 331
415 359
187 1083
600 532
176 478
967 586
570 96
777 843
537 448
667 833
265 105
834 9
83 1087
438 501
749 518
429 109
663 532
499 556
880 105
1006 1104
115 392
505 644
933 830
552 650
1102 432
853 650
615 902
257 386
308 688
930 792
787 134
467 929
980 533
811 136
233 533
18 480
512 488
450 458
631 847
250 813
292 424
237 1102
958 169
98 3
339 393
432 168
563 690
581 673
912 1123
367 685
175 314
556 31
667 309
1043 575
152 442
807 283
806 693
492 915
470 913
716 500
636 146
869 1022
790 1048
967 711
617 196
779 735
587 274
1007 496
528 598
336 719
560 361
28 1106
816 354
928 990
791 612
468 446
135 117
922 897
133 2
241 154
246 782
706 299
99 874
765 77
539 467
931 833
975 573
1089 294
650 756
62 947
713 843
1067 456
941 471
1002 361
894 284
700 429
431 715
436 724
801 106
1119 926
853 917
688 986
733 677
919 145
636 495
422 732
532 110
218 123
196 356
458 896
891 623
612 33
968 429
105 174
587 949
285 473
308 853
580 582
634 518
111 478
78 943
649 1001
192 191
159 62
773 961
288 427
1115 42
874 805
997 336
873 383
427 769
228 702
333 42
546 42
278 461
9 809
916 936
455 479
309 881
351 630
1097 407
618 1010
229 109
363 722
883 182
485 422
264 420
203 1065
549 827
245 1073
25 600
435 678
690 335
117 162
683 216
836 817
710 524
60 704
995 577
830 227
844 686
103 150
938 371
49 763
582 65
998 1024
892 794
432 859
468 555
188 567
363 623
929 504
386 588
621 988
68 566
234 657
265 818
886 604
888 178
583 189
146 851
123 1089
869 112
396 668
1015 384
949 746
11 1119
692 524
1059 571
135 187
864 523
632 100
742 521
826 226
668 749
365 509