525 991
733 961
234 280
204 596
616 980
32 580
899 852
378 16
1049 476
178 794
569 1122
673 1051
675 681
218 324
566 818
230 846
445 1055
540 281
725 191
490 384
719 816
874 1
1098 108
868 435
111 257
830 762
944 1081
282 642
745 1016
707 815
328 583
491 683
179 915
1019 507
1112 82
1087 655
1030 476
20 842
938 820
603 932
279 589
142 361
305 983
315 901
614 410
356 767
711 264
683 823
211 629
156 559
722 453
175 875
1040 1054
163 982
570 502
669 803
829 716
1059 844
173 496
381 381
332 311
1082 232
476 1093
47 981
13 939
170 443
187 694
739 250
727 641
104 725
452 206
933 762
733 324
602 171
309 1009
759 226
386 119
579 945
621 130
121 972
870 957
429 329
571 721
647 207
262 584
125 1072
927 58
136 401
575 125
604 240
399 227
373 572
488 258
1030 240
740 487
418 650
744 582
300 895
490 830
480 83
629 768
1040 612
740 610
46 336
940 94
620 484
477 725
862 131
394 454
524 998
71 800
929 408
628 489
589 521
304 293
825 236
604 749
132 653
1033 1080
445 509
246 400
627 876
222 251
118 458
108 639
220 675
608 173
477 215
758 1122
448 587
902 430
980 5
991 721
653 371
375 900
670 741
450 153
701 401
249 1008
614 1001
931 378
255 665
246 660
203 911
915 633
485 589
274 285
638 771
595 118
940 257
102 720
805 913
73 646
625 187
216 951
908 33
933 1120
903 780
337 552
684 1070
953 355
678 282
877 962
253 1061
114 1031
1008 796
286 1058
1017 1
865 922
738 692
522 854
410 641
1063 274
967 777
345 945
719 61
430 315
938 215
103 675
346 712
809 168
334 140
872 748
1057 418
68 606
461 610
695 752
1032 130
785 140
680 211
309 840
912 586
441 712
30 366
833 128
413 373
849 216
737 965
650 376
678 601
713 156
169 220
215 480
737 889
772 290
399 118
175 1000
1110 842
33 225
997 679
345 233
207 541
800 1087
427 977
846 429
315 533
807 1051
765 780
266 154
555 555
298 669
1053 207
398 396
1110 408
500 511
231 329
737 232
277 264
624 645
569 754
650 500
743 439
996 483
1106 393
960 270
444 805
205 337
833 544
635 1082
113 296
301 747
305 636
320 922
534 415
587 186
257 694
680 147
691 646
819 379
1072 556
713 591
994 803
307 479
924 592
668 453
431 297
96 1050
132 296
1013 884
417 479
347 789
229 973
943 788
61 980
860 973
542 347
333 902
656 276
642 497
371 207
250 629
672 228
785 614
431 469
490 466
118 592
259 839
504 543
215 818
832 188
679 958
694 769
565 987
1122 1119
361 852
239 751
541 839
798 198
716 615
371 651
582 552
612 378
622 248
613 404
999 515
292 114
560 313
829 643
639 630
426 712
748 1028
868 372
302 842
983 356
13 599
190 372
1113 1013
811 208
1094 976
413 908
681 652
959 565
963 1060
109 91
404 638
550 864
23 967
441 490
787 575
686 122
744 553
1013 182
395 128
954 900
410 886
651 905
740 1025
950 721
548 712
461 593
549 1072
843 111
741 123
811 22
1110 382
279 41
609 393
322 601
660 571
631 766
830 491
867 473
208 255
978 202
199 1006
596 794
784 889
289 819
880 914
215 643
637 219
723 460
132 157
202 100
724 261
395 252
634 711
517 235
629 591
859 495
329 925
718 803
791 270
945 1114
175 214
838 1070
530 460
235 857
78 528
215 323
787 550
665 475
150 874
290 928
747 888
323 455
1012 1115
528 335
137 10
597 843
443 987
767 544
411 694
780 445
849 886
752 664
25 943
15 952
142 891
922 251
555 556
147 209
269 242
980 779
509 656
144 878
174 1066
139 971
578 772
589 845
18 344
158 944
726 478
978 198
290 461
796 382
875 148
1107 862
1085 683
781 569
741 934
925 295
309 765
763 396
942 272
935 4
730 465
873 850
923 509
140 312
111 788
3 270
756 216
736 820
430 556
971 374
520 176
899 583
664 28
421 805
583 721
451 402
339 388
216 773
934 408
290 736
871 706
310 114
143 288
321 698
454 1054
397 650
558 244
121 721
32 643
366 637
437 143
214 791
923 671
689 529
920 757
316 316
79 127
530 248
898 424
127 1112
1068 202
946 281
543 992
508 1043
879 896
916 899
608 263
700 361
457 21
545 638
58 828
645 297
884 1011
165 1003
151 464
323 631
543 246
353 301
987 126
141 965
187 917
63 523
176 1091
538 514
980 623
206 213
1051 916
358 644
624 189
880 440
532 926
946 705
137 809
735 449
218 814
522 1059
762 783
472 216
973 339
526 529
242 616
1087 605
682 294
962 448
697 671
269 881
19 389
439 469
825 367
870 424
508 301
218 1031
326 882
208 886
607 923
512 778
714 149
509 286
529 606
322 805
1118 606
942 253
955 461
1018 999
471 654
637 236
521 270
16 1117
917 9
1009 937
1070 391
1123 253
664 79
911 1089
311 124
1043 315
434 477
586 580
595 991
566 1044
163 77
941 502
970 128
169 136
509 858
1058 510
131 114
992 817
944 524
384 621
835 843
537 607
1023 347
972 814
581 758
468 399
133 276
907 446
517 183
270 1023
613 943
287 824
772 86
147 724
342 776
819 330
391 722
699 133
992 361
462 932
600 680
221 117
589 588
931 299
899 221
514 727
873 141
785 907
26 1033
777 367
342 615
340 640
362 928
545 883
213 755
830 356
948 1050
856 374
419 606
799 310
781 811
1056 587
253 839
674 708
878 645
324 291
876 981
710 472
932 275
1015 893
390 6
447 721
673 800
684 567
915 49
1 660
817 401
879 1013
265 933
1079 870
294 927
121 331
109 886
631 794
405 922
164 843
631 879
650 1008
391 438
452 867
930 940
163 609
865 112
1016 641
585 323
1017 398
716 338
848 477
795 228
813 939
5 1085
971 303
436 694
81 3
46 647
965 154
374 376
572 612
444 720
113 914
145 494
946 198
487 116
638 966
959 232
623 952
957 317
473 1062
409 190
171 809
958 461
942 527
400 539
842 836
321 147
215 991
421 426
678 1101
254 186
484 859
674 727
1000 965
939 909
693 527
878 203
284 331
656 541
135 735
217 801
94 263
186 307
317 386
205 323
256 299
539 621
152 663
1102 172
187 474
544 520
777 582
123 991
44 592
474 691
1025 633
435 848
850 299
278 985
842 423
821 445
530 657
421 459
513 298
933 815
721 483
605 128
246 446
949 986
99 544
917 472
497 103
344 686
478 145
677 570
75 950
318 740
709 286
900 732
505 1076
529 837
344 899
136 826
619 830
350 941
71 973
394 425
766 810
927 39
253 406
655 964
680 819
910 436
1108 466
736 502
177 318
568 376
49 870
891 705
717 720
963 974
1097 451
751 728
485 238
1011 159
708 512
444 895
164 943
983 438
734 662
737 787
931 150
137 944
325 434
100 531
37 592
397 452
835 974
974 1006
1037 727
830 416
139 679
84 121
999 882
1023 925
746 337
783 572
374 701
712 165
319 110
1037 294
444 807
267 491
388 883
574 690
1099 790
335 500
136 628
1087 487
702 118
360 518
257 1003
754 321
481 360
317 112
328 804
308 791
311 38
880 320
403 380
822 300
689 584
462 543
570 350
165 101
913 501
185 121
340 1101
787 106
195 307
596 566
801 828
699 303
959 65
410 876
504 624
256 848
188 957
251 170
307 158
111 756
273 779
673 559
366 1117
1016 786
51 492
301 641
1049 925
777 444
955 960
648 1047
695 815
435 869
531 1082
658 991
588 282
155 156
335 61
1062 952
213 517
394 558
222 148
176 138
117 815
454 674
87 650
225 465
834 131
791 659
853 330
743 645
270 956
138 268
458 159
595 700
102 813
754 419
167 692
717 615
446 218
90 267
536 157
951 905
955 737
756 1026
649 1005
542 548
256 858
493 1015
403 632
804 227
980 195
438 407
258 621
648 160
542 104
877 640
265 589
989 841
683 337
386 389
780 982
111 322
281 863
722 378
298 642
689 981
306 922
992 562
150 775
493 798
440 541
1071 769
299 63
655 479
665 430
313 324
999 162
691 298
662 64
867 585
158 759
86 313
361 687
118 35
954 177
220 683
727 934
8 223
207 701
525 211
309 191
817 358
33 1121
660 164
760 472
271 627
879 434
187 697
756 228
130 514
1063 242
574 811
704 102
624 289
406 740
692 264
914 506
706 170
708 408
655 565
847 60
509 319
687 827
208 372
508 1056
11 202
1024 748
833 248
928 616
871 40
427 829
458 449
274 104
165 887
351 18
237 488
556 294
743 144
219 547
889 168
404 306
665 592
1100 378
399 698
670 435
950 995
790 1017
152 140
741 203
480 266
1032 978
32 898
888 653
780 211
1030 178
995 103
272 334
851 139
602 274
674 135
287 880
35 347
284 747
102 916
363 560
220 247
561 543
762 526
702 345
308 196
384 166
424 123
245 695
483 963
608 417
400 715
267 711
376 335
298 912
329 427
210 928
754 377
737 970
290 84
885 388
527 376
227 109
353 696
461 377
688 693
573 176
1024 588
815 958
291 691
165 274
35 464
637 125
600 667
535 211
983 794
292 706
885 1103
550 877
391 680
534 728
546 362
673 416
845 625
587 94
958 610
696 108
674 421
416 203
520 824
1017 452