335 205
1021 356
654 391
941 602
428 309
654 470
1076 543
454 165
415 258
524 658
162 1031
742 305
474 81
226 429
18 679
430 72
548 152
310 536
312 212
375 405
657 622
892 79
15 774
846 507
459 580
79 544
746 333
503 499
555 926
1059 819
498 975
161 980
435 603
352 713
62 349
592 35
353 644
840 744
295 295
1064 849
590 930
228 238
336 509
243 945
928 947
923 734
820 127
676 359
579 928
404 559
135 497
694 240
358 562
525 926
164 140
764 244
763 774
435 550
254 830
455 861
58 1110
465 373
287 1068
917 479
542 973
535 306
572 471
647 1018
130 1036
1110 69
590 458
741 730
378 312
204 494
474 407
218 340
116 296
333 934
378 305
687 39
907 651
35 187
835 1074
474 142
555 705
680 932
493 155
754 1119
363 30
814 945
6 212
111 544
405 1011
594 572
655 685
346 165
358 675
525 433
709 412
183 944
380 1016
312 914
169 331
42 1091
438 273
708 212
129 510
596 572
231 555
980 260
293 412
97 358
59 858
755 252
498 585
805 498
796 308
280 303
170 4
1072 14
971 696
122 1090
18 279
752 850
945 225
186 774
131 979
180 498
738 156
471 900
27 471
301 410
381 144
666 170
505 487
574 866
238 956
626 223
235 870
357 1000
826 959
1019 742
163 119
754 907
659 589
582 449
1022 377
727 291
194 832
766 445
1116 968
515 731
235 980
661 407
547 443
644 178
664 620
631 423
316 178
268 765
530 695
1091 493
124 970
42 456
1075 268
167 817
445 493
351 301
382 1066
177 335
202 284
269 503
430 143
707 717
422 769
171 716
211 163
604 1005
638 767
302 669
668 777
578 667
130 597
1001 985
379 981
901 754
224 393
685 854
808 200
525 949
873 951
632 266
115 182
401 1068
555 180
492 442
285 193
926 259
981 396
463 955
650 380
737 357
926 339
395 843
642 474
734 338
766 634
943 116
944 604
883 398
242 810
620 358
418 492
326 253
1117 956
24 885
588 57
713 339
298 385
943 937
261 81
958 113
555 864
439 855
263 26
514 238
253 360
1063 443
883 730
960 965
225 454
973 348
715 307
324 96
349 343
418 355
355 224
974 19
425 35
228 27
525 119
443 1045
771 530
720 115
724 307
266 611
427 418
911 361
525 32
989 695
743 539
648 192
161 813
969 793
624 472
480 868
848 959
468 343
620 321
708 713
26 216
331 850
98 932
921 320
804 939
26 384
657 348
522 681
75 737
94 363
1097 134
740 227
122 184
471 47
143 542
620 906
187 198
365 256
1070 328
923 123
778 138
899 930
289 1058
404 261
62 603
622 751
634 628
347 439
757 745
251 853
918 446
1099 55
336 335
599 846
631 993
372 720
562 823
929 5
865 175
651 1053
940 286
425 911
605 770
396 808
487 986
839 1121
824 206
540 489
1106 572
784 467
933 1004
469 702
895 983
634 402
535 1101
760 57
807 759
1000 923
136 267
618 261
163 53
19 121
822 773
437 601
499 1066
417 406
896 835
471 662
287 261
27 1105
805 1062
226 214
705 214
1005 970
709 131
659 819
369 735
743 919
222 905
353 525
985 460
189 337
464 721
637 883
429 905
1093 648
1 352
948 859
120 612
135 803
427 561
503 27
301 452
844 273
865 534
905 702
331 746
235 972
605 702
84 905
797 648
455 576
213 292
335 594
887 288
978 832
641 414
567 641
611 73
202 849
359 27
368 388
400 921
298 926
240 820
467 838
791 652
100 386
752 535
995 962
801 420
1013 512
193 209
1091 940
791 215
1014 847
385 1100
191 744
726 155
310 391
335 852
659 319
23 206
516 117
658 966
19 253
1036 207
267 981
562 242
186 78
765 22
605 1122
469 964
403 507
892 920
1004 535
132 599
1047 477
437 356
530 834
859 827
1001 748
895 584
836 779
332 1046
931 770
881 1036
806 1075
604 569
991 544
1066 575
469 70
693 340
871 314
269 214
788 1008
955 595
367 471
982 441
1023 293
343 503
603 892
947 836
452 711
639 376
604 324
144 547
888 581
524 376
394 165
204 781
277 134
586 643
678 346
797 465
882 748
491 425
1003 923
511 805
70 714
429 285
481 358
662 583
584 1077
111 104
905 18
596 450
535 368
112 551
479 500
472 286
966 789
896 181
933 168
158 1111
639 515
517 1104
1036 210
600 608
216 337
840 501
619 734
666 923
807 1041
421 947
89 887
1083 555
757 338
975 353
540 496
470 898
1111 280
649 568
988 752
586 187
187 558
286 289
825 1021
23 833
844 627
530 130
357 726
910 359
1044 393
414 524
130 763
317 333
473 18
512 459
738 809
849 769
633 404
1016 186
762 348
353 860
528 929
845 1033
323 1112
282 225
722 955
310 531
823 972
865 323
558 107
346 715
797 228
663 729
665 30
736 254
695 581
1010 805
214 446
807 199
896 742
121 1113
16 906
608 926
116 461
760 424
775 775
495 594
798 836
441 493
345 858
413 501
926 677
220 897
390 181
225 199
133 615
812 818
841 507
98 213
420 870
584 261
451 851
463 1
983 668
336 220
33 772
1015 1013
580 338
457 249
751 1102
473 462
693 804
1008 688
531 912
1030 618
537 768
719 995
393 995
962 738
751 307
978 701
654 446
438 760
9 453
728 376
977 975
577 813
441 698
791 607
661 273
546 1040
421 447
312 268
670 272
232 515
676 994
217 209
403 367
898 775
542 815
725 947
665 226
895 994
254 946
755 491
361 812
288 16
849 468
731 1027
571 963
121 164
631 161
543 935
407 1023
644 215
317 772
519 594
112 302
277 310
453 445
875 934
192 683
263 1008
548 988
624 660
1001 338
477 827
774 850
882 953
815 222
962 956
14 799
184 1023
791 251
274 538
475 750
318 824
404 21
270 634
296 807
591 262
816 344
1004 240
696 861
25 245
737 349
581 564
773 1012
491 864
223 18
222 493
519 642
790 73
716 74
527 416
952 829
48 1025
919 826
503 234
658 43
631 61
460 1020
533 918
261 338
336 687
775 346
177 282
531 99
918 920
517 1044
161 318
988 352
375 1069
981 994
708 198
781 290
702 399
875 281
635 1003
444 642
268 210
542 765
178 773
674 140
118 391
359 1000
268 606
414 729
460 722
487 439
565 356
832 657
725 1083
188 421
189 139
516 561
357 593
844 543
443 544
861 849
762 859
971 718
536 1095
422 181
111 694
590 753
512 525
521 305
536 12
339 626
933 108
417 980
104 199
692 492
308 839
1105 346
778 160
871 673
269 876
280 637
412 453
679 346
231 687
871 829
955 670
151 580
506 921
606 582
501 1000
673 681
571 622
831 760
530 3
394 799
947 297
225 462
296 483
457 215
312 594
152 654
1122 419
1073 719
131 482
756 362
249 1086
154 607
57 881
660 299
310 780
374 48
642 670
423 734
181 475
828 513
805 325
1030 940
854 228
413 730
10 913
698 955
442 497
518 471
430 96
55 462
458 190
900 445
947 966
295 556
637 755
647 912
1037 392
352 298
989 631
1005 482
86 930
91 415
574 664
210 217
378 581
722 875
138 732
229 406
284 714
30 705
342 694
805 301
856 548
263 335
320 484
1036 756
303 542
497 896
407 878
545 843
718 445
646 1000
183 115
594 369
390 285
404 775
366 872
199 816
854 827
353 473
907 484
544 83
1053 470
740 370
191 871
987 791
824 122
1060 538
247 1095
750 87
858 773
381 739
447 914
716 639
303 552
768 849
351 328
592 523
936 788
681 1060
972 221
811 1029
698 899
365 124
560 955
295 426
846 141
33 353
863 702
91 181
459 531
355 328
866 438
177 352
216 943
1000 284
380 1000
440 732
946 985
522 226
792 141
984 366
1084 144
838 523
989 691
441 759
338 720
192 225
106 215
20 863
437 543
502 766
666 816
107 708
466 715
872 467
777 464
335 495
139 770
267 384
737 503
544 334
52 911
286 389
1005 1106
824 804
519 684
308 274
618 206
679 996
305 354
1066 920
621 239
1045 475
786 277
482 1010
747 630
279 739
153 707
645 768
133 74
2 440
246 276
977 773
1088 999
1049 263
822 253
1015 473
386 974
690 57
139 1052
148 226
227 788
550 382
385 916
401 907
681 763
413 84
42 351
968 607
532 261
490 500
1059 653
862 957
399 684
941 205
861 147
529 602
857 988
214 326
381 767
835 866
269 375
241 519
812 414
961 975
766 353
893 817
479 503
543 536
988 304
233 794
128 420
709 416
501 1109
175 578
187 805
536 479
468 750
707 185
386 538
753 714
378 1056
381 1031
10 98
807 358
380 772
538 492
652 395
319 769
567 294
312 173
517 845
534 622
1096 257
862 332
950 913
824 811
112 238
370 863
292 346
733 464
85 974
321 912
1113 849
128 517
827 760
506 540
33 985
837 499
308 197
179 341
78 816
327 870
532 1006
609 1056
501 993
362 510
274 576
230 120
543 211
386 875
841 627
637 664
473 696
636 867
440 452
843 476
212 287
824 1111
479 189
345 786
813 319
625 567
303 231
914 139
934 57
355 837
170 256
584 251
499 549
7 212
637 950
739 924
719 416
780 883
867 33
537 446
476 834
193 921
577 134
973 945
582 938
406 282
420 260
227 1082
721 327
589 386
113 235
610 995
198 140
82 969