1004 613
413 307
893 394
1022 246
1112 344
322 555
458 877
1012 836
144 617
89 145
511 837
909 724
996 359
1056 433
797 464
103 1105
603 919
197 424
752 23
1065 758
811 562
270 215
939 178
475 823
933 228
818 227
137 844
821 1116
679 79
360 694
717 375
256 770
860 629
207 687
659 704
527 161
139 553
763 750
28 912
235 640
1048 1072
660 25
894 546
350 938
757 505
433 371
370 753
163 823
402 986
874 815
645 843
126 1013
799 290
1026 688
439 186
802 959
869 54
212 12
583 90
529 116
200 855
396 325
212 720
113 345
327 873
213 529
749 736
440 837
74 607
467 255
979 600
905 1083
980 987
1022 342
954 214
707 974
567 751
504 672
828 348
371 463
1030 80
607 572
797 679
264 952
314 876
458 201
680 742
210 389
217 298
827 941
512 772
641 80
1081 779
689 1099
144 461
503 500
587 706
304 664
340 967
692 407
150 143
717 925
814 324
208 732
312 425
829 904
850 161
224 763
1000 457
990 605
505 315
818 856
43 840
235 717
818 301
521 490
366 594
882 317
813 653
1046 268
425 675
787 1106
790 211
731 1055
479 170
852 725
832 1006
772 315
844 349
888 675
295 793
970 632
150 932
282 521
109 117
427 636
592 731
976 417
294 784
420 114
586 341
260 260
299 996
542 293
463 725
964 484
459 471
960 821
842 523
756 368
182 174
152 338
897 62
462 892
80 838
24 525
113 372
375 612
100 293
352 953
668 331
661 1013
646 236
434 381
758 994
866 633
640 383
997 189
901 881
1090 702
982 125
159 823
924 685
308 994
722 898
633 784
164 756
436 832
720 617
523 622
190 807
145 1063
851 883
559 607
566 763
888 971
279 663
702 878
788 681
196 872
668 1024
330 1122
617 1019
484 44
682 652
690 965
502 685
637 840
407 591
306 893
470 489
665 656
66 219
29 827
795 784
174 734
108 874
131 538
633 296
371 417
1058 670
593 747
998 808
1038 739
997 263
600 682
843 413
233 624
897 267
455 788
6 849
786 739
969 511
770 450
946 545
422 297
41 46
971 327
43 10
224 155
515 451
370 1025
1115 900
545 1111
531 950
595 338
17 550
361 310
507 966
122 59
386 877
1029 521
744 1089
712 557
67 946
793 669
1082 191
1045 819
976 514
458 682
584 567
457 1123
393 605
435 1002
874 595
713 206
140 392
443 585
325 953
246 323
728 250
150 1010
195 486
326 230
660 387
875 675
784 771
1090 942
304 504
642 556
126 967
134 231
1027 328
236 756
674 6
698 93
876 417
139 221
661 413
742 707
566 362
795 953
819 858
400 374
632 333
41 486
831 1099
222 158
865 818
895 688
805 908
697 514
313 334
327 736
887 557
47 271
606 868
696 710
753 601
498 147
771 765
347 255
885 1031
218 1112
1085 548
481 806
744 884
961 486
609 938
337 713
611 799
649 271
760 567
1089 623
171 436
976 152
539 175
672 473
1097 360
507 127
307 449
535 861
122 201
658 421
718 646
817 283
416 558
1097 310
604 809
309 493
839 698
109 828
267 13
757 776
865 364
988 378
299 308
426 347
163 266
765 477
779 783
369 931
597 709
961 799
578 550
457 552
238 646
1060 802
1011 701
896 407
678 287
428 676
981 691
546 621
195 264
132 279
112 872
663 620
332 671
1016 895
514 594
87 408
393 1088
555 760
831 616
44 662
321 170
166 909
729 951
968 279
986 458
718 793
180 271
299 128
1084 720
1015 241
360 216
1011 102
342 1020
524 827
566 189
481 459
696 53
108 373
663 744
990 67
120 304
393 748
49 942
950 121
125 586
699 326
348 1117
153 682
1015 540
288 116
34 847
922 449
1045 707
747 484
443 750
1075 728
5 174
281 366
414 747
953 798
295 853
321 6
366 556
767 331
730 143
877 409
486 986
384 316
862 1003
320 266
142 863
909 959
953 579
292 1030
384 216
426 805
3 463
241 209
327 1100
686 305
209 400
590 643
691 1
551 1008
669 101
722 902
338 23
437 478
956 823
120 1052
1033 938
110 918
903 596
606 215
465 868
352 469
155 691
468 287
111 362
629 811
729 1083
668 432
313 187
912 31
446 663
1112 484
642 532
1059 597
220 792
561 1085
690 1054
1030 109
599 987
912 214
503 446
243 1006
410 866
947 384
489 116
773 362
416 490
107 398
935 819
119 333
266 546
613 364
912 513
190 403
207 885
307 271
767 676
959 727
519 564
384 679
580 1001
931 165
904 598
673 752
100 1122
588 905
634 443
1122 750
557 275
690 926
978 573
568 306
684 557
256 369
970 184
951 581
304 340
810 763
775 260
281 900
402 873
852 393
130 1003
958 837
899 671
1009 887
784 840
678 195
1092 202
179 889
1066 130
761 816
223 555
617 114
198 795
893 117
359 533
634 668
492 419
287 954
476 365
380 182
105 502
116 728
917 345
865 912
239 472
1102 225
564 968
419 784
243 968
953 702
957 489
664 1074
366 599
683 349
299 898
633 48
413 312
430 810
957 866
401 927
994 505
192 650
347 192
33 801
248 552
565 168
414 172
471 555
1074 100
1101 586
320 809
876 737
372 1095
617 263
938 159
972 397
649 978
250 412
751 319
876 109
588 176
147 188
104 661
304 736
239 744
684 179
303 264
1086 656
695 588
799 981
894 1119
579 835
877 907
155 1013
266 441
267 919
494 671
1024 491
354 300
185 793
620 1003
390 31
832 839
763 675
1068 623
644 767
1003 1097
641 680
406 935
776 373
743 745
647 461
240 448
736 126
351 267
668 227
243 542
576 656
143 529
472 802
452 5
500 69
500 518
1036 1003
269 567
568 932
978 996
359 723
833 24
96 92
773 273
587 139
1099 534
230 334
744 329
304 248
720 430
261 1024
225 471
779 543
408 900
209 1042
1043 518
626 178
265 628
231 387
1035 814
1000 829
956 270
894 168
547 989
532 987
118 795
178 168
1018 914
339 514
769 647
617 946
1011 755
212 819
728 378
727 71
437 1072
226 459
1038 1008
358 37
632 688
789 101
928 914
318 710
647 703
725 155
270 956
98 224
500 549
306 542
534 594
1026 418
1003 931
532 1051
905 546
463 712
363 940
306 106
972 770
388 810
976 273
304 868
905 375
175 913
939 102
277 216
483 548
103 223
237 52
424 270
1013 697
835 634
49 889
508 997
220 114
396 1054
797 36
425 294
248 334
353 498
1045 410
516 461
424 603
945 1050
279 875
917 935
107 987
435 422
676 157
933 158
1023 966
1003 443
950 897
11 438
229 1093
759 641
536 586
392 355
995 853
650 188
798 290
243 104
849 423
703 334
594 549
550 459
525 631
366 694
999 827
967 540
983 645
14 528
874 145
296 899
885 136
184 1068
4 151
1002 287
832 953
684 578
573 596
264 518
341 943
124 692
492 1110
359 908
182 1075
26 962
385 932
621 692
294 625
68 978
342 860
494 336
1 1049
739 486
527 1012
1024 422
161 801
986 866
538 669
806 73
234 378
643 242
1015 1034
673 318
447 601
822 769
445 167
543 965
906 251
525 674
326 941
525 165
208 590
304 828
599 270
108 1119
795 838
702 661
742 238
935 521
686 432
663 940
539 512
750 772
773 304
667 735
204 551
942 872
610 340
603 716
257 818
739 275
625 879
883 773
1020 793
871 1022
141 343
874 538
29 256
815 728
488 738
214 259
560 424
756 1096
703 229
397 228
430 1025
882 567
116 109
957 198
896 815
497 227
939 660
188 170
576 1032
285 198
509 1079
359 796
422 1084
350 61
776 31
111 970
28 1066
96 659
236 648
773 906
182 297
580 771
207 634
404 482
279 702
927 409
859 749
308 169
374 169
203 1025
315 180
1023 254
534 343
119 900
65 825
958 494
718 224
365 484
195 611
892 235
5 756
209 798
1113 865
476 855
412 182
99 169
105 1012
700 263
223 302
158 894
1116 252
145 83
880 828
242 398
1102 451
501 409
964 864
733 93
705 925
1103 397
836 747
361 783
426 294
5 952
745 345
507 399
739 297
410 513
892 262
889 328
208 248
335 497
599 393
475 369
554 198
249 436
454 914
664 1049
303 122
577 19
599 894
121 928
63 558
870 58
862 1075
817 412
329 177
204 573
882 980
705 801
748 518
617 176
474 273
197 161
446 483
771 384
789 326
554 656
121 110
765 729
698 1054
252 882
1097 504
441 347
1117 899
952 675
1087 986
938 911
984 465
911 447
601 138
475 492
639 1112
651 1015
791 864
360 82
0 399
705 562
512 714
123 1062
608 35
243 768
139 149
962 918
204 826
616 1066
630 919
506 305
45 606
1113 221
131 344
943 501
501 811
812 355
822 888
183 531
407 1016
54 337
920 477
367 465
531 500
905 1001
383 293
264 1034
919 254
754 506
932 492
729 987
739 1005
293 716
179 713
318 617
642 965
6 438
702 968
152 190
607 711
1096 183
523 899
915 523
853 481
732 159
929 357
1007 316
555 635
562 1015
279 484
718 890
93 1064
1107 606
182 16
871 686
1 506
178 121
394 740
1024 1004
991 687
300 692
804 705
914 131
762 381
987 1004
91 496
311 879
112 340
883 88
118 287
301 871
674 887
509 969
155 440
342 847
718 272
202 543
788 520
439 826
563 780
937 370
677 569
252 538
432 317
454 614
663 946
243 336