814 729
261 600
6 395
547 926
550 740
632 426
394 469
750 769
608 922
1109 184
722 168
671 171
900 373
462 973
121 215
908 831
764 737
88 467
980 156
980 431
243 638
927 887
187 627
170 1111
617 529
313 343
1060 855
523 497
662 851
868 594
136 1001
185 245
595 784
889 398
844 45
112 1069
900 977
369 942
602 423
700 891
389 565
767 965
229 669
181 130
156 504
129 377
280 776
241 444
892 722
839 861
992 882
955 240
337 665
645 106
557 952
139 81
334 140
979 1071
54 1028
164 273
382 323
755 412
482 735
1061 254
596 650
450 840
951 774
862 128
242 668
961 693
414 611
652 544
990 274
315 440
533 182
351 262
360 54
879 827
700 372
1013 894
101 166
871 1003
209 236
951 117
736 792
801 738
916 433
256 855
811 491
189 139
843 473
978 458
702 800
592 572
207 890
166 642
181 648
876 169
661 1066
710 866
205 1055
612 435
23 436
310 381
235 306
1000 113
776 150
418 826
277 903
727 650
740 644
929 922
746 413
347 623
685 368
793 1027
990 379
92 182
367 692
868 289
708 445
123 175
733 850
215 861
435 719
909 10
865 185
911 590
646 1097
107 688
384 114
933 1005
256 1031
690 942
708 681
355 644
792 565
934 846
880 894
637 177
481 741
762 678
912 952
983 379
112 1015
163 551
950 331
546 342
653 657
205 399
830 1003
1013 815
206 322
654 342
755 501
915 265
744 336
939 686
151 840
480 788
567 269
347 443
695 350
664 646
187 1051
234 288
837 830
1001 1104
121 413
921 657
437 10
810 748
483 469
22 720
656 1009
309 765
17 1077
539 597
932 945
272 1084
300 856
348 887
513 200
155 393
535 300
175 324
125 384
70 675
157 1023
726 46
962 102
454 927
69 822
620 843
483 551
402 767
810 18
333 412
122 177
249 557
143 840
285 985
749 896
239 982
988 343
621 912
244 719
306 865
283 854
708 568
1029 8
1061 865
0 605
44 202
441 712
521 678
337 664
166 822
764 437
208 385
275 631
488 259
368 339
106 171
431 129
238 641
50 533
210 5
234 451
1049 968
868 329
400 860
929 453
306 165
210 736
267 110
222 1085
740 212
813 464
13 485
449 475
321 672
91 361
719 84
827 764
901 685
484 675
320 181
331 646
556 685
903 75
141 569
648 595
905 6
995 848
34 763
569 494
502 1117
910 679
422 949
1081 472
698 640
322 764
187 795
524 598
538 55
555 2
957 1098
619 8
970 29
346 792
528 942
668 323
640 542
205 213
962 1046
175 1022
937 532
4 343
267 777
694 266
264 171
390 782
162 437
830 275
393 118
346 923
748 906
1012 160
238 1004
566 515
293 335
857 792
497 614
948 712
507 172
242 570
245 367
608 910
325 736
89 764
117 251
763 771
935 246
926 653
275 161
435 356
202 599
847 204
1037 127
473 918
233 167
93 143
308 686
385 435
941 564
297 166
932 404
69 523
842 855
995 467
727 162
515 918
696 374
174 707
380 88
154 382
963 846
489 690
514 908
945 644
613 879
1108 637
629 112
369 797
221 699
85 316
87 936
838 203
760 486
1052 894
710 416
417 814
913 266
832 840
944 564
441 129
145 803
223 660
537 647
597 373
871 683
858 460
148 428
619 161
401 829
1006 595
220 576
853 206
788 578
988 252
386 462
1119 891
472 311
598 145
751 106
442 860
497 581
552 524
331 775
964 727
652 963
97 610
776 30
414 645
550 433
211 644
256 321
109 951
934 127
866 212
296 726
601 751
898 957
133 966
1011 588
120 610
510 503
447 341
786 293
36 125
766 198
551 602
341 854
1 605
354 888
721 566
62 615
136 224
803 1072
739 450
421 361
367 620
966 608
717 633
287 826
15 695
234 502
34 163
803 212
989 149
1078 842
921 641
792 996
609 226
178 910
480 420
678 531
722 540
996 976
96 201
390 896
1095 460
811 540
779 506
569 962
999 902
518 371
212 832
1106 1019
347 318
873 956
571 730
47 577
647 140
149 459
51 13
301 563
820 370
28 685
558 807
600 107
65 924
632 857
592 568
1115 887
173 271
179 293
220 231
151 733
1103 927
976 952
749 794
1104 743
511 436
882 387
747 847
591 1109
274 537
59 49
612 262
853 549
545 341
738 1065
455 596
764 925
914 976
1070 255
324 378
792 74
334 483
1020 788
366 813
993 390
425 69
19 1026
455 850
115 1014
110 55
585 312
392 844
605 253
361 1094
692 264
1071 94
879 68
138 833
379 815
411 470
472 331
72 208
9 403
127 198
670 211
604 988
37 987
263 243
587 1105
2 1067
265 129
770 484
964 1046
156 604
420 621
354 437
443 40
278 408
548 131
1087 850
108 163
275 856
243 272
852 628
709 946
550 677
698 770
933 404
823 926
522 1010
537 312
619 914
112 488
235 300
622 389
591 962
828 390
219 530
16 139
995 116
604 1032
670 810
558 963
248 424
826 718
606 1035
711 1016
726 801
228 719
503 149
269 1054
1003 419
324 189
940 243
133 488
253 927
528 235
49 424
874 229
7 487
724 53
510 62
1029 787
396 511
63 137
258 1010
423 932
851 930
173 215
670 311
932 988
232 154
798 821
422 52
872 407
726 463
442 917
980 835
562 1056
379 129
738 636
725 439
266 530
815 783
555 901
393 264
512 770
897 13
174 843
455 502
559 498
597 307
114 195
167 105
895 204
296 336
892 687
14 546
633 445
483 107
319 100
1062 652
715 939
777 289
453 742
859 533
54 945
360 258
900 199
959 817
843 672
220 581
820 558
494 636
573 715
1064 215
114 592
235 151
100 352
1082 255
573 976
298 954
648 1037
827 740
271 213
771 942
199 829
578 117
879 795
198 119
608 783
852 152
497 528
417 667
977 866
618 973
459 239
755 525
956 467
47 538
655 905
733 706
1069 574
373 1050
471 932
508 492
231 1009
288 753
281 539
1041 202
539 761
188 1043
956 346
152 585
986 108
234 896
43 996
1108 151
1054 856
655 509
1105 237
74 466
218 143
485 257
18 376
513 195
757 535
871 348
933 507
768 349
763 831
798 394
504 54
496 888
904 1018
1099 389
844 671
982 263
327 305
845 624
271 106
171 802
61 1111
837 364
129 954
684 169
803 436
333 0
221 304
26 164
393 1080
400 824
519 132
762 885
815 95
1026 590
722 118
901 37
302 202
909 142
724 893
122 822
507 622
705 351
343 793
504 1059
390 123
1108 497
145 545
804 258
571 608
199 210
996 614
985 500
816 761
899 583
645 558
819 596
129 805
704 243
484 897
1011 204
502 297
818 342
17 544
1014 700
153 733
467 429
819 1034
126 449
152 421
719 675
178 180
415 769
308 241
664 792
779 306
627 115
1049 684
1110 145
170 295
431 808
1066 253
256 766
667 103
396 576
952 729
881 774
1117 807
431 1096
883 1024
616 144
340 968
289 526
247 95
420 1095
43 737
415 145
150 404
901 1055
232 921
203 439
973 986
593 219
275 624
697 983
421 953
728 618
328 887
803 486
409 290
656 435
791 755
302 181
331 521
518 654
165 62
3 816
830 634
403 648
393 70
974 590
349 900
472 1056
879 12
995 185
525 1087
1079 332
854 807
276 38
686 964
855 414
882 519
364 615
426 439
367 119
54 401
1007 694
281 68
972 545
346 1034
199 948
584 292
383 363
597 837
377 1004
230 45
692 506
649 386
782 624
514 285
362 878
165 826
315 798
14 716
1020 532
116 910
889 122
101 343
509 420
853 178
693 457
920 674
905 582
449 497
513 210
816 112
298 501
604 552
801 698
918 926
432 419
1122 546
735 705
779 188
169 948
867 923
560 328
405 1089
250 640
136 883
1037 319
1093 513
412 725
227 469
51 952
823 547
1072 628
333 396
547 804
337 973
924 656
936 803
419 912
923 912
751 594
357 1082
762 469
959 236
281 216
963 933
1008 354
150 710
708 560
585 600
364 78
560 352
272 224
837 373
492 584
378 195
244 354
737 338
145 562
581 163
343 545
644 930
208 887
194 647
665 638
1085 513
962 616
523 661
851 479
11 441
1084 287
755 1057
526 834
477 775
872 787
321 138
188 29
173 1063
307 788
79 494
13 264
239 1002
237 1076
489 200
40 626
380 726
428 498
500 436
547 991
468 606
649 651
347 908
751 721
455 167
993 986
837 304
877 621
939 506
181 523
217 570
446 800
801 917
930 948
482 1014
245 668
630 985
794 395
599 876
303 454
968 989
618 541
959 867
2 875
342 538
226 959
439 353
251 468
642 828
792 326
198 190
298 321
418 1088
293 604
856 369
698 419
378 689
830 602
960 925
274 78
665 760
28 845
432 535
550 854
297 85
844 1006
489 901
276 707
1070 1098
704 679
972 553
99 786
520 24
381 945
242 1063
487 947
988 846
395 393
551 575
139 396
155 680
784 702
910 950
485 171
650 765
229 275
467 793
206 697
564 719
143 1022
478 25
456 411
433 485
55 879
789 287
870 462
321 316
275 786
899 525
123 252
213 501
971 1000
478 269
563 321
487 490
260 310
239 810
1020 941
279 312
809 723
811 807
335 710
773 537
53 987
653 1010
865 378
204 506
714 110
183 518
874 850
990 370
261 538
806 510
745 1114
458 1109
615 944
329 479