301 122
292 572
445 155
932 15
1070 324
237 663
812 635
640 162
723 290
543 426
273 255
1066 884
232 742
152 767
456 378
572 904
767 547
904 433
508 447
761 680
964 292
174 898
255 642
837 1094
951 132
481 618
438 528
170 684
433 149
689 522
843 893
1062 713
739 106
686 22
610 802
971 1037
403 419
578 354
740 695
854 1084
545 567
655 545
383 714
400 296
703 414
799 269
835 686
692 224
381 115
483 950
774 485
35 709
958 162
984 515
674 184
675 745
145 36
554 884
154 76
476 161
125 306
268 599
376 9
749 190
825 1004
362 950
338 817
395 846
556 911
208 872
512 439
597 794
419 433
322 619
480 620
797 559
202 98
605 490
435 354
832 726
1011 808
143 321
389 427
900 337
991 379
604 601
984 701
788 525
927 327
456 386
889 81
518 512
820 1076
464 795
954 431
969 247
95 65
408 635
391 227
606 852
722 525
218 516
241 785
286 852
205 1100
933 1036
422 293
272 54
770 985
312 1100
854 313
277 618
549 238
526 79
248 479
347 523
1049 166
122 779
947 188
472 630
885 652
726 549
437 801
338 803
892 794
617 867
112 190
294 399
421 601
889 933
1024 227
454 446
408 455
669 566
982 688
655 821
479 717
622 178
408 53
664 271
614 947
852 586
366 363
535 194
455 330
482 997
311 1080
488 948
1019 309
626 380
930 821
561 284
255 278
597 332
365 194
23 1017
304 825
130 745
378 872
990 901
544 341
843 629
517 262
1032 374
490 1020
603 749
559 243
862 660
794 1007
360 476
622 976
809 557
638 857
433 806
315 759
648 862
422 1079
196 895
746 119
973 439
297 169
459 626
213 40
519 769
742 578
985 1066
922 321
852 430
444 444
283 235
280 1008
152 882
626 229
337 907
718 946
221 477
644 195
748 1009
349 859
972 468
700 757
931 413
953 143
975 271
714 227
747 544
123 716
679 153
705 824
634 927
402 990
710 1063
535 879
120 852
397 490
754 170
85 785
78 572
402 227
165 663
593 36
627 1010
651 920
998 829
222 728
456 516
756 1
329 893
299 216
197 761
606 840
226 54
776 798
911 1122
1007 1010
475 960
639 671
156 29
816 636
693 965
272 1100
194 900
957 940
310 988
466 464
505 59
9 443
581 919
908 357
613 901
383 317
892 479
317 773
715 368
754 219
835 999
509 526
242 292
862 414
590 406
734 854
1009 792
852 846
130 249
571 684
737 940
26 915
398 830
744 398
171 874
601 811
779 271
216 756
989 622
678 798
58 596
833 771
993 888
649 220
256 384
716 378
236 385
488 910
999 181
434 515
803 611
461 961
750 341
280 902
781 585
596 700
615 873
537 672
1010 333
879 1113
660 861
291 924
786 717
682 1111
807 769
321 506
688 866
566 537
923 241
339 159
1034 732
138 382
376 209
816 411
727 98
1053 759
486 813
231 372
840 565
46 278
587 1050
0 371
889 98
349 460
807 263
268 482
381 753
311 167
663 53
224 981
274 189
237 1033
1083 675
602 750
278 961
157 243
741 136
974 575
659 16
392 134
243 369
463 588
651 593
938 382
971 145
84 791
301 570
934 438
692 542
311 722
1029 1005
111 835
935 451
569 598
80 528
768 625
1070 420
124 786
284 992
909 694
346 175
1076 109
1108 844
480 551
246 742
967 357
925 1037
773 52
267 989
648 385
311 796
270 846
1043 911
895 733
349 459
583 1005
689 790
452 540
995 104
163 666
128 330
1104 466
24 570
805 442
550 1045
3 413
679 834
248 117
580 185
801 678
398 309
128 717
566 952
592 490
233 607
279 1014
89 209
283 190
742 860
921 689
708 380
498 374
677 965
648 442
968 113
936 978
513 330
672 127
530 734
128 645
743 433
324 887
906 126
112 884
538 779
976 379
334 592
825 200
338 433
388 148
622 1080
121 747
597 591
103 136
554 228
164 144
377 128
1090 488
868 570
152 188
900 545
33 352
392 105
776 796
797 331
758 330
235 708
136 458
182 589
758 248
648 1002
676 522
530 121
985 484
124 876
985 251
780 403
694 1120
281 948
839 614
977 158
325 411
666 944
590 997
684 525
787 528
689 544
684 451
578 165
466 927
890 1058
968 283
209 923
1094 153
206 922
983 0
736 1031
1113 564
546 348
1121 245
445 344
391 278
1075 954
660 114
145 989
1011 800
771 995
202 772
965 288
1041 1002
348 221
350 430
209 143
857 312
346 786
415 273
916 17
387 921
401 255
917 393
903 864
725 176
952 497
22 927
975 410
222 348
716 143
721 279
994 1007
1007 377
124 191
239 162
407 37
149 673
627 1017
337 174
484 1088
977 108
904 535
879 721
1006 817
863 446
293 249
553 745
890 758
290 634
553 1004
128 801
241 891
871 112
902 366
413 393
389 434
429 262
286 701
331 517
52 943
363 656
130 344
248 863
323 805
1018 647
335 742
824 997
1092 122
1063 592
779 81
450 964
408 702
291 774
289 777
1093 3
135 1081
299 732
181 857
296 577
14 922
927 735
267 1072
350 917
1021 170
63 363
15 767
774 773
88 136
857 566
536 905
425 591
712 201
469 975
507 416
979 293
666 993
698 906
619 895
1086 553
325 211
293 420
763 2
871 1068
172 443
985 155
547 963
846 181
245 582
362 798
75 382
915 524
291 565
433 282
630 877
276 587
767 990
771 10
433 928
528 276
176 353
266 799
433 635
290 380
141 408
690 741
940 315
223 196
582 928
621 982
207 92
820 112
534 689
808 802
1024 588
613 898
788 84
884 725
909 443
224 301
183 936
118 5
39 981
334 129
651 155
663 249
688 135
1094 1091
18 567
468 19
424 228
249 879
606 859
1087 195
94 1004
209 13
759 349
380 389
451 282
602 199
965 661
341 509
968 87
358 411
634 854
679 7
890 624
790 682
80 195
499 541
651 498
827 839
489 910
373 310
137 113
1014 745
968 887
656 1079
753 128
520 800
1076 20
617 647
54 695
791 221
223 472
760 896
445 219
615 897
275 854
114 919
402 323
10 854
133 296
177 766
725 131
16 811
687 893
482 403
427 941
252 677
492 1032
214 906
669 47
841 1027
395 363
1010 862
434 758
950 949
645 401
735 1044
455 431
967 336
299 824
474 380
410 697
877 198
807 602
517 1090
614 910
946 215
990 468
860 677
374 816
930 969
592 625
641 931
899 845
887 445
181 493
793 262
113 728
122 1027
931 465
1053 881
641 1064
948 197
258 1101
226 957
850 320
227 749
963 928
545 790
689 62
641 485
1108 833
143 347
533 489
12 833
706 315
614 926
834 546
1100 914
126 745
995 728
238 619
243 494
356 318
582 711
301 220
974 593
399 351
981 929
142 839
801 70
826 904
841 722
1018 997
935 680
474 434
967 916
853 701
607 463
340 123
632 685
164 797
268 315
977 879
697 257
679 1117
694 288
217 160
908 127
946 984
39 687
160 914
486 432
240 943
111 606
441 784
511 427
504 687
997 442
764 665
125 675
772 635
224 786
549 323
9 748
369 1123
374 79
519 591
79 1076
81 638
712 413
698 972
323 1000
676 398
696 933
573 770
983 274
332 917
129 315
963 522
646 377
822 210
415 815
534 928
461 196
757 450
924 1025
1122 561
172 435
830 269
304 421
701 598
297 336
876 157
1107 835
997 340
861 257
1020 550
806 762
179 1009
293 1017
786 296
841 336
950 660
66 72
813 860
947 1105
381 1116
545 164
459 496
472 570
372 786
164 941
300 423
62 340
444 1045
288 266
177 1048
629 519
223 726
973 661
204 515
816 132
140 665
729 544
526 685
250 398
133 187
165 933
346 164
817 999
818 935
134 99
986 507
822 372
176 614
789 125
586 496
335 481
273 954
184 259
988 912
739 290
120 342
535 1051
695 1089
582 859
421 910
983 269
806 569
519 498
1042 639
1123 758
930 772
304 869
561 1122
510 792
452 44
249 702
639 446
866 24
162 742
965 631
262 179
180 617
922 659
116 779
705 488
1021 598
891 468
443 581
693 668
506 611
328 500
803 600
760 49
845 814
854 763
502 901
528 908
771 564
431 541
452 375
228 351
492 946
562 28
224 298
868 751
534 948
497 303
685 960
217 192
770 133
82 745
1078 235
920 596
1006 916
366 569
669 774
80 238
313 398
53 1021
1095 700
12 68
689 942
456 187
1007 671
587 161
712 613
669 279
451 787
829 160
1115 511
973 724
686 696
492 475
746 823
651 722
77 851
876 1027
251 637
690 801
417 405
897 582
152 407
362 49
730 195
510 633
972 950
521 493
891 556
863 249
297 1002
375 656
292 407
341 435
1093 64
220 711
583 761
63 141
392 215
835 631
847 836
282 185
423 981
931 976
1101 787
18 271
93 945
82 1062
117 639
390 858
341 875
75 129
1045 150
778 976
929 1080
941 566
199 285
953 965
134 1040
426 998
654 445
238 499
429 284
333 284
417 227
686 452
244 1084
394 204
1107 696
620 216
1035 898
1040 115
376 983
222 903
656 181
670 656
543 683
633 454
195 116
967 978
466 734
500 952
1002 383
957 891
1098 1121
237 689
958 253
129 957
104 571
100 822
613 480
145 1095
936 307
316 624
358 1010
823 914
1006 933
219 28
768 57
333 522
320 858
187 423
339 391
114 1074