105 806
962 36
1103 668
892 859
1005 714
287 1091
1045 671
807 605
425 134
355 870
359 626
1087 342
893 435
824 592
994 42
416 215
664 508
931 124
780 87
900 1061
702 759
812 390
890 745
401 498
949 536
610 707
722 331
102 119
800 441
597 192
982 428
1018 208
489 773
282 177
650 232
661 670
47 281
587 418
383 416
65 920
1116 95
524 546
418 303
778 1011
1102 798
231 104
366 306
466 765
903 454
401 515
10 589
282 454
758 677
1091 949
300 1036
735 758
915 916
249 1014
842 288
705 369
313 849
854 367
555 242
416 695
249 233
487 356
857 46
442 325
402 1004
731 700
392 159
1015 181
1013 975
338 872
369 432
521 194
362 422
779 1023
424 1004
508 677
198 276
131 1075
225 434
1031 195
788 214
717 649
412 244
397 411
979 311
909 370
804 386
109 279
615 736
812 62
603 1007
94 991
665 593
423 954
449 802
148 1000
112 332
272 69
111 448
853 501
1003 979
787 965
504 1023
309 654
783 819
674 598
209 1092
730 207
924 808
378 197
715 667
169 603
646 780
1084 514
800 414
683 710
871 973
149 768
232 142
937 168
276 620
502 621
780 843
628 492
270 353
812 507
703 346
674 878
263 121
809 893
618 607
719 153
439 749
241 121
805 285
397 269
649 782
942 172
577 864
885 478
191 833
997 130
876 200
639 974
204 769
927 969
950 328
170 20
633 265
233 939
398 937
693 683
1111 310
820 314
280 120
547 844
983 83
909 386
725 588
444 135
921 427
182 111
909 194
522 287
214 27
836 709
313 639
665 317
250 149
943 65
236 705
711 223
183 1120
1101 549
771 846
493 605
1011 209
1094 949
480 567
772 643
914 492
817 891
557 930
941 139
152 636
806 162
940 694
426 784
560 109
267 914
511 311
886 1075
458 755
1032 1029
79 775
149 905
660 992
578 1051
517 421
985 466
584 211
803 597
506 191
786 69
771 642
424 752
815 153
783 976
884 1016
114 838
969 673
699 952
424 514
670 705
18 554
857 805
858 569
45 435
527 325
685 407
281 490
589 360
958 347
529 834
337 968
29 267
239 143
608 343
550 682
1069 290
741 153
130 76
87 621
460 41
961 604
661 429
928 620
1040 229
307 593
358 972
911 373
530 913
432 850
167 750
325 335
1071 684
894 1088
406 1059
412 378
360 793
633 870
740 817
215 1038
91 937
405 579
971 822
913 875
519 192
429 278
251 520
378 503
524 615
858 1116
611 375
48 574
361 763
363 465
1109 201
271 217
1004 763
749 376
405 821
651 781
454 769
981 767
666 617
211 335
476 180
175 373
519 844
1074 448
407 937
830 229
436 286
233 278
917 363
834 858
275 700
204 292
790 154
713 411
599 667
546 811
455 207
472 414
880 597
531 915
442 14
847 912
841 359
912 141
708 1023
157 483
888 168
219 804
142 788
633 115
726 647
336 1030
709 845
1113 184
705 602
754 1013
411 82
261 859
348 973
651 581
579 535
261 873
526 765
730 865
888 312
132 997
591 274
379 838
63 476
473 1075
169 880
576 1004
256 762
661 167
753 282
609 69
729 807
643 744
656 895
133 448
571 248
561 805
922 1095
660 241
843 945
535 778
786 89
391 1012
18 534
352 943
952 865
927 983
998 906
225 807
573 313
650 930
927 123
231 591
1007 428
132 499
538 1012
658 455
91 1060
430 725
378 496
405 220
469 207
1030 386
994 499
194 965
959 753
457 96
204 490
593 920
530 652
150 514
885 460
361 699
300 68
284 107
542 383
976 738
1076 776
964 47
757 872
977 373
997 264
217 761
922 877
724 1022
427 426
499 440
546 98
498 938
309 662
634 169
616 319
606 834
817 390
0 326
751 1001
1045 871
663 327
481 854
449 257
943 269
955 402
734 744
235 305
52 1018
606 858
689 599
766 902
584 332
996 1026
189 1102
912 455
919 496
321 164
125 350
105 846
1001 137
924 268
832 399
783 347
905 789
7 1057
1084 140
778 490
495 1095
326 290
264 845
504 521
1020 524
264 112
730 249
282 658
758 448
919 124
869 740
493 39
517 99
728 867
836 79
659 365
590 276
365 864
488 784
751 272
497 613
830 297
1114 528
573 852
669 727
501 592
610 511
111 325
309 592
133 233
732 499
161 568
532 930
595 497
230 603
830 203
316 801
300 1012
557 627
600 925
806 1018
296 1002
960 262
148 744
796 474
519 463
600 573
315 115
988 826
426 384
871 24
531 579
678 531
1050 275
179 79
660 735
505 106
758 630
774 370
452 57
584 905
944 483
573 696
683 939
590 969
152 307
851 814
136 250
212 163
645 970
26 625
890 865
681 367
22 283
957 283
919 627
953 405
453 32
235 808
312 472
1023 549
868 867
469 645
171 923
877 495
43 312
479 549
736 131
233 251
939 129
254 362
1077 823
768 784
911 1040
862 537
170 338
105 693
281 1064
147 262
382 845
94 575
682 260
226 732
512 1099
663 681
267 944
782 1063
190 290
591 276
952 170
979 592
490 733
566 481
437 554
121 408
287 314
204 272
840 577
940 629
1105 865
568 394
497 496
294 839
794 858
845 486
930 441
157 856
926 670
793 1041
719 898
230 484
768 325
1058 820
847 291
266 843
794 473
492 294
585 455
719 678
626 117
134 673
1012 530
230 879
399 773
757 430
771 854
395 143
136 125
65 245
6 348
690 220
293 122
666 989
695 833
913 1036
500 340
978 251
865 316
659 437
901 362
120 799
125 557
140 197
503 359
250 707
1088 660
0 506
697 395
0 226
527 931
755 925
969 870
310 920
739 620
460 1042
937 456
828 204
901 323
595 589
156 298
525 381
163 114
986 465
366 1003
239 373
653 181
428 355
554 498
399 479
913 445
732 110
993 345
196 798
735 956
645 301
617 240
615 43
742 672
924 260
796 696
274 96
433 801
953 391
125 379
351 824
7 695
649 441
887 1061
536 559
699 324
428 528
637 1090
623 329
589 283
597 1115
507 418
718 552
663 909
45 33
724 539
864 779
237 751
1008 709
561 419
1087 846
194 511
717 922
664 288
44 683
704 647
652 100
1043 563
908 155
903 321
354 360
685 135
105 193
947 33
132 143
505 1063
775 624
494 391
148 887
675 894
489 974
939 913
421 97
972 510
1056 834
714 1095
141 325
882 986
198 390
577 1005
527 1017
53 812
974 963
984 165
489 781
956 378
231 390
1074 449
407 113
814 681
305 155
678 837
44 590
954 458
734 884
567 1020
981 746
783 845
128 655
541 127
1106 452
996 321
1013 1101
937 537
20 710
625 648
261 759
357 614
210 365
244 164
502 832
322 285
513 49
46 144
549 322
999 718
857 900
811 118
217 1017
205 743
252 108
862 280
189 479
333 973
89 905
962 645
871 655
196 899
997 585
858 776
454 357
384 570
99 917
130 715
604 400
136 436
677 431
955 130
457 113
168 231
118 537
1115 288
360 270
434 586
618 1017
1051 764
1092 985
170 363
343 449
647 540
802 347
947 481
251 701
338 770
818 225
424 441
118 1113
551 1014
374 340
425 252
715 1047
985 103
794 999
919 951
260 526
356 349
983 1078
155 178
163 870
857 299
683 303
723 460
494 556
1078 805
18 799
467 554
295 325
764 963
734 527
1006 442
940 1027
431 877
640 172
730 940
469 914
474 58
828 997
564 455
473 941
264 524
332 551
378 658
517 561
44 234
189 672
939 536
822 650
210 403
296 812
486 812
360 800
747 504
674 875
179 596
873 180
893 962
163 757
996 725
494 405
657 996
538 226
101 908
1039 969
68 926
469 363
130 732
969 107
1110 109
963 1063
244 248
635 440
606 877
694 319
311 154
361 960
659 392
360 183
698 733
572 651
1068 179
655 208
741 651
896 1082
498 907
458 649
303 318
567 241
697 361
492 1054
550 395
255 667
795 938
336 781
401 1090
838 662
1060 637
445 707
629 358
791 388
855 409
265 1069
1084 1037
752 200
423 324
842 27
140 846
162 13
79 832
494 31
254 101
407 722
763 154
1101 173
793 914
622 847
77 962
135 676
327 845
54 547
337 1076
841 70
275 243
667 511
216 147
463 771
382 619
210 361
753 445
352 266
81 140
313 248
972 299
867 500
312 997
520 604
429 211
256 746
78 500
219 599
415 668
507 25
503 943
735 1119
190 748
673 515
985 423
891 836
140 29
600 103
351 574
759 907
549 342
59 322
57 536
523 767
522 471
891 445
670 839
813 1087
962 810
501 64
773 663
705 194
997 353
719 256
356 448
1027 1000
207 857
559 984
380 766
510 479
451 285
657 369
975 238
252 1009
685 959
459 19
549 229
131 692
415 125
412 424
1032 468
699 104
981 285
566 642
139 624
315 694
241 602
662 488
119 1047
857 155
919 700
964 740
289 371
926 482
34 955
976 967
561 734
337 486
558 426
981 1081
351 1004
417 483
763 627
443 909
440 623
843 616
1001 1119
905 336
697 688
452 570
950 898
115 872
561 844
960 555
505 366
1094 139
526 762
949 1010
971 696
250 600
328 538
604 508
921 497
680 801
405 171
847 926
388 783
485 594
986 128
400 860
552 798
912 735
885 916
409 421
648 882
761 1005
157 964
525 772
720 292
224 466
262 292
807 845
1106 502
607 271
374 934