167 882
489 88
928 1041
753 58
1073 66
395 598
38 910
40 393
112 824
1040 891
791 576
545 535
769 262
728 964
235 594
463 582
628 563
961 692
1063 686
895 293
494 340
252 334
680 619
867 29
340 539
438 859
768 744
314 978
147 841
609 140
687 1087
307 388
1044 371
1048 442
535 647
521 537
1058 578
734 1072
166 613
952 751
597 756
224 978
364 262
967 767
533 731
846 215
188 800
820 613
114 477
854 405
800 994
299 995
590 754
201 610
229 197
511 139
228 1019
268 405
914 399
272 152
112 420
201 572
809 465
235 917
1109 792
803 612
357 810
345 116
232 846
309 761
643 186
369 953
316 549
420 178
378 606
417 100
233 397
888 398
507 351
341 361
390 13
744 600
851 709
163 939
911 487
987 176
243 739
996 766
691 589
727 1030
157 864
246 826
843 1014
549 133
701 398
856 603
234 931
331 632
1100 764
754 354
205 753
897 487
511 910
914 613
340 11
517 132
174 1019
547 891
125 373
279 709
846 1104
614 209
106 194
509 200
154 919
324 864
810 374
128 1017
492 130
849 435
72 70
621 1007
956 244
812 150
167 460
662 632
858 527
1061 339
429 595
206 654
582 925
578 435
212 793
321 270
857 585
847 1011
786 343
481 724
794 418
858 324
614 649
1002 442
1001 818
311 1098
481 829
647 665
856 321
49 926
351 220
794 848
333 869
114 1100
411 980
528 123
610 919
919 334
940 671
379 705
510 1058
130 302
837 616
838 141
725 492
327 745
584 324
213 229
721 287
832 615
640 247
730 583
393 657
197 882
1049 851
945 943
691 325
316 857
553 574
461 407
682 1114
617 329
623 280
952 1015
1046 646
964 73
706 55
935 466
667 1097
906 1018
690 119
148 50
765 774
192 879
305 1092
235 724
830 746
940 945
93 774
397 119
167 348
602 573
1008 622
720 95
1025 522
348 106
470 211
1004 483
1003 925
762 361
388 323
527 698
212 34
599 766
665 48
459 920
778 742
330 968
829 577
635 244
205 830
562 16
951 452
225 446
644 507
14 1009
173 1060
515 646
700 811
325 267
1041 350
425 684
166 308
732 117
145 745
353 257
654 844
35 366
990 446
284 316
977 1024
364 892
50 974
398 896
309 985
888 535
675 669
1025 989
911 973
344 780
169 126
746 825
837 504
1065 722
315 975
1059 361
404 820
600 949
697 809
376 603
205 49
747 690
283 1082
410 337
1081 721
774 978
472 601
623 186
175 408
859 958
623 480
383 622
384 634
794 115
943 988
649 241
494 360
178 20
315 353
220 582
425 115
558 1010
695 737
534 310
579 677
85 390
1088 471
473 115
823 204
158 175
410 434
393 568
247 230
689 876
990 282
383 26
746 946
740 18
1085 1023
921 637
283 423
959 152
725 414
1111 635
962 658
320 542
131 1009
832 1037
409 17
404 346
313 320
459 170
216 470
184 219
424 618
950 983
314 881
777 343
921 797
451 408
751 53
821 1114
206 386
118 952
1081 584
727 1080
886 666
216 232
249 366
735 564
713 794
311 357
410 133
27 855
764 58
228 529
371 328
543 444
679 331
235 332
540 788
1038 1029
140 159
974 669
984 513
819 775
904 759
739 342
581 432
149 922
710 1112
225 1120
169 175
875 234
916 567
127 548
656 751
413 401
557 597
502 1115
541 238
1013 443
1010 746
714 804
832 817
287 751
994 244
484 769
824 707
1014 140
285 811
227 560
469 431
432 267
691 664
438 351
451 423
994 214
317 986
475 805
150 564
14 336
116 95
756 589
829 903
727 989
203 785
893 633
1084 207
752 404
262 559
775 317
1075 912
77 867
752 687
184 903
588 546
412 747
797 778
985 588
70 559
261 962
611 208
198 641
999 825
415 245
698 104
306 560
534 404
581 42
148 1106
736 831
123 636
626 99
418 726
1115 853
858 471
666 19
181 848
575 912
383 808
1015 251
844 654
253 579
477 374
576 752
432 761
483 1064
237 603
197 627
44 855
578 315
412 479
909 200
0 378
175 755
1003 518
462 305
418 165
834 892
465 448
217 319
831 927
1073 675
472 594
239 360
804 407
54 118
511 261
245 651
912 342
453 273
342 582
606 325
1113 241
536 1102
997 823
720 481
115 794
371 492
408 798
922 991
817 79
287 617
812 942
208 179
939 105
915 784
553 921
457 905
990 1080
838 769
951 810
268 346
603 258
1039 299
316 695
949 472
208 975
550 897
824 580
1065 487
124 351
192 1020
968 18
1017 890
697 362
678 254
652 288
991 563
137 270
686 597
598 421
803 253
20 509
753 790
388 302
840 258
812 221
947 851
474 750
1005 316
884 592
975 299
389 795
28 151
984 233
184 1067
742 955
530 756
593 196
873 294
319 212
529 936
799 654
686 779
333 23
417 1019
495 624
697 465
529 611
512 105
766 602
974 572
682 506
285 717
952 521
503 131
420 415
504 610
766 344
472 706
354 904
605 906
478 149
796 1018
1083 839
777 1014
839 246
854 226
791 973
220 507
424 175
609 42
347 1014
886 171
81 1059
609 959
873 405
873 486
836 835
704 864
170 334
32 516
985 760
354 838
53 286
843 258
550 587
113 1007
601 558
801 87
162 471
169 337
451 827
525 947
942 734
989 791
91 824
213 666
763 553
369 573
525 968
274 884
61 997
1005 462
185 117
342 496
276 315
216 733
25 961
913 821
148 804
571 477
181 788
209 1088
229 893
866 757
1017 134
353 257
212 1041
479 127
802 385
257 847
1045 411
511 394
727 327
317 760
211 678
306 89
483 873
766 993
237 975
511 226
380 593
1020 715
552 146
174 1035
817 237
619 1049
683 379
668 642
994 306
89 575
541 411
379 148
459 671
437 481
800 232
1039 353
63 183
1068 1036
97 219
1090 452
691 281
918 1097
608 740
728 110
484 236
697 1038
1106 243
1052 661
298 797
643 426
692 284
1114 255
333 122
283 218
104 252
1122 1005
619 335
564 167
151 286
524 1041
962 871
2 558
968 269
174 496
467 843
591 996
770 999
175 382
783 684
614 252
611 821
792 686
525 380
1004 1063
762 946
414 374
518 854
798 650
619 109
682 225
623 401
552 311
1053 1022
168 979
534 406
770 334
635 604
363 756
64 809
797 631
880 392
240 98
695 256
694 645
710 406
710 1019
613 1111
440 842
149 587
820 984
499 752
593 157
196 889
483 188
992 438
373 106
741 390
104 546
990 515
591 1001
857 1108
988 123
498 329
1022 359
360 949
884 670
216 977
925 422
15 519
232 916
28 480
343 666
640 662
432 960
898 231
243 577
665 1077
514 555
873 262
482 148
41 278
806 356
190 642
556 778
795 206
867 703
1110 572
947 942
230 927
46 633
586 500
512 337
877 1000
770 677
1012 957
371 378
726 275
539 819
828 128
328 625
548 418
122 719
769 170
561 895
800 906
652 863
612 893
297 738
907 526
179 20
1026 149
167 322
750 741
707 378
797 595
1080 386
337 397
598 11
710 390
173 294
695 318
817 890
15 126
114 1054
725 618
925 586
606 501
453 785
920 885
191 749
24 973
295 486
140 193
768 179
961 977
575 729
307 836
453 395
923 588
274 811
671 127
232 621
889 582
790 82
902 313
77 167
774 1010
631 172
582 386
574 205
345 449
991 529
345 739
1080 671
73 226
995 390
471 793
796 935
114 1007
500 524
792 108
702 606
378 553
207 334
415 228
1017 945
258 880
257 293
597 545
1010 988
871 841
48 642
544 133
161 629
516 827
416 198
372 242
515 479
497 1120
991 916
6 277
922 307
128 557
845 1023
336 139
1003 360
826 10
161 467
941 972
767 255
878 233
770 968
620 999
571 627
931 147
399 794
646 567
328 201
216 492
960 870
686 581
1099 977
525 907
390 875
360 519
862 364
1025 267
1119 989
319 545
157 1082
999 845
507 917
519 901
362 701
954 733
492 834
664 953
546 1054
290 672
711 753
612 1022
838 849
1106 808
1025 361
277 137
1067 978
579 989
956 850
196 781
298 902
706 379
598 1049
663 175
496 403
968 454
657 15
515 927
527 147
403 2
389 727
735 1078
940 365
95 141
76 1018
741 18
559 417
344 153
327 519
560 749
150 249
225 207
698 482
373 716
882 924
33 165
820 396
685 848
16 892
760 437
568 820
853 232
737 354
879 871
617 576
242 124
730 342
216 314
123 453
884 196
53 297
569 888
852 179
467 336
423 325
911 460
516 682
132 509
808 736
943 876
986 319
607 550
782 571
723 493
173 567
742 153
386 844
322 739
27 371
488 796
408 585
308 795
929 763
443 306
684 925
687 536
433 601
512 240
1032 772
125 295
390 736
746 183
415 761
903 108
216 116
631 749
918 678
632 346
245 831
995 133
661 963
463 477
997 889
988 100
762 802
797 1103
492 369
940 234
758 929
1015 992
307 703
404 446
454 782
259 928
958 181
929 456
683 253
574 921
940 359
512 72
962 924
508 205
1009 223
949 694
845 930
637 804
119 921
459 1122
865 671
802 1077
786 1004
352 963
694 741
93 237
937 521
1069 231
482 946
861 1034
915 691
396 319
974 133
811 676
126 172
581 739
975 779
715 563
527 473
433 1100
638 631
993 864
584 486
1040 967
65 629
269 312
400 240
953 332
448 272
264 289
895 1055