760 756
291 694
563 355
704 1016
860 808
777 829
980 774
688 404
1113 129
767 596
955 1056
282 615
373 207
901 231
362 1088
826 439
664 443
440 757
833 438
716 290
142 571
793 42
185 265
807 510
390 992
766 487
983 1032
977 668
159 8
64 1095
698 807
970 703
820 556
724 832
616 206
1096 281
184 18
562 638
716 306
40 752
101 284
1049 333
137 1107
844 74
866 432
585 962
614 222
555 197
597 621
583 907
1037 561
440 233
885 148
540 479
402 363
1019 435
809 556
279 974
609 104
71 787
368 223
198 527
373 326
1030 510
452 935
129 1013
983 658
773 342
571 937
160 611
812 28
637 205
738 203
807 984
94 74
398 294
166 533
961 637
240 730
408 661
580 675
586 168
1006 654
749 834
817 314
900 975
1034 586
492 458
527 734
475 114
1041 401
869 662
768 826
577 306
888 514
819 850
546 552
803 331
440 495
1049 493
908 302
145 279
501 647
818 880
193 767
818 767
299 720
545 672
167 566
78 599
328 807
285 330
647 960
938 909
292 561
557 256
653 758
704 280
1120 238
285 965
585 389
908 570
341 707
824 204
303 153
48 531
528 688
924 680
279 688
208 1038
370 1083
738 1057
643 265
71 986
594 304
855 437
578 618
921 331
1036 767
835 908
937 342
271 971
937 262
670 274
859 737
1022 21
1009 1100
122 929
650 621
640 283
970 726
799 548
51 531
105 679
465 442
831 869
158 328
531 500
725 381
578 434
858 955
554 245
1028 630
1003 303
207 872
513 1005
237 737
433 766
933 136
548 910
130 316
978 234
683 690
196 616
157 579
852 830
447 680
894 264
148 811
591 620
986 379
580 216
92 665
480 999
206 421
314 273
646 383
558 995
589 162
234 532
943 224
540 430
112 332
9 384
938 692
552 289
564 459
719 548
519 847
1106 137
299 862
979 777
354 345
58 806
513 396
749 288
1057 1092
737 940
25 596
331 869
972 185
945 708
613 287
508 47
909 131
830 267
590 443
240 158
847 781
981 570
986 716
182 948
337 226
681 990
988 611
875 697
391 97
445 221
622 622
402 256
479 892
380 920
1056 614
799 250
1110 516
425 794
962 291
1003 242
440 406
904 237
417 388
963 196
1117 501
242 710
618 190
857 447
412 969
1080 1043
1069 808
137 721
126 420
485 398
40 288
949 18
188 469
1016 144
919 574
954 534
473 914
827 582
649 405
281 128
715 241
879 713
412 422
527 675
976 1084
461 364
343 446
1021 616
727 301
738 1009
1022 603
8 524
1 960
84 469
1066 884
154 255
723 694
819 127
626 922
151 576
596 778
557 572
1078 299
809 843
187 761
694 1063
163 160
213 538
704 434
913 761
899 553
532 549
159 608
105 478
265 666
75 240
223 661
449 944
108 335
1123 771
837 815
284 985
1101 790
633 1087
573 431
322 1037
701 576
335 815
852 638
585 910
232 385
154 724
957 180
929 846
664 1004
274 552
206 700
433 433
709 774
869 1030
738 832
411 728
978 874
883 943
1116 663
684 600
869 836
19 538
485 251
965 743
513 215
957 440
833 501
651 550
240 247
1119 662
912 738
632 722
471 400
969 397
1032 1035
636 640
141 1004
568 524
241 295
70 363
719 280
622 901
937 322
488 622
181 753
744 281
373 317
218 522
123 176
183 477
770 585
675 1011
904 802
936 918
50 112
538 186
1003 995
1068 903
198 268
530 820
961 222
313 181
250 217
871 1088
159 740
566 678
1104 184
739 214
985 686
1099 449
103 931
918 364
965 891
255 517
626 442
851 926
828 163
496 659
481 125
612 215
1016 244
991 560
17 448
1034 338
361 567
353 860
6 580
767 775
424 1004
783 447
222 949
78 854
265 1065
470 119
119 126
1034 956
904 535
392 984
182 170
563 527
835 452
594 999
296 996
31 455
646 635
900 699
362 868
370 306
146 216
436 945
515 642
827 128
988 341
251 124
351 634
933 949
144 511
398 620
415 934
536 952
743 1074
326 1036
325 303
105 971
864 537
593 164
462 722
993 353
362 454
79 527
49 119
682 810
130 704
701 536
508 952
400 926
849 344
765 506
208 382
462 1112
763 596
636 957
381 501
455 579
787 651
907 451
660 499
393 313
758 127
943 525
319 407
377 981
79 381
274 67
960 186
953 258
969 910
1039 88
570 105
836 618
647 907
489 747
339 521
726 170
788 674
213 339
613 459
950 335
615 875
235 751
228 842
34 610
694 980
113 361
618 514
390 985
933 175
304 3
350 298
1013 131
304 306
973 844
983 459
910 982
695 190
529 788
324 406
545 798
487 746
322 1015
313 709
820 367
452 477
808 566
286 734
542 843
215 279
720 434
903 753
527 869
7 770
77 1004
487 1031
686 479
4 729
626 960
814 764
402 723
780 808
745 958
316 1061
297 367
524 523
607 943
131 681
984 847
372 757
869 836
719 772
481 926
661 1099
361 954
1107 389
492 343
880 1021
587 304
125 207
335 978
714 243
320 105
608 983
401 862
358 1079
547 324
305 757
947 1039
804 484
487 962
169 230
746 178
472 1062
662 968
556 101
18 253
572 697
573 182
1014 843
270 487
283 177
877 532
949 694
86 207
724 336
980 288
641 915
432 722
737 298
578 281
315 296
679 955
740 68
933 695
508 906
455 650
283 112
941 475
950 853
367 563
1044 52
344 420
795 467
938 866
1017 297
951 352
177 355
235 657
170 781
423 666
623 865
597 887
151 880
10 382
157 966
619 740
999 315
347 882
835 389
896 736
935 163
557 818
918 894
284 391
942 586
421 475
976 8
814 193
1049 864
940 589
669 1016
104 394
986 265
446 945
868 304
566 622
238 897
493 628
243 482
1016 326
735 149
774 931
636 790
519 421
1064 223
122 652
1049 820
948 205
335 843
679 941
926 699
261 58
321 308
701 185
262 758
965 630
505 581
802 792
266 723
1028 426
236 428
158 455
537 359
17 852
558 997
304 37
194 783
911 460
905 775
999 576
820 671
185 542
132 852
521 336
897 446
530 588
568 466
255 505
426 26
945 969
838 704
703 682
399 181
938 679
738 895
561 614
798 719
547 969
520 886
643 939
490 94
651 849
767 662
517 924
425 411
1083 210
729 836
534 1091
692 563
668 663
377 762
997 818
650 801
938 731
666 198
944 967
77 682
265 272
478 259
728 261
381 478
911 280
560 442
515 180
152 734
387 655
470 874
281 791
917 585
668 703
24 269
200 214
689 891
258 785
284 1078
545 432
987 1087
148 834
914 809
1008 323
894 177
733 565
642 580
39 200
689 230
572 251
131 351
971 1032
286 959
272 70
898 432
70 241
996 947
636 506
810 731
188 767
693 565
340 777
517 656
726 620
563 1089
562 152
107 631
970 165
1072 728
942 270
899 858
816 415
673 149
750 998
545 660
278 751
638 498
747 421
608 1041
1022 130
707 1002
126 574
719 333
475 411
233 1086
104 552
1085 795
136 1
281 217
102 321
987 607
616 692
871 347
218 744
776 588
103 561
156 289
520 851
110 712
559 382
451 4
706 317
629 732
884 918
379 476
249 239
575 516
809 704
1013 183
1016 633
543 483
633 438
829 301
480 580
445 993
911 887
981 870
335 1020
630 395
957 43
99 222
425 969
121 906
897 212
561 740
639 1025
786 982
492 538
429 284
943 1011
215 766
249 1121
1020 1021
13 158
561 507
44 195
312 852
643 121
946 377
520 566
34 618
594 808
439 11
664 314
757 118
799 589
1023 889
143 670
363 119
519 1076
325 752
904 245
949 423
871 421
492 698
39 792
1043 945
134 918
841 373
405 318
615 731
277 822
798 569
448 374
796 1083
646 100
557 1015
856 377
559 273
830 503
1076 627
340 853
423 909
533 700
688 737
171 77
150 126
422 889
640 1062
691 234
420 333
172 80
104 1100
454 926
661 897
1114 21
401 366
440 995
265 632
300 742
1031 921
178 155
554 990
792 604
826 504
1058 789
866 834
46 526
126 1040
505 229
494 984
181 375
397 883
931 799
1089 285
931 418
375 419
579 730
971 519
949 873
710 297
844 985
519 176
1000 294
758 300
825 357
323 927
869 87
395 777
598 117
342 515
262 795
115 331
1108 669
534 352
451 230
728 527
1 574
828 1107
839 1106
1112 813
462 345
411 356
356 972
309 120
111 269
879 989
1022 218
542 915
414 523
20 81
908 347
638 176
497 275
141 930
401 857
301 777
0 909
0 540
712 1116
114 680
352 527
313 753
857 441
256 457
1002 846
810 323
651 595
568 297
452 652
1121 807
528 761
509 513
407 1027
401 821
1103 675
1070 130
447 162
245 224
525 895
928 601
623 865
623 669
447 915
677 303
650 68
188 217
10 453
848 490
379 462
324 874
196 854
400 460
758 496
242 47
820 292
684 76
676 1006
979 292
902 867
410 200
755 369
839 399
133 620
428 178
532 310
539 803
111 110
507 528
635 799
625 807
668 1070
129 932
467 924
756 551
551 843
978 689
607 685
768 1080
623 661
412 66
490 436
675 662
372 962
796 693
120 344
831 592
668 632
839 229
211 446
281 714
54 725
593 205
463 761
248 566
946 1002
816 666
390 452
851 707
323 620
540 677
60 320
965 50
1003 577
561 242
204 208
866 373
67 201