363 75
425 894
504 1011
287 332
733 924
470 315
492 170
232 725
803 234
617 586
977 863
676 1015
191 510
181 855
588 496
490 174
1015 662
909 633
679 484
866 495
356 402
653 88
337 704
374 267
927 140
1032 345
329 928
850 87
782 992
983 952
737 503
185 657
450 521
241 767
269 388
661 387
926 309
861 796
397 1081
867 840
219 907
465 953
798 733
480 759
928 115
455 228
902 910
401 833
1012 173
555 354
815 1082
828 181
1002 314
1038 911
424 967
365 213
608 719
430 181
208 870
54 421
764 637
427 657
154 60
859 903
238 10
428 681
792 878
395 725
447 338
776 226
171 520
125 604
950 175
710 698
881 827
1012 476
257 93
397 346
1102 803
840 696
897 1002
532 309
718 851
715 909
170 358
147 361
414 176
408 259
100 455
1024 156
784 240
711 1022
939 902
116 325
411 908
698 0
108 786
859 245
1113 28
1090 643
430 372
472 844
904 345
1096 1012
512 843
350 1111
266 551
529 435
801 517
264 618
810 662
351 148
926 140
322 207
450 528
397 887
574 918
413 179
370 185
619 788
1048 323
583 154
357 653
1027 162
685 1053
945 257
855 416
981 236
125 479
143 491
273 334
44 460
323 364
588 987
611 364
584 335
1055 474
595 262
55 161
738 628
1046 163
663 985
911 744
262 946
562 499
524 212
1101 1042
732 710
472 733
299 684
356 577
550 905
416 727
938 496
845 234
632 210
900 160
226 792
219 229
353 219
738 305
639 651
383 111
495 497
550 570
212 910
380 383
507 844
1057 271
364 639
270 570
131 354
352 909
890 743
636 1022
654 803
470 288
922 90
686 727
395 761
711 1082
701 201
106 817
778 865
124 382
521 477
832 20
469 460
539 1074
711 137
717 155
297 286
853 968
876 525
641 915
27 48
490 995
416 379
426 212
159 79
886 602
786 451
1018 481
308 833
725 493
497 213
387 805
841 39
906 594
372 173
294 75
1094 277
138 722
596 673
675 30
930 797
247 139
261 724
839 776
487 210
765 303
417 836
519 150
744 691
926 356
476 953
638 550
530 578
398 227
513 525
362 682
675 658
956 971
1115 1066
300 754
822 702
29 194
413 738
588 925
698 1023
756 776
147 513
561 1016
694 662
1005 137
367 744
678 301
854 251
838 254
117 636
738 262
556 804
616 355
430 883
469 943
225 542
55 775
449 143
910 808
778 1
448 569
1110 601
724 578
279 347
676 47
769 1097
1011 401
199 941
828 548
893 590
426 167
422 408
239 645
502 832
855 467
326 850
496 251
526 617
337 413
806 573
745 197
985 353
711 465
798 167
404 461
1072 620
440 742
789 10
675 174
666 134
307 920
322 19
345 531
31 201
294 730
619 71
110 825
291 863
561 591
141 967
687 692
49 90
796 386
270 1046
634 422
717 361
913 755
566 137
546 1037
769 963
932 1035
183 34
618 114
1049 363
879 796
444 655
479 955
935 63
317 226
638 490
735 410
255 551
1043 439
326 886
1094 497
588 990
246 183
432 1108
297 344
442 684
232 796
448 76
845 713
506 580
278 366
939 249
217 941
665 211
226 1036
602 891
372 858
600 227
770 1085
920 1002
960 261
205 25
481 186
19 898
991 454
785 658
956 802
223 460
495 267
217 240
868 154
766 1086
397 806
606 451
645 466
809 1094
426 461
1052 881
1 246
350 1092
958 667
534 334
222 939
252 157
938 634
1040 935
198 1118
139 849
320 317
596 347
648 401
685 660
664 156
622 324
149 88
149 192
638 726
176 675
862 557
1012 146
852 578
303 227
368 683
491 1002
366 689
595 950
530 430
598 412
489 983
115 749
516 816
341 921
816 362
199 499
693 45
878 341
720 362
84 742
965 809
988 58
454 1006
308 142
822 553
374 548
708 361
827 916
641 968
712 995
605 923
707 436
915 271
197 956
1030 253
1089 763
878 939
176 992
35 192
1086 974
263 1097
948 276
366 694
750 608
540 249
56 295
674 317
620 1083
787 397
815 96
932 194
965 934
472 697
653 670
877 180
744 892
888 63
604 790
288 683
372 135
166 696
168 56
582 279
906 1055
567 1084
1107 632
719 767
1103 182
68 4
297 313
511 723
924 203
39 680
178 208
356 828
502 631
570 847
775 914
616 135
646 867
519 766
365 1070
110 542
681 819
640 299
734 404
514 511
145 269
601 211
606 618
685 930
930 5
589 246
827 703
239 511
198 558
905 558
465 1048
615 262
338 156
849 716
1123 375
681 61
799 193
815 587
352 526
713 198
969 556
1004 69
879 951
153 1095
371 170
782 205
195 624
102 671
130 449
191 738
784 216
567 335
429 707
78 812
672 930
526 911
308 781
382 62
515 579
823 540
566 354
970 273
1039 299
916 465
985 940
211 962
209 318
820 509
149 284
799 428
1090 528
1027 212
681 261
904 814
66 569
372 907
853 277
925 865
1045 932
981 676
455 58
407 350
353 813
268 948
670 307
235 742
638 574
707 432
754 826
946 595
374 801
191 471
154 240
31 1061
898 754
402 33
540 224
814 423
1046 370
158 577
272 540
163 15
216 534
146 904
557 130
519 1115
643 500
313 979
459 662
891 966
668 205
1010 1008
664 925
387 519
320 1022
16 807
100 658
304 484
645 62
343 327
404 523
239 173
663 1122
849 1096
690 472
700 683
428 683
352 248
867 441
60 378
197 176
349 649
768 320
827 431
351 862
912 482
142 329
125 332
923 1043
210 402
790 767
743 316
983 568
227 898
557 577
134 479
210 866
922 304
541 33
266 737
244 159
976 354
171 409
175 464
107 687
676 1085
319 612
263 373
207 408
1026 340
727 699
323 445
831 475
240 40
1043 350
956 788
1050 1097
511 321
18 1115
58 369
187 535
748 270
373 1022
546 771
526 230
1094 119
391 626
540 134
324 553
120 564
635 799
194 766
11 293
424 612
949 216
807 183
628 737
1098 823
767 21
794 349
166 233
248 884
462 37
125 621
954 399
1065 244
795 886
805 446
137 697
500 1077
443 638
368 1013
52 148
175 384
807 359
868 783
577 969
604 531
429 712
205 219
215 469
554 280
957 855
910 381
522 142
742 331
164 1108
838 493
677 875
955 487
436 1019
424 867
570 524
191 922
330 823
305 140
117 176
177 662
551 563
249 866
297 843
103 429
472 363
185 300
665 814
605 574
623 740
827 1017
453 1117
867 659
535 357
336 234
458 275
675 118
115 616
899 1019
306 985
259 326
256 258
924 625
906 1114
310 333
286 901
216 0
649 900
1110 517
51 114
761 1007
944 475
606 700
888 788
564 203
873 768
993 477
130 546
407 168
14 450
140 234
394 587
294 756
488 678
191 216
158 905
109 551
498 227
522 308
494 575
415 1084
962 905
517 423
775 365
373 825
163 852
134 542
891 654
2 169
1037 588
705 502
31 847
247 1004
824 106
218 976
332 751
46 888
133 121
857 785
1015 555
415 999
496 697
782 354
794 76
537 589
320 545
842 485
896 629
221 307
209 1047
439 1005
860 622
848 962
494 411
358 879
243 137
728 453
489 409
661 383
589 700
116 1046
458 747
897 492
528 726
876 962
679 916
509 273
149 709
806 483
105 756
855 218
353 637
955 794
298 917
357 841
1086 487
789 619
497 209
842 245
167 772
869 1005
869 647
696 445
63 739
21 70
1102 785
667 137
283 739
318 293
991 451
101 970
787 836
815 436
510 1114
143 487
173 260
629 603
739 418
627 598
1010 830
902 269
341 340
325 632
751 455
876 109
236 938
594 124
54 295
677 205
341 1074
603 905
858 510
707 864
1113 370
142 666
550 509
3 875
215 298
211 123
423 608
348 260
197 262
138 1061
397 779
292 919
747 174
179 295
215 861
696 100
235 186
260 625
100 327
273 1019
394 758
597 667
10 220
789 461
390 413
916 804
322 906
73 141
310 72
380 484
210 1122
823 514
494 321
234 525
274 837
398 113
276 933
1100 320
224 693
1073 561
983 902
1016 517
892 684
891 24
720 565
677 749
300 986
878 5
28 959
617 122
713 543
301 618
839 509
712 611
752 577
516 407
13 129
169 1091
323 648
687 683
303 800
340 612
934 747
964 1000
610 931
756 635
642 178
248 118
353 1028
328 1117
508 430
842 428
926 159
315 833
607 343
615 1078
873 32
875 631
262 1019
734 661
101 150
430 943
675 775
500 922
736 166
733 961
1019 497
619 239
383 344
191 231
952 801
938 577
804 780
537 555
533 122
869 1095
1015 576
286 712
998 356
640 575
482 199
1031 460
85 741
428 364
277 540
958 795
438 1079
897 45
130 653
772 902
924 329
866 276
610 72
980 956
289 317
718 527
174 594
866 1094
890 408
693 358
422 147
213 654
609 349
697 322
1102 314
947 1013
610 942
220 363
192 600
67 922
190 187
615 844
396 238
25 290
275 845
1059 752
636 613
129 210
961 928
776 110
460 637
241 988
822 888
122 257
223 22
333 588
708 515
315 834
708 66
956 61
902 631
872 1003
734 314
745 1061
574 121
202 263
1104 1101
639 421
1010 460
231 370
897 299
162 624
1114 53
235 87
234 118
970 862
380 575
704 967
23 697
290 934
705 611
677 519
466 337
686 1079
509 978
652 860
540 950
411 970
890 665
189 246
866 949