356 295
339 992
180 462
823 877
322 982
632 831
530 57
1004 392
40 704
540 457
938 823
850 4
514 723
439 731
446 525
363 980
974 310
71 946
526 209
680 788
748 723
172 586
174 1052
249 192
1050 296
972 948
151 316
961 1016
142 462
400 1074
594 652
558 814
506 1010
638 550
981 363
357 1016
252 727
637 630
360 670
1000 550
257 947
1076 838
788 689
1035 217
790 844
203 49
898 392
340 169
785 117
175 287
1052 987
946 340
924 458
851 1001
317 328
918 784
1030 773
930 454
742 544
309 323
375 1047
302 802
573 976
335 461
599 275
540 266
572 845
484 827
949 1102
438 209
653 442
793 1029
687 715
447 195
534 367
203 764
472 484
130 267
804 712
997 225
901 696
148 163
620 809
369 375
707 31
365 838
608 831
875 369
582 680
892 325
684 883
682 315
436 956
144 545
1062 216
993 109
626 969
943 255
1066 728
755 476
237 848
578 385
447 821
255 26
176 359
743 43
433 679
24 391
186 257
798 0
228 844
862 1020
554 561
405 894
1013 449
868 1011
1086 170
1021 419
434 269
696 694
855 721
770 744
330 223
607 380
203 439
502 624
1101 805
166 338
467 421
870 446
477 551
878 623
955 841
900 981
832 1038
224 1009
1120 842
491 637
1120 407
709 736
151 546
143 46
1100 334
652 185
674 543
778 254
355 541
131 493
451 697
320 292
280 249
958 96
890 61
780 371
252 569
480 802
695 777
928 334
393 1069
436 730
421 757
578 1095
919 901
669 110
733 311
89 334
847 990
958 139
228 274
268 272
294 332
383 1059
430 674
499 907
959 562
522 91
111 657
116 1083
906 455
463 921
284 972
887 0
326 1028
188 908
751 176
595 929
741 215
789 546
3 734
975 1019
684 249
118 484
473 490
697 501
741 75
284 990
106 753
611 1116
371 396
876 520
731 511
649 269
1089 420
832 434
229 797
716 856
346 310
444 31
666 1114
322 41
243 634
914 656
822 367
227 821
829 294
374 555
821 296
925 573
354 335
383 959
431 696
194 204
718 777
424 946
1021 885
493 857
1053 955
464 428
459 289
705 211
1048 537
826 490
643 337
161 274
497 320
122 596
138 686
1001 607
531 412
290 838
665 887
628 341
917 887
514 19
272 149
195 820
685 998
929 382
590 421
605 766
55 139
181 310
688 1105
585 451
1113 277
271 388
103 726
917 437
56 825
268 876
172 200
467 229
338 874
857 910
1054 585
407 513
635 417
360 369
720 598
586 1035
554 675
165 1104
1004 875
1050 177
110 1021
354 353
318 704
599 525
102 536
519 1106
378 934
528 866
100 202
439 401
645 965
500 862
887 740
553 119
834 476
818 182
957 919
800 543
695 633
889 726
538 767
280 1012
1003 37
384 788
408 687
395 800
848 57
383 474
480 1065
656 192
496 562
620 152
348 844
1011 737
695 699
1120 870
461 763
358 828
762 431
1039 884
771 589
482 182
954 121
196 456
596 565
500 847
894 22
1010 896
420 643
801 879
45 33
756 998
688 626
523 319
12 552
278 1006
76 247
953 28
1008 178
649 996
574 917
291 401
420 479
179 521
479 233
303 197
441 480
925 792
803 463
641 40
715 379
899 426
605 661
292 319
393 945
392 578
303 584
992 490
939 391
727 770
117 253
526 311
290 710
355 341
853 375
854 238
796 911
376 464
663 953
244 898
484 194
903 157
294 512
670 965
190 194
222 159
939 838
932 565
646 597
206 660
167 705
13 712
492 844
1003 391
715 459
783 676
50 342
960 223
1096 926
935 392
941 939
1072 462
346 443
943 357
620 425
582 734
526 845
826 590
98 923
542 505
506 296
483 588
723 342
1017 272
310 106
694 988
520 1035
117 473
396 624
769 392
349 1102
755 746
755 586
981 90
993 868
216 265
973 239
71 748
572 168
348 1015
118 432
439 874
464 135
894 959
980 162
1120 374
907 642
317 524
457 769
465 355
824 1006
224 966
114 935
626 506
150 823
304 797
879 762
846 216
917 600
881 720
403 873
787 181
639 356
397 704
467 626
728 544
42 256
840 693
40 898
574 135
276 232
477 222
1078 902
79 687
840 918
495 595
376 243
610 321
297 293
905 94
1048 108
970 426
384 164
359 765
381 201
566 850
671 796
603 431
882 230
770 1014
210 410
737 235
1024 167
856 736
554 383
410 852
199 395
785 346
195 866
813 456
248 409
822 116
658 341
834 448
416 798
431 758
382 715
877 306
63 264
663 880
882 313
361 517
886 131
246 724
729 258
354 60
161 303
646 1038
508 992
362 741
541 121
722 633
117 353
125 349
275 936
74 1123
938 848
284 707
388 194
1021 405
685 1098
6 645
639 244
366 454
869 303
667 837
1010 950
23 802
1018 469
567 776
637 683
853 387
677 151
573 337
232 350
214 611
360 867
569 613
733 602
1122 430
340 32
1005 63
112 906
99 413
1014 1023
525 359
269 317
744 612
235 983
915 955
265 401
294 181
941 310
619 291
351 787
370 562
594 269
872 602
1068 144
860 656
231 1012
550 277
308 888
712 655
1113 229
390 123
738 125
1111 612
869 329
557 178
1070 51
134 1079
384 191
836 351
600 793
656 38
350 880
129 21
155 17
571 830
747 201
765 526
904 363
907 264
635 934
581 367
176 502
670 762
921 1067
346 916
507 686
257 867
310 105
176 154
77 338
110 57
202 510
2 714
612 890
424 840
566 1046
892 163
18 954
695 13
242 601
832 290
852 656
601 720
1060 967
218 320
691 692
253 124
832 843
732 698
810 92
804 447
992 413
667 991
474 7
535 678
948 164
751 71
222 650
2 984
373 388
223 726
94 369
733 341
530 397
979 52
123 854
118 657
442 231
960 994
15 645
520 1101
440 979
544 266
1026 546
598 608
190 340
623 912
205 159
1012 927
863 951
687 304
325 472
565 760
20 1050
429 500
186 263
976 677
559 883
666 373
681 104
352 239
250 338
946 265
616 634
868 668
942 857
824 439
223 1014
447 412
402 317
73 162
292 533
185 1009
851 464
548 557
250 795
380 401
684 854
992 630
672 473
536 219
904 602
310 923
937 1003
767 436
1049 667
443 946
754 501
341 702
1035 495
648 732
755 900
242 780
240 71
250 115
20 939
855 334
286 675
114 223
979 730
537 59
984 954
237 1071
460 135
266 121
526 795
381 638
805 18
86 678
843 1086
526 820
153 850
619 84
1019 1076
306 335
853 669
961 389
755 162
262 539
575 1064
771 51
315 578
523 829
507 612
780 105
597 657
53 597
746 1094
667 371
783 611
447 811
218 924
979 940
468 1083
854 992
11 713
316 171
579 756
665 831
228 520
576 990
922 1067
928 777
760 479
875 511
579 568
546 633
918 576
699 103
350 44
461 741
543 286
201 67
518 752
897 173
1 261
494 427
911 880
557 769
980 165
714 1013
938 423
321 657
361 829
193 224
959 801
907 921
227 186
909 1001
50 153
906 431
439 450
554 123
79 155
350 387
784 554
674 566
705 652
134 839
1003 513
618 479
924 957
904 729
600 771
1090 46
420 1012
620 109
879 680
644 753
30 373
665 638
595 183
431 617
581 1064
407 1042
641 930
100 760
224 396
516 246
207 355
576 186
28 67
336 473
434 541
561 122
309 242
392 250
827 777
963 1054
403 100
862 313
648 135
596 487
46 148
967 181
392 726
241 309
547 590
492 295
113 651
779 410
234 126
250 216
1083 781
711 840
478 295
162 822
179 587
131 419
401 286
961 1056
848 6
914 327
576 3
537 168
470 602
160 219
842 559
607 405
141 1068
667 836
570 320
683 133
109 446
823 517
142 495
907 439
1005 793
875 1038
130 836
767 986
648 1008
454 358
893 989
598 599
134 296
459 979
910 810
865 383
1006 735
698 691
180 692
243 878
554 1111
452 741
734 848
871 230
196 474
951 353
262 768
545 212
837 787
928 772
854 851
811 913
780 825
470 37
962 784
826 801
171 990
178 916
565 825
519 498
497 535
585 852
974 448
527 122
444 81
864 329
401 931
275 1054
822 747
329 436
650 974
281 964
1049 1004
791 1000
566 363
825 979
356 886
234 202
736 487
1096 1104
932 974
85 807
711 924
416 887
372 319
426 1017
969 183
694 1078
859 488
941 876
195 434
643 900
965 385
129 294
1011 73
1004 871
261 392
1121 817
895 90
315 485
263 1122
625 938
495 848
619 609
156 70
458 463
687 402
351 687
409 727
222 1045
655 482
740 254
918 520
762 1046
12 361
202 769
74 521
309 335
226 417
415 878
227 694
296 151
106 47
612 400
106 938
277 316
877 121
238 1054
597 671
826 1015
322 141
886 967
754 669
112 994
553 628
10 674
567 387
138 456
124 775
730 699
225 379
802 965
639 579
371 54
961 405
463 745
1032 570
871 943
974 792
373 392
845 401
467 587
579 328
984 687
742 515
1080 278
676 401
561 693
983 429
395 39
491 67
512 117
1050 894
166 456
671 553
492 750
696 897
1108 78
491 143
81 211
797 265
24 309
594 891
934 150
754 922
863 760
292 358
337 1006
599 578
569 467
282 837
242 822
13 583
244 466
184 286
159 592
1033 1069
209 86
498 828
533 304
739 357
741 396
789 657
86 856
625 108
554 867
487 583
669 956