1067 383
230 172
103 463
909 299
302 460
248 504
137 228
183 342
230 902
764 615
617 502
311 838
854 775
491 310
4 899
905 271
381 351
947 309
931 381
772 249
464 927
934 101
428 111
219 354
1011 569
863 874
71 1007
625 473
1027 420
609 871
306 65
101 597
452 834
623 452
713 923
75 189
591 516
789 356
114 186
705 367
359 900
926 464
296 1122
475 785
618 30
827 485
319 608
936 18
265 460
482 165
390 509
694 1056
640 726
269 800
550 1069
861 1059
298 1050
119 822
885 147
1053 323
788 328
227 361
347 527
124 1018
944 136
749 768
1 1056
661 714
197 979
854 245
880 980
244 234
537 247
180 719
416 600
939 527
649 1003
383 393
322 213
638 662
485 894
262 508
65 109
1052 556
145 396
952 0
459 304
464 72
102 111
796 313
326 326
161 421
335 611
633 655
276 161
967 1040
302 758
1110 480
209 362
295 146
14 495
235 586
671 393
731 199
524 799
630 627
208 791
936 536
1009 547
56 887
575 1108
589 1023
273 438
629 635
563 1056
695 905
112 711
488 474
513 369
163 687
161 106
948 391
911 774
302 108
757 500
100 79
736 900
298 267
827 711
308 589
182 599
882 831
159 920
837 580
153 294
722 648
386 459
805 290
1044 411
796 211
740 402
549 985
606 664
984 476
785 946
977 865
922 664
105 131
1013 6
556 452
226 627
210 250
610 267
521 248
862 806
19 791
1093 265
739 937
1070 505
741 106
540 832
942 735
1073 648
389 765
157 216
227 610
1093 734
765 685
808 655
968 295
748 620
317 1011
939 823
262 5
760 526
468 363
870 180
249 495
184 1022
976 1102
201 516
100 252
470 887
266 169
19 688
122 270
294 505
128 507
361 1116
310 556
471 690
825 907
338 444
284 440
576 894
208 206
866 658
629 954
902 602
1105 566
675 599
583 964
381 652
334 990
562 391
91 550
986 455
271 351
457 1019
918 32
461 338
440 382
125 646
16 815
1117 956
1054 474
999 618
552 111
258 785
929 956
653 811
413 202
520 662
576 878
246 957
846 1048
359 802
867 516
276 428
892 578
474 283
269 417
607 980
315 568
564 752
396 468
771 141
165 401
362 396
383 725
2 200
806 124
791 1002
211 520
1041 781
481 603
1017 959
658 751
540 890
585 70
804 402
246 311
178 184
345 130
450 49
68 1078
367 933
837 831
679 628
515 308
104 330
1031 388
1057 601
881 815
670 582
1051 451
337 605
637 789
789 497
546 725
195 360
676 446
458 411
707 575
216 327
59 814
51 362
86 770
999 902
374 199
756 782
375 469
972 188
696 783
811 841
713 478
277 555
929 273
409 176
688 11
763 85
195 329
603 182
134 874
1010 761
445 1056
927 238
751 933
789 911
931 225
379 906
788 537
175 207
328 858
743 1008
780 681
881 999
239 825
955 669
735 1016
319 1103
654 3
687 329
665 174
521 975
486 1056
654 266
717 607
939 1014
661 80
536 803
759 833
483 1114
483 647
637 550
297 575
748 570
958 438
501 26
671 530
784 852
501 121
437 207
763 695
522 762
285 121
275 654
225 763
700 54
267 1100
664 596
172 637
106 345
751 481
345 664
504 684
61 523
493 917
453 590
933 437
347 415
646 1024
517 922
603 766
613 109
271 594
446 940
1072 313
899 861
783 941
232 989
11 880
800 88
376 796
559 203
85 927
276 471
1010 941
532 303
1067 502
864 328
755 708
975 1017
1038 977
297 935
216 866
984 526
970 544
874 12
1019 751
893 151
1074 687
19 1023
427 806
681 566
794 131
508 943
1008 175
379 703
988 109
505 417
928 904
432 307
732 843
708 879
934 523
564 124
740 96
523 248
1019 754
360 406
105 790
377 927
936 727
986 714
355 799
764 947
649 104
427 887
425 1100
698 795
190 443
180 848
947 520
218 1035
901 909
988 567
886 270
809 800
1009 840
497 360
764 219
653 70
769 712
1082 496
217 1099
435 715
269 733
1017 537
615 508
305 676
184 284
1035 897
171 990
619 186
529 463
588 417
46 999
225 637
495 912
878 983
380 796
897 1080
1105 249
42 396
712 133
1007 219
318 584
514 734
710 481
556 468
806 860
866 653
112 1005
384 652
663 874
25 787
66 1006
181 1003
416 226
1042 492
606 828
107 232
182 937
386 179
489 396
784 984
430 920
972 246
1116 297
752 271
581 764
546 939
652 457
705 821
244 667
929 326
946 797
402 1007
520 454
346 874
731 59
837 386
1107 555
524 785
313 803
666 848
917 622
918 9
856 335
844 89
608 281
118 245
970 417
775 311
676 953
333 1000
172 354
780 1082
280 308
306 999
366 570
658 223
207 1003
924 501
527 456
355 703
972 34
1047 516
175 719
515 494
462 551
835 890
332 349
693 500
309 1037
728 1049
501 223
841 764
1083 854
952 598
90 981
668 464
920 436
685 387
554 890
567 1098
338 828
361 164
91 220
865 865
333 1076
294 726
357 90
478 113
1057 252
980 324
903 529
495 243
783 795
226 824
1025 1061
387 101
236 237
511 592
89 232
186 201
1078 252
247 751
550 319
780 934
149 931
250 936
448 254
931 534
379 219
37 430
510 248
150 929
368 883
724 869
214 131
680 886
823 537
640 738
848 202
1084 192
295 850
594 792
291 932
350 822
959 831
151 482
455 539
81 442
135 612
272 716
578 245
407 739
621 276
1003 969
348 452
504 590
384 850
1039 623
290 805
191 672
80 973
478 182
390 949
777 790
459 811
342 875
709 12
711 377
674 774
489 451
640 564
1071 212
650 74
271 162
76 1115
1079 599
840 463
32 664
578 496
1063 32
854 657
399 397
327 492
263 449
411 144
510 770
133 1037
268 698
1003 740
615 491
544 624
367 499
596 163
490 706
387 919
68 317
866 761
934 760
241 959
190 1003
832 481
1080 145
307 1090
992 556
885 229
927 817
832 138
292 7
728 9
448 1021
624 228
657 727
217 383
196 434
937 683
16 1090
721 240
653 310
803 251
745 584
882 921
1089 348
915 95
681 778
457 427
897 1118
243 493
328 770
937 202
203 648
408 985
970 737
759 654
475 653
427 117
911 191
572 773
388 68
65 349
919 325
193 815
990 237
403 1079
784 621
984 1072
138 639
591 112
944 594
640 611
469 329
261 525
368 1079
277 690
879 1027
562 651
1015 501
238 997
748 484
728 13
735 907
429 77
706 925
764 925
874 795
342 23
595 758
919 673
892 791
228 742
858 590
998 1101
977 199
1074 711
402 524
587 686
407 711
368 470
834 558
897 288
614 144
483 488
574 481
731 1060
84 362
749 366
205 287
1085 489
812 607
959 644
23 417
370 1058
139 89
620 339
459 506
341 389
324 537
769 753
1009 694
232 349
125 176
488 684
849 349
512 974
414 13
599 317
922 55
374 320
172 306
991 446
300 932
375 17
305 1021
123 209
404 966
533 224
353 1081
1069 269
348 703
573 977
501 535
840 814
1026 124
383 385
921 306
796 317
808 89
177 917
1075 731
248 816
227 16
284 403
359 202
884 501
427 751
525 282
663 391
461 676
525 529
470 236
143 481
359 122
648 575
306 109
657 686
798 438
306 568
196 1035
513 1006
289 398
145 837
929 323
1096 541
314 444
578 435
449 1108
610 546
776 666
213 63
906 329
920 971
728 1034
169 874
565 622
847 552
968 674
501 168
727 304
177 325
211 503
298 630
106 1
384 316
72 248
757 545
185 719
1034 548
718 894
547 687
839 858
961 191
433 1013
886 1
361 39
687 483
992 932
844 801
1015 716
1037 669
365 91
979 42
231 551
947 426
400 968
981 328
434 919
672 386
292 1040
531 567
533 535
885 199
525 118
27 465
498 689
762 974
704 602
1078 1030
644 121
598 956
774 729
1001 452
670 483
734 1015
106 765
861 803
933 519
1021 118
374 496
554 531
289 131
588 175
142 686
487 858
177 749
98 482
508 144
598 811
452 592
900 160
861 354
390 730
224 987
732 957
179 998
610 426
494 319
776 139
785 591
459 368
876 682
573 153
203 1008
1076 277
762 668
272 971
1087 1001
135 329
142 268
113 979
832 544
702 290
960 698
159 352
227 790
457 271
198 218
779 948
925 325
939 611
857 814
381 831
970 824
1015 420
374 196
109 246
425 1012
254 320
287 237
299 511
222 536
880 961
431 710
629 570
367 1
559 646
474 526
564 355
340 1016
865 1011
362 694
1099 826
627 642
423 822
915 687
1044 431
624 384
128 203
712 1009
713 115
906 643
678 713
771 901
478 802
491 626
572 370
537 592
545 985
396 883
323 460
132 763
213 466
479 68
456 565
911 418
710 830
288 933
1071 433
318 922
994 860
313 107
1039 516
43 668
972 489
222 1047
612 153
90 420
1054 194
885 926
520 139
662 297
795 290
706 302
246 1029
17 1111
423 1024
573 974
1123 533
264 1018
894 641
903 870
883 164
733 167
776 259
405 547
432 273
844 908
237 658
133 685
862 636
758 1068
514 153
339 641
703 123
465 935
818 802
561 296
225 896
405 445
60 26
303 686
675 144
976 524
581 980
944 684
538 966
644 461
773 163
559 1101
684 718
132 54
126 923
239 444
974 753
778 819
853 811
1003 229
398 400
1100 440
299 200
394 665
1042 642
1026 86
951 369
289 890