198 458
424 962
206 607
546 194
924 196
866 450
1076 118
724 647
880 174
1043 142
538 587
245 939
642 406
397 312
673 348
341 468
576 627
1037 134
538 352
478 269
511 728
595 719
353 356
848 992
888 744
549 819
1120 795
546 845
837 502
700 200
645 376
111 774
886 138
444 1060
923 750
730 868
453 784
1105 534
772 219
1023 999
706 788
365 1004
899 108
184 195
816 362
123 209
873 330
1020 809
552 20
671 700
528 797
375 910
812 161
291 619
171 284
383 912
698 472
1004 813
395 199
417 337
201 402
611 901
362 1009
598 741
970 1102
1013 918
992 834
603 106
921 601
947 1028
861 515
1118 649
743 254
651 82
896 541
902 703
126 798
733 131
1103 921
395 481
996 283
606 533
848 546
956 617
685 545
617 811
34 754
31 244
595 1103
681 206
621 353
760 185
300 516
1023 402
823 358
30 870
511 743
586 294
570 805
500 923
343 281
619 919
4 368
854 382
511 336
109 767
21 752
989 740
251 333
915 367
403 486
67 573
418 150
394 19
595 433
429 424
2 1111
34 480
8 864
1023 699
1018 714
489 343
838 852
183 573
670 849
992 1070
237 161
214 972
598 4
836 475
666 917
249 688
917 228
1046 521
947 59
805 518
363 325
668 790
578 211
1069 662
664 402
926 906
492 90
611 1020
931 456
169 462
398 782
1106 715
919 1016
719 478
157 107
274 517
117 714
685 388
178 480
463 677
880 222
308 238
140 600
962 948
272 409
993 819
320 165
107 383
552 676
982 927
828 869
426 354
743 801
526 849
900 996
388 1009
597 237
876 608
567 554
1055 926
550 1006
813 173
815 176
812 544
439 553
689 951
761 104
607 707
836 79
230 1054
503 347
718 150
476 239
541 1043
126 855
98 257
620 545
755 214
620 424
309 690
357 611
522 591
590 850
938 639
884 544
29 404
348 110
1108 602
128 771
783 79
12 446
475 677
509 507
989 483
648 21
814 168
919 478
263 106
490 663
95 130
740 1115
219 473
1044 538
154 244
297 109
922 434
475 659
222 784
796 335
1017 368
301 202
747 969
396 919
626 926
487 388
322 129
213 647
240 379
456 423
940 597
114 688
727 580
265 1011
552 588
516 26
249 446
676 585
996 940
661 624
785 193
585 867
668 407
150 108
453 386
739 306
486 549
131 1007
316 459
265 270
567 258
573 1060
420 469
997 863
653 851
733 1104
942 392
156 276
179 279
650 242
312 303
974 750
145 226
440 170
1010 732
559 365
681 346
846 722
890 547
138 326
206 99
468 518
912 572
700 756
533 765
152 769
434 459
779 483
383 295
318 200
1009 350
460 272
452 89
192 1021
243 138
918 404
228 135
3 525
159 795
88 758
60 16
109 386
732 263
233 868
1025 189
888 49
978 921
745 321
466 136
584 796
374 159
690 657
801 973
594 812
259 914
1105 630
706 839
817 795
540 191
168 345
716 399
148 718
187 939
141 1102
281 850
741 363
157 925
874 700
970 942
510 1081
420 771
546 437
450 76
711 887
1052 999
151 596
806 256
498 134
246 923
695 445
175 411
790 717
343 806
19 668
552 1011
815 469
746 450
635 572
35 1013
154 188
322 862
1020 957
601 209
713 426
889 1009
396 847
547 749
236 942
709 641
743 259
385 242
569 489
733 144
629 684
151 731
719 241
824 107
1057 764
383 168
359 752
526 118
759 951
425 529
487 740
677 720
427 885
287 332
1026 604
901 123
787 590
197 934
466 928
364 1056
680 378
794 1071
1107 778
940 818
928 914
393 621
996 518
864 322
121 345
1097 681
201 158
330 321
348 206
525 556
717 145
624 985
702 211
465 309
432 479
650 268
834 1072
447 490
523 511
926 1106
710 540
582 688
810 1025
277 654
601 291
667 394
480 907
779 135
199 421
307 624
311 856
1026 791
838 1110
1099 879
417 948
712 341
593 188
608 778
941 329
684 903
786 949
695 610
505 566
157 527
946 633
470 595
921 723
635 529
383 911
533 743
654 1039
124 236
153 263
990 198
38 514
792 252
142 61
681 737
383 891
414 347
160 789
257 1083
437 467
765 289
662 219
557 470
541 1015
827 197
445 895
520 855
614 234
610 822
731 223
533 171
506 577
566 686
827 973
272 173
1058 732
688 197
848 522
519 199
229 676
406 476
1061 1084
426 666
97 929
785 782
496 246
815 314
241 239
253 848
397 414
515 628
526 82
524 804
718 1122
319 767
622 702
764 857
162 977
996 534
671 470
684 639
685 117
1108 583
1005 1008
835 882
345 464
642 386
218 764
729 307
53 237
546 329
145 528
396 100
965 762
162 928
424 1053
509 580
705 287
622 632
117 170
200 752
782 747
157 382
314 423
608 546
644 301
646 1035
992 684
1096 1060
1023 688
776 179
345 57
363 936
903 514
455 118
564 645
836 701
786 791
936 233
536 928
631 59
333 618
165 432
236 79
319 451
138 129
454 216
56 925
93 1071
935 1018
677 26
1099 106
736 439
137 764
236 740
845 746
567 794
505 310
853 636
167 751
353 404
368 980
709 1032
208 274
861 1008
757 878
338 121
681 319
754 941
990 407
431 948
772 977
873 199
303 463
976 825
202 741
333 825
695 972
927 628
1033 84
562 447
980 198
532 973
630 429
228 424
793 59
622 997
751 858
979 886
364 512
492 143
812 711
109 353
117 161
330 450
840 367
388 466
626 439
913 911
405 894
532 646
1089 219
726 187
502 720
319 365
441 847
279 549
106 463
465 518
119 235
296 501
558 424
635 115
48 944
764 613
494 632
692 957
573 958
457 953
240 567
1027 844
285 393
140 933
389 372
415 767
293 1111
999 865
426 522
671 734
3 56
945 265
1070 258
274 1098
824 835
349 317
573 987
569 793
673 54
287 756
699 144
584 888
496 905
741 679
605 946
888 1
250 306
923 352
381 839
504 185
923 133
397 240
594 705
343 924
333 213
372 478
513 456
348 634
886 977
716 248
140 545
559 3
28 484
772 1012
191 717
557 79
202 697
792 634
446 564
647 605
40 283
963 168
735 292
859 167
1057 890
1099 396
96 832
874 782
780 849
563 478
220 411
633 346
620 17
284 268
776 290
208 443
485 358
16 475
223 78
190 327
242 383
101 45
813 829
658 328
957 328
268 853
637 668
931 226
941 211
908 156
531 657
714 551
653 767
15 126
88 271
227 762
614 943
612 214
292 467
336 731
216 98
384 223
268 182
629 677
277 522
940 689
344 478
237 745
39 438
796 730
607 268
660 369
913 140
51 212
932 207
10 1005
499 265
657 503
272 720
14 309
683 381
712 464
878 517
641 149
528 679
119 952
240 78
607 933
63 558
178 515
424 539
298 386
109 933
136 707
146 340
870 663
116 797
904 708
637 752
286 658
849 707
264 799
819 382
606 191
729 295
137 1005
857 984
950 304
573 156
145 493
916 682
702 1011
189 84
572 895
542 399
828 1010
315 403
276 597
941 883
183 755
803 624
44 586
842 282
888 973
368 88
1101 268
360 569
484 692
299 649
716 936
967 344
611 735
1123 917
849 517
631 789
100 1092
1078 1105
439 227
612 612
55 782
783 1037
674 166
587 520
177 824
356 602
356 960
418 413
252 884
1019 637
537 726
777 333
900 716
649 2
467 757
675 414
315 828
33 554
770 934
142 802
141 245
758 612
988 607
102 92
413 507
778 427
802 367
300 723
263 321
807 447
238 147
46 501
108 149
431 1091
787 1090
373 589
945 104
100 303
961 869
108 943
15 635
153 614
722 568
1080 653
829 1072
121 412
1069 388
665 382
1009 646
667 704
887 292
586 400
699 730
568 365
237 634
986 822
155 827
709 764
699 763
871 132
358 737
258 753
729 928
718 1021
916 113
606 521
696 579
242 693
797 88
633 434
661 838
164 727
519 923
75 758
603 640
811 545
546 516
619 639
700 621
976 1020
796 681
424 647
288 774
727 389
933 492
816 869
330 378
429 637
413 630
360 853
177 716
403 300
1081 332
242 214
760 230
940 65
306 498
405 161
758 1013
384 901
789 179
612 228
287 162
419 525
292 960
293 260
677 42
1055 923
627 995
104 689
1075 723
839 1111
252 626
202 659
130 122
630 382
396 803
188 182
859 130
667 282
19 171
1012 620
219 543
174 729
256 386
232 255
351 144
736 515
739 662
864 381
488 652
1054 601
977 661
228 858
732 185
912 144
916 895
158 500
831 1078
854 1019
624 716
633 807
607 747
669 463
975 862
180 828
988 771
613 252
246 640
417 161
673 632
873 572
414 473
618 516
909 310
656 777
236 776
626 237
351 742
978 1083
489 469
1017 56
570 501
913 1106
746 831
189 521
337 204
797 553
505 375
757 260
1037 359
271 238
610 729
30 354
250 78
873 933
791 549
615 215
1002 398
1003 511
469 386
733 378
562 64
709 865
829 877
818 986
775 847
482 864
252 1004
756 718
294 288
453 766
643 116
679 464
448 963
181 463
1095 595
939 380
143 450
330 1095
978 288
116 915
143 378
28 840
568 829
764 623
970 61
649 280
83 965
174 675
888 284
576 776
624 178
302 321
260 483
904 222
720 420
868 373
393 333
534 222
552 1012
879 755
518 844
440 183
529 300
662 1069
1019 1090