690 715
714 182
269 39
1072 673
715 447
114 683
669 261
874 997
298 819
741 752
840 608
615 1101
246 1092
852 524
323 312
886 891
389 973
37 103
999 238
7 129
905 41
961 602
167 483
401 20
826 581
252 156
704 433
958 418
302 405
561 110
948 455
107 1011
888 171
596 1117
639 119
342 741
234 931
509 573
934 382
930 462
721 811
283 167
598 333
898 781
217 498
703 915
218 199
362 282
1044 592
917 335
294 555
197 338
885 924
1103 366
335 60
133 141
278 999
225 690
1041 29
758 720
749 281
374 420
350 159
587 539
914 800
825 169
389 598
1092 795
732 509
157 745
74 647
782 168
493 70
278 3
505 617
870 265
401 878
1038 1108
1029 951
838 924
1015 342
873 372
871 434
443 687
555 838
337 423
652 199
249 953
831 398
842 748
502 973
890 618
249 1116
207 341
1008 119
480 582
413 362
924 959
309 596
486 437
591 404
401 565
246 239
531 102
952 679
493 457
628 723
898 1001
232 1014
385 750
143 491
843 705
11 820
825 702
865 646
989 495
1003 116
519 186
311 706
674 729
127 1083
808 715
179 300
434 781
998 891
316 426
1 404
868 436
663 714
626 781
392 454
444 186
1091 425
378 539
816 846
971 695
633 1006
521 22
1028 1004
850 946
122 643
345 334
44 186
952 969
352 1046
1006 223
531 155
815 738
245 447
946 77
400 367
835 812
911 749
321 1110
328 847
427 277
301 472
910 35
463 495
841 197
856 591
789 977
1029 215
894 932
244 1076
982 426
824 396
997 220
360 507
817 1102
41 691
515 200
134 934
164 594
1010 881
449 947
56 381
398 279
263 637
302 648
980 616
912 569
984 954
152 1025
368 867
79 1030
528 160
419 184
270 698
452 1025
412 648
671 954
983 729
963 352
677 731
1069 263
166 74
487 83
329 346
910 356
300 525
197 838
871 190
468 753
333 1120
308 890
470 294
1022 131
210 585
603 1012
838 937
613 657
489 533
995 495
1101 476
938 108
423 223
297 862
594 224
988 832
970 1033
350 345
936 553
1064 434
924 488
703 704
238 803
756 135
1112 655
173 790
436 506
791 432
324 418
461 332
632 910
261 812
781 414
440 935
355 636
356 693
879 907
525 205
326 1058
712 127
594 1016
747 410
817 541
375 984
302 992
879 601
936 271
842 464
485 261
908 918
411 133
870 271
160 429
942 1022
730 815
1027 122
1119 992
614 894
289 120
433 701
970 863
457 886
548 268
874 715
520 224
417 877
249 593
1074 841
315 947
634 920
1041 224
855 1094
774 273
614 143
554 379
121 376
261 999
698 514
403 641
1039 453
854 518
63 204
889 872
596 941
376 631
154 1119
830 879
967 791
57 736
660 778
616 955
839 174
518 800
778 104
227 707
476 614
803 184
254 366
642 268
680 449
220 111
588 993
752 867
95 113
1091 943
854 349
618 926
47 651
944 690
897 975
854 696
649 1109
922 221
262 615
447 521
98 208
420 453
225 120
40 499
283 423
1002 619
118 1003
1074 398
218 260
723 327
655 352
567 1011
622 828
173 605
47 681
917 198
774 926
465 1089
642 922
356 563
531 808
587 336
698 262
243 518
930 161
558 516
4 579
975 561
567 458
324 289
561 167
365 361
929 180
334 953
334 392
473 608
575 667
217 806
748 246
854 307
416 796
816 753
392 1021
547 465
864 653
214 272
1076 649
1051 639
793 221
165 551
812 350
737 141
183 963
551 769
978 1107
1040 952
976 12
190 346
643 671
830 752
893 583
253 530
960 267
688 912
275 157
766 707
838 207
1026 1015
407 507
968 491
54 726
770 489
575 1015
643 98
886 900
424 756
606 409
826 16
1069 663
938 507
636 638
332 627
971 505
115 432
651 528
580 567
351 197
833 450
307 760
928 564
319 546
133 626
631 1065
534 753
308 617
944 306
58 712
927 545
267 187
1087 337
732 261
440 352
309 602
1078 753
402 437
486 504
167 723
1088 219
869 393
24 669
715 714
1068 153
531 68
840 550
198 1054
410 290
780 783
1002 112
32 272
442 663
843 601
215 214
1023 329
737 611
882 422
399 550
60 471
176 664
190 215
482 277
220 772
528 927
780 251
1020 1113
296 573
516 572
609 647
1020 755
541 651
365 112
740 652
945 1016
221 1090
824 635
146 1004
757 555
565 180
504 215
197 114
849 1017
725 603
124 323
994 876
221 507
1075 410
465 962
173 1023
599 374
840 147
493 323
329 74
149 735
249 798
345 1073
853 796
532 87
687 324
475 614
457 445
260 660
543 616
116 692
1003 417
579 864
323 147
183 475
710 313
675 520
920 328
655 278
426 673
215 262
574 485
978 526
682 883
502 934
867 210
921 976
104 114
511 837
152 586
936 683
177 319
79 701
930 277
795 749
779 290
130 971
1034 102
576 161
1069 612
318 635
742 460
656 519
234 67
16 861
782 159
457 540
918 616
660 952
991 768
168 793
699 692
156 304
796 239
982 502
370 941
864 727
904 181
408 972
228 1089
391 688
381 165
546 978
889 536
249 1009
792 561
753 365
16 737
837 507
890 935
884 827
353 1008
234 102
368 725
831 648
414 143
1021 992
172 794
954 860
1026 121
565 79
19 463
587 747
581 250
930 95
45 183
1007 163
490 346
925 525
952 700
12 183
1119 171
413 1009
1109 293
410 190
689 85
69 971
690 260
92 763
514 771
475 803
830 71
437 75
181 992
73 469
879 1066
519 130
625 1086
601 614
975 207
713 608
162 111
938 283
627 835
240 394
759 970
6 324
563 858
463 917
542 1033
429 711
350 875
823 742
271 752
531 159
163 414
592 682
1054 851
627 169
192 123
624 151
680 779
498 974
406 770
325 58
602 129
922 172
99 1
999 822
422 210
634 643
1015 296
237 168
875 264
545 347
439 947
160 110
417 1101
352 774
1006 902
286 977
783 526
463 968
767 1024
955 878
780 1105
164 675
852 786
27 216
830 87
964 12
194 207
295 119
862 523
138 382
610 865
477 826
122 518
763 391
26 934
602 279
378 377
1008 237
1042 945
322 238
668 900
475 82
696 328
210 278
503 308
920 510
156 269
540 722
752 100
1091 206
732 58
338 399
712 525
277 812
1002 128
974 647
827 636
132 742
449 1096
520 28
613 425
479 477
611 223
336 153
691 496
816 486
918 843
100 968
130 282
570 228
930 424
610 1075
385 291
745 686
285 386
956 977
446 1023
1095 546
319 237
737 535
145 911
267 856
822 798
894 138
337 685
276 953
531 359
617 759
769 613
281 708
308 631
779 692
928 185
565 448
664 385
580 878
837 796
1048 779
646 574
775 40
1027 1102
139 114
118 964
42 31
822 806
533 1039
486 1016
606 721
177 381
842 507
726 114
545 250
162 652
164 873
588 425
292 585
398 918
890 668
721 713
664 172
290 338
401 294
755 332
953 619
1123 1012
117 679
161 957
461 431
594 650
339 213
106 340
380 576
780 591
9 634
910 795
923 486
288 141
615 484
427 416
277 917
156 454
599 651
801 1078
1027 590
752 108
1037 894
599 284
636 523
767 484
308 213
692 100
325 287
376 864
554 1087
318 1021
9 150
254 154
822 894
703 148
874 743
112 732
32 645
1082 528
266 338
1038 1081
168 665
379 171
672 370
702 470
362 880
1036 261
1010 935
560 1089
825 647
993 378
991 340
122 128
586 792
869 693
207 828
456 397
584 682
698 249
263 336
898 339
536 908
598 466
387 260
389 691
586 32
976 20
201 779
1006 402
380 763
23 344
749 157
195 624
871 326
267 149
130 798
876 1025
1053 1008
738 283
821 194
59 953
400 440
213 993
989 331
436 1031
732 376
632 889
595 732
582 977
560 597
181 669
305 325
1020 170
886 784
122 863
543 1052
925 809
1033 312
854 174
189 933
672 826
590 661
440 197
871 534
173 1041
891 447
128 313
388 556
1102 1041
164 678
428 622
525 551
755 138
572 135
445 675
342 371
623 1011
444 348
767 610
48 917
516 496
632 877
36 700
153 639
683 35
438 71
146 483
358 286
801 913
178 397
272 488
709 683
747 454
975 884
565 377
761 223
719 895
392 838
202 919
483 475
229 901
1069 480
218 230
1006 218
667 985
188 563
1113 676
279 269
1117 225
434 966
122 817
870 572
758 299
731 475
40 895
490 119
673 191
743 677
230 268
704 840
345 612
303 473
415 256
719 936
782 695
70 666
975 180
286 86
314 470
106 282
23 154
481 207
536 219
267 896
181 514
484 716
372 1025
893 508
618 293
1056 453
768 258
888 438
1090 808
269 551
1089 705
286 718
943 614
549 1008
544 31
478 344
943 721
353 476
454 170
963 240
481 819
947 132
485 472
748 964
196 950
924 379
432 914
748 635
185 780
242 65
231 852
793 277
892 552
320 209
444 141
967 380
1006 511
996 916
355 421
464 939
382 707
141 215
628 827
693 965
331 178
200 935
852 802
659 928
132 955
407 52
251 77
725 630
56 464
544 573
568 303
7 115
854 93
45 559
327 905
527 681
943 1069
173 532
1002 816
855 145
879 601
579 918
437 766
476 231
999 638
879 257
251 300
251 804
886 904
741 629
638 510
801 786
219 931
937 802
183 809
796 189
845 329
886 538
740 1065
381 897
483 518
219 46
292 567