1021 436
707 707
608 503
598 161
1048 358
761 435
974 1000
995 1067
308 167
949 748
753 991
462 223
460 875
784 1113
938 673
1087 63
642 88
296 191
274 443
1028 79
350 606
157 475
630 406
177 369
400 260
790 307
986 115
285 566
161 908
394 321
323 482
995 710
678 41
440 964
179 85
6 1037
1123 656
191 1119
598 1098
190 883
291 131
942 418
14 1058
1009 439
140 599
309 40
278 551
950 494
116 528
826 729
338 778
985 168
1037 320
806 655
541 742
1104 1002
272 524
973 258
121 182
840 429
1046 430
122 790
138 758
538 893
788 197
592 865
1100 321
1059 804
1049 376
570 175
172 752
945 237
290 134
796 601
388 938
31 929
32 208
847 381
682 915
73 191
524 814
57 535
981 679
789 844
345 983
483 75
435 762
807 741
287 282
137 312
753 979
138 758
607 934
334 400
357 457
518 441
755 340
349 547
363 470
756 805
930 349
457 350
267 322
344 668
562 1005
382 251
527 940
878 240
442 535
221 374
358 795
964 243
340 849
612 685
399 772
906 803
998 602
788 98
375 850
887 197
1026 1067
697 789
287 265
117 283
776 628
390 856
638 857
973 438
835 649
606 732
30 340
661 339
684 583
396 305
452 971
252 13
376 282
36 647
302 113
585 803
643 363
191 403
620 104
104 715
844 489
1019 487
304 755
231 118
179 787
249 696
425 456
123 776
313 387
998 151
677 557
941 145
204 541
290 432
1046 689
113 185
870 468
516 58
316 763
106 747
567 679
291 287
261 434
923 576
590 1100
1038 1079
358 538
216 872
108 341
518 630
283 248
1064 135
793 261
247 222
759 807
761 419
863 770
467 745
649 1008
58 718
576 94
590 198
320 149
932 364
624 285
691 556
620 839
841 733
734 628
629 865
110 524
328 303
383 451
719 300
974 234
368 233
436 770
877 686
949 775
668 704
463 826
753 509
168 7
552 101
58 775
623 646
804 288
890 462
202 118
992 802
893 950
51 8
1047 192
1075 793
1104 727
104 299
872 74
776 35
448 415
233 453
966 937
779 339
551 683
217 350
670 734
687 664
300 769
156 723
657 352
360 813
281 365
236 380
466 510
448 307
861 660
964 934
267 240
971 875
265 1003
48 682
502 238
354 950
570 576
675 579
195 936
780 272
1047 989
724 829
821 589
209 616
594 247
913 848
798 179
533 22
677 361
671 369
1041 309
387 543
158 79
864 256
638 416
1087 755
273 152
412 284
810 62
355 344
422 904
509 908
734 748
523 373
945 822
206 313
375 885
473 420
613 572
460 980
897 211
105 244
115 998
652 105
808 43
814 573
1122 910
1006 190
587 355
788 35
184 923
466 1014
345 10
716 654
152 763
217 1042
635 264
563 832
676 934
748 421
342 660
522 418
772 634
950 340
482 846
519 547
145 975
545 773
1089 615
963 823
62 636
561 438
147 1029
331 378
712 607
4 872
745 329
784 226
1073 940
295 688
218 792
310 635
835 1040
880 494
288 668
840 920
608 1029
178 391
844 628
794 305
136 899
713 402
802 512
310 368
852 107
383 510
698 790
872 334
215 695
739 874
662 656
290 493
480 986
970 109
1076 763
25 170
336 325
1097 276
1104 962
693 917
510 392
552 613
701 849
869 1015
838 74
963 586
658 43
281 573
561 468
28 63
114 868
110 269
391 270
110 612
424 497
1110 856
46 771
892 141
340 483
813 414
213 93
342 141
703 341
757 766
1045 105
219 757
554 888
747 901
850 69
310 778
267 250
96 920
223 547
390 285
144 641
992 362
812 312
586 650
1028 304
926 645
91 116
869 313
838 188
591 979
410 83
331 712
335 494
154 1094
378 886
302 640
496 293
870 644
232 722
954 969
168 209
892 873
185 873
933 1122
881 312
697 832
616 819
367 611
225 182
590 554
147 645
132 314
852 694
896 897
892 105
61 828
458 442
440 498
393 805
447 792
750 1048
539 730
66 197
880 958
484 313
1091 983
721 528
380 85
993 235
916 527
143 784
593 322
731 953
248 797
1035 27
803 563
11 1024
452 294
949 913
501 161
907 864
705 139
49 37
606 120
491 576
403 310
814 772
385 353
869 769
261 756
144 295
789 858
1032 760
500 110
1091 263
590 258
191 786
863 984
538 809
358 589
560 521
286 676
448 925
337 237
409 815
424 172
588 446
477 789
372 394
587 566
887 604
1071 616
732 526
1015 742
545 1027
1044 985
293 1119
179 764
202 1096
944 483
214 1093
647 410
799 366
103 735
725 895
313 551
857 941
223 430
8 750
592 1021
237 419
388 425
595 554
796 913
774 109
260 804
1047 913
972 570
161 895
272 653
434 795
654 103
974 577
424 156
122 635
50 486
891 934
682 799
948 258
799 991
123 336
149 599
667 198
765 869
567 147
238 678
916 523
10 295
259 406
978 40
498 97
870 860
744 539
459 743
971 961
902 264
305 199
425 293
435 41
228 263
152 216
762 774
68 435
205 646
864 1044
163 931
761 364
434 778
573 140
305 935
178 348
896 595
447 971
905 957
906 588
488 516
617 918
41 849
645 27
415 686
584 377
356 693
534 545
463 758
130 1112
454 521
992 476
997 931
131 741
381 857
912 503
369 595
291 828
477 691
166 333
841 837
355 599
209 261
856 98
693 296
872 177
24 691
289 699
260 146
892 139
177 904
78 968
7 589
932 861
964 464
458 274
657 1020
672 661
982 572
180 247
253 308
708 437
733 143
458 222
423 226
315 209
706 395
684 753
369 863
412 100
1016 723
984 110
456 687
1057 284
1048 697
325 599
381 341
551 277
91 803
356 943
149 923
690 271
162 1086
17 577
601 433
236 361
659 691
416 1037
287 594
397 1066
381 342
524 1106
879 918
154 599
528 504
886 453
462 606
392 7
951 1045
39 929
998 325
554 464
908 502
479 1045
444 961
1011 465
275 986
921 720
73 509
507 316
167 437
251 807
714 117
1019 1094
171 216
959 248
929 302
189 83
23 856
773 653
905 588
596 377
560 317
133 441
549 818
389 120
4 772
631 433
754 255
990 966
668 772
866 263
848 436
768 346
475 1021
248 767
173 764
89 649
142 974
762 845
346 222
160 165
975 874
977 343
884 812
843 861
32 364
1006 811
188 661
802 283
22 191
609 307
824 787
559 449
752 781
492 293
416 1022
23 278
1096 243
39 545
761 580
585 339
437 1022
350 984
941 381
132 150
351 566
613 240
217 1116
953 689
202 797
1090 1034
750 697
304 338
299 739
635 442
529 309
225 166
1026 924
986 28
76 662
923 922
814 779
748 479
242 220
609 1090
867 1089
243 944
222 824
338 668
716 261
602 489
749 147
72 479
823 1091
247 480
127 417
976 368
408 484
865 933
506 803
1070 604
569 775
223 802
839 932
530 570
335 1023
967 1108
83 903
11 847
316 326
199 778
880 561
925 632
927 362
236 526
113 753
295 903
779 602
948 704
1009 546
23 288
236 123
189 180
269 237
658 698
365 621
199 1053
837 361
945 270
396 501
817 225
487 145
345 757
117 963
79 656
164 776
94 743
807 958
1013 1010
825 209
992 903
766 340
670 879
360 881
1063 692
139 557
509 932
204 904
645 239
747 412
406 980
984 711
1103 581
937 467
245 757
1041 618
414 286
983 969
748 518
255 112
256 542
569 664
341 96
65 420
792 659
125 429
998 171
790 934
125 981
752 864
887 678
148 486
87 743
408 462
758 990
532 143
837 743
392 865
832 990
108 1004
249 412
276 875
204 327
196 4
400 1000
666 656
640 1003
906 191
627 75
233 343
740 959
942 1014
1021 991
1058 543
329 487
742 100
722 159
430 745
843 669
875 489
389 1092
281 902
504 989
994 542
326 854
571 555
523 68
629 717
119 760
229 377
246 606
280 117
902 781
244 484
124 830
772 380
452 371
319 878
316 727
1006 440
908 897
688 841
925 674
721 316
783 400
699 522
975 816
768 328
928 794
1015 448
1110 489
933 209
480 503
690 272
1023 827
213 270
443 36
821 507
33 417
746 875
812 1000
978 165
955 1061
559 673
549 556
669 961
230 514
920 931
396 508
384 561
553 582
71 60
1006 513
171 710
534 316
488 934
489 628
784 454
296 640
14 464
548 430
1012 882
182 909
467 476
678 1001
640 603
502 879
108 1013
1065 128
952 502
567 328
915 812
59 783
672 565
853 1007
700 312
158 773
894 793
549 715
1056 389
105 550
1118 663
233 924
773 855
101 778
466 40
173 435
947 746
394 923
286 984
403 533
424 837
670 1072
293 320
1001 134
374 866
723 796
2 907
16 328
632 897
170 261
20 861
161 102
528 195
978 865
162 520
1057 927
868 313
555 215
1043 300
234 426
28 767
119 206
880 480
492 167
366 892
258 481
297 316
1018 352
627 1032
807 718
804 315
336 817
623 92
940 1014
942 105
771 1028
316 611
873 525
308 574
652 853
631 214
704 153
91 879
374 65
578 1022
753 119
344 284
608 723
769 60
589 599
137 826
93 927
877 767
1050 606
566 141
369 168
452 82
307 439
301 924
742 313
806 816
523 197
230 386
478 1105
322 480
629 406
32 484
172 430
759 796
403 581
390 597
760 409
307 246
975 908
399 875
543 786
392 664
939 1055
558 358