843 72
425 367
861 972
788 539
640 79
91 1049
593 1063
520 971
141 1036
174 1040
741 630
178 1007
989 790
331 456
12 335
779 321
961 559
990 761
789 732
592 824
167 228
987 337
709 586
779 868
560 767
436 545
614 284
739 694
682 223
756 255
108 1068
743 654
988 282
231 667
995 545
456 146
658 73
959 76
768 892
187 899
1035 668
425 900
158 986
300 539
449 90
262 221
656 373
738 902
733 274
563 182
248 1097
116 300
428 102
401 274
285 943
373 717
495 683
453 353
914 1018
513 862
249 978
1017 159
488 200
558 718
148 241
25 351
334 187
364 187
612 801
727 857
963 788
33 61
477 883
296 224
333 409
806 353
634 587
517 983
147 601
680 782
233 284
195 957
381 379
204 773
645 989
539 956
521 549
788 168
992 763
707 808
981 541
211 874
823 201
242 109
769 324
657 367
507 381
48 762
992 281
64 328
759 23
996 577
744 331
136 760
893 333
228 480
306 539
224 634
147 42
121 202
595 251
163 282
188 378
1008 271
556 479
301 463
373 729
282 768
707 762
871 870
67 401
716 660
877 260
134 113
277 479
144 758
1017 261
564 500
275 511
555 543
985 395
133 1056
477 194
229 561
711 371
928 153
1010 239
164 394
142 801
155 247
838 310
129 312
765 996
103 745
589 639
217 389
253 136
997 389
185 722
173 990
907 146
310 137
439 877
322 1001
668 409
857 605
430 890
274 408
5 964
883 478
512 772
866 949
375 576
1014 220
654 754
730 124
623 716
115 1004
698 149
528 731
928 363
150 601
218 792
141 244
314 457
1074 346
946 56
1078 671
326 757
394 429
977 777
820 997
616 252
386 861
1023 846
812 902
417 221
908 626
320 802
184 372
314 641
475 810
64 993
629 342
682 895
607 434
276 255
387 545
645 196
255 563
211 640
520 598
680 633
1117 451
892 894
941 939
1013 881
434 944
826 278
543 771
1032 470
796 179
745 68
399 962
973 938
734 998
377 276
819 141
827 304
755 532
13 1046
451 640
150 357
939 345
1055 962
68 718
21 642
112 748
591 528
161 875
995 383
899 173
829 497
885 883
487 885
473 658
1028 210
434 774
879 606
526 393
292 842
213 946
44 342
865 882
770 884
607 72
513 836
922 306
613 606
917 662
620 1062
615 864
596 784
577 1094
445 933
279 427
676 40
368 349
696 153
250 882
297 433
498 472
252 639
575 907
316 741
1117 765
441 352
136 581
282 595
842 134
999 266
582 1061
610 1060
663 901
841 996
823 148
664 412
227 488
322 929
230 657
772 622
748 136
564 608
506 440
828 287
660 176
918 937
695 353
217 421
784 580
367 755
560 475
835 726
312 379
246 779
311 235
906 609
771 425
518 58
1040 833
656 984
376 511
413 115
179 196
400 177
589 1020
299 640
321 227
197 782
507 419
466 579
559 323
917 548
136 450
276 351
1007 314
375 572
780 318
260 753
640 442
958 820
284 948
955 786
274 862
103 216
755 679
43 301
352 462
238 481
420 510
774 642
333 363
545 51
409 264
210 164
211 712
943 613
679 445
532 1019
183 277
497 503
999 770
1008 579
115 695
122 191
359 615
135 267
1007 842
1005 422
215 402
389 55
509 1014
138 811
797 585
977 127
940 325
587 478
161 302
553 494
581 405
1056 999
313 891
511 312
957 743
914 636
831 737
453 592
420 493
417 622
166 246
579 682
638 570
818 157
392 384
989 149
136 272
367 1056
851 780
913 614
931 1003
733 550
359 137
559 671
394 276
692 647
642 758
1019 1082
943 272
644 116
132 371
1006 672
230 975
550 946
83 546
299 798
838 510
1111 795
600 200
972 579
662 726
744 797
281 741
504 440
817 337
754 1081
541 605
465 119
538 124
885 932
259 412
820 337
120 200
648 811
971 1072
1025 360
331 792
580 55
1099 582
953 693
102 821
647 244
219 659
584 368
503 622
767 257
553 749
687 1010
131 999
1009 574
902 810
485 818
439 707
174 639
896 205
934 377
508 645
1096 544
294 729
602 952
551 571
590 911
143 789
681 350
173 951
774 1084
851 455
542 1071
193 189
178 972
272 916
898 707
337 215
660 939
998 60
784 772
325 14
746 407
260 160
907 180
576 821
689 270
969 453
402 997
781 465
377 263
139 126
246 794
51 43
925 1015
228 1077
247 496
325 606
381 383
351 209
697 176
23 51
165 155
560 652
365 286
135 199
245 792
185 723
717 789
997 1106
748 409
102 320
646 221
139 994
551 561
778 121
986 741
701 990
197 995
239 858
596 281
535 196
1091 741
315 851
190 237
442 125
519 338
597 944
668 519
451 835
699 660
420 1014
538 1083
1080 1112
100 904
256 961
133 138
141 819
652 344
591 911
720 112
752 202
973 266
794 669
528 468
909 568
247 401
661 954
0 666
111 802
429 142
250 233
894 913
125 283
403 873
327 480
1022 261
1070 193
198 682
699 591
848 174
373 572
427 814
645 803
916 831
290 994
146 120
837 677
583 885
611 258
979 895
1097 956
140 533
680 667
377 896
194 927
637 764
964 804
539 629
164 931
255 318
249 330
1019 1039
361 797
998 517
832 404
609 416
719 356
339 226
342 873
623 262
949 137
850 295
704 375
1068 269
578 919
996 776
792 487
133 767
479 429
870 1060
1018 181
458 170
695 500
603 835
848 746
249 556
30 453
894 707
690 274
143 479
799 370
787 848
823 636
88 532
573 885
973 832
1078 816
310 254
715 397
941 204
178 124
1004 594
900 860
1116 689
995 872
897 978
244 885
843 180
795 208
461 467
220 635
36 24
557 972
406 650
282 822
337 826
549 235
1072 526
623 673
147 737
665 258
339 207
159 742
442 251
682 274
533 1031
260 882
882 953
737 175
763 177
188 383
924 453
1047 315
896 617
102 980
576 141
954 26
811 700
745 887
713 420
721 588
1001 445
638 162
393 103
508 837
694 1119
985 41
987 245
113 414
516 284
243 800
241 29
440 982
685 387
547 772
284 384
105 652
108 510
400 40
789 243
765 498
610 1017
81 572
118 285
560 478
914 246
957 881
429 838
689 992
450 237
635 286
90 781
424 515
550 354
260 387
644 861
511 290
1012 697
468 679
414 132
362 271
271 992
492 159
406 887
592 1117
728 446
283 716
402 30
371 591
420 587
544 729
544 558
332 154
939 615
650 541
817 808
637 698
826 762
840 167
360 708
249 488
302 512
721 978
965 1071
947 972
860 167
686 542
988 558
811 674
88 761
427 955
920 402
83 153
623 641
986 1117
630 405
924 984
723 509
263 185
668 682
1075 64
1002 69
245 537
854 683
336 995
485 473
671 310
1111 887
786 627
736 129
1032 189
1067 1107
993 212
238 827
668 682
580 1099
438 249
973 295
444 83
467 707
11 644
603 543
502 474
789 494
873 96
418 1112
59 922
31 1016
232 902
676 962
504 586
673 166
38 1018
1046 1046
1101 808
1053 742
48 688
1010 673
177 197
913 304
604 486
925 198
28 242
386 39
509 549
703 634
707 806
856 672
878 778
952 573
159 781
734 890
7 395
562 1097
558 286
540 339
818 601
1100 91
529 1020
693 377
996 167
710 587
237 584
953 271
102 280
208 578
282 1074
655 742
472 576
162 1022
31 524
337 914
309 438
983 776
483 193
1000 677
369 696
927 542
390 1008
134 442
90 46
862 801
262 107
657 914
1003 373
861 760
602 773
312 770
940 222
330 531
859 184
634 299
668 556
185 218
342 359
358 146
486 282
240 1069
507 479
532 998
989 114
1077 305
945 586
472 440
479 376
681 591
608 565
923 91
921 158
340 360
829 827
646 758
594 461
547 1051
625 696
930 750
108 833
185 397
746 1002
1000 569
790 301
338 642
921 718
263 892
525 180
191 687
691 560
1101 515
306 550
287 499
545 284
812 296
641 170
745 231
103 812
1011 850
190 557
462 779
464 903
355 879
574 279
827 919
992 880
544 66
598 510
573 336
977 297
220 741
109 753
836 727
223 960
207 319
945 431
164 861
332 301
654 145
118 111
790 776
789 420
1097 484
563 799
564 761
970 808
345 942
470 290
242 1045
914 985
646 138
392 325
199 901
949 1022
1006 226
607 723
374 330
1016 399
525 188
611 404
811 164
469 981
426 161
394 452
886 903
840 672
240 138
128 662
897 365
1075 871
311 490
23 669
2 230
1010 828
443 1095
103 161
727 642
904 857
494 1010
332 288
619 1095
177 829
159 182
319 66
151 764
1070 715
274 792
437 371
66 963
940 624
276 943
744 525
58 124
701 955
150 702
195 251
454 828
221 394
292 408
374 263
552 539
14 160
603 737
816 127
1085 1099
908 123
961 1007
360 903
475 634
170 175
193 757
669 833
1108 765
1012 491
639 514
938 376
187 490
923 704
63 915
418 631
0 1027
316 955
815 337
801 688
578 1122
201 123
480 124
1073 918
491 870
614 934
237 885
802 580
675 166
93 536
967 118
262 994
654 243
35 351
513 752
745 338
1017 629
816 680
893 447
55 420
530 218
603 957
100 347
73 275
180 1116
380 720
506 876
68 748
240 583
449 624
990 513
654 696
491 917
585 244
457 383
851 402
867 20
724 76
238 800
257 357
981 615
545 271
993 208
1040 91