300 591
680 258
836 218
529 349
321 1097
201 10
390 618
414 457
476 368
740 810
715 620
986 835
874 880
347 347
1010 676
355 804
267 517
915 874
810 584
902 665
983 690
117 1095
129 491
372 442
472 1002
982 1016
361 1120
494 989
165 297
623 1069
685 216
381 786
447 989
877 800
386 210
183 483
958 173
994 461
1109 783
536 685
826 985
970 657
38 138
246 873
400 1099
423 908
610 877
766 307
114 798
54 39
139 800
1076 972
1059 382
216 739
535 661
115 681
92 550
746 656
783 881
1082 736
232 243
173 959
441 773
272 289
392 209
782 935
662 377
785 1020
912 680
623 564
622 818
711 564
199 952
797 42
826 748
582 1010
725 683
616 326
359 974
848 933
298 380
862 269
226 870
586 539
836 247
687 1018
727 385
865 569
3 1033
802 864
174 1012
186 1095
553 825
415 364
333 579
691 1044
703 617
972 922
704 47
159 465
53 240
705 714
48 823
810 287
407 76
795 640
884 1047
1086 608
89 16
924 437
1051 313
155 105
1074 95
521 149
112 1051
556 709
965 117
411 480
1066 494
688 77
793 752
1015 934
915 535
322 346
385 1014
934 563
176 466
182 219
202 583
894 397
577 648
58 160
124 709
982 208
666 604
169 555
1047 1095
782 506
742 774
747 257
872 682
517 814
738 956
286 1041
977 329
553 906
598 531
15 961
224 754
587 470
785 796
860 131
516 91
648 164
1023 301
35 593
343 1079
481 867
538 243
73 6
392 363
412 363
86 1061
756 427
354 1073
704 389
910 995
272 541
107 837
229 716
621 68
460 812
65 482
98 768
370 715
794 30
190 182
773 163
558 549
562 545
726 394
767 582
780 1100
611 157
722 701
909 582
610 866
496 897
173 381
1008 558
991 882
473 755
312 883
814 1075
1093 380
316 200
375 536
207 554
426 779
1044 944
193 185
552 577
391 523
985 266
858 247
947 275
202 157
206 444
127 362
733 353
222 912
1057 870
486 248
503 238
474 189
779 763
449 547
646 453
730 522
718 911
45 569
1044 914
44 744
65 674
316 833
732 316
840 918
823 882
273 350
65 1021
495 789
920 807
620 995
280 65
876 416
534 844
199 834
1017 255
182 692
122 574
402 546
1010 204
964 960
965 628
214 573
132 573
572 626
355 220
5 735
892 150
408 338
251 654
174 874
811 416
327 841
449 822
622 469
383 722
674 735
786 965
513 296
856 501
456 831
1068 193
839 1025
1011 857
357 52
256 217
9 786
371 245
400 1001
94 1075
249 95
131 152
771 605
616 742
84 518
261 1071
946 997
495 896
775 543
742 945
490 936
697 889
173 1057
183 201
619 546
829 558
279 621
398 141
658 1111
782 294
682 758
83 1074
703 715
192 448
1106 164
819 199
755 924
34 754
897 486
865 543
639 316
126 652
305 674
720 910
820 20
576 307
50 467
650 625
528 535
900 1063
477 5
68 451
437 524
583 726
556 475
151 523
547 358
1005 744
720 650
809 399
278 285
362 944
40 603
370 275
714 1110
369 545
817 300
744 461
394 898
112 726
333 713
963 212
784 39
463 488
825 491
529 619
159 953
433 668
369 799
851 727
493 272
1120 1041
982 257
990 12
134 693
485 152
213 133
268 55
1007 366
850 565
153 621
944 53
308 455
763 414
197 1110
246 537
638 932
830 740
869 668
328 477
1078 184
746 158
237 23
922 226
1077 540
988 838
23 56
415 624
799 163
725 745
638 263
417 55
1073 388
753 352
291 82
533 160
1103 455
980 573
639 1018
340 248
637 967
279 708
792 790
324 616
103 832
663 648
478 844
589 676
16 1044
319 460
201 414
149 926
631 1083
733 664
772 757
100 843
841 809
933 904
900 588
673 220
563 613
302 959
363 709
355 913
800 63
735 593
480 312
1032 1112
556 157
594 604
678 990
433 34
928 101
621 393
646 994
836 861
304 615
852 941
918 857
921 328
714 229
756 919
1007 184
982 745
1007 1026
380 542
377 854
419 343
138 981
162 46
452 100
151 751
193 748
595 505
825 345
825 101
546 1014
212 581
639 755
23 1031
414 1062
1085 152
100 525
579 354
785 481
446 1023
554 1013
184 863
141 1085
925 589
637 379
522 753
463 250
570 324
453 725
379 191
334 595
11 110
996 405
407 931
1082 286
856 983
791 0
785 490
769 225
1016 1103
21 712
1059 435
695 883
422 637
832 596
715 237
377 398
513 839
33 947
1032 1093
272 315
1036 555
862 1004
585 901
258 343
303 936
745 1058
990 831
517 269
0 342
368 169
717 953
723 616
710 241
558 242
638 788
1023 300
706 435
957 674
200 780
153 368
93 393
215 631
498 720
97 876
172 56
370 698
290 1099
183 810
204 872
755 534
194 328
291 76
398 903
802 682
565 335
912 682
716 254
171 343
855 1019
464 834
214 137
925 768
1027 458
190 76
566 626
493 850
986 505
997 555
748 770
1012 331
1018 856
168 749
451 661
237 641
677 253
1117 173
122 182
888 420
494 77
480 778
752 492
538 118
1008 367
441 956
452 456
955 140
702 359
304 886
650 912
1062 1112
692 615
185 245
480 930
798 111
373 1075
847 632
474 164
1025 1026
1066 424
326 878
135 340
1022 1016
745 456
399 856
617 892
221 737
332 376
963 43
848 982
609 645
518 876
284 211
512 413
277 1100
882 684
936 253
219 621
581 947
572 419
360 763
680 157
118 103
1077 963
769 783
671 541
720 226
843 319
711 46
682 674
800 605
366 49
1097 1021
1121 250
604 1002
221 988
906 200
143 383
232 151
311 750
764 744
987 763
619 107
939 28
493 966
800 952
528 935
488 722
545 847
806 387
771 289
677 102
312 837
210 654
331 634
298 322
92 807
1018 250
451 473
645 777
869 434
683 427
904 647
167 314
992 847
300 35
650 1122
252 539
188 891
630 476
967 210
663 605
968 361
790 835
458 213
283 151
744 801
145 440
630 6
723 914
545 498
905 527
20 147
539 205
859 701
689 809
464 803
676 1095
682 574
753 443
57 807
564 133
361 822
27 767
453 1078
1044 513
907 742
439 975
392 605
552 388
355 264
808 470
134 1082
475 306
147 302
113 846
743 118
152 456
503 550
238 1073
604 731
1106 492
181 372
1092 140
1043 875
341 642
664 686
944 464
628 867
674 869
898 1020
744 224
223 201
783 573
275 775
184 390
312 642
1013 968
793 540
691 271
221 992
256 271
449 345
643 682
544 527
131 170
413 1007
509 92
984 202
521 241
717 239
1023 270
662 295
421 879
920 442
948 510
585 454
339 1115
233 601
527 10
531 1062
244 904
717 824
624 873
858 81
990 282
676 551
521 113
767 171
138 233
827 495
490 338
576 359
93 902
692 429
299 209
212 401
655 583
954 628
297 942
30 981
695 850
311 455
544 463
676 758
940 269
777 68
963 434
237 488
413 984
848 818
1038 727
849 567
667 325
427 243
632 468
808 703
330 667
237 395
911 359
666 472
532 431
881 282
1118 456
889 115
245 927
766 837
146 1115
872 513
896 649
448 890
517 643
339 276
768 508
715 8
629 586
969 458
968 965
143 953
775 169
328 815
812 191
76 847
322 1008
831 588
6 316
360 113
912 289
551 960
818 294
120 691
892 65
246 405
209 819
458 528
1031 192
1089 261
914 549
959 183
762 714
336 670
341 645
196 452
1 378
299 138
750 696
385 754
147 802
322 525
536 486
412 422
256 725
50 219
767 1041
864 229
1006 627
1074 833
325 109
579 849
220 595
488 473
822 520
316 175
1054 628
786 725
771 476
924 989
551 668
988 1052
931 972
310 322
686 908
524 680
286 635
304 522
473 1109
998 948
896 574
944 453
357 1004
933 412
860 930
1016 1022
984 707
783 557
582 484
396 832
590 1114
634 186
680 578
125 373
477 745
684 758
822 642
1079 751
944 293
588 794
746 863
273 456
256 221
394 376
944 798
1029 145
458 872
751 694
1067 875
711 532
142 148
450 3
239 508
228 961
584 289
818 537
372 317
860 589
705 324
508 612
170 900
716 381
994 805
251 55
351 60
458 1077
890 353
177 712
26 979
949 504
115 392
828 815
836 354
385 101
721 879
397 985
178 281
1001 462
690 928
806 27
189 84
582 866
375 502
769 680
897 816
785 39
350 457
660 866
513 498
410 135
1034 264
446 865
513 294
355 767
899 665
82 586
731 624
832 185
691 699
57 143
491 827
445 709
361 158
203 199
211 446
312 672
474 726
991 0
312 313
96 997
615 1066
561 981
706 183
173 622
20 283
994 738
544 796
353 1051
737 213
715 802
290 1099
353 57
228 768
467 610
797 532
654 326
560 539
968 1011
411 478
478 129
544 251
387 908
544 507
986 481
648 1047
922 356
854 996
312 927
407 704
260 300
122 254
1106 533
708 546
931 533
733 405
168 891
142 226
307 578
779 767
296 595
976 965
855 286
535 579
944 201
953 187
919 521
253 807
81 175
101 454
1119 545
1103 549
199 548
322 732
382 781
713 337
476 1099
159 604
627 784
589 511
882 784
913 924
315 669
184 108
1015 1075
441 747
105 1025
827 684
439 455
336 142
395 278
131 172
246 80
151 174
952 152
801 864
147 362
359 522
337 308
594 478
940 808
146 213
585 924
632 305
343 494
180 673