596 657
946 445
856 554
246 605
646 376
449 818
1040 960
637 208
659 730
307 967
295 304
247 202
773 267
891 471
425 1007
337 913
974 401
916 641
989 1085
716 590
254 660
129 264
971 903
301 494
689 369
158 285
28 747
378 602
123 810
108 762
872 840
639 717
992 774
833 883
196 758
15 378
682 750
726 924
1021 927
432 500
61 736
695 242
759 218
710 1026
550 763
150 968
156 438
872 387
902 553
569 955
533 677
601 392
863 120
552 112
648 849
144 644
284 303
936 695
959 36
565 906
264 305
818 246
680 811
595 635
210 401
524 641
983 404
728 634
15 873
223 976
1049 797
339 538
822 361
63 839
927 627
213 679
430 449
439 265
759 834
819 858
941 407
298 1087
530 961
210 166
322 850
931 763
972 991
680 877
152 52
318 664
122 1036
508 739
142 957
492 459
1115 175
474 907
1012 304
691 38
207 434
333 173
894 755
924 505
163 779
819 662
581 313
195 132
347 378
24 854
137 780
283 324
742 1039
495 660
218 904
527 341
22 800
823 957
932 426
466 417
299 689
352 490
838 894
704 29
711 259
356 457
437 77
27 603
417 178
1022 382
857 614
535 724
640 286
122 274
312 1026
718 364
321 683
779 148
1058 269
644 619
845 282
807 242
569 323
1044 547
1002 861
735 241
760 497
537 1031
96 580
309 313
602 703
534 102
1101 865
844 714
132 206
591 780
111 157
683 600
1072 371
461 933
966 632
446 404
622 673
223 53
371 916
528 475
380 20
883 696
1026 1001
795 276
211 423
585 179
438 425
311 608
656 895
256 295
342 1007
663 880
774 845
583 203
1058 347
251 160
229 465
686 138
776 163
656 749
663 417
930 3
299 891
255 588
614 1071
884 8
778 928
895 269
1001 784
467 210
177 215
990 137
384 477
653 735
855 510
419 554
855 965
698 296
179 892
147 160
570 529
866 591
0 704
4 308
744 847
401 684
199 694
885 1003
240 544
474 713
460 438
137 850
156 954
953 65
701 787
775 699
149 615
144 112
939 13
975 299
404 4
819 417
176 666
728 592
984 604
348 682
1049 50
228 976
47 554
431 961
234 936
855 1093
1023 849
1063 1052
41 207
461 890
493 760
384 945
356 826
35 425
550 614
1082 683
542 679
766 155
757 185
837 262
739 878
68 14
767 181
639 369
491 631
1108 811
130 399
503 762
744 176
770 852
4 838
670 757
651 899
797 1115
725 148
737 511
404 664
1000 1093
152 637
736 184
528 101
242 644
70 932
786 558
327 899
701 728
603 560
239 941
63 1116
395 440
380 989
1068 914
356 365
824 1012
483 144
275 504
830 992
141 78
242 174
304 618
134 197
473 753
241 359
213 99
272 492
786 857
18 129
1047 743
248 503
121 480
727 1024
782 356
501 441
587 400
605 486
793 866
176 703
1092 620
741 247
1080 980
103 931
532 313
216 103
8 649
761 689
1013 875
412 313
507 291
1093 781
919 469
804 995
93 484
477 174
1000 843
424 446
896 44
376 737
1084 523
31 629
705 889
367 367
841 607
107 1031
336 863
24 460
428 129
954 254
276 141
991 1087
995 555
835 507
341 527
804 302
1005 124
294 405
40 420
802 184
1002 583
500 495
295 115
405 382
724 255
857 556
870 643
840 22
223 447
617 192
671 847
628 108
537 431
1020 175
607 560
636 213
667 433
280 955
679 894
548 418
342 948
598 1066
1100 751
391 388
751 854
929 125
807 495
1013 996
103 129
678 778
101 611
99 419
915 991
903 827
808 647
142 906
890 780
701 1036
740 249
71 721
650 151
490 120
819 443
542 662
691 440
431 110
330 782
736 426
568 212
288 884
497 663
451 506
904 76
197 684
287 969
657 763
614 100
256 3
268 1006
974 862
1045 764
408 738
614 431
1019 466
625 369
660 130
716 757
558 859
968 508
1014 640
1102 531
720 651
166 339
266 486
187 925
182 606
389 211
240 1074
288 912
443 1027
906 349
1021 812
512 426
1121 532
642 646
983 946
407 1114
390 978
146 741
691 760
326 332
944 362
632 103
573 384
986 288
555 709
199 1087
860 168
597 424
868 624
971 719
1009 601
484 696
365 281
758 873
608 64
695 584
637 234
208 642
774 507
452 828
844 928
528 201
825 1023
275 354
20 881
133 866
972 687
691 399
860 568
242 658
58 825
1076 842
550 327
214 457
212 452
68 565
813 988
421 392
541 339
690 767
941 608
1117 775
321 936
486 999
927 1003
814 483
724 720
807 973
88 954
723 707
302 328
987 787
979 513
482 831
982 1105
363 830
920 650
60 1059
226 32
580 417
299 454
666 169
961 239
535 107
688 565
1073 876
413 1102
409 279
839 770
15 652
793 2
772 134
927 887
624 289
302 428
660 569
9 390
286 360
767 894
779 977
149 918
461 488
426 156
742 394
913 592
373 792
577 808
326 532
519 359
207 870
333 775
968 517
64 446
759 563
585 99
269 546
66 884
704 738
216 220
611 1053
696 459
858 139
1077 327
714 892
1081 234
415 542
194 791
823 817
939 229
631 824
381 993
36 917
359 137
645 384
119 1013
374 684
708 398
979 470
1106 300
742 761
456 261
830 14
296 482
777 179
219 324
391 544
335 212
856 67
483 1093
423 364
710 238
201 200
447 35
433 198
192 346
100 662
103 1057
950 254
116 901
758 101
865 536
132 148
464 48
817 1075
588 282
112 380
659 595
138 889
208 528
998 231
946 820
138 1113
1011 165
397 632
371 356
614 344
829 782
416 1082
981 188
23 1021
524 999
807 73
263 872
779 477
478 681
956 485
490 898
290 693
243 249
758 898
507 120
809 702
254 911
709 698
1049 910
755 858
980 586
532 778
198 565
275 617
1009 1003
301 329
497 955
115 1010
241 902
717 197
709 762
104 308
933 769
914 567
731 1063
747 594
201 410
859 1001
952 998
65 1116
911 606
251 278
181 742
836 110
148 278
338 745
963 465
849 955
193 714
174 709
65 87
552 1078
497 721
108 941
455 287
655 254
933 608
461 665
395 478
223 645
898 939
877 662
263 183
525 347
773 1118
139 1006
565 592
179 336
1108 401
651 108
828 1000
700 989
729 994
583 579
558 737
267 683
1063 944
494 116
736 145
725 1077
746 280
272 259
809 944
402 284
33 291
388 82
413 1036
1048 61
788 173
597 955
390 471
1040 275
808 1035
873 298
491 359
271 165
903 383
1081 1033
570 382
238 360
500 487
787 259
789 913
979 839
697 458
159 683
174 680
182 909
324 457
550 353
430 675
717 467
167 806
666 971
219 500
496 823
308 569
976 939
837 126
589 294
885 447
949 697
212 317
1093 1092
993 1072
110 449
319 189
909 148
898 1107
439 847
531 986
895 32
725 526
1048 1022
411 319
454 924
433 768
683 805
347 381
133 148
979 585
135 754
299 156
817 777
29 1
216 95
717 583
514 731
385 192
725 758
833 311
774 1076
174 575
713 264
759 505
495 410
451 409
590 957
103 809
128 462
1012 519
837 633
1005 578
675 694
588 326
1104 874
246 465
766 306
957 1050
343 556
297 744
697 852
503 869
1028 614
655 892
577 739
697 422
1095 293
413 1054
265 985
150 1017
210 885
267 244
508 105
960 814
925 188
634 314
172 1002
398 576
655 730
740 1002
870 337
201 585
804 1117
198 857
412 103
982 719
162 955
166 489
321 598
800 120
824 965
369 215
705 207
815 104
193 254
290 351
574 455
187 853
805 1000
302 249
1028 663
883 886
899 615
363 120
246 66
997 843
114 523
151 424
382 586
855 424
577 1050
209 576
521 486
137 51
311 165
500 507
169 129
744 311
935 287
229 710
1009 925
278 847
932 410
628 916
700 238
1049 105
794 1016
487 120
559 182
612 465
568 261
639 395
1011 559
741 657
693 269
282 127
924 325
159 940
635 575
405 538
1092 291
136 785
1062 928
815 363
800 837
42 776
566 209
268 403
1002 689
73 1123
652 231
693 72
814 300
934 747
925 234
150 84
557 764
333 104
1040 150
977 20
132 201
1092 146
1075 646
548 723
86 363
197 30
794 166
925 973
718 815
403 337
976 635
416 866
846 161
846 441
960 678
352 171
196 623
1078 618
69 367
1016 681
255 202
56 928
166 753
123 432
814 95
75 361
223 204
1037 811
113 1082
948 555
902 152
108 24
646 690
423 284
231 1042
925 416
429 550
697 860
52 626
116 799
301 452
506 400
998 421
268 641
973 1007
808 1061
566 370
1012 833
91 188
932 108
704 896
507 1077
969 381
944 289
984 463
82 478
395 253
777 812
728 252
254 144
90 412
485 528
536 765
183 784
108 833
148 875
454 745
983 201
569 417
502 907
526 945
412 311
408 637
1051 935
251 161
19 507
992 352
874 982
136 480
810 108
919 705
252 380
1008 1006
1106 325
423 399
443 769
611 704
474 1041
132 1028
216 105
410 148
708 906
151 952
712 313
658 195
360 495
710 857
644 140
978 933
977 759
57 576
890 984
345 498
1043 340
887 730
302 131
337 111
1017 820
135 716
276 452
955 240
436 876
543 445
311 666
852 78
637 857
985 576
475 690
929 1011
755 455
601 816
321 617
660 506
1103 777
200 910
831 992
937 303
1015 977
908 1020
894 45
470 377
745 347
302 468
569 956
223 792