36 314
198 763
810 585
966 922
839 675
209 1065
877 1052
956 1023
823 117
464 7
268 212
845 264
227 747
979 1083
1063 304
381 143
28 302
879 839
923 1106
902 927
866 542
382 557
323 549
760 20
1020 467
1116 365
713 504
513 702
310 513
523 516
968 958
1113 482
849 782
912 615
130 437
491 954
961 10
372 963
688 148
849 240
948 829
1091 403
348 729
268 878
97 854
1008 220
970 347
283 865
842 1054
495 356
808 495
411 370
768 691
634 935
519 83
393 734
913 173
1101 940
340 1023
348 1003
845 124
330 236
906 1002
86 999
590 295
846 382
976 466
680 683
840 199
906 386
114 968
647 355
368 778
171 85
1059 802
276 689
992 945
322 161
501 689
912 489
938 177
140 935
583 80
249 681
909 333
731 81
608 256
667 1034
359 11
1003 143
1029 342
743 842
953 1045
510 248
686 544
596 31
1055 710
601 699
340 476
909 367
560 288
453 571
241 899
153 442
768 556
270 865
255 816
975 942
456 983
391 506
937 204
386 306
666 299
541 909
705 852
98 988
608 262
687 437
461 881
701 794
146 591
373 751
586 762
287 934
174 1034
230 735
615 795
3 729
68 488
728 864
335 960
191 480
377 376
675 4
601 377
647 212
996 978
206 402
880 588
191 783
305 876
1057 249
1008 375
517 655
257 937
370 449
591 412
216 585
418 379
712 50
994 834
788 910
219 713
811 192
455 226
1035 348
622 772
706 928
563 91
365 41
314 273
787 432
0 274
305 411
783 747
294 1094
812 375
682 338
696 879
522 186
138 849
667 596
472 76
303 150
588 1012
643 831
632 428
907 1049
113 168
982 818
899 655
38 180
415 950
914 677
331 184
213 156
555 596
999 398
514 564
594 1029
930 229
400 1033
578 320
66 547
423 936
803 130
716 989
462 962
976 563
1045 114
686 383
547 135
953 384
611 659
981 675
242 856
682 181
730 689
1023 214
752 248
427 408
96 256
261 478
839 976
615 877
965 288
1112 909
868 898
949 394
1015 666
333 666
599 745
523 455
751 1023
924 627
958 446
645 471
214 563
477 852
409 740
521 173
264 821
533 263
311 29
124 188
224 309
657 695
104 687
994 341
329 921
60 516
410 891
572 460
887 351
565 332
605 112
1057 931
520 1021
780 501
222 908
119 143
880 932
821 556
911 397
957 967
386 504
967 812
173 448
729 715
136 145
962 503
857 681
342 747
963 893
770 130
704 126
553 573
493 956
77 961
499 938
675 389
436 626
872 694
136 1001
611 634
578 1018
364 117
231 298
367 343
332 1085
479 629
189 238
333 1121
925 863
606 372
188 341
439 760
201 754
71 746
601 358
738 685
123 833
8 777
653 147
907 299
50 487
621 244
573 688
441 680
970 636
499 278
947 581
1004 276
368 559
202 463
514 670
930 736
621 167
976 830
373 746
795 207
1055 609
645 505
409 243
1034 120
442 717
968 153
670 503
1003 667
337 721
726 430
250 183
581 1000
1083 13
359 455
294 759
425 174
766 661
735 619
247 45
833 315
987 26
1049 482
678 3
335 359
936 895
956 749
873 218
1013 576
568 225
853 834
7 578
358 296
883 360
878 513
344 899
603 1112
12 671
901 756
499 115
897 494
781 739
316 117
158 178
699 913
546 171
33 138
434 725
433 368
294 710
847 311
844 544
961 312
756 169
660 363
142 343
116 1023
248 931
544 304
1091 768
733 612
312 709
596 988
494 981
709 198
983 979
426 239
252 414
1078 834
649 85
279 890
381 660
721 736
381 104
1009 1028
959 270
936 874
86 685
118 331
947 855
523 1012
110 793
69 647
606 459
355 478
870 804
440 753
714 1104
820 756
928 555
55 985
18 331
989 747
432 437
270 525
441 279
716 354
112 800
920 19
276 297
788 1007
439 357
489 1104
507 472
260 663
937 160
1015 278
156 919
297 134
970 915
676 146
344 1065
975 888
915 689
697 637
140 704
944 584
1120 202
455 437
922 620
310 840
709 356
575 550
549 314
1013 706
688 568
961 194
600 840
635 1020
188 1105
565 684
408 946
937 816
657 754
453 682
557 1016
625 657
658 204
721 174
126 1
996 849
702 387
563 988
242 799
869 830
512 714
258 392
247 729
670 549
1038 732
769 110
318 675
594 1120
506 385
123 857
893 246
159 838
316 333
533 452
1020 937
447 446
421 869
697 1018
201 863
869 693
1056 561
609 9
212 662
678 298
687 555
1021 972
467 537
948 10
1022 864
278 124
527 954
998 194
501 937
684 745
981 106
518 418
525 664
420 1011
343 1017
118 970
911 370
808 689
480 214
226 378
597 967
535 1107
1060 889
737 1021
310 477
109 830
229 432
601 579
286 443
338 758
111 911
202 948
896 509
955 686
29 914
249 413
39 454
717 586
161 249
953 523
966 42
1017 240
704 178
741 557
576 1095
28 494
292 942
169 196
1112 629
648 879
8 603
445 753
309 805
570 230
208 1016
791 955
432 1079
995 950
1070 395
354 283
973 721
1037 975
126 1067
821 367
526 386
588 918
1075 565
723 158
1064 409
741 133
471 904
288 151
887 942
155 1019
1015 241
934 929
351 20
1066 551
133 771
867 656
441 477
729 209
757 74
428 545
803 533
892 272
976 614
959 224
197 117
347 149
228 510
1104 636
620 689
156 439
833 264
987 412
855 364
817 900
445 771
902 78
657 374
534 622
258 166
924 482
389 886
634 796
803 615
608 319
398 473
567 988
282 241
57 109
499 183
93 440
341 960
47 587
284 960
429 135
548 4
114 417
1039 23
278 327
325 891
723 417
828 669
482 778
633 867
995 230
657 167
228 887
644 501
622 1004
199 695
296 835
688 1000
938 942
539 224
800 193
586 130
352 490
554 515
195 591
164 132
22 412
837 116
852 646
530 800
1037 825
542 125
382 788
109 528
845 328
781 539
129 849
411 540
737 473
63 828
379 237
484 739
422 584
263 710
364 237
63 139
431 356
1020 659
911 582
291 165
332 952
653 207
644 652
206 506
984 501
377 536
506 192
642 887
769 270
844 581
346 631
875 66
765 981
939 159
778 605
666 856
336 494
988 898
448 1118
469 277
770 598
495 919
479 1108
324 700
305 310
954 409
72 747
1022 846
516 586
126 586
201 694
266 987
2 458
308 895
46 381
206 662
101 436
765 856
305 621
724 776
315 863
562 634
663 464
928 974
133 288
409 828
655 580
59 120
669 822
106 910
83 496
755 689
696 604
331 805
23 703
601 982
899 743
413 606
116 238
705 1078
749 735
617 797
1066 980
341 950
32 407
291 531
73 738
835 361
504 593
458 124
188 664
474 121
125 705
809 754
868 813
713 708
291 431
552 701
79 688
689 850
915 94
1097 507
919 537
134 267
166 38
608 741
656 761
1121 201
619 221
128 599
752 116
761 1092
977 355
543 587
345 199
389 437
1021 296
710 524
980 1004
387 225
209 381
842 659
946 128
149 270
154 629
284 171
194 175
311 478
280 887
918 209
559 289
970 231
103 133
1116 141
605 327
524 791
1018 515
417 674
658 183
734 352
358 1009
151 708
1088 450
37 186
456 724
162 276
104 278
841 815
706 378
473 1030
819 140
440 693
318 82
767 405
594 862
356 504
1080 441
267 841
755 437
1001 512
162 515
1041 287
356 167
456 288
611 624
35 514
851 248
375 351
244 1061
1037 274
95 787
847 759
1092 54
354 227
611 788
341 728
84 565
461 184
82 548
929 1015
1010 785
800 581
486 2
18 943
854 309
1084 265
220 448
615 524
619 975
1071 570
1047 291
527 966
4 190
532 896
914 571
747 329
681 508
519 857
541 656
79 217
981 11
815 77
109 332
116 717
950 282
878 502
730 490
905 988
282 772
580 833
341 14
285 335
1011 869
540 518
265 396
247 991
784 1117
849 858
826 295
159 500
300 963
1067 702
399 661
594 118
891 625
1040 326
661 101
369 672
546 617
851 277
298 782
650 733
220 831
644 442
718 650
654 968
828 193
362 877
801 967
817 133
757 109
891 914
569 566
430 119
479 571
712 908
655 108
385 134
322 237
367 158
687 1085
458 897
187 124
831 423
280 907
392 493
267 606
787 1007
824 138
924 28
869 760
1083 1010
185 544
322 107
73 380
518 548
772 598
668 567
10 858
550 230
1081 425
598 472
356 430
947 914
940 739
259 685
51 723
424 531
517 498
870 466
506 551
229 973
631 727
362 621
345 888
263 385
82 1064
555 463
940 965
675 1026
636 399
939 594
848 715
343 181
266 663
990 874
366 648
568 488
880 935
158 880
801 1061
594 865
166 271
823 213
43 521
311 483
132 765
236 307
965 107
573 126
336 811
201 488
376 805
227 551
532 629
830 126
11 736
716 848
797 713
578 50
809 473
959 889
787 791
142 375
740 540
552 218
688 644
862 116
680 983
346 527
560 1020
596 414
716 608
699 306
612 188
1045 436
1000 1106
111 847
177 796
249 328
320 322
813 77
1006 540
775 457
367 50
917 371
264 771
487 356
703 780
396 353
734 1104
334 895
441 1021
143 980
127 676
630 215
523 491
1097 738
261 855
851 597
886 748
680 27
1082 1056
255 22
651 224
1120 852
628 110
486 700
381 267
220 279
824 144
539 215
932 477
422 1118