570 779
979 316
481 423
902 1056
949 223
907 458
1075 961
728 776
115 1008
910 392
505 917
66 649
878 1068
423 894
767 805
1071 740
284 845
235 658
125 329
1007 605
1020 77
338 67
866 1070
945 278
671 828
458 305
474 702
228 224
1063 1
676 909
83 138
894 642
302 668
869 426
372 381
992 650
906 732
502 626
476 218
304 1007
442 105
885 800
233 290
830 919
113 515
994 944
256 20
568 737
359 481
363 384
28 428
653 885
510 186
320 430
170 276
273 781
404 959
143 423
301 777
520 878
128 416
809 996
497 127
19 873
773 178
627 745
432 280
850 1057
351 1032
791 574
212 209
573 826
853 743
1080 802
753 210
966 1034
21 744
577 7
76 129
1012 899
902 249
487 787
500 979
727 576
778 989
1058 162
519 876
934 90
928 903
224 517
473 154
96 278
254 795
195 693
376 440
388 437
971 126
1014 371
1025 1061
48 411
904 320
811 224
480 985
966 711
1118 233
1008 939
1038 967
1026 569
857 465
773 1058
457 719
589 134
762 631
840 867
992 589
730 72
491 132
1017 240
967 629
751 504
892 468
678 518
758 963
272 419
209 491
1104 85
659 108
297 1089
88 335
876 371
408 722
863 8
390 622
436 811
1012 319
359 552
571 978
747 507
640 896
799 331
75 729
109 738
731 1052
846 877
926 490
404 356
306 710
1092 642
833 137
516 766
538 450
1016 634
553 487
352 178
718 966
169 2
889 786
930 1008
428 740
150 595
163 949
671 43
693 653
378 103
1114 146
1009 144
23 874
352 668
109 191
555 182
903 668
367 199
323 102
1065 454
769 813
311 441
626 659
781 240
554 398
611 584
246 811
131 486
668 173
882 865
812 640
486 774
664 994
782 316
134 701
248 1070
771 673
523 1063
194 752
1006 730
359 817
585 739
364 570
738 405
706 614
497 338
943 305
504 242
294 253
717 784
874 512
985 484
922 386
445 934
621 930
499 274
695 932
182 217
108 209
886 114
396 521
295 841
1085 797
984 576
314 855
499 969
232 533
658 657
728 281
309 767
54 176
634 704
529 1022
1064 465
638 352
199 889
903 371
383 236
257 970
648 24
1118 1111
458 875
689 414
749 306
60 981
631 1016
279 132
132 575
1038 510
178 885
43 326
862 125
810 279
725 357
804 831
279 930
531 357
293 323
164 1115
417 409
962 24
827 281
153 21
889 753
435 53
60 562
507 323
705 631
1038 708
477 346
521 103
373 518
743 1002
339 728
1048 466
374 239
775 74
741 684
882 76
258 30
167 540
293 860
117 831
313 840
220 278
1087 516
921 230
970 1070
353 568
522 655
1018 206
916 326
766 338
521 440
749 528
389 819
119 789
1047 240
759 554
815 793
560 193
604 986
768 136
254 1018
907 758
421 426
493 924
979 603
250 1085
291 195
929 1019
484 390
632 649
581 462
127 214
777 823
87 307
794 311
357 788
569 475
870 590
560 173
549 686
491 790
974 593
992 633
278 481
389 575
691 990
679 928
1096 1089
1009 1114
90 898
810 430
813 496
843 822
835 188
1071 352
611 738
772 694
642 151
802 190
293 686
826 134
642 1091
85 12
935 369
654 512
666 232
1077 365
575 389
412 886
707 936
906 505
303 315
166 204
435 147
766 1117
1120 710
450 898
502 822
840 187
196 475
935 891
530 135
117 487
200 413
268 476
399 122
622 1023
633 574
314 833
936 752
445 156
326 534
317 656
672 318
406 853
783 988
774 840
369 827
575 933
493 1022
844 945
821 966
689 663
538 973
838 807
1066 593
889 261
269 1
114 61
561 210
1080 386
275 122
114 448
920 887
984 1104
823 686
450 644
884 253
992 515
573 295
1011 645
993 1094
500 990
828 371
819 446
594 587
70 337
2 369
1011 80
93 895
391 178
1008 57
231 859
59 83
984 903
148 565
890 912
331 87
533 943
270 482
303 431
143 535
861 1083
1081 399
145 799
807 812
915 751
507 134
572 120
239 740
991 578
545 734
673 110
196 865
811 258
244 341
782 912
847 23
547 944
703 1110
724 562
784 244
778 912
194 635
592 296
699 761
319 475
883 778
578 542
340 666
224 574
909 118
568 619
100 800
366 344
925 738
804 153
329 434
459 336
463 258
890 494
576 1038
874 508
806 682
196 583
516 449
1011 971
1 797
462 352
525 690
181 731
956 191
681 669
652 730
702 708
357 964
804 665
749 760
626 587
865 396
766 294
325 31
480 783
481 450
310 587
690 156
655 601
855 554
620 1019
385 636
275 115
947 868
1069 590
297 1074
682 625
383 946
938 334
995 443
239 1013
446 971
257 801
260 278
886 1002
781 1093
755 610
514 114
302 890
221 272
324 696
537 912
461 415
687 252
303 509
801 354
872 325
663 321
855 720
610 1117
1053 589
870 830
871 504
890 292
955 123
619 140
315 886
807 655
969 970
172 337
645 122
671 669
915 515
1020 780
1057 1119
307 644
620 146
51 553
177 743
705 251
858 690
680 993
593 824
632 2
373 197
605 194
1092 483
335 492
952 124
673 230
133 177
508 994
770 563
1055 450
375 341
269 94
407 743
214 728
318 676
443 613
265 54
505 700
212 96
133 125
491 886
620 869
821 706
375 570
525 760
153 785
483 363
456 418
246 206
324 313
554 485
849 994
605 454
352 780
333 1092
232 181
273 760
1065 96
767 440
633 245
725 310
450 912
443 848
483 873
552 789
818 617
365 701
739 757
169 285
615 1086
1063 512
510 1115
96 75
769 706
685 968
334 890
160 118
319 520
521 329
355 993
723 847
432 661
112 695
318 262
709 538
822 1027
410 841
594 959
29 502
390 896
262 866
1120 151
695 684
143 725
308 299
467 389
600 470
450 1089
233 23
803 73
893 959
1065 507
878 581
652 509
829 386
1077 675
906 345
752 387
98 307
1082 362
932 203
684 298
928 545
240 373
441 176
960 238
238 978
499 255
860 285
167 586
6 440
566 980
176 214
1115 636
233 915
199 471
768 37
716 511
445 107
165 1053
937 255
892 203
1034 349
613 471
554 686
834 193
194 222
783 874
994 257
213 475
917 545
264 515
178 525
483 312
557 983
706 988
895 589
26 858
790 110
63 465
690 277
356 275
952 380
677 590
183 258
490 38
940 735
211 982
129 382
466 830
983 19
118 350
517 522
999 966
607 821
373 568
698 604
534 713
815 1052
1031 536
543 1
515 241
500 154
791 209
565 589
841 120
495 498
871 840
1 276
844 778
895 348
240 784
156 563
95 740
369 902
745 1006
827 120
242 350
475 598
95 18
694 754
807 705
464 526
284 548
293 186
234 122
1004 800
332 156
110 739
658 591
1081 318
549 970
833 395
838 214
263 710
871 292
173 947
797 552
612 782
798 442
383 194
560 382
105 614
176 933
122 1013
473 880
519 272
640 659
1074 787
625 704
994 825
107 460
992 78
900 879
730 203
534 176
953 596
3 605
705 153
529 608
391 560
675 182
375 452
994 512
214 262
29 649
78 342
522 124
920 205
773 394
406 1069
551 1073
130 283
526 950
414 833
1110 703
461 390
954 131
209 608
1046 956
1014 593
517 907
754 1023
566 1020
286 832
630 225
736 510
575 514
170 694
371 900
591 675
284 169
68 981
456 319
605 172
581 796
608 510
638 315
1022 305
312 1122
696 396
784 304
132 290
901 364
113 981
769 28
188 459
848 477
516 316
816 340
335 338
50 267
429 237
814 484
346 568
982 432
175 924
891 152
574 626
477 631
567 798
379 368
401 576
149 190
741 961
927 809
299 759
454 1055
974 1050
993 705
486 920
304 461
716 878
148 609
167 152
435 44
300 442
682 966
690 678
287 698
1071 235
485 294
426 742
574 47
226 602
974 92
586 412
459 104
694 913
451 698
821 570
554 596
696 113
85 393
7 938
981 728
938 592
192 436
1058 806
795 821
544 974
1103 139
438 995
764 533
852 1095
955 810
897 913
1010 371
859 968
743 799
604 723
275 370
974 405
1047 826
736 128
365 761
754 274
373 738
530 876
747 528
976 1057
671 723
4 197
365 1077
1061 489
583 924
9 294
105 849
211 259
532 33
385 824
453 226
231 601
209 286
830 263
264 353
721 195
988 253
784 671
131 575
455 120
799 103
826 238
1116 362
130 56
862 719
587 1114
1036 712
1023 531
1044 631
967 231
884 828
319 602
399 215
591 1075
735 410
159 260
1106 744
664 925
465 1102
161 316
764 395
660 687
973 547
929 251
231 954
1071 655
1109 484
642 255
800 1000
608 943
425 784
687 149
392 135
613 219
634 998
841 577
1015 806
895 1049
49 283
871 550
199 1104
103 1107
978 357
834 941
520 595
974 693
710 965
221 365
369 610
239 80
857 847
339 398
760 413
119 263
315 713
376 578
53 928
600 931
512 157
679 606
760 863
739 626
1054 357
139 726
364 705
464 923
253 207
1030 237
548 570
186 317
724 101
845 1110
783 493
288 549
966 147
1081 283
265 314
998 394
958 150
479 505
292 289
594 789
514 487
297 795
28 813
283 771
903 485
76 914
362 1039
941 666
417 218
896 435
740 364
27 696
681 64
243 1023
613 233
955 135
725 869
566 1065
358 790
1086 993
331 291
422 791
847 1022
546 865
1038 822
260 1068
36 280
214 708