744 109
984 187
429 224
281 640
748 825
1060 672
556 704
310 560
212 348
928 804
603 616
509 770
869 721
104 763
886 195
272 913
1001 1
862 562
47 561
490 509
1029 834
941 429
419 606
199 478
912 153
889 237
681 467
621 202
71 918
556 748
849 213
992 1085
578 865
523 982
139 464
203 698
957 536
991 278
891 765
489 181
543 932
629 488
80 960
542 236
993 44
926 786
1064 341
383 727
482 336
456 921
834 176
789 70
155 1000
643 440
284 339
470 252
562 355
1020 439
857 919
682 546
869 858
165 591
809 213
564 38
1008 984
307 856
1020 388
638 655
866 83
271 433
818 127
101 315
296 752
958 758
971 193
262 314
860 1014
233 205
751 403
162 594
594 164
462 518
360 146
844 929
1003 858
573 125
1067 682
461 508
150 306
923 294
961 554
663 989
78 776
402 727
738 281
511 481
111 983
1063 129
232 890
113 328
359 845
83 69
807 251
148 518
1029 192
339 846
269 171
7 364
728 11
616 1063
958 661
450 399
623 668
664 536
870 953
823 631
566 218
283 817
919 1024
749 160
79 886
54 158
1086 257
696 893
833 454
883 57
816 936
639 639
190 793
648 981
902 33
920 724
135 803
683 873
923 316
948 884
261 439
221 714
199 703
849 407
595 528
284 678
917 475
954 607
865 634
726 760
377 473
706 520
341 935
349 1056
930 380
809 808
695 574
950 289
79 929
645 719
127 521
585 283
915 252
443 898
227 354
564 201
287 650
652 1074
903 590
1000 92
118 705
264 100
345 2
906 747
483 993
562 1063
589 921
803 186
838 524
302 515
966 476
881 216
995 562
386 171
532 769
276 947
705 375
421 978
418 1117
794 712
1002 330
767 723
70 168
595 598
317 660
303 407
151 112
205 1067
972 568
127 756
789 464
185 95
764 5
292 375
797 244
324 854
745 609
384 667
754 550
191 567
378 181
470 441
988 229
680 675
224 1028
441 92
371 1010
159 874
658 240
957 992
335 464
186 788
921 184
945 149
974 229
465 603
22 951
223 655
799 899
562 687
815 170
947 913
522 109
542 177
661 518
585 623
963 747
74 267
515 625
570 257
129 937
335 847
577 969
535 434
997 499
211 948
119 655
421 310
551 358
254 603
503 720
626 144
429 538
702 605
559 756
1099 392
117 511
451 314
93 927
448 1004
953 475
515 799
806 650
616 787
1107 138
375 509
855 207
289 681
857 1014
733 593
690 270
424 979
827 291
692 257
151 929
267 609
1056 645
491 334
933 276
562 157
943 223
338 892
113 686
347 420
1008 360
878 714
1003 505
157 687
721 541
170 153
594 1080
417 410
679 953
545 436
117 216
732 487
368 321
581 1005
514 726
170 72
694 902
827 866
985 843
843 534
862 872
813 1111
258 445
252 465
176 1022
630 174
487 93
498 663
125 750
585 854
477 395
748 155
914 683
267 334
269 844
600 466
898 882
900 593
1039 277
694 556
997 347
947 688
1053 107
541 598
1075 760
759 492
917 926
84 393
387 316
446 810
135 123
858 951
770 35
537 524
750 568
746 597
557 410
670 790
448 778
555 1058
671 459
549 470
979 271
49 1014
265 115
268 809
470 228
843 846
1021 868
852 467
609 125
127 625
1014 132
569 848
951 706
518 407
586 714
269 315
402 805
557 461
50 536
693 745
812 1007
569 913
762 1109
315 741
879 900
1035 300
993 926
162 453
45 250
492 274
444 702
374 121
753 622
915 692
129 33
385 937
562 261
874 72
130 307
919 330
801 124
133 795
983 240
331 923
907 647
135 573
892 796
439 686
760 624
935 308
978 616
417 114
372 808
552 73
710 913
560 985
638 225
1029 198
805 934
707 478
821 943
934 743
429 1077
922 726
1080 402
529 342
334 693
419 691
711 751
950 795
731 568
334 11
655 282
131 790
398 612
906 524
722 186
816 1085
1032 497
502 795
197 572
1021 95
838 302
944 288
564 750
643 697
425 196
826 487
930 668
279 323
988 723
984 539
398 775
103 333
996 944
403 494
329 726
195 26
331 476
441 327
962 669
181 594
1013 873
1018 165
236 681
697 501
918 987
980 936
979 1074
550 218
872 203
217 151
573 844
283 652
526 232
716 625
890 350
567 903
522 237
632 409
77 207
385 980
930 388
1112 608
514 419
437 326
879 577
896 543
268 380
809 577
10 618
435 256
630 666
489 1045
473 744
794 319
860 1110
360 313
749 727
716 873
966 622
92 90
1071 356
976 142
712 1112
322 158
1108 666
308 653
391 439
727 71
769 610
170 112
385 365
900 440
671 380
102 73
328 260
143 163
975 480
225 395
25 195
544 780
459 109
657 591
317 997
73 419
1021 19
174 819
21 200
210 382
859 1050
71 717
145 24
1118 739
1098 984
11 297
230 295
580 19
623 702
297 628
1036 826
355 506
246 332
336 353
975 719
59 1071
778 600
823 1023
935 274
946 228
847 460
790 293
857 847
663 443
719 854
811 579
299 111
214 277
256 782
55 204
1046 1003
301 966
409 354
326 479
146 347
533 858
825 908
475 659
707 888
379 458
491 649
233 382
165 459
136 586
258 500
299 364
223 130
494 267
555 1020
461 438
347 602
652 951
751 718
1008 559
355 600
42 843
387 323
298 321
640 268
218 185
632 307
1012 547
210 255
328 242
680 623
562 789
10 376
255 602
462 452
415 546
158 782
615 869
778 489
718 301
708 699
629 786
353 921
314 480
650 455
1017 809
477 962
983 187
936 977
303 541
995 908
798 488
21 736
165 961
925 614
85 407
872 617
907 1001
581 168
1061 159
342 599
468 978
651 640
746 498
824 942
450 200
433 617
359 213
909 414
898 515
894 111
807 422
681 825
122 576
405 181
1085 1006
119 477
157 905
129 495
445 833
967 139
266 999
428 992
656 400
111 301
957 471
999 13
612 132
9 856
44 995
998 417
330 1013
584 506
156 420
194 216
783 116
446 829
750 519
699 187
675 450
485 502
574 741
815 105
373 343
35 1093
491 216
544 341
788 151
248 55
536 205
309 545
447 660
255 522
153 620
763 202
215 616
1118 1114
777 467
116 843
816 123
354 647
250 528
968 439
356 715
130 1122
671 938
713 179
127 419
439 314
997 793
147 786
756 425
165 201
682 298
693 521
446 337
199 918
969 1052
766 177
96 740
909 892
785 229
927 888
542 523
652 183
861 749
760 943
706 431
299 937
1021 1009
177 397
856 803
1021 202
635 162
563 1067
689 506
848 443
596 804
416 342
220 819
391 124
989 984
587 872
521 395
249 865
330 113
221 62
124 861
896 912
766 836
135 275
864 85
165 902
153 271
1016 309
281 906
176 402
685 82
277 426
657 165
790 572
165 371
706 1029
1012 264
976 848
173 958
873 1084
883 1011
845 325
452 336
974 892
829 1005
560 727
289 746
228 729
434 528
651 828
414 925
601 921
302 646
254 846
700 421
762 106
244 220
279 468
769 926
391 662
776 1104
492 434
905 841
813 956
820 138
21 77
362 920
469 498
132 1042
476 864
463 191
224 298
490 737
862 276
493 993
844 489
162 209
1006 907
461 278
721 969
383 1061
305 723
591 44
582 1016
645 320
387 640
303 618
664 63
861 774
395 384
378 624
678 892
956 698
955 459
1049 1019
383 521
971 170
189 732
843 928
555 99
504 1011
1020 1081
806 882
170 565
1108 372
977 1006
850 500
284 857
892 599
575 772
209 926
914 830
609 95
618 1009
136 253
419 732
423 965
924 1013
497 219
927 977
217 592
217 906
595 643
1109 329
1075 142
289 285
906 936
1009 629
983 34
525 816
620 715
981 954
337 632
432 727
680 624
1023 581
243 453
767 479
491 634
445 80
842 647
843 746
702 632
505 695
774 509
77 717
157 339
212 759
750 257
159 303
836 816
123 608
938 191
426 601
609 891
729 825
887 362
30 307
1051 913
977 870
439 597
999 997
1117 347
815 248
286 827
668 327
343 673
296 522
518 827
500 603
312 691
305 588
228 610
363 1087
887 704
948 134
577 1088
280 104
659 971
999 453
593 564
389 504
871 887
749 812
527 199
270 876
774 727
433 112
768 653
241 376
992 396
120 1123
619 632
563 1083
783 333
139 314
223 814
961 823
255 591
17 646
461 166
856 411
706 111
952 141
1002 1120
385 579
176 784
138 427
879 167
460 455
377 647
591 331
753 158
725 745
446 688
435 374
585 431
770 989
608 118
537 493
972 282
861 746
413 276
525 869
788 212
1044 981
529 929
280 305
901 223
250 122
82 431
442 135
521 346
516 288
68 832
148 596
1013 134
974 54
566 590
52 620
530 435
618 106
447 709
422 469
516 384
569 836
2 391
740 125
662 182
963 927
794 342
1011 366
165 680
220 44
611 303
322 903
352 394
265 494
327 985
889 429
527 948
665 514
1106 602
770 395
633 388
619 963
386 290
447 735
516 1043
686 1
420 277
959 812
72 867
880 715
353 806
416 244
548 537
547 584
981 471
703 897
280 855
914 499
776 795
222 852
234 33
240 978
948 731
561 99
913 762
166 901
49 373
814 319
269 302
223 978
649 401
640 223
733 631
154 644
49 410
1083 368
391 836
487 230
477 73
1065 263
787 867
478 491
351 876