976 1007
342 830
447 263
515 661
654 228
265 377
251 1017
325 762
976 235
602 532
36 849
90 362
910 497
874 211
214 491
985 167
551 863
158 315
805 630
583 942
238 622
688 776
328 502
785 326
635 187
476 141
398 578
706 476
538 849
644 195
214 307
857 939
429 618
13 1083
818 728
416 533
323 916
176 942
241 455
344 108
713 1001
130 29
880 325
954 547
431 478
924 942
604 302
503 301
932 215
531 769
1003 267
693 371
398 452
577 1000
927 608
44 851
334 653
970 413
882 584
298 706
328 827
217 705
437 75
55 659
91 235
328 479
859 920
1046 615
349 863
859 478
507 858
798 129
7 397
966 880
415 290
50 334
1060 336
514 927
291 579
714 885
373 1106
764 817
903 240
427 436
333 550
790 951
395 875
354 1024
804 467
669 221
781 657
190 884
714 516
737 510
514 685
338 636
217 114
1016 363
24 347
1088 487
204 682
843 925
110 561
213 154
387 71
942 487
824 553
534 86
451 454
829 632
262 105
316 127
180 179
258 715
440 695
410 135
251 287
432 961
788 244
949 532
1083 464
299 168
975 420
899 305
407 745
733 954
407 359
937 409
557 252
739 154
207 1122
1067 185
783 143
174 214
670 70
748 757
198 854
867 259
819 1086
75 81
823 561
395 487
938 238
895 622
199 152
508 102
896 963
316 680
73 787
1086 292
946 101
572 584
679 449
1046 510
969 636
243 211
567 299
782 310
486 319
176 312
1040 846
707 823
667 558
534 989
248 587
934 691
205 665
607 725
889 506
316 616
38 150
364 311
939 916
814 763
226 566
227 880
303 292
354 847
481 329
19 818
594 743
576 321
514 724
120 1121
707 921
573 119
984 294
924 806
24 1035
435 908
536 821
883 621
584 35
679 502
251 573
309 101
48 221
674 693
827 177
475 118
14 883
817 454
785 985
321 72
1055 321
613 429
47 451
406 726
325 949
852 604
854 914
1058 800
378 831
662 280
999 740
579 478
738 644
576 392
461 1045
813 300
1082 712
268 390
644 1008
495 675
977 382
911 929
405 912
928 978
141 75
994 817
400 13
926 285
404 658
970 749
927 324
842 588
231 613
369 831
516 174
746 126
849 458
522 781
226 138
889 969
503 228
80 649
617 981
143 829
835 469
256 317
853 717
887 879
569 137
858 767
1106 238
611 732
427 1120
420 881
836 935
715 145
1087 1015
423 380
464 484
190 229
750 997
304 869
855 628
320 691
388 1023
560 240
866 235
782 250
877 37
285 1100
707 304
733 342
494 790
479 126
0 232
503 703
851 652
796 508
407 842
1004 331
761 218
732 312
693 952
783 506
794 837
965 741
360 834
247 930
710 552
896 727
610 895
1043 369
746 350
698 40
292 690
709 767
1014 285
484 1024
851 440
338 823
828 966
716 331
315 101
845 1101
698 844
866 280
63 377
892 420
313 584
884 197
400 153
398 229
889 687
210 368
299 327
1016 379
216 943
858 134
33 972
99 1047
428 93
957 683
94 539
283 1
570 1021
696 994
132 729
439 829
423 831
12 431
147 996
487 875
666 364
343 600
583 446
881 680
549 281
265 674
1063 974
704 302
114 648
48 179
414 616
297 945
279 353
956 716
836 793
532 398
362 1121
747 1100
1045 857
411 881
499 360
606 804
963 508
1044 946
969 929
579 980
335 399
862 999
687 728
841 830
865 724
540 992
718 503
767 905
620 603
1077 702
459 380
549 602
280 360
673 666
1098 302
920 376
210 389
875 687
757 1072
667 386
498 1015
809 133
80 21
185 949
122 341
1020 541
520 97
756 449
400 856
321 41
285 457
961 527
1070 995
852 571
628 558
378 1009
67 9
33 407
883 518
514 607
680 561
986 464
401 611
452 567
562 895
298 744
456 826
229 1108
922 172
610 938
94 605
941 659
653 921
242 495
390 848
771 141
922 469
884 283
1021 135
254 452
7 121
566 161
482 535
252 879
659 299
383 642
314 634
542 958
680 923
838 1075
202 188
330 798
759 128
691 284
684 335
488 206
362 504
156 283
246 922
678 648
410 795
776 855
401 910
308 840
343 895
120 780
525 912
1033 901
974 921
161 390
211 282
428 831
656 922
308 862
792 826
171 198
191 183
818 301
1024 273
760 811
929 652
416 290
788 375
1030 712
800 136
196 484
154 977
529 799
587 111
681 690
724 465
467 338
979 217
928 464
718 757
368 1084
655 945
438 142
170 21
523 874
150 33
770 507
252 259
382 309
323 1021
121 413
1057 516
591 853
127 8
921 324
794 799
261 887
686 577
722 118
434 534
735 662
606 341
29 913
1039 416
573 266
821 270
823 938
409 987
173 705
398 726
107 84
715 889
671 596
987 678
748 914
791 544
842 753
601 152
700 980
1018 136
373 762
393 420
583 959
397 465
1006 1114
695 999
565 318
521 419
103 482
195 59
284 139
609 476
1043 9
47 709
899 230
216 508
446 303
584 776
737 455
910 828
891 315
1 486
355 36
615 435
67 994
623 480
990 280
597 751
516 741
845 743
94 1096
729 483
16 186
377 777
222 165
589 1076
1026 279
373 340
317 683
504 178
349 999
737 735
538 611
193 293
60 968
1051 889
1013 329
630 37
403 771
121 709
116 710
435 1009
613 11
1068 315
267 638
1081 217
219 276
844 678
516 387
103 964
124 1018
700 592
716 928
401 171
1103 755
123 880
296 752
651 109
866 632
250 261
433 324
209 696
327 912
601 584
788 48
276 436
658 9
729 242
1051 830
985 613
684 966
595 456
674 425
1022 140
451 115
108 1049
607 651
1119 1038
615 874
355 559
739 593
650 415
999 698
222 530
774 514
426 201
642 934
680 789
355 955
670 442
1103 291
246 479
253 583
724 179
933 281
601 706
999 110
375 809
563 308
175 1102
885 238
657 736
393 185
961 869
593 111
232 476
461 946
64 187
103 981
464 200
488 117
476 106
118 369
771 895
414 161
87 579
244 455
913 876
554 296
359 577
978 107
1043 861
815 537
775 638
1105 758
66 563
312 454
993 910
722 546
145 356
385 1098
476 633
648 945
541 497
1115 795
268 746
1040 665
934 801
460 776
158 368
992 337
202 734
413 650
784 150
457 870
459 738
834 751
839 930
227 297
856 316
950 164
442 680
1013 222
220 149
972 563
685 43
602 144
304 176
543 712
1022 1002
954 280
664 420
411 32
929 594
334 128
458 153
673 44
631 365
516 677
952 924
231 949
273 618
777 601
409 402
454 761
11 499
908 478
358 76
234 231
493 837
518 878
1018 377
822 197
587 23
500 693
1059 162
733 753
970 193
307 668
604 875
154 367
559 651
981 592
372 136
505 260
824 485
373 226
662 955
747 300
757 1006
287 86
506 125
254 749
279 296
1058 43
41 842
611 706
373 917
908 841
531 189
399 448
137 407
629 956
437 442
250 373
858 67
572 526
830 709
995 761
864 486
576 780
990 418
745 757
354 1111
677 108
898 753
923 524
999 677
317 511
593 1085
810 859
678 662
931 872
877 1122
1018 841
1000 313
363 10
258 440
117 559
1063 468
712 182
18 304
951 327
859 984
817 248
203 571
51 1012
296 754
480 812
188 875
740 844
266 334
598 865
287 663
845 154
111 744
213 237
485 833
842 185
687 309
740 280
940 324
733 1018
490 154
975 1118
902 203
730 585
717 398
745 154
102 644
890 705
660 434
824 263
738 810
204 754
646 774
980 957
380 279
1104 151
10 990
952 331
398 56
1114 432
314 123
964 815
1077 393
5 926
511 521
917 176
727 181
189 946
139 1065
172 876
194 78
212 72
590 69
996 185
847 588
558 135
1113 936
275 398
906 237
756 136
713 1109
545 1035
133 938
997 837
675 889
336 240
780 73
609 309
1023 142
837 846
81 219
964 305
1073 310
442 538
650 384
849 454
744 252
822 181
858 911
244 301
251 619
212 466
247 239
527 390
453 715
544 437
969 992
494 757
377 1109
233 1102
972 524
547 984
108 827
449 884
1083 1070
514 894
1018 581
128 811
1009 209
486 717
391 384
194 148
515 291
979 982
188 128
612 887
1078 614
465 708
980 563
523 414
211 110
160 630
131 145
49 924
795 1062
782 242
229 121
197 534
552 986
1114 494
208 577
119 537
78 918
581 130
343 301
1114 607
579 823
76 223
452 982
229 340
816 501
640 94
36 499
159 606
892 624
389 800
447 526
323 640
565 22
678 358
853 854
248 235
634 209
831 994
354 902
325 586
133 993
722 974
173 129
530 729
440 457
699 767
865 1019
366 456
529 687
732 903
726 566
1067 460
672 965
418 167
358 1002
610 335
323 751
301 362
297 939
1004 396
101 338
428 710
584 325
233 891
479 62
527 812
227 495
573 379
152 987
419 755
729 478
526 523
836 417
106 857
1033 305
1096 255
778 238
568 870
517 644
793 977
50 948
871 560
106 733
885 1053
587 474
676 19
992 321
403 38
445 191
464 751
108 605
281 732
304 696
967 575
664 64
836 659
883 987
108 653
134 359
1051 1101
100 969
483 272
34 891
523 839
764 255
214 211
451 956
561 265
607 136
177 600
144 336
180 574
585 751
678 280
160 1059
882 723
12 1011
42 109
878 350
504 1102
394 362
694 174
920 215
163 112