680 95
159 417
914 409
3 357
1057 852
521 662
671 992
200 217
480 208
162 351
965 460
132 442
123 1086
620 885
1009 407
43 758
619 825
564 570
327 920
256 699
774 110
810 722
559 523
1070 881
388 22
821 871
839 586
28 518
306 143
413 388
1113 125
445 930
336 582
863 531
120 867
817 642
689 170
861 573
360 902
882 1050
845 354
1003 521
359 465
759 262
372 689
579 469
523 314
261 307
320 266
402 265
203 1046
637 238
358 698
105 628
434 698
892 413
74 812
397 289
821 971
95 1033
457 105
902 512
162 241
587 895
614 465
404 43
239 59
530 433
534 645
22 415
354 526
591 448
525 218
737 164
962 932
407 655
696 41
911 436
237 745
283 882
491 1122
485 510
330 473
967 746
806 1012
315 485
288 1002
422 779
128 629
904 338
873 1115
271 496
201 185
708 1042
173 835
1009 1089
1104 323
548 207
705 439
39 219
961 613
162 368
295 403
214 648
300 230
963 73
561 444
174 587
133 214
463 494
701 687
613 390
1060 637
955 603
733 607
476 586
326 306
178 614
246 219
152 1117
138 484
224 552
305 74
114 335
628 141
918 910
845 116
239 871
1005 984
425 821
932 963
713 408
705 291
291 123
926 733
784 307
177 599
265 69
53 1052
114 312
797 442
387 753
726 19
99 619
306 286
334 1123
260 980
922 142
698 710
61 352
564 206
998 434
1000 633
604 539
420 455
522 788
777 357
316 675
1 617
902 318
990 948
859 5
866 1020
759 34
660 102
280 863
352 875
359 642
103 318
707 473
322 65
482 138
905 1058
235 745
41 1046
670 166
594 965
222 587
613 823
677 476
771 432
221 255
263 1022
361 1099
438 1043
253 928
1067 466
235 188
882 948
503 595
317 367
792 458
317 117
600 1087
435 559
878 702
750 1014
482 1021
851 504
217 821
863 267
297 580
210 436
267 448
940 167
199 645
68 112
533 611
454 1007
169 94
218 778
1019 141
562 799
352 365
920 694
160 72
231 48
57 238
1016 893
99 798
604 960
773 940
583 697
480 135
338 508
258 157
1117 528
496 621
758 787
128 854
219 898
909 75
472 108
900 1081
795 373
607 808
547 49
984 838
77 917
704 147
907 928
753 923
996 863
570 548
181 955
968 1003
551 813
307 582
1032 901
282 756
345 539
676 733
198 201
968 346
864 610
255 890
1110 391
120 672
282 384
915 40
261 254
786 339
641 721
784 963
643 483
963 160
283 379
736 28
611 881
989 608
133 382
32 118
546 983
501 761
326 249
593 12
525 708
404 141
458 932
463 1064
112 910
583 1092
51 765
921 142
878 329
543 173
768 361
722 1054
1070 952
282 269
623 287
662 374
577 236
200 832
134 962
340 798
595 110
742 259
816 837
602 475
175 654
151 955
389 939
955 845
136 1042
510 325
670 344
720 15
139 465
501 425
213 346
326 878
1045 700
665 550
274 521
706 426
534 723
427 734
699 308
802 423
824 365
304 228
987 492
314 896
158 753
994 603
414 1014
563 734
962 863
638 344
875 610
379 460
206 200
452 148
639 631
659 599
452 465
890 306
975 420
679 997
605 286
729 148
159 724
754 1014
129 832
350 465
234 637
244 882
447 596
138 52
383 592
650 514
436 872
419 444
862 136
105 155
283 1037
625 411
681 902
688 960
773 838
522 299
826 451
789 186
100 352
294 557
194 737
795 995
339 1112
491 457
532 458
615 287
771 751
642 654
337 528
595 1122
605 89
816 820
485 694
474 805
443 203
286 224
336 433
843 194
995 681
266 738
1012 722
845 708
749 428
212 405
318 218
812 645
924 786
946 545
65 745
346 90
344 557
380 452
51 527
864 517
435 98
808 263
271 349
767 1077
783 196
815 216
919 655
399 562
681 327
758 481
905 126
244 515
397 711
71 815
624 1008
135 324
614 1006
693 1068
802 469
145 534
184 601
1035 638
326 207
569 494
99 483
462 444
47 674
333 454
524 679
902 156
273 386
1120 183
995 179
721 44
158 566
331 613
624 1048
240 177
860 714
20 677
714 331
249 31
834 366
854 332
180 454
67 350
152 320
248 89
121 184
933 794
871 1031
265 1013
702 339
71 407
226 8
197 826
603 312
662 1044
835 671
247 573
896 751
517 845
313 915
661 383
231 265
711 508
389 167
344 241
1067 497
150 857
53 713
33 698
588 931
367 763
577 877
108 1032
665 188
1012 172
341 238
29 834
766 617
1032 370
257 776
910 637
318 593
470 874
603 413
111 938
551 741
851 29
399 96
718 359
841 187
1016 419
500 405
383 74
64 803
169 813
197 1010
356 609
128 974
1056 1019
886 393
522 596
370 674
986 744
198 459
531 545
341 169
953 798
37 353
1122 830
660 62
1032 1077
820 952
287 275
147 814
586 993
500 985
256 893
949 917
500 432
1007 112
977 333
732 396
607 284
708 712
548 711
742 706
655 395
281 513
677 1051
944 106
414 535
543 398
468 16
121 85
193 927
786 951
494 627
591 736
210 811
312 677
988 397
607 633
484 796
313 544
568 827
135 647
995 583
160 1008
186 754
837 202
513 987
566 777
460 845
633 147
890 140
988 153
130 711
931 744
377 526
513 531
639 824
436 906
864 280
604 1102
653 527
724 702
1053 397
356 562
309 297
842 142
383 22
101 1018
522 158
154 697
693 935
87 439
329 30
540 319
223 210
245 558
911 204
42 613
443 784
17 880
883 433
1003 720
521 836
572 303
728 427
302 147
912 565
578 916
640 314
926 408
935 189
344 917
379 402
544 556
580 966
1020 752
233 964
324 761
865 540
666 915
820 549
650 637
1074 703
458 146
867 1044
95 1010
896 481
1009 747
677 265
365 359
345 758
886 214
455 352
28 658
717 370
598 694
234 1026
80 579
947 713
248 665
666 782
22 466
178 370
360 279
542 311
860 1071
608 528
794 600
1013 984
189 353
887 455
990 984
950 669
105 1001
291 508
468 742
521 790
425 389
629 405
633 806
908 167
790 443
363 1050
478 651
207 923
280 497
645 835
851 110
1072 701
448 504
642 385
613 738
604 190
238 530
193 117
139 606
668 192
734 1031
672 804
767 388
393 592
204 774
97 149
112 340
181 1017
381 856
264 733
180 511
571 939
800 147
686 1081
114 293
50 747
239 502
1001 878
847 397
199 416
596 1069
818 596
228 619
43 1034
70 754
221 990
299 900
950 447
807 295
532 776
727 485
99 397
671 612
109 1026
119 548
501 820
473 162
1119 1081
144 46
963 488
1024 941
473 168
683 762
693 1020
952 951
172 779
512 617
1065 785
1017 791
603 896
835 976
1007 178
623 365
466 997
649 774
226 1083
666 113
357 612
260 746
56 1061
180 1043
220 618
780 689
902 221
38 567
989 1029
616 99
78 1019
253 265
850 385
568 857
818 572
314 902
543 570
1015 826
744 327
714 1009
877 845
674 1031
1108 91
215 972
298 836
495 549
136 423
768 996
231 308
887 831
853 208
388 885
368 533
1108 703
979 367
277 386
392 988
831 185
201 401
285 511
426 190
480 944
402 316
159 991
185 808
629 867
470 128
771 37
345 1079
218 63
739 549
151 998
371 947
1004 77
52 774
375 663
109 145
1108 190
341 334
484 144
1008 899
146 335
764 488
831 127
568 488
858 173
290 779
983 759
408 156
944 967
1001 1030
644 701
1011 541
847 486
395 225
961 768
372 1011
768 932
785 442
959 874
447 600
403 369
490 615
349 891
957 286
734 111
559 918
538 630
797 118
122 993
334 449
724 489
1005 1041
630 381
856 498
524 143
509 356
598 649
241 707
505 746
60 492
160 913
336 607
960 238
177 709
609 170
953 1010
781 1041
963 148
1049 784
769 311
651 148
409 1024
997 413
145 909
350 916
716 35
987 183
839 906
16 1005
448 50
875 200
375 102
407 1040
607 452
239 349
624 560
297 163
837 395
487 425
385 589
233 120
629 353
589 482
832 1084
861 919
866 951
1003 14
466 742
708 749
743 729
512 832
493 1013
556 132
104 623
330 375
281 605
895 1082
463 941
202 894
671 160
311 103
968 888
927 894
589 520
795 98
773 336
1109 46
324 240
795 381
514 982
305 163
272 388
953 989
338 591
249 1009
1017 732
413 836
720 974
237 869
892 845
805 575
799 66
508 1026
213 920
382 632
251 742
324 992
684 144
15 174
694 475
835 422
404 921
654 358
1020 994
1052 124
983 93
1119 619
159 732
234 304
905 661
864 987
435 453
366 694
468 781
99 536
67 909
270 770
441 895
704 373
178 732
1028 256
658 735
112 776
395 193
313 149
754 142
293 1042
618 257
536 109
200 936
612 805
785 248
814 623
688 503
524 586
156 996
174 713
405 100
705 810
1005 935
403 932
525 157
180 191
1001 418
742 802
561 1001
622 47
1096 453
588 337
706 870
822 205
545 546
545 453
1116 733
741 987
812 740
914 1081
963 1001
1082 145
758 745
512 265
113 722
680 435
816 581
686 950
53 182
569 485
1001 650
212 597
255 936
355 85
943 1101
670 822
898 759
223 41
90 543
207 595
949 553
71 923
562 1014
371 868
295 976
683 587
347 523
900 242
91 134
708 862
800 550
754 545
400 884
1060 821
837 246
831 211
677 248
652 463
836 769
1036 229
854 411