485 639
284 472
405 574
15 1090
797 12
696 547
830 590
140 72
342 759
578 1114
454 645
159 778
981 768
485 360
718 921
429 609
899 957
262 629
693 677
604 917
786 472
509 124
730 1076
332 258
768 398
111 475
335 55
655 1015
520 458
646 468
306 28
505 748
858 1063
1055 100
134 955
205 143
441 1105
891 891
100 8
514 869
106 643
679 111
1007 239
187 911
914 1107
276 202
362 341
108 162
728 514
951 205
279 743
646 446
78 803
1098 488
205 650
919 856
285 701
145 323
225 878
807 362
477 890
150 596
736 185
668 638
226 853
150 215
208 1020
755 429
438 794
610 461
798 4
429 966
161 438
151 865
797 414
708 270
464 944
790 583
142 343
1062 341
291 587
348 428
658 1005
337 930
527 772
523 282
469 734
637 914
637 161
536 310
683 745
116 143
359 839
923 285
292 629
1011 323
700 649
330 114
557 555
370 295
897 465
110 195
407 446
780 681
1095 27
596 677
836 529
896 240
1121 957
205 734
315 310
789 892
894 536
686 594
1060 33
679 641
896 873
1105 752
773 561
768 239
397 492
1043 692
475 109
816 614
912 537
724 961
853 328
266 138
297 897
754 116
31 841
421 243
812 949
30 456
292 959
475 943
962 440
516 1093
384 914
717 446
711 846
152 990
123 500
185 917
140 683
884 0
969 131
966 581
758 668
283 234
83 840
132 433
625 570
826 674
196 950
545 162
751 570
129 831
437 166
853 693
104 639
158 542
907 598
536 45
440 1030
114 242
707 511
139 251
658 1114
986 266
385 801
78 625
195 797
151 244
464 885
88 675
810 261
814 152
328 1065
541 411
961 978
1001 1001
511 512
35 981
855 781
597 654
960 972
62 936
162 991
674 609
131 668
345 980
507 131
846 497
1035 721
267 367
338 516
490 769
503 896
406 967
465 272
59 628
905 655
535 917
701 1007
106 1011
1063 777
756 802
668 770
725 340
475 148
1064 387
351 799
684 129
74 1021
811 1115
128 70
524 619
593 434
652 186
41 136
1080 679
1023 304
17 294
862 651
883 870
193 997
306 927
76 7
391 436
489 898
510 632
883 796
361 423
983 1073
889 556
462 696
594 647
600 1005
196 134
610 742
135 948
259 930
360 953
837 762
274 415
317 340
987 709
765 629
576 850
410 662
389 945
625 961
705 200
911 354
393 732
595 536
139 840
494 211
422 417
934 992
791 651
751 450
903 653
951 940
699 658
441 818
326 807
307 894
622 703
18 355
1004 509
1047 1005
1022 511
579 500
820 256
638 673
749 470
954 112
168 148
152 216
144 656
906 1101
183 857
899 125
191 232
514 1112
1078 355
795 1068
936 587
943 218
858 118
596 806
429 861
221 10
1087 708
619 738
641 199
788 961
228 845
108 386
350 539
794 681
457 199
770 604
570 308
667 256
864 707
434 342
461 531
352 557
820 453
1031 418
732 601
946 644
978 205
927 536
114 610
265 914
922 719
501 131
706 761
682 826
142 119
797 281
438 446
180 783
408 1054
294 302
467 545
231 735
623 855
421 3
354 1101
944 770
34 548
381 877
961 426
519 208
408 578
287 673
160 243
813 460
605 856
203 368
525 275
1005 270
676 332
124 975
152 37
36 472
947 366
799 738
351 592
698 521
899 322
576 739
723 921
542 979
929 572
735 462
754 30
206 411
685 539
479 576
955 1059
532 414
659 486
136 358
141 394
8 579
901 722
264 231
1048 835
453 174
46 784
703 820
554 586
958 989
735 534
940 227
499 451
648 738
397 640
798 259
369 265
1088 539
631 186
55 520
949 537
157 735
458 1021
30 789
1053 102
1083 358
288 60
620 373
168 600
647 486
768 409
104 356
245 114
291 762
658 880
426 67
628 439
261 655
744 682
739 379
371 166
710 500
593 1043
177 252
66 608
793 48
470 1015
368 299
631 237
892 242
184 123
149 899
667 487
815 552
548 609
475 784
916 165
879 539
639 79
718 756
137 1069
328 753
674 560
156 229
545 929
338 118
255 928
801 941
500 357
494 18
1085 489
219 410
928 920
437 464
173 628
428 548
325 599
537 925
352 254
977 1114
2 439
174 460
173 417
1095 1108
150 986
490 688
177 168
670 961
919 539
680 760
238 461
817 1002
735 294
785 1039
284 602
608 557
705 87
21 212
672 651
541 612
217 846
736 117
19 137
278 396
577 1122
202 255
956 697
646 209
829 407
610 552
730 234
263 395
784 169
628 1003
471 427
717 938
132 626
142 959
455 84
352 166
615 988
886 740
686 503
147 342
616 948
692 880
174 233
692 666
598 981
1075 258
250 137
623 1073
353 912
507 762
761 78
979 101
215 1092
69 115
768 304
213 986
425 690
100 714
912 1098
144 388
779 770
501 994
793 391
505 301
311 431
1050 778
146 769
680 450
811 430
829 276
510 524
586 582
1062 998
480 816
756 616
639 365
943 857
867 916
28 403
122 698
462 535
52 736
532 246
996 370
905 124
102 426
752 562
643 488
777 972
841 247
130 1116
234 385
978 773
104 243
527 318
121 1053
862 783
784 91
824 402
481 145
363 669
763 301
698 147
981 58
216 828
89 1101
310 204
346 484
996 968
365 361
74 455
128 482
1119 834
534 196
226 896
468 230
55 588
366 432
140 231
808 44
349 576
706 488
165 211
788 770
261 301
533 605
569 1096
788 785
490 1109
879 872
807 392
1033 135
543 285
348 623
554 759
865 286
1119 872
988 560
117 964
1093 162
310 888
521 312
792 648
345 398
613 146
769 108
77 879
937 813
458 755
924 388
992 1024
544 141
38 765
591 395
388 204
532 393
317 636
565 652
47 319
131 837
617 917
565 508
114 958
518 675
672 872
53 886
974 590
598 390
249 317
498 598
900 287
486 356
483 659
574 459
711 476
468 199
239 870
21 857
340 383
221 460
585 574
258 412
669 357
675 165
546 917
254 370
1055 312
418 982
377 879
45 808
242 8
408 508
93 569
934 590
1009 890
421 178
301 618
148 368
1083 919
246 747
232 556
1046 219
16 957
630 426
725 535
779 961
405 194
264 516
509 596
327 324
656 372
997 190
300 787
106 766
658 596
240 577
787 300
40 247
810 855
1029 296
809 396
253 307
93 940
514 802
757 87
810 674
293 248
806 871
430 867
698 430
192 253
896 340
619 822
79 701
819 686
985 1112
827 285
426 252
1009 117
823 728
271 637
1058 208
243 205
752 902
267 640
477 233
879 1039
327 954
121 258
1012 283
114 761
188 191
461 467
737 494
1120 163
320 500
898 751
1089 567
180 378
1020 962
211 915
742 433
398 605
564 820
611 552
784 357
815 610
111 266
662 781
739 763
404 570
159 1090
549 980
656 318
703 391
572 35
390 452
210 152
256 981
1000 1104
850 87
954 150
946 383
323 477
374 956
345 107
652 766
612 436
386 769
621 394
928 287
450 593
925 59
522 577
499 544
489 977
911 176
672 592
679 761
120 737
821 232
367 552
835 506
387 560
704 486
19 681
63 359
523 933
630 146
849 533
258 742
276 1002
800 108
419 476
810 376
667 766
803 1042
908 1069
259 500
22 416
103 951
235 161
941 230
554 262
219 666
592 891
1057 975
498 868
270 221
567 922
339 501
212 60
536 742
531 718
511 246
262 547
223 668
62 444
400 552
814 782
858 210
485 609
312 643
266 315
610 640
1055 486
735 470
711 1061
580 652
723 690
199 974
552 250
432 189
253 186
917 1010
372 225
869 579
833 159
359 354
463 636
291 936
297 577
920 691
65 734
647 1068
909 1058
111 1028
696 939
1026 1089
1042 77
788 204
1072 378
162 795
862 753
666 4
1034 873
856 494
688 564
967 708
261 145
353 238
784 167
1012 635
411 770
910 999
548 534
710 417
992 449
995 381
581 1104
501 495
258 528
107 408
1053 430
949 563
958 101
482 505
159 390
896 415
751 897
794 523
239 192
77 340
791 108
847 111
108 1098
300 823
223 437
195 256
10 398
936 663
405 642
699 119
132 52
236 762
1122 269
751 11
477 689
851 753
431 246
390 341
145 582
284 223
138 354
680 541
422 875
1002 664
1010 690
178 363
198 141
452 996
124 110
726 15
191 1072
406 321
815 436
624 885
1028 428
619 693
627 861
866 466
849 1023
61 221
183 1082
264 615
877 155
177 221
509 1048
533 553
576 907
0 1062
800 687
821 1104
610 485
266 948
443 945
857 1094
316 877
723 1040
181 290
798 710
897 291
661 396
706 789
373 845
1059 357
788 270
266 513
389 4
927 600
738 869
456 828
757 419
199 251
339 904
684 629
858 1022
1037 283
286 411
505 318
831 236
395 1064
733 704
257 863
816 1008
455 621
785 123
705 773
62 527
801 729
953 1004
619 1018
126 780
724 733
754 176
515 339
906 303
486 572
69 129
404 706
118 798
835 397
577 915
881 159
764 664
773 188
925 452
947 310
689 637
676 393
1059 629
271 740
893 574
190 522
347 507
695 898
591 731
407 798
865 1077
968 462
599 763
794 779
886 522
339 116
970 916
959 934
772 185
535 1063
1122 577
583 598
19 853
773 9
987 41
764 651
596 410
751 262
119 834
471 558
666 276
782 892
891 802
462 870
848 169
1029 781
432 436
988 103
693 729