1064 923
595 314
710 265
294 354
273 281
127 411
564 834
325 458
502 594
501 1013
966 739
143 475
773 867
965 872
911 375
405 103
830 648
581 306
320 606
475 761
855 68
830 935
179 649
665 1035
843 698
125 99
480 620
560 1048
637 216
84 304
406 953
980 124
437 678
534 901
216 543
741 183
670 516
670 886
507 709
670 636
283 840
201 228
567 794
181 424
938 804
695 235
993 689
561 884
1050 733
654 918
947 617
503 1018
979 718
967 817
907 535
649 455
119 722
695 22
746 602
870 1115
692 799
119 555
626 1001
969 682
917 309
1053 885
896 452
1113 414
383 883
145 256
106 454
938 659
862 116
1025 1067
609 783
395 472
430 464
925 312
636 688
898 742
969 824
347 1064
672 867
839 873
804 988
692 224
971 995
597 231
134 737
869 704
877 561
520 130
107 234
848 336
482 133
525 717
134 267
944 881
188 909
257 488
309 1008
856 686
641 814
211 524
886 277
821 777
844 408
1037 1005
168 178
759 95
427 1055
275 744
395 729
412 733
673 971
1071 992
853 238
1030 265
309 238
362 682
950 1013
520 308
104 460
862 795
162 819
700 842
870 485
206 865
391 966
520 915
272 357
821 792
11 625
532 535
1069 306
611 487
225 570
845 702
624 352
583 948
503 945
582 865
648 576
403 463
416 1021
722 698
823 161
576 69
480 855
827 172
306 445
475 239
585 909
462 506
887 1014
744 864
920 313
509 237
498 407
935 218
861 166
1059 379
381 619
1014 729
859 785
372 1082
951 249
669 934
939 438
330 279
205 827
686 557
282 526
969 363
340 165
981 282
1094 168
788 254
647 167
360 307
773 1046
5 776
707 334
620 248
126 331
953 797
524 430
223 407
868 67
1074 229
647 729
124 870
484 747
435 264
508 927
639 726
869 1078
72 257
597 290
242 457
1097 1079
955 250
829 982
577 267
883 775
448 464
51 680
134 1079
321 473
202 742
457 240
313 901
772 857
867 650
361 735
218 420
661 559
960 17
104 133
422 491
366 67
507 641
432 608
674 86
192 759
288 255
787 1047
20 229
144 359
368 492
358 143
8 399
746 828
545 872
404 319
648 692
1056 183
619 628
859 330
884 424
586 77
892 121
995 637
87 188
542 672
181 581
224 437
911 852
1 1047
620 79
87 363
601 1080
888 570
568 834
749 325
872 183
522 165
896 608
450 340
841 129
783 486
492 412
1034 1019
441 185
973 679
874 967
895 113
771 577
673 1004
139 152
972 687
414 619
297 455
803 694
51 718
564 444
280 1063
140 250
492 262
417 1094
605 341
187 773
369 442
449 234
643 949
330 669
818 137
254 910
1064 667
653 706
964 820
779 967
776 243
45 934
397 391
776 582
515 888
152 419
756 172
999 0
995 893
222 378
502 89
252 531
88 840
78 852
220 163
222 1056
672 1074
471 190
502 1051
488 957
681 296
615 369
160 918
861 391
482 301
848 343
896 67
528 422
1017 757
270 783
990 1112
917 624
187 460
690 1013
558 117
138 309
345 413
514 753
637 950
771 242
495 684
1062 311
259 930
270 542
858 205
309 796
119 956
316 360
137 426
198 765
318 562
994 501
315 721
55 213
354 952
897 520
277 482
970 177
295 617
927 786
30 789
643 1094
718 577
299 917
105 170
635 30
558 5
449 519
642 153
584 584
749 772
1031 96
1083 184
1123 125
330 392
865 187
622 919
24 203
844 409
794 442
652 806
425 480
411 397
461 51
574 398
916 1028
541 925
637 898
584 277
856 165
855 339
829 833
979 985
228 417
212 525
353 415
235 487
793 512
321 1042
583 189
256 665
587 119
131 22
447 168
357 225
275 286
89 966
744 877
468 743
824 418
148 570
184 1017
233 482
1 402
649 38
24 914
162 161
700 899
976 529
870 865
741 517
827 573
342 642
828 228
1048 900
594 707
755 285
632 593
691 936
602 669
125 519
771 728
174 142
945 701
429 315
940 341
848 616
312 1048
816 207
423 1072
1035 954
211 736
661 9
1111 193
422 1017
1005 852
546 896
979 276
169 568
1009 333
933 1043
826 804
771 1017
946 1076
348 859
204 970
306 339
900 394
804 166
687 616
1001 1079
1008 478
983 535
678 723
30 776
892 603
527 677
961 997
773 755
465 732
668 156
479 983
664 660
811 453
649 199
1078 246
439 719
621 825
974 732
451 732
289 198
370 270
243 308
807 217
885 740
1021 970
445 108
87 771
672 392
378 350
303 244
626 867
448 713
379 270
912 1003
510 116
574 345
956 131
88 467
718 655
196 436
798 917
540 219
714 626
117 116
128 725
342 371
329 821
157 640
529 516
931 376
358 325
364 1113
384 7
185 100
641 385
956 964
605 576
800 219
735 767
414 353
957 883
590 548
489 583
721 699
633 366
998 259
933 886
563 686
1007 975
199 596
391 374
324 939
352 1011
766 202
950 320
674 600
856 390
1018 399
553 728
739 392
202 371
779 662
998 337
1050 320
305 841
481 252
810 965
130 624
16 213
792 668
155 879
14 384
835 533
514 665
833 888
514 818
716 498
741 375
910 414
892 248
903 447
622 793
689 1014
865 974
406 271
923 939
594 114
931 259
285 225
977 301
520 351
393 230
919 1010
1031 499
579 321
540 701
855 157
513 803
868 387
499 651
888 201
1053 237
944 802
561 516
270 121
974 979
184 956
647 428
259 816
376 914
838 166
995 967
331 825
280 419
139 52
437 1087
704 1067
793 721
623 118
761 946
230 739
0 528
820 303
900 712
200 703
577 275
895 820
412 1040
881 187
232 910
366 606
78 498
372 861
823 784
604 791
70 558
101 746
624 815
357 123
993 445
1038 552
362 136
818 84
624 636
891 75
203 763
1041 907
606 566
414 107
812 833
955 974
927 422
948 204
293 439
969 612
921 855
1117 945
506 117
684 107
291 998
456 272
1094 958
904 428
979 584
69 276
729 273
737 961
619 317
641 383
552 667
925 757
91 100
29 965
761 835
723 484
430 998
88 564
147 284
847 838
592 1097
112 353
237 521
452 681
663 543
1013 989
897 546
553 1012
520 468
471 414
711 283
1037 773
936 867
698 944
7 289
1039 107
601 545
713 870
1027 970
538 814
356 274
505 440
823 938
181 642
245 6
689 208
615 798
912 599
668 182
792 564
1007 838
1014 844
23 352
375 351
157 412
394 518
1120 1118
179 341
850 976
854 799
843 85
229 388
508 896
802 417
435 117
873 372
691 739
238 399
307 768
354 24
968 1069
719 605
272 266
436 988
476 1021
750 539
765 903
313 512
233 574
618 173
350 986
589 396
662 575
337 221
798 455
754 952
635 1011
643 1096
252 930
613 629
508 408
567 302
750 300
647 740
879 162
20 643
942 173
652 815
882 344
185 734
993 525
335 104
405 712
29 624
430 73
229 234
599 277
135 478
422 388
229 107
990 825
375 616
546 228
375 877
336 182
668 314
101 217
802 592
109 188
309 750
1005 106
163 123
443 698
588 839
498 345
541 297
202 393
993 741
665 89
572 398
454 529
404 18
229 159
1073 851
496 193
67 231
894 877
1073 540
106 272
557 262
393 736
6 271
614 604
493 900
297 212
828 627
927 641
28 891
394 698
965 616
449 821
155 228
941 57
526 169
525 628
557 708
964 290
1080 1042
528 753
483 781
75 635
992 907
658 564
447 766
574 1006
391 231
467 793
385 656
418 438
474 533
402 1103
730 273
742 192
635 13
973 1020
535 645
388 968
894 144
888 332
455 854
368 199
157 729
207 672
829 448
258 716
389 62
1050 1032
731 220
572 233
967 287
424 1050
174 566
877 418
295 409
996 539
727 1103
577 65
144 976
849 487
699 365
599 612
631 947
335 775
768 134
739 110
212 336
72 283
478 744
765 242
988 338
870 100
547 749
278 138
361 20
422 573
599 767
808 869
936 122
827 692
317 472
771 822
874 551
724 1093
300 676
256 846
788 625
303 912
263 389
302 451
591 739
529 801
810 765
667 184
344 955
930 120
430 456
1077 297
337 620
1078 674
576 688
586 913
174 30
1082 203
1067 926
784 771
1001 1092
491 541
42 321
352 260
79 670
752 443
287 478
496 559
81 702
277 436
411 437
152 543
988 787
284 916
127 300
1007 714
673 714
491 594
880 368
471 1008
893 813
268 686
489 499
961 561
562 334
951 707
35 217
218 692
557 449
564 113
1004 179
734 768
478 1048
376 156
825 389
1002 935
307 1000
671 1114
566 839
1073 278
717 719
318 609
618 104
801 326
457 7
307 310
684 1094
305 213
200 1110
717 879
619 583
832 1008
279 708
461 18
771 387
455 317
440 393
791 169
1046 808
190 701
663 238
962 998
472 1043
877 514
775 940
448 268
892 173
324 464
147 605
129 467
409 918
780 0
828 900
1103 975
149 767
844 275
449 856
876 999
781 452
540 335
259 578
440 2
739 272
381 530
421 1022
547 420
830 502
647 552
914 126
396 240
266 855
192 173
1070 319
666 163
885 767
454 595
292 100
489 685
311 392
371 126
119 759
989 528
1095 557
187 322
945 606
458 319
713 762
345 403
519 122
798 386
602 365
776 532
370 849
822 372
470 189
685 890
631 419
915 635
773 508
28 911
432 813
296 728
25 300