413 1007
340 110
834 1052
859 810
455 980
895 722
285 1018
772 358
347 770
573 210
547 474
520 425
682 279
837 690
277 10
452 309
642 159
198 631
816 621
621 925
875 804
528 680
42 190
686 230
951 451
553 170
257 701
213 574
189 941
473 893
906 602
598 588
660 169
798 639
481 839
764 936
771 185
857 446
168 285
890 862
480 993
224 626
969 24
526 105
304 739
746 516
832 285
198 337
764 757
294 148
513 764
198 106
965 481
436 1023
738 730
415 921
723 452
1122 938
642 1074
896 172
870 695
736 114
404 961
1055 234
605 617
476 445
405 309
629 404
908 525
167 677
157 828
503 924
441 453
551 9
308 777
74 923
416 763
99 875
952 398
579 960
292 495
122 795
870 325
599 690
282 291
940 837
834 628
953 943
964 217
407 693
1082 293
343 485
100 926
91 422
102 370
537 1004
122 815
287 800
832 147
86 593
758 868
138 539
1019 286
189 123
515 556
842 727
280 1086
497 938
484 649
657 631
581 707
721 450
1056 304
442 809
357 135
305 478
937 617
265 687
823 140
239 551
520 901
360 919
519 365
859 258
821 955
715 90
972 123
531 574
615 505
925 682
382 649
515 737
442 17
752 352
961 899
523 765
686 267
914 496
784 312
744 371
681 723
210 167
149 572
603 152
880 724
775 510
633 887
22 413
1112 206
569 159
522 105
601 453
893 310
430 1027
873 504
530 440
199 4
815 871
839 674
833 886
998 585
920 472
375 366
125 286
222 748
539 436
283 424
1057 355
331 238
1022 281
398 1061
368 409
237 533
360 1068
126 532
481 465
337 830
960 830
545 427
284 749
603 1007
862 307
1019 423
887 1091
290 874
488 404
514 717
890 556
803 668
903 537
932 231
292 273
694 287
847 307
644 834
671 676
593 157
74 88
905 718
320 972
557 678
390 865
417 342
968 760
902 673
658 342
426 842
156 206
292 879
1005 162
163 164
642 523
307 942
679 183
256 553
294 166
156 389
254 187
386 810
466 952
649 696
595 495
148 708
326 318
1114 56
258 111
647 132
601 399
163 211
958 1014
457 566
934 889
383 739
946 825
286 588
1036 699
500 164
753 1119
1008 631
523 652
809 420
783 141
439 383
648 316
811 1010
357 105
568 327
777 109
361 134
137 647
954 332
95 425
825 241
787 800
410 427
669 384
82 856
754 982
799 351
968 862
848 245
693 397
756 799
405 424
564 150
899 731
765 463
773 611
631 285
579 652
249 386
986 302
446 1022
476 1087
806 298
283 359
323 571
167 395
570 552
404 598
405 652
8 861
518 829
595 486
372 136
968 682
449 426
812 964
217 637
862 103
112 297
618 767
1118 1093
961 671
647 333
332 923
729 846
456 840
468 252
142 381
889 289
234 979
149 364
825 565
296 445
1054 406
678 569
866 974
175 610
621 348
740 590
979 546
918 966
675 1086
504 507
252 6
377 187
881 510
637 565
308 955
1075 167
134 281
948 738
741 891
697 514
49 767
600 952
696 658
196 220
1113 729
676 568
743 706
1019 340
517 308
582 538
149 237
900 546
572 1018
1026 918
777 1095
240 773
567 284
1004 591
419 339
408 886
570 592
977 569
985 576
904 1011
911 839
935 342
1008 678
160 85
690 185
464 521
969 330
1013 365
822 1007
680 357
640 971
494 126
374 783
278 850
884 883
253 659
981 127
639 268
712 347
274 523
631 642
113 471
484 77
183 446
501 524
797 632
935 485
989 938
181 1055
976 970
611 222
994 994
288 474
229 278
359 403
866 778
595 637
965 457
120 6
651 219
462 601
950 720
720 617
748 677
136 270
512 251
1005 206
446 456
856 612
576 233
21 650
530 987
782 686
885 860
204 229
466 260
296 363
24 287
851 1116
675 822
797 159
565 91
408 711
891 557
934 582
1093 628
668 868
433 452
744 997
748 632
500 660
699 585
603 125
428 1023
764 520
652 771
830 472
368 1074
1015 540
1109 1011
464 995
412 395
349 380
871 943
665 808
144 421
980 784
679 481
47 121
955 835
691 565
703 532
945 169
832 446
262 661
115 175
416 178
800 169
832 410
855 131
385 890
619 107
280 765
198 571
1004 667
268 627
520 395
384 101
664 883
216 429
465 462
832 361
701 775
1082 510
473 338
873 809
104 547
643 541
104 264
81 833
858 118
775 976
164 883
778 970
297 318
992 870
1116 405
299 732
334 120
67 765
33 1120
589 198
22 241
834 290
980 642
1072 219
753 434
575 162
369 1106
741 76
102 492
597 593
956 357
511 975
189 335
498 386
1070 955
1089 550
379 235
395 451
836 1001
129 751
234 152
486 247
533 659
152 132
790 196
696 471
875 199
676 216
369 136
174 622
574 316
917 528
559 1044
301 668
952 610
873 359
779 367
261 661
566 924
939 937
1025 693
792 351
1014 493
831 441
434 556
108 842
667 504
394 874
923 983
171 173
985 24
607 162
1101 243
676 518
918 215
936 820
495 852
200 1106
165 502
186 0
264 113
980 247
267 553
879 351
445 665
941 347
181 660
131 801
745 847
458 841
795 74
1122 250
400 988
866 534
193 104
1023 167
1019 370
385 881
957 665
808 1013
551 104
736 91
1058 345
1091 874
933 510
384 816
331 124
122 615
1012 495
731 144
912 471
17 734
275 858
219 799
1112 684
540 179
575 588
423 734
602 1066
118 328
347 810
932 322
561 794
238 754
411 212
881 657
92 256
275 453
472 594
158 758
730 747
627 643
319 355
937 300
971 172
854 576
1058 249
699 449
693 518
1020 897
493 429
247 413
619 132
883 626
978 413
631 484
218 561
987 396
838 1058
851 463
663 476
970 884
753 511
229 501
891 557
411 254
386 425
903 283
995 523
507 614
553 461
707 831
244 1057
659 150
579 997
395 269
276 396
905 99
1026 802
777 80
111 756
339 897
642 835
662 115
371 355
404 369
901 901
706 878
528 440
490 875
464 413
506 814
137 233
626 990
924 973
655 817
845 739
683 608
142 419
995 782
259 449
506 12
335 748
892 460
578 555
776 656
852 303
388 401
574 533
310 412
855 518
330 990
617 772
1022 21
404 1008
237 82
243 679
852 935
621 656
800 489
1030 1059
718 335
327 962
979 466
890 657
1006 164
1115 789
995 679
999 893
1117 616
958 340
467 938
654 353
588 289
873 874
586 261
580 665
524 655
553 639
144 345
391 515
387 912
640 515
789 787
1023 247
601 527
194 245
253 768
286 629
84 530
969 209
1121 168
877 754
900 312
706 913
516 826
928 1044
459 448
782 216
543 481
905 1050
753 884
354 425
622 559
390 885
627 898
1015 781
601 373
295 201
161 1074
962 279
564 486
6 108
511 548
973 1029
1107 454
446 398
950 622
492 158
974 45
759 40
404 514
730 667
566 691
783 1107
654 614
833 834
397 16
351 691
263 906
821 831
580 608
224 540
680 773
146 840
427 477
819 1004
155 856
921 201
254 528
830 908
556 346
680 793
881 1110
892 656
769 755
383 161
154 248
485 393
86 467
1019 260
618 941
387 909
296 1040
606 795
953 897
1006 152
872 1049
493 671
554 128
581 940
530 320
641 970
338 602
787 320
435 572
911 818
352 666
787 72
450 236
560 421
438 354
877 35
486 361
313 320
961 522
250 432
945 993
260 706
266 493
936 934
678 300
246 283
282 812
384 317
657 289
727 163
298 577
893 321
212 849
29 863
574 989
376 907
708 333
881 954
435 668
782 39
46 264
152 557
653 411
352 285
830 887
1051 1052
1014 787
592 972
21 923
151 109
936 130
261 778
129 340
126 903
674 324
415 167
92 266
797 700
369 250
301 633
314 898
452 1121
688 326
201 955
787 528
721 843
520 127
1015 955
713 990
261 804
127 472
358 17
793 681
917 837
462 96
125 1110
142 588
122 443
645 917
788 440
853 276
58 482
869 542
624 992
626 212
877 112
645 572
843 779
752 717
1064 744
942 534
270 128
547 871
293 680
216 661
460 651
612 18
241 536
614 997
1066 519
419 1052
141 776
540 217
498 574
472 607
310 897
790 921
682 883
565 152
397 885
418 501
231 137
165 114
504 734
825 765
1000 411
849 600
303 543
15 633
839 594
107 888
1008 773
1041 369
155 185
235 592
379 677
762 828
200 733
517 284
22 915
447 826
401 941
989 328
154 187
334 286
774 526
762 572
636 98
676 277
324 387
1071 858
1109 585
1096 281
539 556
940 245
379 383
416 161
615 254
464 114
662 39
632 307
887 636
278 693
787 44
730 991
213 342
626 112
773 682
613 769
897 162
317 553
695 367
555 892
273 495
945 632
875 382
404 289
738 450
880 268
286 396
185 598
658 382
510 167
529 134
647 207
644 564
160 702
114 9
544 500
371 367
9 1058
481 745
511 847
911 137
497 857
115 862
1097 658
451 983
954 45
771 778
1047 740
877 283
324 828
788 376
846 174
581 260
102 871
832 655
748 550
114 889
471 979
828 1026
403 330
532 1003
611 291
609 473
207 713
644 749
715 652
1093 894
440 1012
735 882
573 1111
336 869
303 13
860 507
161 881
688 947
333 777
741 370
544 672
693 681
606 95
14 277
862 917
877 867
360 227
761 325
110 730
137 304
367 617
1011 116