163 787
745 400
296 196
539 1032
851 962
990 1001
420 952
432 551
278 612
375 149
781 904
1085 526
387 124
1037 766
783 355
733 524
912 145
916 188
140 756
819 478
588 786
391 415
138 169
730 140
211 486
410 669
692 672
941 332
864 1104
23 481
160 185
420 1037
899 723
402 240
1078 142
362 366
762 314
325 995
718 427
977 533
190 450
213 1002
929 87
242 665
108 623
1003 89
548 551
166 520
905 323
819 480
792 251
361 1122
304 777
128 432
1001 877
267 620
607 705
974 387
312 532
690 582
840 480
175 764
524 307
554 709
951 120
871 1115
747 541
869 1120
470 616
928 256
140 610
363 615
701 550
751 105
39 319
383 520
559 637
477 772
888 236
119 73
1011 715
334 936
951 1003
440 714
426 317
333 353
406 757
313 671
220 415
247 491
404 1077
319 722
977 271
907 59
653 881
471 285
539 290
1057 759
389 319
336 541
210 1100
623 532
183 862
189 587
12 400
517 786
231 533
116 74
711 778
19 169
179 240
145 813
1072 103
838 334
1117 672
1104 811
632 360
719 496
587 193
1122 613
943 2
1035 317
903 411
857 537
404 194
316 309
181 243
161 476
944 592
334 29
1094 165
363 997
525 948
691 624
914 613
6 275
173 766
672 349
282 1071
821 606
837 819
478 754
899 379
819 915
208 345
313 535
329 482
411 810
433 350
100 159
404 376
705 767
431 588
812 855
204 826
338 115
209 633
144 669
390 977
927 252
491 613
104 205
667 463
563 913
649 544
299 167
640 1072
393 846
225 498
39 1045
775 1059
759 470
593 306
412 864
337 453
433 1052
530 207
649 664
699 974
119 162
915 458
1070 686
754 756
979 428
131 666
17 986
1068 413
364 473
456 838
969 832
481 598
134 895
324 607
942 673
553 840
943 150
611 579
407 439
823 575
839 572
613 747
946 1007
520 304
1029 50
708 519
720 1010
605 716
272 491
1078 572
341 1040
450 932
803 126
331 372
204 347
402 577
965 155
940 621
954 130
606 1060
786 617
480 289
295 648
357 89
404 166
625 109
352 794
668 527
539 512
307 323
439 620
694 921
54 399
255 297
313 370
413 662
635 408
325 352
103 297
126 667
203 603
893 174
662 557
193 519
3 62
258 275
127 488
332 978
456 575
1091 518
727 719
1067 495
256 605
844 841
744 499
272 730
599 945
243 274
959 1104
456 21
952 334
599 378
972 70
713 331
481 819
871 1004
581 416
300 704
330 1122
684 167
482 132
817 485
482 335
1062 884
458 742
262 522
236 241
35 1079
134 399
968 846
1067 533
913 613
337 133
73 126
251 845
818 254
638 740
902 835
298 990
723 331
265 311
823 558
708 207
262 820
468 148
714 456
328 955
163 629
828 815
464 878
460 528
871 1010
242 858
142 374
281 6
35 191
699 689
707 768
45 655
751 95
64 730
735 578
31 544
460 231
359 678
128 187
22 289
1004 385
152 633
942 682
1074 366
25 233
896 604
495 263
517 986
383 396
722 135
762 265
287 503
690 3
1024 488
554 523
655 16
758 403
662 681
211 326
128 960
16 770
968 838
661 789
602 159
443 382
400 841
567 532
526 493
220 688
345 71
141 177
701 647
327 1049
182 509
875 527
749 162
573 765
492 164
188 882
114 945
1026 961
131 414
920 143
819 150
467 982
569 716
634 534
135 867
940 650
559 50
406 596
392 669
238 584
890 786
1018 312
115 396
134 146
1043 979
1060 1015
762 636
798 191
64 212
177 470
172 168
1090 1005
729 689
965 412
69 313
840 1015
827 401
431 30
784 442
90 275
168 107
228 1056
831 184
840 303
429 336
769 144
586 1050
304 518
587 182
792 489
1088 830
657 19
1015 854
984 618
320 364
102 811
395 124
736 811
694 897
211 817
466 330
748 575
340 475
491 737
79 468
254 131
837 947
689 1014
119 904
566 663
29 704
881 362
578 832
581 968
775 590
270 653
158 127
28 1101
782 364
660 390
300 307
408 441
300 225
421 516
153 612
815 251
66 318
965 962
375 191
681 318
146 967
569 330
817 485
1084 1057
432 28
436 600
938 166
853 303
558 401
1006 120
535 906
1013 858
475 800
585 528
848 624
365 270
1028 229
1059 367
131 345
432 719
286 418
467 348
273 42
342 401
801 458
924 970
87 579
153 319
48 45
164 348
919 812
135 648
419 1104
914 327
188 36
610 701
108 902
376 980
985 103
779 287
830 723
640 225
1067 957
155 421
325 996
885 1082
850 762
862 965
440 722
591 152
749 19
1016 191
662 683
626 991
1083 262
765 550
714 340
130 166
186 876
266 968
523 534
685 109
235 947
749 509
140 446
319 265
444 845
415 541
604 596
220 431
1021 77
468 427
363 503
431 560
236 685
1017 186
104 652
630 641
201 974
484 814
613 65
586 709
914 123
919 73
474 15
613 569
232 646
568 574
803 129
303 982
744 525
783 532
665 610
545 827
148 852
802 553
909 766
794 402
1048 61
879 800
601 1054
404 1038
917 109
912 542
216 62
691 644
416 846
875 542
438 973
567 972
436 123
599 565
1098 562
218 119
1084 68
399 704
287 453
242 494
778 1045
881 659
924 914
410 156
827 376
524 852
348 410
277 767
1009 153
356 1025
322 338
458 575
528 53
1114 871
886 546
774 827
113 316
225 398
790 745
267 1036
57 556
643 965
561 459
951 103
787 515
249 1024
424 775
697 815
602 311
155 636
676 223
601 1017
976 756
446 684
581 422
473 137
514 1031
770 729
935 182
1117 583
738 381
559 15
244 522
364 850
484 116
1113 115
1055 267
333 628
913 453
143 161
391 823
404 537
439 60
304 817
864 252
343 941
806 815
943 1085
189 65
876 557
364 786
59 401
1013 734
731 433
955 1122
883 1031
803 1022
365 1000
702 826
524 545
166 69
889 781
935 390
276 893
893 564
576 618
172 570
623 1121
528 519
180 946
389 487
732 660
353 616
332 957
936 1033
167 496
704 56
940 938
46 384
455 555
971 204
627 688
971 407
820 832
763 165
695 599
969 1012
401 678
649 984
497 447
886 56
348 504
986 325
428 144
545 804
769 840
387 210
134 167
1057 711
730 31
186 532
571 390
846 68
60 681
227 635
729 102
398 135
1074 244
595 1062
1110 3
105 837
409 266
910 1083
776 824
926 576
644 946
820 978
557 851
636 256
323 897
695 630
101 154
673 1023
576 861
889 163
1074 528
911 614
1021 907
538 610
127 330
354 860
476 577
43 390
48 296
267 475
1104 31
26 628
442 836
856 144
100 1088
271 978
458 1018
793 468
590 45
720 15
626 453
101 653
745 275
582 482
382 723
723 135
1076 1055
154 280
685 505
962 748
463 774
745 315
654 148
881 205
385 683
684 999
204 913
231 312
948 433
169 476
198 471
572 535
1015 566
876 463
634 918
518 290
379 790
128 151
1096 718
702 829
61 667
323 228
48 470
944 711
581 717
705 197
931 599
335 178
56 767
621 252
73 784
390 636
1023 984
106 431
575 520
616 1033
31 734
1083 430
169 702
392 638
33 773
820 283
252 723
66 641
829 46
987 269
800 110
297 729
953 944
36 448
1040 959
1110 806
142 353
114 956
958 494
640 419
564 33
915 377
808 818
750 428
549 864
160 581
740 858
239 470
602 276
570 733
686 583
1106 233
383 865
254 184
278 528
390 1000
37 925
966 936
224 229
1052 784
609 328
126 813
245 555
63 820
861 24
817 308
355 526
611 717
372 754
729 376
991 970
316 809
1020 78
538 914
269 825
562 182
762 130
1091 399
339 731
715 488
714 532
667 623
500 252
401 552
890 886
117 1015
1018 230
456 602
194 174
741 838
228 690
633 601
153 992
1034 51
654 463
626 282
662 335
753 653
128 659
100 847
647 602
892 921
847 301
964 598
156 659
469 144
64 431
538 782
569 745
966 286
421 864
669 1009
255 674
972 485
376 1006
100 262
439 603
489 231
1006 548
382 624
817 377
868 608
995 1055
732 348
1017 1084
189 730
726 118
282 407
390 714
743 279
423 156
793 602
943 1038
592 188
726 660
440 107
750 200
552 95
596 890
1014 502
1099 14
570 559
1048 506
426 965
315 346
233 340
253 215
780 708
648 851
53 699
788 358
849 851
697 776
900 524
130 528
322 772
386 378
217 869
243 212
365 491
303 521
644 429
281 450
195 192
416 281
292 529
300 385
177 810
153 1088
1071 906
450 737
839 770
1008 241
14 803
238 793
84 745
957 800
187 808
235 907
967 161
1063 168
509 756
428 44
23 311
662 453
1071 6
629 517
813 795
671 507
669 852
914 437
437 457
237 1115
726 758
788 325
929 895
344 1007
300 219
791 306
429 1037
667 914
311 848
714 29
892 628
170 283
594 219
280 94
953 875
979 810
1053 743
602 693
215 989
725 117
761 1053
1015 665
586 774
268 507
931 274
316 273
668 854
218 920
1098 1061
901 1021
1049 715
848 754
984 507
986 614
499 264
421 393
940 599
467 233
854 148
434 509
895 1001
179 200
421 649
589 900
887 151
818 376
572 190
866 797
435 650
1053 797
91 441
918 172
910 556
466 779
522 447
662 746
35 560
676 1075
607 715
115 761
1054 730
854 442
753 869
154 786
270 1050
938 100
825 363
864 871
741 854