122 1002
832 1116
944 688
429 982
735 715
1038 827
130 290
940 673
945 696
583 1105
68 771
923 221
635 103
453 806
801 442
857 153
832 1015
740 1007
237 180
56 403
296 1076
998 926
1079 112
136 260
516 119
1112 212
461 860
152 335
890 686
827 807
825 38
211 244
898 595
476 174
324 86
252 989
746 642
1004 946
372 712
598 690
29 328
312 306
1011 555
873 80
864 175
194 866
16 607
127 897
511 197
102 1063
398 167
1064 328
268 833
134 925
1000 880
563 775
735 947
135 719
191 1004
1014 792
1006 780
850 264
175 567
401 102
812 226
980 419
862 1007
932 342
1013 303
382 845
371 280
1077 935
120 383
621 539
569 203
747 813
281 708
1043 183
1063 201
910 1100
292 741
588 388
305 231
592 597
836 339
922 923
710 308
85 445
909 244
698 246
616 876
32 1066
457 297
893 312
909 842
896 316
555 151
840 355
368 460
212 321
1002 296
452 642
193 160
939 768
422 955
814 1099
919 1049
717 366
665 240
168 1041
978 980
708 955
552 236
166 119
991 630
608 967
848 923
99 216
441 829
304 1014
655 827
1009 766
362 1008
534 673
434 458
188 246
405 670
931 148
921 704
304 859
549 878
184 265
777 662
158 919
925 390
470 667
264 732
692 258
903 684
483 874
365 928
770 528
658 548
1123 654
785 985
757 578
271 836
40 797
924 794
31 148
885 996
839 580
351 645
853 180
733 226
449 1020
129 624
1008 389
1072 944
846 976
618 607
269 924
772 1090
721 452
403 450
685 966
1026 702
253 889
731 385
509 861
978 632
774 610
277 84
543 50
580 207
682 899
857 602
416 689
247 1062
345 677
297 1052
16 1040
286 636
658 675
197 342
965 971
267 600
671 809
222 533
232 55
1119 134
173 719
299 498
678 770
518 859
854 113
924 491
16 409
762 902
544 139
864 236
187 774
559 776
821 916
707 744
785 271
128 545
986 603
775 64
903 862
646 331
830 864
266 35
117 139
758 818
657 487
378 173
425 527
1101 445
586 817
417 469
484 228
204 349
572 818
960 637
691 780
689 568
839 827
484 594
551 657
7 800
660 352
58 765
854 560
614 700
792 427
454 511
727 423
996 241
561 152
230 156
842 303
1100 762
787 408
703 608
398 554
316 639
977 1053
581 839
649 821
35 293
449 140
883 619
84 139
440 374
364 55
120 1035
332 609
369 393
492 631
131 565
818 931
534 152
388 969
386 340
1036 551
47 895
559 469
413 795
658 983
999 575
61 1078
500 990
898 727
917 114
797 898
693 979
540 803
202 619
581 647
736 232
94 776
755 1020
865 723
165 1007
233 214
952 723
588 735
913 751
474 511
631 798
481 806
735 214
594 212
1023 725
1008 260
927 431
951 799
339 741
1023 272
788 206
497 66
200 117
357 762
425 436
941 803
918 942
850 183
490 715
734 220
18 328
241 341
270 845
575 828
758 322
333 238
567 457
882 837
522 108
352 524
512 616
804 943
515 348
359 50
572 373
454 415
107 418
748 1026
527 623
206 101
905 218
151 944
69 1046
820 999
209 966
682 670
270 160
501 761
336 958
180 287
638 864
148 148
573 1091
81 245
270 1081
204 413
883 502
133 227
24 702
879 431
454 523
553 347
492 101
906 41
804 899
801 304
643 848
974 1038
49 1089
713 996
912 692
881 44
665 243
359 820
369 730
1003 560
549 382
430 1063
292 928
58 858
971 1042
714 515
723 210
830 422
252 214
1010 889
733 872
229 546
162 89
805 1012
543 306
464 275
747 870
226 1006
478 905
556 109
431 211
1059 800
1012 425
683 605
127 497
694 555
289 543
256 960
189 282
127 929
573 436
374 681
800 977
335 915
799 262
866 223
1041 554
277 154
625 328
604 604
361 116
199 608
898 159
299 588
972 170
913 214
890 555
534 112
461 133
507 772
207 211
875 982
156 141
986 885
102 959
1019 976
597 499
259 819
903 912
516 853
1080 741
336 348
1117 539
214 657
196 1001
920 612
633 467
111 123
154 16
199 893
848 756
687 55
965 726
724 346
634 474
124 288
1034 469
714 102
879 1105
1008 839
920 101
644 1084
838 801
590 502
129 11
453 942
854 715
256 93
704 56
736 335
576 132
508 213
329 1013
1000 40
823 848
186 669
754 837
714 277
936 420
496 879
90 320
946 913
643 830
1014 108
564 380
406 823
193 152
322 927
510 793
951 1088
568 740
974 665
462 583
321 953
429 580
893 1037
607 791
668 544
988 347
697 261
377 489
697 446
522 190
288 668
1072 701
442 263
780 145
162 995
585 124
291 427
728 504
221 761
1 249
389 803
448 1086
1010 1019
838 109
659 377
286 990
765 1089
134 1099
292 70
1064 379
704 655
875 365
1095 695
55 1003
976 712
592 690
131 368
608 361
7 405
704 657
399 448
774 222
953 461
427 586
211 330
1051 288
127 868
967 987
665 292
861 485
959 1115
1120 640
529 615
721 170
97 723
237 182
717 780
585 680
443 779
1032 748
338 415
230 873
663 169
369 465
469 410
803 825
448 289
648 144
443 632
357 635
648 192
539 280
921 261
659 35
325 290
129 773
1016 626
510 61
512 318
272 148
79 2
1087 213
516 212
211 262
772 605
675 75
581 902
385 202
695 899
267 377
502 377
701 785
639 330
586 429
337 62
801 115
1067 481
689 301
620 670
85 280
130 478
788 3
830 902
505 636
252 383
755 175
150 127
617 825
1066 771
513 239
756 349
257 245
417 961
759 507
174 1010
492 608
560 696
831 906
413 55
324 930
606 173
538 1102
181 1044
458 122
225 355
509 629
513 545
995 285
394 233
801 1061
52 274
409 906
182 310
707 769
745 1007
106 165
1014 955
936 830
707 384
811 551
740 760
1023 550
750 341
155 212
796 355
176 932
973 282
1004 569
648 247
1051 383
1001 580
283 492
189 572
64 104
233 657
559 572
144 132
656 1002
36 255
570 897
157 1015
642 418
672 445
996 447
927 762
710 388
359 893
241 274
421 650
459 691
1077 875
769 1091
663 680
55 938
731 786
968 149
435 106
958 998
735 281
384 864
529 1039
843 248
426 665
954 743
19 540
564 263
344 311
937 919
1022 266
893 333
860 129
420 427
608 39
936 150
689 480
885 643
187 1071
670 452
250 933
639 350
80 668
194 589
179 833
558 302
81 828
745 187
573 553
724 852
906 403
1020 954
854 674
926 656
1094 907
80 886
735 356
583 38
295 209
191 364
700 69
438 951
365 299
260 477
167 552
609 280
579 26
63 893
310 679
140 725
68 969
331 769
993 359
533 647
247 914
620 332
924 983
1007 892
152 570
85 976
883 645
510 185
765 416
1020 757
561 335
464 655
814 235
661 426
136 978
259 496
878 344
538 214
36 251
318 538
552 552
363 218
999 457
393 195
598 272
697 778
431 395
924 582
157 839
1101 322
316 206
1088 117
211 219
776 753
507 379
906 270
107 156
188 645
893 443
61 507
921 847
1022 164
520 660
919 12
588 613
740 148
741 870
135 638
366 563
135 452
136 986
475 812
843 520
737 388
364 1123
24 944
10 297
852 1085
204 256
78 554
6 703
890 371
843 787
761 116
391 951
1016 26
845 352
569 410
903 994
93 446
892 437
35 867
925 355
67 315
636 637
1064 734
277 1091
500 233
182 174
159 849
34 1120
836 442
625 222
685 514
58 827
951 796
100 1016
870 603
878 293
352 629
910 531
888 686
988 155
784 879
879 125
967 695
339 358
534 810
484 467
319 1119
346 955
888 763
798 521
232 842
329 153
1080 213
875 483
507 174
591 365
673 973
700 411
422 834
406 369
213 435
838 390
1014 539
502 265
237 183
753 497
924 78
262 485
832 817
940 585
296 805
614 602
635 730
455 770
790 345
631 378
427 1086
703 518
729 1000
738 718
589 847
565 791
213 658
733 434
513 165
631 622
1049 716
57 801
901 413
438 939
986 849
634 743
1081 434
543 344
467 249
346 178
376 531
642 143
316 126
83 169
116 996
1006 375
415 443
804 852
870 458
787 928
250 345
592 575
80 248
294 583
333 405
926 605
285 688
593 276
1111 984
270 879
286 1002
384 655
586 569
275 698
702 931
421 690
893 248
923 351
431 247
244 274
136 730
522 942
1053 841
344 188
69 240
1019 687
999 412
956 330
653 96
810 689
380 310
307 296
108 336
456 954
773 151
593 969
83 646
486 936
909 94
608 321
748 738
703 783
218 947
1060 341
930 741
797 5
320 455
519 348
207 317
948 473
377 704
846 499
116 512
263 1038
284 959
433 781
438 800
256 313
814 425
303 230
990 1042
456 954
251 423
456 325
428 293
785 357
654 954
833 217
754 59
783 1005
939 802
484 1064
116 782
128 532
618 467
581 664
1120 864
152 411
407 928
478 454
564 371
393 311
978 526
796 1022
469 1001
439 521
181 696
1055 216
187 276
550 390
457 58
278 826
552 521
303 167
549 647
529 971
257 473
471 326
714 388
765 169
553 339
344 965
975 618
684 296
400 638
629 250
444 760
586 77
179 803
319 100
292 766
553 851
866 967
147 1096
254 739
422 42
237 534
924 735
802 438
1009 798
510 77
295 214
84 450
841 216
55 234
686 902
847 435
494 103
606 849
792 233