701 532
18 831
96 867
624 568
0 438
559 991
154 475
768 1001
0 349
329 801
1009 445
369 182
827 418
970 727
970 203
558 252
591 706
95 571
288 349
1000 869
251 936
728 1006
352 7
980 603
545 495
786 376
524 1072
362 399
913 986
448 201
668 71
929 328
417 304
70 823
587 531
412 141
1123 799
909 589
768 859
434 506
327 1010
947 585
807 15
171 792
749 1094
887 874
3 625
1073 291
654 65
657 359
933 862
724 310
406 975
440 830
811 1012
899 844
183 301
410 700
742 449
672 903
983 435
536 491
381 144
199 377
986 353
519 761
585 567
728 987
453 774
992 341
890 569
921 636
192 810
400 219
370 398
645 396
575 293
1017 672
997 690
948 301
364 629
551 823
575 804
240 875
4 453
1036 563
856 659
1073 801
546 496
277 807
211 320
1070 209
510 867
1123 945
239 157
158 45
784 488
363 480
988 1017
101 398
316 355
678 518
253 886
920 995
683 168
610 914
592 594
748 252
741 154
591 507
933 219
83 156
542 158
826 388
109 766
441 1003
819 743
917 230
63 803
533 858
480 122
21 188
853 921
881 438
436 919
35 903
780 494
682 259
973 516
812 382
602 687
129 1068
306 843
289 780
653 374
1007 1116
423 364
760 847
1097 987
775 678
95 732
153 16
899 514
986 491
36 174
873 578
468 918
822 592
1058 959
274 190
239 465
172 22
111 776
977 626
47 11
756 886
969 975
135 384
828 571
617 445
777 245
361 448
747 133
366 686
168 354
1104 827
678 584
735 826
729 276
1106 177
20 401
598 972
160 821
519 532
960 202
138 287
90 465
1036 766
882 962
675 206
869 116
836 651
615 836
384 595
718 987
650 978
1121 107
939 649
761 221
528 607
405 78
133 186
842 508
539 332
273 717
584 418
72 766
276 901
729 350
679 91
411 641
288 253
634 577
305 430
975 1042
745 595
154 115
162 951
961 139
604 939
293 557
580 944
242 1119
233 418
985 103
76 885
259 563
710 477
518 527
955 767
521 962
444 55
983 929
809 827
124 391
920 336
431 437
697 521
83 414
683 1006
533 352
291 78
975 276
227 529
1011 298
153 394
158 380
848 310
595 62
1110 178
252 473
152 354
318 615
1102 477
84 630
899 658
660 124
724 251
710 337
495 73
898 909
383 603
423 257
861 906
791 180
149 800
80 841
1058 1054
211 144
919 212
478 180
343 438
344 984
795 85
438 13
618 299
515 396
712 761
1037 692
939 61
298 903
10 271
761 140
256 369
236 366
780 149
758 578
657 605
918 707
656 851
992 499
996 479
471 1060
130 8
422 664
626 342
959 645
606 807
774 190
672 957
702 394
481 899
679 321
568 409
816 303
172 431
911 682
693 909
233 680
305 972
427 496
1066 841
938 311
591 847
504 693
348 278
594 245
510 306
162 197
19 460
301 634
773 142
586 283
69 861
320 895
187 208
772 388
1003 92
508 286
198 626
173 1002
859 166
289 658
259 164
710 472
588 612
662 612
20 413
410 45
629 630
229 754
481 387
463 395
782 751
445 230
20 883
588 452
668 403
624 458
921 897
783 948
394 608
114 739
626 558
774 713
243 901
480 200
703 875
49 757
841 93
332 757
11 576
538 1051
689 775
408 516
530 881
420 287
341 453
970 81
917 716
1077 981
296 807
568 11
1097 995
929 545
357 718
431 437
489 699
1022 615
449 40
674 238
487 131
537 984
757 872
422 912
791 992
597 571
789 782
788 256
196 179
773 105
651 599
773 267
301 977
759 481
940 561
405 799
525 297
343 1002
722 912
787 1000
275 224
839 708
928 1089
289 722
614 593
377 662
401 1000
959 742
1010 358
790 623
546 531
616 720
486 488
612 666
340 570
750 712
820 294
117 691
1011 961
962 636
265 590
300 158
961 246
765 740
46 101
950 125
843 128
807 584
32 851
842 243
131 879
158 439
452 327
1031 661
1012 733
670 850
951 81
166 391
146 935
1070 1045
292 372
95 734
607 649
569 582
469 306
697 825
39 486
125 197
266 367
614 880
461 348
34 700
282 314
552 941
619 548
732 511
1056 316
152 412
711 1031
688 849
123 603
914 768
872 243
67 177
334 18
189 142
397 99
307 257
769 739
167 983
902 660
826 876
522 996
1001 593
857 1059
542 512
1013 597
463 782
1006 785
854 114
728 442
812 436
156 928
986 747
339 788
644 530
314 801
678 606
582 950
475 307
358 516
307 232
906 795
1070 699
322 411
752 112
908 527
161 234
818 468
481 500
338 451
750 683
495 422
347 1054
524 1081
804 186
431 212
407 707
584 988
131 104
746 151
1000 100
346 474
899 1020
375 70
1003 242
421 119
832 206
685 301
728 248
308 532
961 445
1066 953
727 296
1066 576
885 508
368 861
172 626
326 240
1020 12
667 873
419 939
48 1036
419 900
44 765
548 659
554 1009
709 343
65 41
584 976
964 840
364 351
1114 742
349 482
861 203
941 968
254 23
750 19
939 584
587 165
52 393
584 410
811 470
650 237
10 530
805 849
766 329
422 576
18 826
438 851
893 565
1029 757
224 673
1083 913
878 34
761 251
829 760
662 78
521 587
663 633
823 393
306 102
312 973
373 346
895 15
870 547
659 673
555 538
1041 1041
299 909
817 801
565 851
767 372
311 1015
617 59
1090 964
143 841
392 1032
830 709
940 1019
360 186
590 325
964 956
226 641
65 936
489 368
333 74
1007 759
339 792
529 163
312 522
920 562
729 448
1072 965
89 399
445 11
407 951
285 681
706 219
119 241
336 685
125 886
1004 351
634 470
335 558
654 536
304 578
961 461
695 931
383 772
975 1003
49 1068
979 346
692 406
107 646
531 83
871 210
556 253
11 388
147 129
1004 882
437 701
155 556
64 383
1120 897
706 232
549 899
838 627
996 442
744 506
554 279
858 463
532 1011
837 141
755 824
858 949
355 247
655 250
448 462
254 509
828 162
608 452
752 509
1079 1000
402 287
809 349
1094 388
981 363
857 772
647 25
470 547
343 215
266 262
375 824
742 176
262 49
291 948
140 991
298 681
803 197
165 902
124 802
581 1110
906 304
860 736
451 1000
326 1014
275 1002
379 485
162 990
3 795
527 340
1085 619
342 823
737 129
123 979
1029 248
549 656
698 565
136 136
119 730
696 868
297 934
828 827
1068 371
738 340
230 791
243 842
74 995
655 794
279 564
266 334
602 556
728 617
929 1001
977 279
17 181
213 498
333 901
557 461
983 845
1097 514
163 1100
629 430
795 875
480 751
482 362
277 835
364 630
950 135
994 969
111 394
481 410
129 423
8 786
629 748
835 411
598 692
386 483
637 54
726 311
532 542
441 931
197 245
644 81
456 205
561 206
1000 643
457 688
831 1003
532 743
21 389
696 644
175 364
159 738
729 862
284 227
226 1039
336 566
516 368
328 792
860 976
6 961
741 528
144 1092
925 548
884 483
296 161
462 636
445 880
966 786
476 122
470 304
593 1067
654 837
1015 760
34 721
205 841
373 904
208 1014
390 982
514 444
476 941
477 921
429 203
531 147
719 633
963 419
834 293
618 244
881 117
711 161
728 212
387 348
1062 171
721 348
475 688
209 27
660 1006
917 822
669 631
184 496
498 931
655 961
202 178
309 130
140 881
135 306
308 245
691 868
569 788
270 748
695 30
439 679
728 855
134 515
774 864
181 187
520 500
555 957
988 568
697 871
967 480
544 769
764 171
773 455
662 906
364 78
490 297
285 703
1044 734
727 325
688 429
712 785
583 535
883 909
154 191
766 610
830 336
525 791
314 61
302 239
1074 501
602 104
220 594
580 491
876 1035
828 452
243 752
214 293
136 179
103 237
619 1064
896 105
870 949
119 230
1013 362
271 323
167 731
253 389
366 966
125 168
564 481
313 875
919 284
128 532
772 623
409 1008
551 957
1006 267
801 915
488 203
564 223
958 812
291 295
636 363
846 683
170 713
437 172
851 543
101 804
523 845
145 1013
504 160
541 317
169 943
440 253
335 975
1 708
162 798
136 783
159 544
589 1066
308 458
821 501
955 799
291 997
735 90
349 491
366 856
527 312
68 957
824 954
332 1028
355 988
405 346
844 302
300 625
940 680
1059 661
1021 799
459 593
923 381
658 314
1123 155
839 395
476 265
714 158
575 169
976 807
354 440
718 444
394 1111
242 355
545 918
127 357
874 366
913 927
403 499
212 700
1002 457
793 1012
820 983
65 52
886 660
123 577
262 162
411 697
553 262
689 125
470 975
339 591
890 109
912 857
213 250
173 106
488 867
107 298
1087 204
739 630
590 128
595 516
887 470
829 671
447 1010
568 681
290 841
98 698
683 610
60 45
215 218
476 738
556 268
535 277
702 283
118 573
174 57
948 692
862 578
617 183
835 963
840 719
364 478
792 1038
399 782
124 742
595 177
326 601
458 623
432 383
279 307
671 18
565 59
723 605
289 969
576 736
205 497
176 981
918 160
603 264
504 58
519 337
1040 647
1047 490
190 944
966 668
427 233
44 134
909 489
824 605
553 353
971 11
85 740
817 165
519 532
52 827
345 156
188 630
870 270
756 201
52 765
586 520
186 869
211 573
805 745
979 884
1022 864
855 896
243 179