290 602
675 220
420 587
804 951
185 686
113 588
136 894
791 493
593 246
549 812
813 796
630 956
816 624
440 410
1003 824
198 201
650 117
505 829
539 796
363 1012
26 981
423 807
727 860
124 367
334 836
321 928
825 242
280 272
535 887
934 729
657 297
803 103
325 338
549 398
897 925
962 725
88 782
319 608
266 598
483 1074
297 361
872 145
439 1101
823 853
845 412
761 1115
549 974
549 632
189 598
1017 686
1019 247
102 479
596 865
495 939
576 1084
404 830
82 282
706 297
637 230
301 973
732 490
890 696
980 911
534 919
633 750
284 135
816 167
450 367
150 1009
225 281
490 754
470 538
689 1105
647 142
552 520
932 32
372 382
303 423
167 212
829 140
704 383
245 255
909 385
1017 303
1005 963
412 210
552 740
95 655
965 100
543 489
952 184
175 380
928 352
801 373
1055 1030
958 939
735 15
774 775
1016 630
757 197
629 729
647 1013
479 723
382 870
800 957
98 1122
557 391
197 758
486 715
1112 588
113 396
265 34
919 171
814 510
538 505
437 986
597 275
828 31
718 714
519 452
411 339
889 801
1004 702
384 400
356 717
125 82
766 705
198 548
469 791
925 812
727 371
737 533
770 600
946 268
1020 527
66 788
493 640
418 730
444 725
539 638
226 847
1014 844
1013 648
405 570
706 157
875 289
473 864
392 361
158 697
593 229
114 113
908 605
531 728
559 252
565 776
830 911
893 567
749 143
1010 1064
258 991
416 1059
0 826
203 489
640 74
432 419
609 349
823 753
751 550
800 1096
270 143
351 752
153 619
679 1033
392 1007
322 783
402 822
702 531
284 1000
496 523
784 1089
966 890
378 1062
852 727
1008 951
251 388
265 418
529 827
944 370
362 735
913 874
238 595
1011 749
447 180
143 1075
917 782
340 17
87 261
532 1106
538 688
963 794
1073 389
351 630
1001 848
971 59
174 583
526 978
343 603
462 151
138 976
961 157
765 890
1049 71
765 442
1000 160
1054 257
581 245
952 162
879 531
856 818
1074 455
344 893
873 549
754 911
644 189
332 108
146 336
244 886
437 618
671 162
716 876
146 1074
436 883
791 838
547 794
519 121
1069 229
264 905
9 218
512 490
251 585
298 144
363 886
482 727
597 277
916 150
1001 703
637 111
762 695
457 871
890 423
257 440
745 968
1093 229
566 511
906 783
741 882
399 903
906 18
490 793
161 529
571 606
216 523
232 249
985 1005
849 862
980 367
687 870
196 909
823 602
824 598
152 664
356 735
31 215
792 499
250 291
734 146
651 113
911 386
496 411
799 572
842 722
505 1011
930 972
615 180
433 197
599 56
561 1083
194 826
611 329
750 544
889 895
834 713
684 469
456 846
82 475
743 333
315 458
377 335
857 162
7 230
678 791
859 887
349 632
326 809
484 420
114 410
618 862
423 96
215 615
329 405
75 390
293 806
315 833
620 566
1084 767
1022 530
179 737
524 528
747 926
284 358
41 1007
454 432
1052 19
323 404
994 227
988 181
228 129
284 15
470 540
386 953
956 300
826 267
1109 522
1010 444
145 200
996 982
698 629
593 875
464 775
1084 73
572 220
839 972
293 311
1050 177
563 565
387 286
120 65
990 78
435 756
917 200
559 1068
169 771
1023 188
187 42
852 470
633 492
621 830
340 226
21 619
186 307
854 547
240 838
69 506
665 315
482 1076
382 951
985 202
113 518
994 716
435 865
877 286
133 1029
764 470
970 253
615 551
112 960
26 927
871 930
478 236
625 379
820 722
915 415
64 382
748 789
169 909
523 655
997 733
102 727
626 38
673 871
548 724
12 892
7 912
729 377
518 977
685 541
560 993
253 954
106 445
60 696
671 487
650 763
353 122
463 366
657 724
1121 829
851 342
35 402
1010 509
599 331
614 63
661 667
565 543
293 469
351 354
334 618
424 195
592 279
907 861
520 340
844 732
994 679
849 158
763 167
232 593
167 232
714 877
369 868
574 659
113 24
41 737
126 591
557 776
797 706
106 666
601 545
907 40
748 973
295 651
733 518
927 770
491 920
409 381
237 216
394 240
427 683
461 791
0 274
439 382
217 324
519 663
1034 414
1003 424
839 215
1062 777
645 950
496 489
226 380
663 924
105 118
160 340
410 437
688 887
381 586
907 429
165 174
8 445
1123 512
986 553
699 1004
634 127
628 640
671 940
91 815
877 328
141 1039
1033 198
165 352
457 784
1107 78
470 510
679 603
792 661
320 209
479 687
545 821
144 342
912 553
935 133
640 231
633 1039
270 659
215 640
566 466
561 701
876 150
957 345
304 449
253 336
930 169
765 24
1023 218
564 1073
1087 27
670 347
456 273
442 691
198 482
499 331
724 820
846 244
986 348
713 677
1001 349
960 449
131 872
589 588
590 771
216 672
683 254
225 790
411 105
495 651
802 660
387 227
583 1096
250 1013
663 454
580 202
448 827
1099 357
504 1023
454 1116
807 984
153 936
978 378
625 398
425 516
384 300
967 1071
944 340
87 359
364 592
954 382
623 688
30 130
257 283
722 740
374 182
864 384
52 431
507 310
477 556
978 322
158 716
1123 751
132 380
204 611
1036 844
1022 169
922 832
1020 89
173 703
515 936
478 806
1091 847
273 98
877 989
1062 615
894 276
857 435
380 665
239 609
654 948
973 279
589 499
616 129
153 332
342 954
681 498
920 311
839 1004
515 2
254 850
732 808
637 179
900 987
600 941
399 704
1093 701
946 313
666 1009
515 1019
700 101
419 370
143 162
213 499
723 875
946 987
337 353
1022 231
1015 181
825 538
577 374
685 350
602 1003
194 162
385 1019
721 502
599 256
450 796
632 402
655 755
801 904
869 596
594 593
28 778
725 1019
1005 696
126 631
111 211
563 60
876 965
814 138
188 572
769 660
498 746
78 650
941 23
904 342
486 469
233 171
810 410
1045 545
173 782
1110 254
191 991
761 700
646 382
1001 215
239 945
546 159
193 941
508 896
806 325
624 990
422 419
486 180
479 496
800 487
271 473
727 806
709 106
405 815
111 1007
118 1031
780 321
562 104
694 996
90 68
474 615
561 593
430 400
989 246
788 627
399 599
523 401
508 119
892 868
653 295
343 159
261 454
413 691
945 1122
473 440
416 726
606 302
1027 728
763 695
279 1017
978 268
848 785
1000 703
477 134
878 774
875 455
953 733
379 567
426 717
871 359
1107 547
422 986
730 910
478 923
692 589
814 134
836 801
813 862
76 563
470 598
525 480
149 311
375 670
770 759
476 952
1028 456
967 112
932 401
963 146
218 705
451 784
227 290
922 172
1005 108
900 567
979 946
493 472
245 387
920 829
827 204
796 1117
928 588
675 806
626 650
1025 145
207 627
313 584
179 697
484 885
87 431
1015 585
249 159
671 1105
946 294
805 942
271 268
785 66
971 765
715 824
220 305
943 1108
645 719
404 1027
48 1070
182 690
493 131
234 501
1014 784
171 200
372 501
907 1101
1004 946
736 881
6 476
586 536
394 406
246 210
325 1052
209 970
960 141
1013 253
846 376
4 163
691 717
560 910
450 564
743 783
380 390
117 435
239 1109
488 302
33 377
329 275
517 790
398 222
153 605
815 685
1122 448
658 443
400 107
170 877
486 367
161 418
605 380
248 524
888 205
872 482
907 244
971 920
815 467
722 778
129 487
474 171
593 523
763 166
310 884
534 826
583 417
50 847
377 497
684 839
263 181
279 413
626 463
772 432
521 14
934 468
491 240
894 990
715 595
900 203
471 121
765 1022
845 836
49 662
515 939
607 428
1118 235
572 454
356 438
385 610
813 431
786 76
798 356
788 895
928 623
469 402
465 568
464 306
1056 173
1029 1107
883 849
312 34
1099 697
1056 187
119 590
440 201
529 191
29 142
612 294
288 373
920 894
57 414
526 1081
346 414
297 344
611 506
864 362
666 1106
568 491
774 409
421 660
580 515
575 517
463 715
152 1026
395 856
1043 688
280 679
180 757
992 792
398 153
498 360
68 755
562 226
772 935
573 744
1052 90
423 504
542 1044
699 652
506 1087
609 528
18 845
440 448
626 566
1025 681
1016 236
297 125
370 63
551 252
278 276
936 687
435 598
750 144
838 554
843 271
882 645
983 437
763 534
959 897
304 848
581 202
48 676
743 193
558 472
1025 104
1048 127
689 579
758 528
950 436
383 985
238 486
464 700
72 417
631 38
633 561
906 613
125 747
188 217
733 279
705 791
9 811
369 872
351 415
652 490
551 331
449 585
965 152
188 971
709 56
751 306
349 590
371 292
852 755
261 1038
747 198
881 416
547 498
457 793
443 279
603 809
794 775
196 962
565 231
887 1051
479 437
265 777
114 96
849 287
57 867
372 400
166 847
1099 673
1080 993
392 993
460 423
782 345
447 220
80 738
893 606
743 629
263 993
215 243
961 863
719 21
845 657
688 157
887 399
587 973
854 290
599 960
923 676
546 295
849 221
221 433
677 195
221 862
632 673
520 30
850 803
846 933
255 390
160 316
183 249
262 31
828 219
164 1021
717 522
297 484
370 754
35 501
286 867
258 929
442 509
867 914
812 53
372 1023
624 436
878 513
285 156
254 573
153 982
472 936
145 864
136 823
1039 769
234 579
690 454
404 517