281 243
669 490
213 781
432 614
344 138
613 511
139 667
473 566
76 232
367 525
552 935
451 598
859 112
563 60
433 370
510 419
173 392
302 369
667 592
308 494
894 288
866 104
723 210
742 299
124 159
212 43
92 136
457 139
747 743
269 339
811 874
141 18
798 715
322 394
1022 923
309 609
294 423
876 732
572 293
452 396
402 456
17 1033
207 266
386 1076
974 248
969 312
453 818
6 784
508 147
305 369
721 623
830 341
675 230
428 813
457 976
785 338
885 1067
157 199
294 587
548 990
51 877
830 404
135 309
577 294
838 858
652 1102
302 566
750 717
201 180
296 419
641 448
228 804
206 719
671 939
650 434
138 758
277 717
547 868
238 467
373 95
908 646
465 22
796 1116
243 150
127 560
617 828
365 875
633 428
194 955
433 902
772 722
947 772
347 225
498 123
673 381
125 0
463 238
161 951
1010 992
148 172
235 396
152 1023
218 160
796 1023
313 474
162 182
730 147
585 587
1020 952
114 586
575 953
142 977
415 892
741 965
461 329
281 1084
1016 639
155 191
511 165
913 136
414 1041
434 941
345 733
859 910
785 642
539 1029
463 267
385 987
941 791
451 874
430 974
806 744
440 730
763 452
700 989
9 15
631 330
321 969
836 56
721 818
669 295
165 73
696 698
962 679
994 247
549 383
19 643
619 453
936 797
577 487
960 164
102 585
463 491
951 636
66 1068
183 500
1070 912
600 991
485 660
909 922
778 964
49 103
561 933
208 1117
133 357
1012 804
492 748
241 208
10 1120
700 546
706 524
101 892
313 420
252 386
123 34
183 544
1018 329
465 1117
16 327
437 616
428 870
731 51
405 230
499 109
783 1037
192 238
101 980
403 884
345 162
474 328
889 994
226 669
570 553
964 245
442 677
998 1078
934 999
448 286
548 473
726 582
267 603
852 999
212 782
665 387
885 37
200 758
113 550
763 507
357 159
369 479
820 212
935 879
389 613
106 821
972 1076
631 739
806 305
502 907
413 576
1072 336
874 244
735 213
886 628
1003 546
205 449
498 334
137 1039
360 443
1074 493
513 705
310 382
651 1006
737 635
327 463
639 852
942 109
773 316
488 782
305 16
373 954
1071 490
630 619
401 106
786 193
542 194
621 474
190 665
53 558
458 541
688 850
1099 283
716 528
265 673
505 455
29 1090
80 875
692 656
453 625
734 317
415 804
146 752
214 894
459 717
864 971
266 543
559 703
448 94
975 106
847 490
492 981
665 534
214 222
205 954
479 769
1025 207
297 927
641 340
100 895
913 905
1070 331
709 908
1006 314
909 15
669 802
270 781
775 862
215 278
702 952
139 1123
1084 696
812 505
10 710
648 247
383 986
186 225
390 874
226 266
580 1014
727 406
888 633
110 274
196 192
426 387
864 419
878 865
69 188
518 376
816 97
292 875
847 584
761 273
348 700
784 385
664 1040
777 604
443 80
104 596
1113 900
804 169
371 1095
851 186
656 1078
795 735
481 837
636 629
572 721
683 774
552 668
176 985
164 721
516 968
281 533
685 593
928 357
1102 140
413 205
867 731
326 283
213 1002
871 764
539 135
687 199
272 163
830 895
939 252
583 647
921 791
292 729
796 242
800 462
1072 189
689 571
495 905
223 1068
387 814
777 695
753 105
78 876
630 880
582 674
654 368
945 790
842 424
451 347
780 542
465 709
519 635
748 602
647 315
700 644
742 869
1099 507
231 216
898 745
532 589
480 807
794 124
882 363
190 279
630 1021
164 998
203 402
592 146
972 816
991 860
651 984
868 266
449 539
230 744
1012 811
458 55
244 186
543 266
562 867
930 23
761 1028
985 896
998 318
616 361
110 329
477 465
38 69
833 165
871 902
489 199
458 267
583 406
498 818
222 384
801 627
1117 475
148 252
653 1013
106 934
898 873
794 1033
333 261
435 41
856 300
73 995
815 93
654 645
107 720
643 789
320 40
911 154
658 181
143 297
109 606
719 754
626 249
537 732
774 988
500 924
607 179
107 756
521 876
775 81
654 79
577 463
1010 203
828 799
686 930
50 791
470 899
333 692
991 129
945 550
656 305
952 856
1107 273
225 399
332 457
1020 633
667 327
545 38
309 110
992 501
282 129
1073 819
597 923
429 212
527 105
887 209
882 717
295 459
949 143
547 21
617 917
951 589
311 442
972 848
342 282
420 889
600 473
540 772
749 406
933 614
547 794
508 709
308 725
736 727
660 901
998 1013
489 697
991 22
154 131
544 1016
924 696
886 244
501 796
476 974
695 348
814 38
395 763
499 171
306 337
205 17
1091 106
16 898
1034 284
988 337
116 707
651 309
849 815
383 503
375 125
239 1109
938 726
913 1064
848 628
439 808
379 108
21 180
617 418
322 191
519 166
1110 205
678 514
340 909
182 135
848 478
744 869
531 1020
1005 491
404 551
27 779
650 1000
784 828
416 943
229 537
169 633
9 423
117 651
992 419
511 924
666 329
591 25
879 315
654 641
955 26
897 13
744 464
339 240
279 681
406 437
951 461
395 365
611 920
961 414
257 96
799 1030
194 188
670 434
243 872
470 910
452 134
879 23
980 642
482 199
706 924
616 471
284 327
238 291
510 321
514 590
954 674
942 247
505 424
932 486
794 487
685 713
231 989
437 109
337 108
842 857
1008 764
420 859
779 1085
229 654
790 511
417 89
1002 207
927 740
1024 149
225 426
530 152
225 4
315 111
29 823
436 503
905 906
695 738
531 1008
395 456
487 1073
466 582
644 364
1090 702
154 596
296 908
636 1117
446 515
909 501
877 316
894 583
335 394
158 869
670 163
341 714
343 624
170 89
1052 804
180 681
604 413
795 643
688 597
103 617
454 920
677 547
518 605
160 198
809 619
882 434
0 300
427 787
96 328
789 650
101 642
1082 328
441 754
822 661
295 567
65 821
375 140
312 243
199 154
827 987
587 106
787 853
1006 241
891 260
197 151
456 535
247 831
28 669
103 225
660 997
275 537
650 304
404 764
816 336
651 864
279 399
444 134
758 187
249 940
423 141
476 412
363 712
451 755
356 1023
1117 690
851 394
125 230
210 1082
452 644
152 195
392 636
1020 360
91 74
355 328
146 580
917 610
940 221
878 569
850 678
536 305
437 772
92 555
872 387
881 411
118 419
1013 527
779 122
258 252
868 543
790 423
756 417
415 658
399 564
117 568
556 234
1090 63
112 309
163 113
291 281
976 867
843 555
889 449
599 779
1025 133
1086 108
144 160
885 683
84 100
408 306
968 576
1069 764
233 744
541 261
453 725
529 113
933 752
110 271
769 352
965 463
177 665
829 410
695 119
544 587
636 443
343 144
947 179
852 765
916 474
561 106
680 140
1049 594
793 948
325 662
1049 529
134 392
395 797
437 588
541 1080
556 360
734 772
125 1008
627 824
967 28
717 314
909 958
610 945
202 421
389 524
445 937
25 511
249 442
805 932
993 1042
884 619
754 889
68 763
179 255
286 480
283 20
1051 307
481 995
490 794
484 402
983 620
504 559
494 691
335 306
729 600
64 1009
262 854
55 681
373 693
375 87
850 547
1079 429
230 492
774 212
343 369
54 543
560 403
162 625
1086 774
769 626
733 212
1079 818
282 962
372 191
313 915
840 435
437 970
536 226
406 908
421 762
163 348
640 214
849 201
670 524
655 185
242 224
411 952
733 729
588 566
704 737
600 643
4 716
797 882
741 705
499 695
217 329
229 405
148 893
521 667
349 905
1003 731
464 321
649 266
1058 1069
487 187
504 280
923 193
450 239
768 743
819 614
902 548
433 131
277 145
369 1119
959 1042
541 814
944 420
1014 356
753 509
782 125
817 538
285 1054
968 226
764 901
1016 557
1001 339
373 295
308 181
807 1019
548 673
341 624
1070 900
401 666
397 148
410 995
682 749
29 25
429 264
424 967
245 496
128 527
260 366
745 663
107 297
383 41
305 878
890 384
371 744
285 600
590 959
716 827
84 485
967 320
719 990
4 268
1032 936
35 203
322 162
555 438
93 781
713 821
294 139
918 326
342 707
574 677
746 628
591 737
71 973
495 665
822 395
922 369
1084 1029
555 490
628 891
129 274
531 999
33 724
964 0
169 658
1020 359
115 185
890 628
699 222
514 145
894 747
497 965
331 1024
410 911
479 220
623 245
308 361
911 552
415 1072
475 121
323 7
275 710
888 451
513 546
632 665
150 527
450 764
897 294
456 1113
792 605
647 385
804 830
269 1000
746 1073
827 19
172 282
404 977
255 808
673 611
525 385
782 763
280 380
784 184
900 386
824 453
1011 809
875 864
1074 631
211 183
341 789
526 290
129 525
612 15
870 247
574 243
1081 980
421 1035
122 918
432 515
288 965
90 101
940 1087
143 562
222 478
653 1021
649 17
270 597
740 568
123 821
790 559
643 370
686 483
1013 914
857 421
895 969
796 83
0 212
850 264
775 1095
755 894
933 158
303 275
596 132
825 133
633 897
208 290
333 903
607 997
198 23
881 951
7 237
880 744
921 840
760 997
80 32
994 667
514 1004
700 253
985 970
876 988
927 572
449 1017
922 731
175 202
97 931
898 402
78 349
947 331
493 859
1015 682
272 218
53 578
364 554
529 342
335 202