118 912
129 658
778 162
903 178
452 316
666 340
310 1097
835 17
516 147
284 275
251 851
232 783
267 780
362 668
300 567
975 119
401 696
1079 535
746 409
986 397
611 951
702 918
126 972
612 706
479 864
755 202
313 2
436 920
600 163
912 948
549 894
242 582
227 677
345 1014
58 90
817 361
1100 82
344 1003
297 1023
307 680
1096 294
201 672
478 324
681 99
768 187
591 601
133 1017
72 781
596 64
638 780
901 946
688 705
1032 109
623 228
198 864
677 956
616 527
1071 703
209 247
269 179
1048 600
879 177
852 1014
1063 311
513 111
789 639
930 992
11 349
169 158
266 714
714 596
1120 1059
352 704
163 206
187 121
553 906
969 577
185 58
411 767
585 776
746 28
488 165
152 1040
1083 602
792 167
467 475
464 338
326 136
799 739
94 601
448 700
837 689
812 556
1011 466
610 562
784 842
207 416
694 799
624 938
914 387
454 623
753 543
128 1095
193 1041
266 542
1 422
173 136
426 350
626 290
151 896
410 963
550 677
725 159
887 668
804 50
1017 222
508 990
1068 295
367 188
887 616
171 285
250 319
68 997
670 450
788 956
1003 429
910 946
202 449
369 468
715 612
229 313
973 821
162 733
332 828
510 529
471 99
903 642
539 552
597 176
875 891
1019 601
793 64
516 648
995 740
831 982
802 100
401 994
832 909
96 338
537 413
860 913
933 667
650 1019
267 423
994 1105
299 590
963 226
567 322
793 781
695 474
1045 653
1101 934
831 918
1016 153
926 296
27 309
1091 506
297 952
278 492
313 907
145 1073
428 765
217 829
191 485
831 652
657 41
686 562
370 375
105 956
316 935
238 971
635 999
983 810
682 912
507 606
15 220
659 439
837 876
454 670
984 892
203 1068
89 1111
14 733
378 524
448 961
87 58
217 144
1119 263
798 916
114 783
249 347
900 412
968 630
685 986
139 504
650 643
527 791
883 143
782 996
869 256
675 766
647 621
637 1011
16 219
800 532
301 763
733 263
88 787
984 993
318 1007
323 222
828 473
584 144
267 183
823 961
148 905
377 1072
287 372
671 764
727 739
230 543
501 571
619 911
987 526
1043 810
227 923
29 823
760 156
989 478
521 953
16 1084
181 852
981 975
519 286
393 927
1018 805
376 912
575 424
719 533
741 307
822 110
1092 428
404 235
629 636
621 1039
958 635
290 955
930 938
53 233
31 619
303 799
835 280
707 219
1007 1001
307 968
734 427
242 844
497 677
906 122
892 259
703 104
124 743
500 583
897 204
462 741
1039 250
535 649
120 407
798 733
561 151
504 201
230 155
428 1088
766 78
428 518
643 452
497 338
652 930
957 457
396 201
168 870
263 661
201 504
867 141
744 776
678 907
331 326
365 369
681 797
103 788
785 147
275 613
778 308
971 855
251 377
298 124
1087 446
239 186
462 1007
1067 548
728 110
52 106
655 98
475 651
693 523
236 473
792 293
404 303
412 473
631 685
1069 573
819 780
980 1078
936 753
429 829
376 642
699 999
589 608
947 72
369 985
918 433
822 615
754 131
158 448
787 836
890 587
356 255
1014 930
196 806
956 365
133 787
722 459
340 477
663 674
477 193
533 65
853 154
659 713
344 1123
506 213
220 700
418 153
497 536
309 1011
323 261
432 843
978 439
960 53
598 100
436 424
239 274
1008 235
1018 394
952 1091
307 974
494 129
516 655
153 865
879 27
231 896
733 1052
373 779
913 827
204 475
107 1067
1071 715
1048 804
659 610
908 215
2 500
414 1062
180 437
816 355
618 363
357 581
940 613
1019 936
241 598
85 207
126 744
646 696
395 676
766 95
812 423
20 39
367 899
712 984
834 698
649 738
408 1115
860 525
1100 341
623 854
482 724
647 915
316 512
393 688
1118 984
138 268
645 166
219 962
125 515
275 492
946 366
1015 427
89 926
219 586
536 877
118 654
862 557
718 157
559 986
804 811
927 658
543 243
861 136
36 711
627 424
818 189
731 985
34 499
244 698
1082 420
422 974
6 185
351 520
338 245
959 15
822 147
358 632
652 795
148 144
957 498
260 1019
424 457
389 226
711 725
357 694
898 339
287 384
297 826
508 1078
806 470
596 679
112 847
939 643
658 394
217 911
107 684
962 287
386 482
999 413
334 194
216 58
477 576
251 997
996 481
784 488
306 519
311 435
434 724
290 893
799 814
766 483
54 603
320 64
439 189
811 709
960 1055
177 1008
207 338
163 183
66 760
777 675
573 415
1006 279
465 273
883 74
346 936
970 1022
266 617
710 744
96 354
136 623
36 853
152 638
1087 352
709 525
585 535
302 947
145 670
771 251
1077 909
766 963
133 709
1029 417
840 1085
176 920
384 619
598 87
993 174
974 141
460 468
11 659
275 763
199 757
277 83
252 391
531 938
112 146
241 459
119 18
700 320
766 798
927 312
445 913
1036 746
653 710
744 806
475 767
883 566
284 1008
368 56
867 872
531 177
811 349
478 931
0 387
812 740
1112 770
106 697
645 728
919 1048
170 463
890 302
991 633
679 134
1073 608
577 278
254 310
746 910
548 1117
601 819
537 530
260 624
718 1118
248 612
231 578
287 962
970 592
0 147
742 40
932 228
759 658
207 706
151 170
121 460
980 395
873 710
744 492
171 569
948 249
168 834
681 404
608 327
547 882
763 908
280 822
627 982
1104 559
696 861
629 522
368 458
141 573
664 1058
702 180
325 613
966 395
171 44
404 962
26 986
655 381
123 771
236 924
205 469
901 279
749 535
64 405
104 709
505 762
328 333
732 1052
317 828
581 922
352 609
577 756
1052 442
312 826
977 992
708 381
421 757
990 585
697 257
288 695
9 209
182 1070
294 211
992 512
441 220
779 138
760 458
518 870
509 1071
284 142
152 777
847 564
536 651
584 783
481 475
637 213
746 157
942 334
952 155
828 340
100 462
334 583
748 279
797 120
611 298
130 485
599 183
101 232
125 737
285 71
643 323
191 612
619 943
532 259
647 780
390 758
133 152
412 603
1061 1086
1004 1072
74 907
433 674
293 404
1070 195
220 1013
147 306
787 1002
654 441
955 824
864 518
952 430
784 48
35 388
991 286
319 583
1005 257
283 61
755 563
736 885
107 760
910 786
656 888
601 866
210 592
827 729
37 573
762 649
160 529
327 941
481 90
167 397
823 414
511 419
1019 539
185 836
898 137
934 829
694 584
667 489
851 893
672 25
525 257
140 101
472 473
505 125
104 387
128 727
49 1070
872 461
717 356
664 281
28 709
545 268
428 219
632 671
474 1047
339 199
243 249
957 780
759 851
482 391
231 545
131 284
117 304
627 895
501 212
317 283
202 711
694 788
482 449
632 876
461 864
327 727
395 206
722 771
485 643
486 944
166 400
519 1003
506 896
146 581
603 184
759 450
442 835
364 203
319 827
802 568
533 385
293 934
1018 567
852 916
714 57
430 227
288 407
819 815
808 295
485 672
783 882
945 997
205 424
588 404
101 294
552 236
827 615
393 39
134 687
715 197
1078 379
232 605
23 258
226 772
951 279
220 955
954 879
774 160
956 844
624 215
383 590
416 214
965 16
474 694
828 602
702 416
601 332
467 388
1074 862
842 687
495 451
704 1022
6 532
107 341
494 853
475 1058
981 439
858 880
797 265
467 724
280 995
182 972
531 151
704 461
149 344
146 700
920 648
131 466
216 203
536 1
954 235
903 562
876 787
788 899
106 377
803 522
947 736
570 499
996 131
849 638
249 577
367 563
507 494
302 155
473 537
355 620
842 824
11 244
306 178
949 875
532 1093
805 583
679 985
757 953
220 343
943 492
800 448
866 175
990 445
969 970
327 9
108 458
157 354
51 977
524 277
870 948
130 354
1050 618
222 440
520 586
428 863
482 786
755 894
634 782
394 61
859 191
12 833
560 135
795 357
692 395
322 914
784 476
1022 293
337 522
874 325
866 108
690 385
1011 953
350 827
172 705
712 588
547 228
490 553
111 760
107 496
361 889
225 944
121 323
975 265
294 993
457 869
43 615
104 229
1002 618
1030 270
729 789
814 498
390 673
943 44
159 567
223 676
740 789
903 484
746 977
317 612
262 18
133 1011
582 803
756 691
716 202
701 1049
176 343
661 1056
293 95
374 815
986 811
358 649
162 107
609 688
844 470
1040 395
505 483
1000 740
285 8
752 18
646 1028
717 1027
1042 1012
54 1098
1007 133
818 441
241 619
201 512
217 958
184 609
602 515
240 711
265 759
1081 227
216 128
450 719
573 405
380 476
469 498
472 205
463 379
181 407
1058 466
462 83
484 486
911 634
61 159
197 150
827 682
700 327
802 752
228 362
1018 740
1044 274
32 429
978 818
877 426
274 588
150 453
982 129
213 219
469 464
457 314
696 837
410 956
197 904
352 353
125 783
839 804
988 392
488 1004
478 576
132 278
581 226
575 560
409 474
827 810
368 1104
879 645
239 764
454 802
400 13
376 476
989 230
327 135
539 381
910 934
1011 62
636 336
890 512
300 629
344 888
969 1084
651 733
589 1056
979 994
761 567
105 863
1016 648
683 1046
868 481
1051 898
923 618
425 12
811 628
1033 271
222 785
473 133
761 887
450 11
480 712
333 443
228 651
532 998