888 186
61 384
572 967
268 284
372 560
712 749
194 893
650 37
1080 605
722 837
205 621
947 847
944 231
547 282
227 989
190 909
300 1121
577 1034
287 1031
849 763
992 491
692 944
1039 286
464 262
422 222
282 488
694 84
569 891
750 651
692 755
27 887
889 64
611 549
255 310
460 597
326 535
968 608
541 404
712 326
175 866
838 0
537 562
427 215
816 957
488 162
678 683
407 591
151 722
526 159
169 179
75 823
211 426
64 723
1034 191
90 212
665 341
768 941
544 362
340 958
990 309
903 563
946 340
630 427
606 589
1099 774
870 183
163 806
24 458
155 590
293 863
738 351
976 531
611 617
213 322
414 16
396 807
870 344
670 938
1065 318
792 313
68 723
366 104
733 123
130 165
791 880
469 908
455 846
290 550
752 574
929 918
683 0
386 414
942 730
580 472
719 551
799 1086
520 236
1089 257
769 417
947 219
793 314
802 68
127 956
329 182
562 246
813 503
37 684
757 715
595 493
106 345
463 143
949 773
152 571
679 1062
296 125
481 298
588 402
916 345
431 249
539 475
433 726
423 364
279 92
359 591
572 412
730 898
656 736
449 306
936 343
872 113
292 993
514 549
897 297
915 323
117 760
319 1085
756 712
865 440
646 141
998 130
517 775
266 707
999 991
275 562
530 537
980 265
902 531
748 123
375 696
7 869
1081 278
337 501
1090 948
282 36
24 17
461 814
1053 221
644 357
998 216
703 618
155 632
795 279
846 46
353 77
531 264
185 999
756 581
69 552
232 128
946 444
121 870
719 967
678 549
415 720
522 242
268 963
573 428
926 144
377 1005
171 432
128 685
367 662
855 375
963 352
169 535
984 904
1042 565
638 981
211 954
787 578
592 660
793 261
639 973
411 1076
112 906
757 1069
784 178
914 170
66 497
171 214
365 254
606 1100
967 772
365 692
397 473
423 845
543 330
163 632
234 452
483 404
37 908
731 279
586 1063
203 315
356 246
485 160
671 830
899 273
831 412
228 554
362 661
821 793
780 404
423 674
595 328
295 1014
934 581
1105 619
695 210
352 204
407 608
929 326
359 896
423 158
552 593
831 262
457 859
388 1006
446 189
109 528
601 833
1093 521
886 509
955 778
980 318
283 170
900 166
963 610
872 236
1018 575
230 968
650 722
736 1014
1005 149
348 144
829 389
507 152
679 725
931 179
709 155
1118 47
418 19
385 276
376 666
528 936
996 858
865 587
841 467
728 243
902 969
133 500
1004 905
714 564
164 137
256 179
207 687
946 345
287 782
839 967
90 935
1092 733
222 857
929 759
432 148
613 346
664 53
810 595
648 744
710 911
203 838
308 0
641 958
601 899
153 371
895 1011
642 594
909 181
782 384
943 85
775 900
776 783
491 980
885 623
6 617
108 525
670 531
268 562
651 696
219 42
792 279
5 1031
489 257
371 213
1037 789
752 662
522 1065
842 21
695 207
525 852
131 1072
741 440
700 595
829 641
726 324
41 418
836 499
646 919
578 1084
351 487
428 970
658 514
934 990
434 815
757 334
505 873
202 873
994 378
533 193
976 442
960 268
909 89
388 734
10 350
688 108
245 722
809 574
24 695
381 107
655 508
187 888
856 278
158 315
628 520
721 133
716 865
406 950
207 567
2 723
916 715
893 603
960 638
485 796
654 755
869 582
253 302
595 375
913 481
117 590
794 765
168 532
588 775
929 748
1034 701
998 458
1112 832
240 700
454 980
529 392
1048 1053
920 759
803 593
547 369
1035 730
234 841
997 383
770 859
34 756
963 525
457 777
246 972
253 68
820 60
946 666
508 18
94 169
600 64
411 946
421 346
923 960
329 150
596 404
55 867
651 290
814 687
604 462
763 400
314 999
491 1022
685 602
621 960
300 71
255 742
662 84
752 1017
595 991
873 923
888 616
623 380
893 615
969 1116
663 857
797 687
872 232
1020 735
410 733
1070 1010
837 834
323 757
372 899
604 727
826 413
388 1089
739 145
683 471
404 774
879 549
867 404
260 214
560 209
727 421
610 999
958 1052
631 565
691 561
868 835
432 80
345 869
925 336
124 248
1105 998
466 1036
954 73
124 614
1081 44
429 836
960 504
177 292
701 956
1093 938
995 189
545 993
646 217
493 121
349 784
464 245
266 752
479 312
545 231
703 951
66 218
110 903
643 1118
236 377
659 28
1080 82
539 96
147 649
821 162
349 172
1090 168
518 29
319 373
328 1014
152 943
692 105
969 323
891 509
221 513
317 976
1000 840
598 960
674 489
981 1037
245 383
338 252
361 706
803 171
406 914
628 810
387 51
229 529
500 734
245 789
416 506
327 784
804 585
687 945
694 226
277 1107
446 876
671 689
794 516
271 791
33 936
54 970
142 562
471 439
397 132
663 136
629 751
218 513
495 737
322 132
963 911
732 572
681 788
513 1114
926 1109
1109 825
775 972
798 1002
281 331
533 495
154 33
182 1005
252 1019
949 555
697 599
540 1110
159 126
946 203
444 1052
352 123
315 674
29 295
935 805
925 710
496 807
207 124
645 665
699 753
834 625
169 1015
786 670
193 141
387 539
696 130
1056 728
227 381
390 335
876 204
235 221
860 120
856 366
655 209
821 318
217 797
841 382
117 589
635 1043
541 958
211 493
169 326
717 368
308 454
272 964
540 396
250 237
870 1068
419 456
582 766
626 595
371 530
707 86
234 693
810 1058
665 975
547 824
564 86
92 524
857 483
140 682
994 738
956 5
548 330
586 1091
660 234
580 357
401 792
723 372
906 52
449 1011
217 917
1008 192
1082 408
499 233
881 467
1109 776
1035 902
601 966
538 342
1090 603
830 630
947 306
570 733
960 894
478 886
942 843
132 394
504 1000
619 959
476 495
227 613
429 105
446 272
641 644
238 358
749 893
611 825
327 998
118 746
468 285
493 673
963 887
169 901
741 631
678 599
781 604
279 992
379 145
320 597
516 873
737 526
249 338
138 58
872 549
277 480
342 232
964 220
934 734
585 255
217 869
961 420
416 962
736 171
770 521
633 592
938 910
963 1035
964 155
572 780
318 449
880 219
654 442
804 593
713 1001
269 718
66 1080
1067 621
412 712
1104 818
912 701
742 313
571 214
317 751
284 436
1024 492
977 770
754 526
488 823
732 455
955 1016
803 365
347 715
518 744
56 195
230 566
448 528
25 809
1080 444
684 121
72 914
1001 1020
426 741
819 124
832 601
941 263
835 639
620 133
364 230
133 541
830 559
584 962
986 619
237 883
319 360
195 735
427 194
481 803
495 372
681 500
430 600
132 665
707 985
594 532
616 639
657 176
677 489
223 575
50 311
536 773
833 769
507 683
375 749
781 330
905 484
189 444
554 717
968 964
178 185
765 108
917 358
192 461
421 783
340 656
473 221
230 1107
103 670
875 558
239 948
620 350
769 394
739 567
40 909
419 655
912 962
22 895
810 411
907 1094
150 969
108 454
577 579
125 279
559 158
223 300
859 211
133 564
734 226
962 449
396 531
950 516
749 541
520 321
255 696
212 664
160 618
328 291
263 851
804 742
515 670
396 304
615 991
715 201
167 197
118 985
387 1045
466 491
801 242
114 270
800 645
804 232
731 867
782 785
119 497
787 157
514 977
716 821
371 158
977 509
294 287
105 310
935 1084
504 714
669 940
965 1028
1001 367
585 739
448 254
805 250
618 779
978 672
403 616
179 631
295 622
128 952
194 537
1037 575
237 769
51 844
1023 169
997 171
163 897
606 472
629 418
481 928
278 388
728 169
400 425
828 8
1076 539
724 994
738 310
522 861
766 714
522 21
648 862
730 822
660 778
396 433
1011 140
1003 15
385 327
1009 128
1056 343
288 1063
128 169
756 1123
688 653
125 247
340 176
804 210
33 39
685 1004
773 377
748 597
723 336
895 174
605 569
114 267
643 652
1078 741
936 484
1066 203
979 242
717 456
261 873
237 294
240 888
1096 727
831 814
687 941
1083 553
516 866
500 838
406 595
289 233
787 383
673 712
1086 525
915 865
629 498
532 370
140 476
479 1040
268 701
136 771
565 416
629 290
453 826
653 338
864 114
474 197
325 778
849 734
843 363
952 466
1061 977
200 749
675 316
1044 314
936 145
42 703
691 1046
631 790
648 957
196 584
811 204
22 666
716 450
218 729
476 1011
522 1102
188 972
335 647
418 334
1121 890
833 443
875 1009
593 760
523 558
106 301
996 1038
127 590
557 406
488 638
550 1085
119 705
1105 167
401 588
68 724
686 1112
44 482
480 932
917 291
522 557
551 146
477 726
307 910
433 346
431 219
140 456
639 598
846 343
1110 736
913 900
959 1118
174 708
599 462
397 488
602 451
910 596
773 373
310 187
1112 558
206 479
797 574
340 566
300 935
1004 386
863 197
1119 119
764 62
650 888
401 559
79 848
960 857
54 71
1020 989
797 112
127 629
1035 830
749 185
324 1026
145 836
471 959
181 150
821 1025
227 794
232 958
170 234
46 345
594 318
747 582
884 276
407 305
256 688
752 500
129 1021
516 947
673 604
310 890
161 702
744 404
744 796
821 862
482 233
819 726
184 316
265 56
629 803
197 971
936 482
263 968
391 681
1041 128
342 144
179 669
905 417
736 270
1063 57