558 956
599 626
171 1005
369 280
918 647
435 224
464 106
453 585
779 153
556 710
380 634
675 242
471 2
843 582
710 346
691 821
941 523
759 139
362 648
558 407
602 609
57 1056
1071 105
56 549
189 685
532 77
999 308
537 432
207 113
19 802
614 46
303 703
866 736
907 459
409 297
754 383
755 947
180 546
62 191
933 903
638 187
948 505
634 149
119 615
849 202
52 330
410 315
670 865
204 801
633 999
850 700
863 27
564 326
588 570
434 655
436 742
817 43
651 809
412 755
664 139
692 862
374 742
209 744
419 806
893 648
1058 251
668 681
32 1009
144 431
169 740
858 435
389 249
191 996
704 849
626 842
894 302
689 812
416 541
214 218
786 882
860 397
711 955
718 1112
921 1042
655 943
948 115
247 416
612 105
949 111
429 496
164 1122
804 1015
365 79
636 868
592 451
807 433
502 391
310 949
517 818
957 430
184 302
467 100
1086 408
277 990
662 787
833 77
925 195
158 583
671 869
465 512
444 1085
866 231
448 637
544 51
322 441
646 621
106 1045
720 464
983 809
456 512
1004 470
156 119
966 95
976 671
301 543
359 646
631 1023
224 925
725 986
558 916
1045 384
135 336
938 946
625 996
157 942
98 375
188 964
182 886
322 809
870 461
499 779
774 561
906 229
659 638
774 532
711 456
637 169
936 172
665 383
160 712
703 285
297 985
21 165
951 780
508 650
732 450
576 116
295 460
1020 220
192 559
996 260
1034 534
440 668
841 1034
732 1093
516 675
836 822
102 658
438 765
952 129
921 1002
454 605
156 350
336 861
832 328
544 857
929 336
761 750
1072 705
567 349
156 985
772 927
687 776
390 616
112 535
583 453
710 175
648 672
910 278
490 216
800 567
265 290
548 769
931 854
294 902
180 514
1122 604
650 317
921 987
867 449
260 186
1069 825
1003 280
474 1104
537 904
381 131
139 818
777 982
812 401
248 178
1015 835
817 385
287 766
157 404
377 209
279 295
347 463
971 582
491 525
277 634
342 956
2 647
748 343
1018 571
522 853
159 443
214 180
722 45
957 888
325 890
951 920
1052 259
737 126
407 338
111 374
495 991
316 1078
399 781
746 1111
18 1079
601 86
770 902
836 851
736 258
291 658
618 490
460 889
860 540
795 748
443 462
1060 921
194 485
985 578
110 230
834 955
672 820
1038 686
200 707
959 935
293 994
88 74
116 183
104 756
838 808
787 197
773 149
109 194
824 595
948 337
917 785
50 132
843 923
502 530
770 806
37 130
195 629
869 113
811 478
167 741
386 723
303 464
55 761
1075 106
1019 181
853 835
206 874
192 925
865 530
824 636
606 982
654 872
677 611
253 761
599 563
302 192
171 434
852 1107
375 192
383 1020
793 207
326 624
480 911
1015 879
185 99
359 211
421 143
767 1060
238 731
424 576
448 109
412 610
731 1100
211 599
887 755
600 511
744 105
1036 931
146 178
221 608
395 979
513 718
927 499
533 242
596 790
1123 222
303 303
701 427
521 446
617 997
350 404
199 165
803 569
428 742
686 391
635 731
987 78
315 535
789 841
543 523
974 420
596 915
714 160
409 35
333 59
489 804
124 784
786 1079
438 176
407 135
971 84
984 546
861 440
670 518
717 308
222 901
628 198
870 1095
827 745
825 346
804 1100
273 252
705 141
646 722
889 885
498 393
241 312
1021 133
365 764
433 898
168 590
454 950
1085 82
129 490
392 1015
415 579
628 876
178 311
845 210
484 766
675 562
553 879
840 571
507 936
332 255
509 293
551 793
223 610
323 809
160 846
443 163
740 333
430 446
907 537
280 1070
217 579
782 141
792 770
840 228
743 499
992 1101
777 532
857 669
562 276
126 754
770 369
762 100
766 564
918 735
778 814
1098 160
974 489
1010 559
744 759
9 1019
873 463
762 746
1118 840
613 508
455 199
260 830
1070 306
495 897
343 351
633 292
535 1084
499 437
4 120
113 246
589 598
692 31
870 419
579 385
388 425
685 126
933 183
718 645
173 770
865 953
230 515
145 263
567 587
659 148
74 738
992 190
712 186
415 897
264 984
325 184
514 495
792 464
981 763
752 144
401 539
791 954
196 33
120 238
759 867
779 737
614 368
251 708
104 746
515 724
930 663
730 313
851 404
934 552
606 29
850 180
557 323
571 937
669 137
932 498
983 877
137 1102
95 895
770 689
290 275
265 96
370 292
300 491
250 380
959 545
841 372
85 532
874 658
180 945
851 213
431 698
551 1104
1063 695
799 920
158 1069
471 729
823 578
243 199
313 180
146 3
786 157
655 119
579 861
685 776
426 1017
97 699
784 671
458 1013
843 429
268 865
177 736
567 58
103 1017
910 367
328 254
1040 752
586 228
99 432
102 803
929 757
581 168
631 699
1118 570
554 961
751 567
459 174
745 123
1057 903
607 939
1111 1021
332 403
947 792
116 566
213 790
160 547
813 466
1037 487
174 292
247 577
206 801
593 886
205 763
960 650
581 365
825 897
1013 440
279 439
589 872
953 944
438 699
1059 254
462 615
202 249
431 318
710 172
831 122
1091 153
848 797
128 721
319 697
971 1038
334 1007
1104 1012
247 67
273 116
289 989
433 348
939 650
229 624
277 696
531 37
482 466
884 198
164 399
624 751
1012 1006
223 324
909 553
899 595
551 405
996 903
797 911
148 228
591 861
452 238
585 793
482 801
164 310
708 424
172 1018
727 533
445 729
444 362
858 933
392 568
156 403
1059 123
947 526
1043 320
320 270
752 157
831 272
483 220
971 618
602 733
210 231
427 336
81 390
554 863
698 280
395 976
982 183
876 528
24 877
886 22
347 856
242 520
670 18
958 122
222 887
712 219
797 263
507 299
667 765
625 65
440 284
392 320
740 1000
577 570
203 232
517 782
809 9
336 494
1020 1018
303 854
357 38
181 764
916 1005
155 747
719 472
345 566
773 900
968 818
583 1039
872 981
349 536
776 633
817 265
276 1111
468 297
718 568
875 446
137 693
580 770
723 276
967 887
154 870
426 917
657 588
925 531
595 752
170 939
455 848
230 64
612 597
718 693
20 965
852 840
1005 1029
816 930
491 363
108 202
172 710
175 89
1068 503
443 732
976 460
869 323
718 346
731 368
426 47
69 261
659 248
775 842
335 118
609 747
811 553
468 327
855 27
795 850
738 666
91 850
777 880
540 407
409 501
163 110
13 1119
418 129
209 166
211 111
576 306
862 667
988 1022
1016 1015
612 1007
364 456
249 672
642 1118
741 640
823 444
316 788
1083 578
309 353
382 401
788 235
378 859
904 476
949 1048
184 657
571 412
921 927
585 589
187 876
10 790
396 789
7 840
927 127
458 359
394 905
848 145
422 251
709 282
904 3
487 205
172 930
714 323
495 158
594 252
378 554
168 612
742 229
797 132
291 306
1008 74
755 238
640 527
337 849
572 306
694 492
638 10
145 843
258 798
927 286
653 390
72 418
937 1041
27 862
377 519
18 386
156 214
794 275
647 768
211 659
454 108
148 191
899 963
177 683
753 788
511 870
1120 884
204 666
162 130
731 212
664 911
950 220
377 240
295 1055
1046 722
195 362
465 14
488 422
766 746
950 361
792 269
569 832
738 967
517 921
654 528
246 964
226 431
853 233
344 955
224 448
1094 205
153 621
254 451
612 450
759 988
1006 664
1041 241
100 873
515 874
221 682
671 435
684 347
540 292
501 618
194 883
1102 911
448 434
232 262
120 815
535 578
19 440
143 620
14 681
1015 903
203 194
503 373
484 660
605 846
608 486
645 443
661 428
985 1091
31 401
822 811
676 767
640 76
128 773
115 622
518 540
540 421
697 577
319 289
733 842
753 748
291 130
748 938
716 301
1001 35
716 945
782 902
879 983
385 264
545 459
668 824
94 819
202 713
969 582
113 211
412 190
657 893
1060 188
104 626
399 403
39 367
768 51
748 590
286 864
841 413
158 860
261 425
411 332
409 646
408 826
481 505
112 583
811 417
226 420
1100 565
809 106
953 658
402 967
228 618
1020 130
616 760
866 950
194 360
270 961
433 793
281 903
159 757
836 398
745 1014
892 389
988 162
1120 375
553 1008
490 359
507 1122
1005 837
902 758
723 481
675 542
747 913
234 907
927 404
544 53
802 1097
841 174
328 410
996 843
347 837
893 256
315 379
571 1055
728 819
779 521
797 699
656 636
12 165
764 441
467 390
170 283
818 17
93 441
589 621
800 310
111 152
735 667
872 1017
389 858
874 658
695 313
992 939
1013 888
564 493
607 661
315 143
762 1106
505 960
467 337
998 468
168 45
643 292
437 173
542 673
706 185
714 872
690 708
1004 537
426 666
305 735
219 339
1014 842
401 131
401 587
629 672
548 867
116 430
638 567
553 538
762 847
1092 182
477 995
173 928
2 569
999 955
286 644
296 57
490 1033
1033 470
879 1004
266 204
663 215
920 538
512 441
866 1076
355 631
1097 134
650 933
134 554
1009 60
133 1052
36 949
575 742
471 655
172 336
863 394
562 44
755 195
537 736
1016 403
168 830
916 758
439 1092
638 345
614 462
1085 106
186 844
950 433
182 866
908 361
448 378
139 1037
813 748
222 483
829 698
849 940
579 197
355 492
128 183