859 558
799 24
541 137
263 249
399 306
179 776
834 552
755 479
900 442
610 251
76 1023
132 788
506 208
175 684
144 527
495 17
209 655
797 392
510 903
941 379
479 292
694 563
302 480
947 1011
477 72
135 771
298 187
37 381
129 786
801 643
463 421
603 679
362 195
50 917
217 295
27 301
426 495
474 141
207 814
412 215
283 667
790 780
284 520
134 143
72 626
713 339
255 767
828 5
979 1072
470 638
895 794
957 581
138 1119
503 476
67 945
648 788
540 556
577 248
563 865
663 1054
568 353
622 1021
1101 440
219 926
111 733
9 822
686 628
315 371
358 249
981 682
369 532
173 1075
1013 1122
175 577
622 1109
65 1008
1100 793
599 121
796 159
317 507
295 470
916 541
404 156
409 609
1051 927
685 255
448 765
784 538
559 324
456 317
642 1099
958 859
685 935
46 288
154 425
885 197
900 478
933 159
472 367
612 181
630 281
933 1101
260 540
346 370
1105 957
820 26
586 102
355 898
239 334
794 506
257 561
122 725
332 320
341 993
612 268
886 719
768 989
246 199
999 144
778 739
484 642
835 480
1097 734
373 274
547 234
131 152
756 633
194 721
844 740
693 270
665 942
536 49
91 445
1017 9
291 645
263 789
513 637
229 894
552 1099
446 1094
200 367
209 324
891 757
816 19
1092 559
707 330
1096 362
915 170
186 672
469 477
544 799
227 687
379 742
826 596
1061 309
508 301
899 107
972 314
925 384
495 833
6 142
929 802
304 690
301 297
735 623
673 714
617 655
581 27
481 420
2 363
529 115
257 136
757 671
764 360
1123 1020
161 227
591 932
190 927
704 973
48 655
410 273
471 280
132 369
941 703
102 1103
781 678
1031 410
183 692
782 360
394 502
724 997
557 500
498 542
897 1027
352 153
483 221
670 293
174 293
472 279
515 261
4 158
716 125
380 614
765 675
759 826
668 779
1017 783
839 712
687 159
484 406
145 926
910 864
462 901
510 248
121 264
171 50
336 60
517 539
1071 361
122 30
920 803
123 209
31 411
971 1000
336 818
1038 265
163 452
632 930
983 250
94 517
273 356
221 720
471 240
377 679
625 353
292 443
440 780
112 878
931 230
673 958
862 95
143 1018
215 478
951 5
214 976
1048 658
25 731
861 840
192 79
289 565
221 710
918 763
417 220
417 838
243 560
158 786
609 780
1039 533
637 616
302 373
945 395
1123 1022
754 786
979 129
16 1093
155 884
617 544
120 390
324 788
56 976
278 750
440 921
992 547
758 895
502 908
905 132
324 753
312 38
162 692
492 610
942 392
689 364
594 66
926 771
1088 465
923 863
591 1020
776 1022
769 140
772 105
813 453
368 218
222 698
1117 305
49 353
650 404
633 31
554 588
24 430
128 284
272 160
756 369
337 104
394 983
562 302
1122 175
456 638
243 542
263 151
971 328
168 1097
450 702
625 309
565 564
204 461
403 375
989 324
74 669
197 499
39 381
119 1106
742 97
626 487
359 721
1094 110
186 660
409 757
477 650
531 656
100 1070
128 266
189 228
817 1097
677 401
544 549
657 920
856 189
833 262
753 52
390 532
292 553
882 827
791 418
757 701
662 600
734 410
220 960
571 861
507 813
525 629
509 673
422 208
1118 379
467 487
334 311
573 1068
130 39
956 688
661 227
716 610
339 1030
395 449
252 171
805 272
732 336
713 369
734 257
77 987
722 595
157 452
627 622
101 604
475 745
222 828
48 957
585 672
1117 128
427 1060
469 322
280 671
963 154
803 684
976 430
601 822
153 874
133 45
961 182
584 620
709 245
930 369
943 150
187 1055
177 176
990 913
799 404
186 801
1105 346
738 592
944 271
136 436
285 620
693 556
777 663
656 530
877 941
222 952
859 795
888 999
1030 382
148 165
226 265
737 540
395 779
463 766
485 908
449 495
485 800
788 897
522 131
351 62
53 986
684 1058
989 909
199 383
822 479
549 659
214 775
771 611
976 116
944 366
201 397
756 286
824 779
449 184
917 46
291 976
537 328
515 621
177 312
752 465
772 144
697 458
502 147
954 1020
849 876
430 313
654 840
933 571
611 218
742 761
492 308
23 674
300 1018
299 1025
830 1056
59 579
106 165
265 338
342 1091
381 984
409 275
881 11
658 445
28 924
297 304
466 876
182 606
782 755
921 975
571 28
408 787
452 348
753 551
123 186
336 593
256 648
408 408
226 777
1029 968
261 458
596 536
197 22
225 297
858 107
887 176
765 592
563 409
343 1064
335 624
1120 309
794 137
43 75
311 1038
295 771
328 222
256 542
681 858
999 903
400 104
686 250
249 685
312 453
42 178
716 365
385 996
761 628
575 595
925 248
351 58
458 66
913 218
409 141
502 765
104 383
109 663
358 792
663 765
292 1102
60 1070
603 1010
154 111
484 957
533 658
900 367
21 526
209 415
301 1053
340 417
894 776
880 838
895 480
910 340
51 166
313 1043
933 918
393 417
756 711
1003 850
983 537
807 673
100 1106
358 144
607 445
454 276
395 487
231 781
207 202
126 750
892 461
831 625
365 136
392 1119
964 755
981 78
1015 815
139 1094
509 541
751 890
640 244
485 122
354 316
757 243
515 156
1006 200
392 374
127 133
263 824
161 758
904 687
721 103
530 338
706 551
361 118
1014 643
71 433
166 1116
304 949
170 290
966 938
54 552
438 747
207 589
711 706
465 48
193 526
441 439
145 1040
581 602
165 663
130 468
385 104
946 932
541 502
183 833
478 540
387 527
189 50
328 497
852 152
322 273
895 282
732 545
631 720
172 672
985 144
411 405
753 1001
487 136
396 937
378 220
596 452
719 1117
106 406
947 409
949 542
590 99
833 1070
506 312
319 250
880 160
1004 161
329 494
624 891
559 434
357 116
876 57
816 544
355 515
838 28
1062 343
9 444
960 813
792 189
755 548
766 18
387 267
1010 935
436 774
1072 128
605 456
725 259
694 640
379 1037
116 887
985 582
235 404
705 190
639 505
789 721
687 194
403 937
207 114
115 1071
516 263
936 339
300 883
772 1016
1007 216
858 531
900 577
170 115
248 567
1062 37
113 910
659 788
342 543
254 519
270 403
502 565
513 924
898 117
390 364
243 769
870 781
950 164
417 547
1089 149
103 329
1067 220
1089 820
456 859
856 369
380 1003
346 1014
826 705
947 1119
372 878
90 409
1011 643
477 930
822 1033
370 683
296 1057
527 913
110 331
727 881
561 545
69 850
374 577
717 653
123 1094
34 75
349 865
848 851
869 132
779 989
133 1055
602 906
484 872
679 931
1076 888
131 976
591 922
670 1015
413 113
21 439
480 1058
471 310
494 917
580 784
52 784
207 524
1037 835
275 104
122 594
153 613
158 560
25 792
831 354
729 763
1026 483
405 563
189 860
1016 533
705 312
1102 524
999 494
1011 825
749 734
928 1028
258 200
684 620
849 985
981 401
343 320
95 404
758 699
833 273
837 431
1070 205
343 467
1002 875
326 292
318 289
503 322
437 192
114 136
696 478
438 730
311 449
723 201
993 604
788 1071
949 452
214 481
706 329
696 903
164 648
890 349
800 698
1005 609
430 993
473 44
645 740
278 894
859 564
437 56
517 469
849 985
285 41
107 394
634 1123
211 412
709 122
299 446
1073 481
664 644
907 490
958 125
363 933
568 644
822 432
87 342
1077 692
748 101
705 967
557 1003
544 401
196 1089
943 1000
993 624
449 897
959 19
500 570
901 1072
130 896
643 1022
778 380
578 1032
536 33
357 886
165 626
176 785
635 285
498 253
595 492
291 667
153 196
559 885
761 121
805 589
530 913
34 883
400 1055
204 744
637 324
971 451
953 423
218 113
1106 195
856 447
822 940
156 105
383 494
811 958
494 1103
80 623
740 481
763 422
289 805
530 732
726 324
561 97
485 238
170 847
879 140
934 360
670 737
879 126
500 844
603 597
399 492
352 372
574 119
459 928
883 627
774 207
490 541
496 907
329 1089
988 693
249 143
443 385
1081 563
901 647
153 964
428 162
285 839
919 205
1001 743
923 936
992 243
356 565
377 1009
319 853
338 872
835 233
216 261
365 152
165 73
586 551
1116 321
833 13
830 488
833 968
1070 856
882 142
819 138
177 587
891 539
412 252
418 56
690 509
340 186
549 239
716 973
835 1034
335 517
963 511
707 169
893 944
835 668
355 82
391 420
120 243
856 272
408 915
111 570
786 186
565 983
765 250
797 180
379 725
1080 855
315 991
673 840
119 137
914 733
129 1083
294 5
717 587
896 1040
781 561
531 104
286 373
611 256
292 289
832 442
853 1075
481 967
432 790
1055 728
658 160
738 630
373 215
1111 567
910 1048
787 568
946 90
824 650
255 527
70 234
341 460
977 1027
1020 456
264 280
811 927
824 909
129 759
602 752
955 431
354 258
188 369
529 316
645 985
497 765
904 504
263 745
567 868
196 314
981 577
143 115
561 346
282 752
710 733
340 521
186 801
731 815
469 578
835 824
151 234
697 652
300 641
972 982
935 739
637 950
717 578
733 899
431 164
924 292
625 595
791 212
733 414
850 483
512 190
367 736
913 545
798 373
627 112
126 242
268 760
424 1021
297 979
922 265
75 739
329 620
630 798
875 12
457 395
123 328