886 760
34 741
813 654
210 649
567 655
588 1057
892 419
216 414
286 142
300 262
981 192
59 307
430 832
548 120
1100 259
748 191
454 883
8 1044
1101 1099
374 802
13 69
146 375
1069 479
1083 560
243 785
367 56
231 201
827 497
572 806
943 867
46 92
865 899
1013 440
1073 658
772 469
613 822
437 892
1077 236
528 444
632 271
605 821
280 948
964 109
791 965
1120 54
411 300
852 150
1005 744
508 900
341 660
141 447
744 949
951 202
476 681
358 812
632 227
739 227
360 548
506 587
352 601
797 594
449 572
733 24
186 789
868 717
691 138
829 592
583 582
1074 309
273 726
894 665
845 451
14 674
688 1099
524 863
508 828
908 578
439 155
368 330
558 372
994 123
789 954
97 326
143 556
748 722
347 411
692 189
629 522
870 633
478 881
132 765
620 421
478 339
887 635
906 660
476 106
707 136
810 422
608 810
698 1090
772 861
834 799
629 443
727 859
720 562
955 263
103 203
877 796
883 210
183 547
52 606
831 98
814 857
1026 617
895 909
606 765
491 991
334 433
483 492
934 562
699 533
840 488
196 1010
849 314
896 300
833 50
630 785
345 194
360 246
453 697
358 183
509 547
426 977
263 653
1012 1096
576 855
614 554
956 870
668 1007
62 608
45 359
219 229
160 882
133 819
171 315
228 432
608 674
225 842
244 802
566 673
423 954
396 176
480 183
318 327
408 406
490 564
117 991
543 612
329 205
779 349
332 540
901 259
214 36
592 117
80 1076
161 533
1031 460
186 405
814 1061
128 148
100 984
283 648
520 347
100 727
161 585
819 105
105 722
1121 513
377 901
404 842
71 411
913 272
384 735
370 639
985 348
609 716
453 808
836 137
197 209
754 101
433 589
837 861
259 1093
952 1010
602 30
500 371
1015 1050
686 956
744 571
560 167
74 422
777 194
963 100
429 601
515 330
401 387
896 834
405 2
984 862
1107 886
458 359
696 1021
731 64
609 575
672 290
264 818
356 201
400 953
103 660
414 450
1002 543
137 886
813 274
307 767
349 260
480 573
370 423
808 610
284 1023
592 253
990 879
930 379
341 205
262 219
443 1076
1119 399
621 1049
674 328
381 412
455 253
941 111
113 322
286 920
652 108
205 308
933 584
751 918
91 152
324 953
875 593
994 366
300 580
878 300
292 213
401 532
1106 676
666 921
388 858
821 848
656 112
961 800
231 994
533 627
1097 819
406 983
479 478
711 702
881 832
374 98
135 71
655 826
558 987
353 599
131 435
553 791
848 14
437 979
669 501
518 168
613 1010
1074 240
210 201
114 1015
594 1067
1107 702
771 815
478 344
420 876
810 177
5 853
779 262
832 886
400 191
497 492
359 957
932 847
359 1033
428 773
746 524
439 469
698 194
608 897
840 883
585 157
232 835
378 686
493 469
836 994
380 1089
522 1057
535 530
428 944
1014 556
942 751
1079 110
672 246
140 83
599 899
276 541
171 1048
683 368
386 928
119 806
676 225
608 1051
560 144
450 228
863 413
456 414
190 464
416 136
522 765
632 176
734 350
170 404
896 196
1010 1060
1108 960
453 97
169 1050
514 987
619 525
330 583
551 383
523 235
894 630
883 980
315 915
921 447
910 848
691 931
271 135
974 452
346 566
716 212
153 823
900 116
675 206
554 413
170 31
766 1018
364 489
111 893
360 607
727 1075
720 864
416 691
723 715
80 394
619 554
836 55
578 567
1097 195
320 285
274 320
1051 227
879 818
794 298
613 126
22 779
263 1025
699 920
955 299
974 505
723 237
856 1046
771 198
862 369
146 465
746 54
737 435
982 612
806 1051
734 387
1110 555
124 317
611 50
278 669
427 371
603 695
397 711
743 811
680 858
195 390
174 599
201 263
328 126
707 842
234 189
1066 515
333 641
701 159
468 799
1067 132
598 1009
194 207
713 556
121 283
421 737
88 932
372 677
325 951
38 655
18 573
930 992
965 490
464 520
707 215
784 583
193 776
231 690
407 519
431 471
270 309
417 707
1016 775
970 162
198 715
556 90
39 435
566 334
558 640
202 841
793 516
502 402
543 916
518 318
574 712
659 191
311 707
603 614
1113 885
876 1007
757 856
570 430
942 232
558 396
263 629
225 948
278 619
477 882
1087 1070
952 215
1007 954
1072 1086
802 498
1061 1007
414 236
132 329
568 1076
1023 807
327 497
1105 675
439 935
30 638
168 792
947 51
728 30
542 710
366 227
433 1000
688 182
166 431
783 184
441 964
601 660
347 889
638 935
109 91
230 165
137 270
906 402
793 857
946 1016
413 1019
559 207
134 505
866 568
700 361
1012 181
126 551
798 705
485 37
923 769
451 1022
764 632
41 290
772 372
67 426
149 803
884 86
123 738
703 743
671 1011
616 646
917 294
240 712
113 1016
459 122
230 953
669 146
954 738
841 791
906 134
756 213
842 998
245 448
268 648
477 922
14 534
232 109
638 920
898 688
441 579
532 961
676 869
1091 607
62 877
397 266
813 308
436 765
967 716
585 416
1123 1061
752 250
537 705
163 647
1067 646
1020 337
381 887
969 936
295 607
256 876
377 323
668 100
467 908
624 232
325 922
992 1028
873 548
137 545
871 254
222 58
692 440
838 776
71 526
395 546
173 1051
407 196
259 7
866 652
125 985
261 910
1052 324
732 115
684 491
656 355
904 346
242 917
758 587
797 222
414 21
847 908
384 582
982 813
685 363
390 629
467 397
922 503
693 498
480 559
738 228
147 571
163 266
278 17
603 626
351 229
266 436
407 199
1002 950
319 239
829 843
784 230
742 775
938 379
614 971
365 259
593 277
517 626
178 682
725 744
648 500
659 737
787 589
362 284
142 99
861 242
725 824
265 1001
924 801
203 27
505 249
914 855
119 261
515 621
796 954
134 181
302 1000
332 351
577 563
977 778
671 771
952 670
619 569
406 517
503 931
298 551
548 119
870 1105
1107 609
349 564
1018 836
1123 512
207 982
477 1115
764 554
409 226
407 578
117 861
553 367
94 941
157 898
847 589
609 495
217 127
577 779
419 434
1018 104
1071 414
181 657
303 950
556 829
543 492
521 836
513 916
541 844
974 295
84 1095
451 344
839 520
755 871
137 719
214 285
125 623
403 906
331 662
295 344
921 298
80 469
377 227
609 332
241 301
203 595
339 972
680 972
541 778
189 973
959 117
116 142
1083 775
1004 75
112 325
240 810
780 928
975 914
883 1001
798 143
268 3
769 398
765 592
305 885
605 658
319 760
839 802
178 1068
885 869
1005 857
434 782
370 787
491 709
655 638
215 506
448 897
534 946
849 1086
488 891
929 1121
926 606
950 410
1101 66
281 1021
241 803
829 199
148 324
552 764
800 1118
825 553
529 927
656 1102
511 295
839 973
859 756
128 407
568 151
649 590
953 217
304 1087
888 18
1115 748
774 484
529 203
817 960
617 902
709 514
720 764
559 162
235 750
434 101
597 378
243 867
353 741
271 880
128 211
467 100
966 395
752 118
702 618
168 484
108 260
356 490
721 531
102 876
34 209
237 884
174 376
279 234
231 743
347 690
258 726
369 438
399 562
782 172
644 449
747 345
587 491
176 511
467 124
116 531
281 448
648 563
1064 152
796 854
599 151
506 131
315 798
289 73
648 926
820 549
586 221
484 609
269 1021
242 711
227 285
201 415
1079 728
1047 727
747 821
363 205
792 63
306 463
275 292
13 804
88 956
294 480
1101 954
346 210
443 278
627 109
776 736
6 110
95 674
510 19
848 972
314 888
894 228
665 377
149 542
284 183
350 501
1069 173
181 519
276 641
246 1045
445 648
972 428
361 626
353 548
246 397
648 583
226 383
733 853
701 142
746 119
1102 228
921 432
911 645
725 611
220 869
691 644
434 960
688 202
835 179
764 690
1025 750
242 653
508 597
1082 758
328 468
917 132
267 689
410 597
661 818
991 141
1081 609
410 753
312 700
260 1026
765 496
513 51
776 149
133 944
590 65
672 690
420 817
49 863
771 237
1107 845
44 399
93 151
147 924
70 926
1061 374
265 889
501 285
561 827
460 5
873 28
562 331
277 873
1067 272
691 495
1046 795
363 122
174 528
212 330
1106 831
517 529
820 164
783 219
149 281
821 305
755 258
977 308
302 593
673 590
744 727
858 284
940 1090
800 979
949 125
485 962
30 760
992 379
333 223
597 205
923 811
824 627
675 814
639 961
188 327
259 800
1079 1008
247 990
29 912
837 877
183 620
979 907
224 606
825 893
863 382
234 763
817 613
675 542
147 82
508 311
675 860
800 299
460 192
165 239
761 39
898 643
810 990
961 618
94 621
644 363
240 508
1013 7
518 518
343 698
902 443
822 161
666 731
666 726
939 947
218 868
192 988
674 553
241 673
285 233
609 672
103 64
583 701
409 287
762 854
805 1102
870 364
386 726
155 268
1118 649
908 557
865 535
787 425
782 668
339 1001
370 392
689 765
257 683
940 987
707 519
205 483
399 47
370 301
667 535
109 682
270 684
199 410
867 494
472 319
393 307
350 827
423 165
279 1111
734 33
236 269
986 1033
718 692
60 323
1106 1002
675 587
344 223
688 424
296 1117
497 980
849 317
956 861
781 480
248 1066
825 759
512 125
613 462