72 484
84 668
762 1051
948 296
48 674
696 331
440 500
967 241
461 187
451 48
978 303
512 909
519 864
741 704
477 309
979 733
383 598
468 332
276 360
267 443
522 416
329 320
981 24
603 307
641 561
706 530
545 301
934 590
171 510
254 751
538 217
431 362
752 746
772 876
925 443
925 773
155 359
236 178
138 445
892 1013
605 220
140 1011
98 170
951 690
192 210
60 224
785 536
616 139
730 103
626 474
186 636
532 173
624 451
295 695
452 519
104 544
185 1013
65 250
669 201
461 201
769 542
551 811
931 461
308 728
807 500
632 130
18 275
702 756
511 577
372 980
753 295
1010 91
459 354
969 577
299 243
418 340
919 969
647 676
639 921
954 954
901 636
125 141
18 596
209 955
484 403
618 701
561 954
42 847
992 701
588 427
799 244
992 175
854 835
293 71
954 722
858 1019
854 131
352 830
290 304
404 583
158 928
353 654
108 883
772 932
782 445
762 640
520 778
310 463
805 453
327 397
335 991
576 462
128 533
467 358
101 538
194 36
318 1105
144 231
775 689
712 545
462 10
1020 941
999 957
907 833
42 535
662 898
671 809
592 480
690 761
829 867
325 496
1097 638
349 909
753 899
984 991
434 784
723 878
904 969
843 544
321 686
592 1103
379 591
473 105
766 70
1104 118
158 484
1001 954
204 808
1004 316
411 139
903 995
322 215
300 398
264 506
309 405
767 446
639 111
412 599
147 528
358 392
388 147
134 912
1021 831
563 543
881 326
102 551
720 970
608 992
1004 1060
82 361
35 389
117 536
188 965
1059 492
44 657
1077 321
628 602
805 397
488 200
650 519
366 916
154 639
793 218
497 912
364 197
568 318
636 892
295 358
296 516
374 342
469 828
205 532
871 403
347 260
399 701
597 292
894 260
688 954
313 28
811 658
739 591
384 161
1028 115
1117 871
50 842
959 274
327 856
1059 47
488 708
672 351
252 389
380 1081
977 665
222 365
470 789
83 942
719 948
140 1101
470 577
351 889
763 158
5 297
299 147
176 820
346 152
797 482
566 361
704 996
454 216
237 381
685 778
606 681
449 303
859 739
616 554
886 399
243 314
336 750
758 739
266 287
940 692
104 979
837 261
571 88
1044 396
661 255
635 203
914 237
930 470
893 940
631 1082
488 369
163 814
583 678
835 687
527 695
1058 801
1106 740
562 857
310 905
226 450
671 506
72 991
813 802
463 1028
794 585
900 559
706 948
755 698
788 109
186 1119
297 228
1092 104
932 436
261 437
250 585
939 131
481 693
520 581
154 496
1097 815
1066 361
173 119
257 731
331 699
670 830
1008 782
254 893
411 625
124 238
195 450
697 407
517 816
549 656
515 719
1072 511
1037 527
845 84
1113 756
187 140
850 446
333 748
607 543
509 299
431 419
924 441
857 339
1016 780
535 1081
961 913
1023 960
1021 1015
722 315
243 247
90 120
234 183
477 447
585 372
235 76
490 150
873 101
234 156
302 996
1008 114
123 684
127 96
27 899
604 127
369 655
748 603
751 844
164 559
370 159
1083 655
153 554
269 757
1068 545
136 166
133 586
376 509
867 627
710 678
351 640
405 64
894 621
96 976
526 236
775 368
665 461
905 581
1018 872
942 834
421 672
669 820
173 256
91 351
556 885
221 864
722 280
60 353
116 196
1079 391
1104 483
186 477
593 669
1052 396
744 397
857 980
1019 422
633 823
394 987
835 695
143 178
1006 1120
806 955
949 13
893 245
154 799
698 512
1069 284
960 395
413 186
529 841
138 194
408 318
964 659
705 736
211 71
177 203
144 207
615 719
812 1063
541 893
367 459
453 584
839 214
389 928
114 228
856 14
853 452
349 304
622 1077
960 601
247 798
271 240
779 468
664 187
905 157
1083 18
248 38
136 546
682 691
400 205
676 595
1073 365
354 1028
26 674
991 1018
749 111
363 194
1085 38
151 493
292 999
540 593
886 925
667 178
719 380
641 91
653 241
700 773
835 685
209 664
274 191
783 855
625 540
887 471
873 946
924 364
797 766
826 975
206 773
970 36
769 594
532 700
76 276
577 903
426 1021
366 315
557 940
1062 168
1007 683
911 161
284 279
994 197
299 928
297 286
384 547
163 663
227 302
171 426
853 967
1018 0
720 740
894 864
536 467
564 608
566 1080
963 940
152 289
194 425
309 253
562 742
130 268
144 1004
910 199
875 163
49 585
81 153
806 849
851 692
310 923
953 477
137 247
1019 571
566 85
754 577
869 314
158 462
367 380
800 877
888 559
258 812
221 699
557 378
343 441
299 140
367 1004
918 270
656 1006
452 476
685 126
891 181
268 704
647 864
921 361
635 518
431 420
857 891
384 74
406 198
823 247
1004 1
79 431
657 217
1080 230
544 186
36 288
502 994
617 1014
431 482
655 443
401 704
153 383
525 684
772 267
660 335
256 1068
904 457
859 1036
251 614
420 124
964 423
80 263
473 977
503 836
273 893
516 859
650 618
698 1067
1040 319
122 193
783 664
347 224
514 609
121 777
261 733
635 612
525 929
537 385
990 61
287 502
448 217
369 816
486 644
461 909
843 221
1121 505
879 200
804 355
613 491
24 175
981 869
460 975
761 77
1114 406
587 1084
756 458
334 670
237 546
181 536
936 924
735 885
884 886
604 909
450 424
659 771
217 616
341 296
152 17
306 493
353 94
314 648
873 372
866 371
772 267
287 595
744 815
883 474
476 491
190 357
400 267
371 767
999 153
932 655
648 144
378 1094
952 762
465 821
390 401
1000 224
939 255
1052 234
653 720
282 649
109 1057
445 157
67 1102
565 858
935 428
450 250
583 694
1035 286
382 337
346 780
1106 980
900 111
618 490
277 812
1065 789
1102 265
1038 172
898 439
682 613
641 583
776 135
702 346
1086 960
700 811
490 565
572 84
725 473
266 775
715 816
504 564
441 659
962 142
123 150
627 972
647 953
823 116
555 116
138 915
399 405
709 1015
827 209
831 565
1049 84
694 144
1107 845
110 182
254 192
350 156
147 921
121 430
691 3
195 259
443 827
845 146
295 1075
202 410
194 458
395 471
313 869
756 658
319 1032
456 821
364 996
450 639
520 124
189 661
612 359
877 928
832 514
1007 564
879 675
927 565
691 543
248 386
766 566
1000 404
912 535
1012 894
779 317
406 532
749 213
869 420
259 831
894 34
65 883
208 235
138 875
140 119
750 799
318 1023
134 816
314 575
419 660
444 218
278 889
174 411
277 428
987 392
586 500
316 544
997 309
560 447
33 255
217 750
36 898
213 9
247 185
311 122
766 839
1119 118
849 58
454 165
1085 917
326 702
1000 282
748 68
729 498
216 751
257 935
386 37
1007 592
341 438
442 316
545 783
247 581
828 969
867 723
426 426
844 460
525 660
824 914
739 308
896 687
398 366
1003 319
327 139
976 362
519 704
665 955
930 324
924 891
317 556
537 394
930 115
108 114
1050 306
635 844
859 921
961 118
283 25
525 81
68 559
592 703
337 401
131 201
996 675
530 588
609 259
474 186
274 1053
238 183
148 699
256 386
830 393
811 396
175 228
780 78
962 186
924 736
812 1073
25 129
333 370
525 51
528 263
363 730
751 115
347 84
803 870
253 1097
634 865
894 702
987 427
241 362
263 139
331 650
737 209
842 148
879 1081
235 488
1018 352
613 560
815 627
570 536
943 135
81 1103
277 532
393 273
157 354
451 192
328 124
189 601
310 1094
439 138
968 898
468 771
199 312
209 508
360 1023
19 1003
672 665
941 797
854 555
1036 651
855 229
907 1008
278 597
807 788
773 907
591 1059
771 436
921 89
903 611
183 490
896 701
902 950
446 1009
554 852
361 609
729 888
440 1063
402 119
87 930
215 361
613 1098
947 112
632 886
632 742
746 14
542 670
149 85
269 1081
657 11
625 1084
749 331
429 735
983 584
381 295
397 752
1111 547
285 298
617 756
223 369
410 113
592 322
157 361
1049 504
208 843
930 640
663 439
716 881
859 934
798 144
117 807
755 940
1068 271
247 115
984 124
144 1101
515 815
698 366
401 654
1010 695
996 499
1015 252
509 179
629 444
419 184
388 333
225 587
465 743
737 542
954 877
533 777
835 178
140 699
910 882
763 795
75 920
667 171
1017 937
978 364
812 245
621 666
817 390
493 667
538 352
85 313
814 288
455 996
604 839
190 109
629 997
874 716
448 460
562 571
401 584
849 757
314 2
488 853
829 252
30 1118
276 889
773 542
283 980
853 858
111 182
366 829
984 493
991 785
233 803
271 641
517 108
802 1022
229 875
758 915
696 574
895 445
10 33
389 872
217 114
104 272
964 421
59 402
93 102
216 714
1086 324
478 1032
1055 605
32 526
630 794
0 121
618 597
1075 949
408 487
509 477
896 609
425 945
675 701
548 196
534 863
188 715
755 658
111 404
709 856
634 853
565 982
655 15
795 771
1061 409
774 116
1032 812
728 180
83 384
853 871
104 714
690 281
1021 406
752 648
330 690
929 332
145 326
107 390
1000 992
651 467
250 464
1000 934
284 1057
297 551
463 199
32 1032
559 206
248 156
571 504
945 250
248 158
26 282
864 445
130 178
568 82
626 265
863 162
1039 857
864 391
827 281
625 1006
1026 394