335 1116
389 382
231 941
86 680
715 164
6 130
796 1010
800 462
106 149
880 875
343 341
386 404
631 273
404 140
385 704
914 985
675 812
472 159
323 255
1049 361
121 1022
485 928
566 915
170 652
525 567
1015 774
701 811
510 890
31 1034
241 978
557 258
194 991
390 665
174 1023
501 152
607 534
723 78
529 1043
311 592
683 263
1014 618
574 510
545 343
793 998
564 109
302 263
579 114
989 825
132 410
95 723
314 113
674 300
514 1112
754 547
464 100
26 999
616 215
276 726
393 685
209 843
785 123
805 754
237 95
550 362
402 858
636 439
264 967
1108 502
729 495
784 398
992 703
783 467
692 133
808 183
382 542
1105 797
837 461
925 796
666 586
837 251
1081 417
459 223
361 941
351 762
577 541
372 0
536 321
386 422
666 891
860 201
140 541
765 109
343 67
478 908
107 573
314 535
1024 450
1005 999
610 699
482 841
1014 347
644 419
529 127
651 371
1026 771
471 1078
627 392
188 1020
976 588
432 874
517 894
737 482
321 171
803 1027
720 824
645 684
213 625
233 669
846 565
802 871
795 741
809 609
35 636
272 995
311 55
522 203
231 602
642 742
450 720
699 225
579 418
988 768
359 566
940 338
727 721
187 294
711 296
82 445
1023 1078
436 489
303 391
1046 872
24 630
562 939
361 1003
679 381
1099 774
1119 785
563 1098
211 1044
153 199
255 987
367 596
378 551
1076 1055
1020 188
754 921
476 600
715 570
383 762
372 226
429 255
233 680
934 667
684 662
904 677
433 871
972 829
155 305
761 232
609 926
268 360
303 600
450 289
467 1039
1042 537
950 942
783 412
173 153
621 320
667 768
114 788
390 203
1039 67
469 840
567 1040
345 134
592 122
710 425
929 522
580 604
216 432
73 522
452 340
1032 802
896 168
839 1017
600 797
141 347
529 406
675 1121
277 992
474 767
261 674
361 446
65 381
803 905
371 232
674 1034
307 120
163 639
551 930
590 187
388 713
775 493
536 478
139 321
505 414
786 732
765 256
367 910
747 865
720 962
441 1033
653 391
118 590
315 479
455 552
1079 339
1085 47
579 429
110 306
314 756
140 764
362 804
905 728
451 426
149 329
593 584
1008 411
866 504
436 261
803 170
142 2
394 1028
523 392
631 550
345 492
471 321
447 470
902 1055
350 52
447 1016
504 349
453 1123
610 487
166 904
741 402
500 582
101 773
251 426
150 731
386 708
383 433
71 1070
928 957
269 247
450 671
907 610
221 452
925 5
854 690
374 845
681 796
421 541
557 698
667 313
774 673
1044 509
335 253
626 452
761 440
270 338
511 946
348 207
634 380
761 12
275 902
674 128
968 205
66 626
496 539
853 376
291 689
783 172
141 150
101 877
144 232
328 377
859 308
500 808
585 1070
840 355
483 813
616 279
266 459
1074 538
760 471
365 164
693 1017
454 69
896 610
291 398
295 959
810 1011
800 147
1056 427
401 534
1044 624
673 266
191 636
672 466
136 171
140 527
941 201
901 1116
810 216
662 747
437 656
413 922
922 265
40 475
509 827
794 701
518 320
473 906
65 662
864 593
723 987
499 728
766 300
857 811
731 428
238 330
162 859
90 362
577 302
373 89
434 197
1083 640
708 152
399 1010
561 765
371 508
276 590
631 955
134 287
506 176
531 1007
980 949
120 217
414 566
1027 456
430 405
858 338
398 977
749 3
375 201
330 379
282 609
474 688
411 370
46 875
817 103
131 298
913 692
440 687
265 959
138 854
23 1009
1002 59
218 1016
114 4
985 475
275 949
699 713
550 666
499 965
8 229
708 542
261 894
107 962
236 392
267 660
895 182
744 92
395 640
999 905
754 965
306 494
643 436
824 483
118 456
891 970
158 661
125 216
346 563
683 692
283 8
1084 699
332 707
505 869
113 7
749 1003
820 431
300 265
613 544
503 693
817 207
731 961
629 1070
34 422
650 376
949 1041
241 442
1004 348
403 242
130 181
899 963
101 869
598 389
288 436
400 708
458 878
539 677
647 340
536 501
381 237
415 724
126 325
851 615
227 481
804 649
347 554
471 129
405 791
457 663
859 696
908 1091
368 49
592 402
667 176
13 501
85 24
926 361
160 325
1004 435
449 683
832 477
188 928
361 395
326 252
343 266
195 862
992 728
264 1028
579 469
195 784
220 651
498 550
504 531
773 698
992 203
454 937
1073 276
126 733
286 231
464 829
839 836
958 813
533 409
860 375
771 1013
72 59
270 192
411 799
129 837
191 1099
278 465
731 484
830 1
43 472
149 344
204 2
55 943
386 108
434 880
59 76
291 329
112 201
299 165
858 826
371 835
332 162
700 755
926 27
181 12
620 537
500 932
1024 370
814 310
469 836
576 277
829 904
174 870
224 825
400 513
790 655
887 153
310 613
787 310
401 322
853 595
530 291
815 771
966 439
1087 409
298 93
838 879
650 208
426 642
973 308
836 452
823 296
361 420
3 1085
233 1057
322 564
239 286
771 195
297 636
932 1058
638 869
456 95
1101 870
322 189
31 229
402 681
592 895
901 922
118 715
98 210
1027 670
267 743
834 1002
941 640
618 307
276 806
658 258
877 1009
220 980
469 633
617 846
282 338
925 498
969 698
423 163
1019 61
490 723
595 632
287 906
1074 574
959 980
685 886
1015 723
152 956
124 862
468 663
407 169
431 126
784 123
969 900
125 731
522 419
327 907
1017 560
838 122
124 874
837 359
966 558
1046 331
485 104
693 829
445 1017
169 601
660 429
468 908
206 368
659 762
295 398
1085 141
103 93
484 1123
906 789
803 943
153 153
259 200
712 188
0 392
521 570
341 469
568 766
209 493
545 136
793 943
814 823
155 190
836 739
353 835
344 231
718 561
541 881
303 438
517 770
272 810
545 656
629 119
645 418
898 91
1032 412
110 796
651 180
229 778
504 175
610 641
250 135
301 911
874 203
953 635
360 577
1090 490
923 168
140 939
374 353
528 490
204 245
706 277
902 653
930 823
299 513
143 720
832 1013
861 712
200 1006
348 415
526 255
191 126
161 971
1108 597
927 506
900 353
310 364
144 514
163 171
474 1038
525 34
979 951
18 981
902 814
159 333
855 237
745 1000
203 512
337 999
164 363
644 952
485 278
525 119
954 588
659 984
667 916
518 323
597 139
432 721
321 621
695 581
178 844
458 224
1100 327
797 1028
456 769
365 55
656 1003
536 123
327 602
764 903
420 278
142 387
541 947
118 628
702 681
1081 862
222 38
602 690
913 827
660 113
551 595
930 768
526 78
449 414
710 660
320 357
420 951
422 553
948 576
792 663
1017 95
379 597
421 730
727 676
430 197
638 814
262 891
108 38
231 658
1007 174
941 867
69 918
960 930
532 263
574 113
666 257
81 889
454 1086
1017 669
1023 351
542 716
418 625
446 421
785 173
930 892
330 996
730 288
445 710
385 511
265 668
356 814
137 937
503 990
227 288
833 429
1048 907
100 568
962 354
134 500
730 711
273 151
1018 343
550 1117
846 9
111 437
926 48
884 628
907 1047
127 672
200 302
274 981
856 369
105 1010
189 316
219 187
180 325
736 423
967 137
247 344
858 314
529 909
993 820
559 661
625 293
355 43
671 655
359 894
577 983
202 402
379 929
848 1089
761 461
636 416
121 969
642 411
200 255
1008 1102
212 135
318 144
292 154
902 1099
622 876
831 972
141 325
506 493
548 811
397 863
323 449
1032 840
184 206
424 967
1067 513
915 800
430 1043
526 171
1039 517
406 133
671 34
1024 333
31 964
993 1023
161 272
559 525
776 926
1010 952
940 560
882 804
125 886
643 42
654 446
480 368
341 295
494 506
824 975
212 903
523 541
202 1022
24 446
55 657
738 1078
260 110
445 498
231 404
981 906
583 664
62 633
1028 517
224 416
797 44
355 368
674 224
153 534
989 722
954 266
308 812
328 851
433 315
980 1083
784 517
879 771
104 780
461 288
185 531
827 161
804 768
791 215
296 134
529 567
607 355
215 540
807 1032
978 585
279 593
23 309
756 959
151 504
621 309
299 935
141 35
617 310
376 608
1052 888
823 952
187 905
1080 779
1072 28
973 143
955 314
1019 845
815 875
706 177
917 418
161 501
504 1001
519 230
596 932
256 563
778 921
612 323
735 214
357 367
675 561
399 1064
593 469
679 1073
1029 924
790 687
14 632
744 567
1116 632
815 495
187 433
729 554
697 665
864 910
249 737
615 585
226 900
926 951
343 428
517 740
1023 464
61 545
112 725
809 226
751 857
524 167
1094 788
299 723
865 639
778 258
1034 566
334 640
955 912
729 561
161 965
440 335
199 413
832 995
896 349
627 702
793 948
233 629
325 958
399 880
202 959
744 5
248 220
491 523
112 887
424 428
747 977
611 383
132 985
128 982
391 267
711 339
82 177
263 193
928 855
565 201
76 159
899 1022
980 891
1062 165
608 640
910 1023
258 409
1012 233
61 382
760 322
715 133
48 778
706 1114
309 243
536 1117
281 204
944 906
526 94
1095 698
1036 100
115 142
966 881
556 819
149 721
764 1121
343 41
985 323
53 715
1026 303
825 116
851 364
288 324
716 954
400 703
591 834
723 335
680 315
677 256
974 1063
303 577
200 126
638 344
914 238