507 127
129 677
267 726
57 269
833 613
893 668
974 923
1045 633
235 901
945 561
328 218
161 783
653 1011
70 639
335 882
465 973
424 305
50 528
366 511
911 421
10 12
430 353
258 780
724 377
276 513
230 312
957 500
733 474
1050 39
573 953
531 652
214 688
312 687
798 439
72 918
346 550
475 211
156 412
1085 879
76 917
237 669
419 291
995 544
724 453
823 585
1028 200
785 685
988 658
576 483
805 105
376 812
1040 292
413 695
687 931
150 801
435 696
836 866
734 354
797 826
36 152
1043 604
661 978
18 880
301 509
1097 1030
519 704
304 996
843 860
1035 908
495 570
831 533
640 936
992 954
193 604
596 683
575 991
310 685
950 821
636 905
784 698
731 764
788 997
873 1004
197 1110
388 320
100 393
152 936
1099 75
1097 329
347 122
913 836
311 350
737 575
97 122
227 916
1121 302
687 608
893 109
954 604
296 261
569 444
790 440
720 665
396 508
519 91
851 796
219 1017
242 692
623 1118
733 616
378 739
352 324
951 488
928 518
896 747
291 965
949 768
270 147
328 991
919 816
930 181
275 306
1083 274
1022 786
917 782
322 838
927 571
457 995
275 831
446 952
366 993
670 1055
232 681
498 341
118 994
944 803
927 739
218 163
953 1003
606 901
802 668
344 1086
343 805
996 435
278 1068
160 933
509 952
564 359
113 579
556 275
743 776
419 1002
844 1064
72 661
378 782
1018 591
925 11
231 120
707 549
505 859
843 597
500 551
310 710
475 414
65 652
482 22
419 878
812 525
233 879
37 149
813 802
658 313
169 168
439 569
72 130
540 388
969 450
404 692
801 719
1014 570
769 139
318 311
435 630
227 374
200 286
513 419
785 590
194 1017
634 990
288 34
805 1034
818 55
215 623
422 909
659 862
49 770
132 499
6 493
31 473
804 748
550 896
564 776
887 785
766 128
1015 183
746 1082
172 931
741 505
603 560
748 193
984 820
168 882
337 777
836 639
494 814
216 486
86 603
550 724
414 829
854 685
566 566
845 434
368 695
946 950
161 415
973 298
346 726
1012 862
497 607
767 172
931 853
593 14
951 854
912 328
215 965
798 387
307 294
1041 222
164 521
814 1105
723 881
753 447
712 216
651 654
1122 420
702 289
370 683
393 698
564 925
664 301
516 539
927 709
979 145
767 998
165 735
443 952
1088 803
959 876
565 220
546 88
201 378
267 513
514 803
50 625
375 1011
47 940
910 935
627 919
437 538
173 423
943 236
903 526
168 409
993 314
240 143
990 476
16 1014
429 387
393 620
1014 400
742 610
126 493
893 999
999 449
197 1004
37 63
812 335
377 476
897 573
422 523
164 624
773 196
800 1049
844 250
482 974
820 441
940 661
275 949
217 951
84 441
907 273
797 298
868 334
736 939
1107 422
1022 473
795 139
356 694
757 51
272 228
437 459
919 872
619 687
856 593
685 758
624 271
138 354
863 444
541 1020
870 996
535 557
433 123
701 584
696 418
951 957
865 915
1111 318
361 869
912 186
364 40
510 780
449 1028
566 424
1121 668
374 791
970 238
337 184
392 784
336 586
468 834
1070 383
360 132
553 457
241 918
68 64
702 608
980 352
557 121
886 856
429 990
480 1000
904 849
490 561
225 565
121 585
159 861
77 847
43 336
346 242
631 130
1096 263
480 546
693 858
738 988
615 378
426 830
551 223
820 402
494 895
701 747
920 861
251 523
434 1103
691 419
997 797
767 326
747 214
337 150
816 610
439 318
438 232
224 37
824 920
562 510
402 186
644 1082
173 436
911 722
845 685
264 162
299 914
157 644
627 856
177 1030
199 108
824 861
1004 619
582 154
437 932
442 860
817 316
479 976
584 181
79 774
960 548
115 797
565 1085
461 376
103 371
496 502
259 318
577 1109
714 632
934 208
420 140
420 144
476 890
308 355
1114 227
307 164
248 378
58 408
785 680
375 746
591 1039
1054 940
493 993
774 492
581 992
823 783
99 529
552 1030
36 892
357 269
139 976
595 819
663 430
39 1083
948 53
464 142
436 532
315 119
874 734
1047 208
325 291
370 544
803 380
715 806
776 1005
472 899
538 416
267 616
163 972
544 434
569 1066
590 513
1054 73
615 351
423 165
348 525
101 858
1053 905
622 346
819 661
25 660
351 723
135 442
327 965
836 22
719 664
161 74
646 408
788 1018
778 741
681 385
853 48
461 676
129 767
971 307
993 766
343 1048
801 986
367 903
591 663
333 154
763 674
1013 624
1057 973
1055 74
932 595
251 845
170 489
985 307
358 669
162 614
446 264
319 176
518 395
827 882
615 354
48 156
620 537
418 382
1085 469
199 613
1118 888
961 360
747 601
950 1020
293 514
604 101
344 346
761 886
525 214
238 635
995 626
1036 806
586 315
965 763
452 92
659 273
142 689
674 196
513 705
455 912
548 822
618 660
601 734
523 706
672 846
49 298
768 330
605 638
636 373
492 969
808 630
779 597
805 114
778 1065
874 303
1024 175
876 127
981 859
1087 282
603 523
854 27
655 975
100 1087
800 694
332 1065
286 483
227 173
346 988
236 890
97 1002
483 811
623 1010
182 627
1104 291
1012 919
757 344
287 615
625 180
581 791
744 663
642 427
637 434
712 233
546 75
682 272
172 430
449 590
925 952
968 887
738 918
775 764
770 420
283 344
425 983
921 112
520 630
484 188
709 1066
667 482
976 556
62 103
502 712
338 98
530 1002
620 468
660 758
940 1010
435 467
779 24
198 131
890 534
307 1076
891 389
931 1082
936 944
587 327
298 345
423 822
460 210
1109 110
617 168
772 139
43 1025
25 850
341 461
827 546
478 1036
326 833
943 115
250 872
298 170
794 163
85 219
291 160
10 898
649 303
391 239
375 199
716 306
454 310
1114 416
321 534
219 800
574 213
360 643
222 389
443 969
200 584
230 457
949 45
664 570
615 530
157 126
781 325
171 714
673 598
602 651
559 50
372 909
67 513
207 959
695 914
723 582
696 286
559 534
419 177
717 518
160 769
117 634
878 919
392 851
1079 924
550 63
336 376
753 220
232 1030
970 348
1082 450
1032 440
723 1037
1055 355
600 915
151 884
531 995
198 248
21 836
587 822
431 495
620 622
27 336
830 128
64 953
387 628
777 562
119 581
231 510
982 246
59 752
433 966
625 617
856 831
13 14
68 857
124 568
982 232
663 935
315 765
722 546
800 783
785 1073
204 119
947 472
76 30
373 615
867 649
922 289
611 919
604 896
967 581
685 12
114 757
206 599
400 158
573 187
267 1086
366 318
335 7
678 611
961 995
937 127
545 618
867 598
608 681
522 3
401 1025
533 343
498 451
709 539
177 744
252 116
554 587
48 1040
585 652
677 745
766 199
422 639
1019 186
1012 268
613 176
544 763
544 311
668 993
797 1114
134 492
662 296
142 685
839 754
983 270
220 93
313 654
713 17
687 699
218 288
425 144
219 566
422 119
606 654
1101 271
371 347
537 344
343 479
379 1020
41 737
765 161
702 35
1003 638
307 915
620 1072
444 837
309 741
74 152
931 1021
685 398
593 233
876 15
311 289
493 291
692 1059
312 576
211 803
357 133
32 222
405 937
202 49
330 233
195 1111
171 510
490 209
827 1085
43 970
359 535
165 158
366 290
973 176
540 311
402 374
107 572
960 985
341 199
265 166
149 548
459 788
532 635
1038 702
238 391
452 23
22 1058
1021 356
467 124
431 669
541 808
995 738
71 112
920 147
813 940
376 470
367 190
1021 236
719 768
450 327
792 592
551 955
336 376
838 425
177 495
864 281
259 652
188 214
400 1002
491 696
379 416
639 351
290 614
314 350
322 470
525 895
268 131
267 619
742 6
648 949
138 455
746 838
662 437
310 217
960 319
160 238
1009 304
514 457
200 189
50 397
231 678
1016 897
134 517
330 1057
926 226
460 898
236 161
765 864
94 827
596 206
110 155
1059 541
677 869
265 711
739 708
894 126
773 535
651 386
370 963
935 50
217 967
680 1099
1106 517
36 884
387 870
163 558
566 114
636 398
1065 414
415 160
942 1057
519 51
611 625
323 157
552 159
1034 267
407 548
121 809
719 773
347 222
302 819
0 720
0 334
51 776
764 847
40 29
508 517
424 373
1115 337
455 6
96 164
1088 113
321 218
1010 1097
873 166
606 1119
837 684
979 994
992 727
458 146
854 212
915 699
627 104
304 1017
388 118
128 252
894 859
881 219
381 753
908 975
299 692
855 991
49 262
757 919
1106 229
146 695
351 733
257 610
714 208
806 240
86 241
535 200
810 362
174 436
924 567
94 753
1041 812
535 590
1019 918
156 524
226 544
715 605
71 16
1052 410
857 1049
531 121
25 42
839 602
112 891
648 146
399 225
838 196
687 406
904 485
298 728
279 163
532 224
578 749
310 405
204 918
728 256
127 472
501 308
377 335
724 564
511 204
541 222
885 899
749 747
614 819
325 287
366 674
153 973
32 1005
20 1079
892 680
459 407
241 656
770 717
310 90
395 766
592 845
13 105
998 775
231 757
729 1018
278 489
680 249
19 478
710 807
513 565
367 56
102 586
497 708
441 263
5 1047
623 97
113 617
449 681
160 317
821 271
948 662
356 136
462 1020
204 444