598 371
88 186
494 1043
458 762
628 861
475 451
1054 736
838 129
137 201
166 320
711 868
865 793
1038 322
523 953
618 543
740 690
1064 342
782 289
422 456
542 1003
663 484
185 363
174 578
129 874
596 326
193 141
211 795
985 783
762 842
398 893
974 494
730 430
605 933
935 862
583 245
869 311
685 20
948 468
893 611
155 289
468 611
154 708
586 290
654 554
950 484
963 917
140 857
297 296
29 587
475 665
1004 993
669 502
308 978
660 804
491 204
671 636
145 553
155 269
281 686
282 1013
119 129
464 765
225 371
599 173
569 253
274 332
615 357
976 430
210 1089
289 265
297 683
648 20
1042 225
898 143
613 783
243 543
1023 256
975 351
982 506
663 322
751 964
284 666
583 574
516 306
549 925
803 284
1009 930
496 288
480 914
369 304
409 943
732 247
213 444
311 866
477 570
709 177
566 858
289 459
255 611
331 769
886 890
962 89
235 772
882 969
898 293
815 993
151 501
160 38
488 892
815 600
447 1079
801 1087
680 419
82 141
54 612
35 673
865 134
295 57
651 315
314 217
641 642
388 894
814 798
861 459
275 311
945 704
109 898
359 984
392 268
1021 21
427 513
819 839
984 1122
952 456
948 687
912 1123
839 1071
159 507
224 137
262 319
127 500
644 886
592 1080
1003 673
401 631
228 907
943 78
683 117
625 804
351 714
1044 966
700 931
375 373
786 307
342 189
171 1027
165 269
752 920
17 139
445 801
920 339
765 297
733 173
975 895
315 206
322 721
645 234
775 784
761 317
988 440
1086 940
564 445
310 897
445 729
629 893
81 995
828 818
490 146
829 647
487 211
950 686
139 549
433 643
243 258
698 493
93 911
505 415
417 287
780 674
307 704
711 595
836 590
380 879
113 270
420 871
1083 539
392 119
928 383
689 247
1045 33
482 1009
350 899
560 755
110 182
1000 293
106 225
504 576
340 778
407 753
740 702
944 525
343 253
27 583
171 90
240 176
362 868
722 235
933 534
945 965
995 782
594 530
139 738
786 991
766 703
131 15
986 976
98 102
695 155
1110 670
179 849
869 533
252 931
91 906
1019 370
827 381
180 874
212 260
220 780
282 228
983 532
985 869
194 961
952 472
367 562
1077 75
319 618
297 802
720 968
319 880
624 705
158 388
485 856
499 706
470 253
112 687
109 435
235 551
102 740
1049 461
872 14
887 642
377 440
418 376
1019 155
868 840
501 262
923 321
771 771
58 889
530 701
1050 647
886 131
377 974
133 219
1098 941
256 434
676 479
328 386
132 1119
1016 784
507 952
296 979
544 520
488 829
1013 502
230 659
55 829
825 523
168 50
791 1109
485 734
736 108
621 874
308 451
120 824
430 899
834 619
395 486
914 383
970 941
1088 388
284 274
824 721
305 467
639 877
900 844
735 714
829 190
743 247
453 757
90 883
399 1036
520 518
996 137
506 207
555 500
330 302
362 162
61 973
524 1060
740 820
1084 234
374 948
269 316
227 129
643 877
343 970
322 848
884 1076
485 747
161 640
1093 618
885 11
762 907
693 758
801 774
1123 912
231 98
893 625
874 149
234 787
759 679
120 166
103 363
555 665
933 233
458 581
570 528
372 316
131 235
192 410
956 322
549 938
1006 182
782 663
587 233
899 285
935 60
318 621
486 177
1044 384
651 887
197 101
1012 181
970 1009
204 714
325 223
197 158
1052 330
1015 2
414 481
967 631
311 485
284 1076
478 393
115 1052
284 177
145 369
371 382
1022 271
254 801
815 46
428 813
928 387
599 151
403 250
570 137
216 1104
804 118
734 160
256 610
490 117
618 787
478 424
318 398
604 168
921 1115
531 173
968 746
389 856
1111 521
747 185
841 1115
209 932
197 622
118 356
985 1035
183 162
931 911
770 864
589 231
758 994
546 905
640 641
66 640
312 647
121 119
1013 757
336 986
758 20
579 460
618 109
835 743
638 892
849 493
253 962
76 891
119 1024
520 714
814 575
479 57
557 1013
486 843
27 968
503 152
655 693
433 481
580 148
769 338
883 939
763 243
1015 761
896 318
709 902
289 1015
485 845
1002 791
685 398
623 1102
203 999
635 222
740 970
1016 39
139 981
1051 830
1011 982
968 681
608 711
498 919
244 60
678 984
109 192
341 1123
254 310
933 869
551 864
605 932
129 249
915 868
262 771
574 1033
744 565
101 603
856 183
425 1006
1098 142
383 826
606 190
189 874
873 440
904 297
302 272
314 1062
738 114
171 1015
895 982
641 883
155 755
309 812
776 496
816 940
528 353
612 289
17 870
616 594
55 475
679 82
495 1053
379 638
284 879
596 620
957 663
67 882
341 725
1055 328
774 924
265 780
910 498
306 596
204 84
887 324
386 454
1013 1114
860 945
113 472
305 895
991 901
392 897
693 96
348 388
690 468
187 702
193 367
608 979
578 137
88 581
656 353
268 739
811 919
796 754
219 856
618 995
906 208
744 516
529 716
250 903
624 954
1064 549
479 346
723 241
954 1009
766 334
282 602
464 919
1056 527
407 757
814 846
1040 375
658 1033
229 583
254 938
210 1031
320 963
563 373
364 630
317 856
884 117
900 607
864 949
225 77
369 302
685 285
883 1028
1005 776
287 466
519 113
601 618
1047 796
912 691
574 472
107 1003
844 716
167 404
676 962
808 819
1061 716
1055 107
542 599
996 375
447 922
901 729
694 294
393 966
1063 895
162 949
391 116
299 310
890 88
417 614
389 851
473 903
583 859
616 172
314 493
498 245
1112 249
682 472
538 797
322 39
1001 790
129 432
216 627
237 811
785 906
163 12
942 795
157 334
707 386
1089 108
154 222
59 384
418 809
717 408
155 426
168 448
653 313
88 812
544 221
894 187
856 490
162 950
889 779
91 571
993 332
306 991
612 327
297 938
376 757
20 173
673 840
193 257
631 146
841 562
687 308
327 602
802 411
133 1114
685 792
635 1002
789 1022
196 370
569 8
446 444
653 667
617 986
373 1101
661 127
595 967
542 650
709 72
874 366
789 970
323 257
786 360
262 784
291 865
639 520
1026 952
930 45
775 419
62 942
861 974
813 1011
193 144
926 379
514 800
212 865
284 583
955 813
624 313
493 970
707 28
490 269
229 656
340 1084
721 896
176 802
195 591
663 385
169 1047
757 267
726 925
494 1103
991 275
926 300
655 372
207 866
537 215
654 1046
404 640
851 895
203 182
305 101
269 1016
200 113
1088 803
330 71
273 558
731 386
994 966
454 877
311 853
627 934
718 732
1011 637
733 1084
432 165
413 400
481 351
581 886
987 354
480 92
160 211
603 987
836 629
817 448
1012 721
1072 420
1089 378
812 1074
416 297
906 467
1003 789
119 429
816 1017
818 353
465 133
630 1096
516 346
804 296
502 1020
116 680
176 946
322 619
98 838
376 385
335 259
506 653
929 567
797 147
743 538
667 694
569 596
587 786
125 384
764 1087
1076 351
16 552
644 726
326 922
700 882
347 753
1011 753
740 586
827 372
476 893
632 426
458 329
648 421
421 1105
916 880
867 583
1096 528
699 998
1013 309
706 890
185 103
255 681
938 989
906 890
444 1075
722 562
620 331
678 273
415 920
362 685
716 755
658 105
1081 1004
890 907
308 471
735 745
352 140
958 531
923 318
955 357
205 407
680 330
769 786
343 598
813 393
393 205
885 846
807 973
528 764
770 8
981 532
470 3
954 716
611 309
907 589
807 908
491 499
335 1099
412 7
197 982
782 108
937 346
368 649
492 411
722 445
665 810
312 694
765 242
34 1031
469 662
865 752
942 190
937 9
173 880
478 100
344 408
999 433
808 430
39 431
879 762
108 343
125 125
142 329
238 263
205 1069
506 386
490 915
784 405
993 614
996 641
182 953
568 687
784 159
285 1116
961 135
290 113
837 840
792 941
1079 17
367 693
835 291
893 254
252 265
1045 327
666 772
478 507
709 1005
525 867
233 1016
900 1055
170 343
804 460
258 246
656 579
168 556
586 68
884 852
838 435
336 860
390 725
875 286
485 298
1018 354
319 882
295 457
325 449
744 137
412 1044
716 406
715 578
10 715
326 530
139 800
421 714
728 245
113 398
287 456
828 618
384 660
311 739
819 495
976 373
259 258
988 842
778 303
599 366
400 1019
827 550
816 248
578 841
180 925
199 141
543 921
1107 125
1087 655
283 970
257 210
205 1111
610 15
35 184
232 648
311 1002
381 521
193 499
926 319
745 761
521 1081
49 135
814 218
333 627
946 752
469 520
530 389
732 1086
429 373
665 298
235 320
851 308
286 504
544 173
830 482
882 480
1004 226
789 1020
743 520
372 444
2 192
523 454
878 696
229 978
108 603
110 327
798 522
619 670
400 844
144 238
345 674
1097 649
1112 640
541 700
338 1073
1039 735
834 209
487 812
260 992
344 876
41 875
714 312
932 107
283 990
251 715
633 898
224 199
427 956
632 171
855 15
630 699
202 551
603 487
335 743
810 982
477 433
617 110
893 285
550 953
171 741
978 548
1107 804
701 736
478 703
206 332
237 291
603 332
449 279
968 438
941 372
575 939
17 924
117 999
759 806
881 495
611 859
439 547
870 999
1025 881
407 59
834 556
470 364
921 819
397 764
264 908
296 545
116 594
742 979