445 604
655 797
697 488
360 860
594 967
99 366
969 983
870 728
705 253
395 511
787 947
938 368
924 124
141 330
594 608
577 100
826 844
961 854
593 852
375 1017
168 213
670 131
329 390
350 1036
521 1095
393 56
669 694
343 713
426 6
189 324
935 247
626 777
697 698
54 690
591 306
531 103
273 297
757 371
250 417
348 415
451 338
359 129
1079 137
72 744
910 341
1006 318
309 431
582 464
1105 219
534 940
1090 751
135 369
650 685
465 1002
339 144
156 1013
730 1062
908 438
260 213
265 854
1112 584
88 1001
273 751
1028 897
905 1052
258 921
221 996
242 341
569 911
731 18
308 699
518 296
726 10
928 167
110 547
241 1114
252 847
243 908
940 800
513 97
1001 977
744 793
455 905
1022 923
703 226
313 529
370 139
906 992
830 393
779 606
668 292
442 565
404 224
727 817
1039 806
843 762
941 1043
729 202
653 320
922 957
226 619
116 587
373 692
556 628
760 105
205 184
826 875
679 689
35 460
476 660
321 1039
907 468
581 458
926 734
406 759
430 554
959 693
405 55
857 183
564 127
883 753
270 39
141 182
428 633
1078 508
442 158
587 800
621 952
449 479
342 837
744 682
246 834
991 702
195 552
1099 995
719 164
593 172
1062 435
224 877
1041 666
619 590
233 854
490 706
330 299
500 313
704 326
378 228
138 669
660 908
421 951
1031 897
919 785
377 353
893 922
373 396
722 983
557 965
257 496
1029 95
728 793
248 560
582 849
484 244
1123 961
519 660
933 298
687 319
385 872
792 181
755 495
411 360
176 277
518 742
330 690
572 185
700 998
596 300
655 108
644 31
663 1001
286 793
554 384
331 272
498 214
595 211
1081 440
1076 294
1105 913
760 403
573 998
724 220
715 252
400 1015
771 507
345 625
1055 732
2 1064
444 198
808 862
304 1022
661 388
285 952
233 273
262 733
1053 779
624 915
822 815
331 194
566 518
1090 183
244 424
847 409
583 4
483 447
674 739
521 782
960 525
225 311
294 303
900 559
419 608
237 1003
757 538
134 675
971 707
435 949
597 589
620 362
212 704
807 193
802 962
732 936
257 118
227 422
338 73
273 783
775 711
730 141
964 6
707 899
1096 197
305 933
267 1009
320 725
166 396
656 418
962 84
852 1096
897 458
397 996
914 849
1003 791
815 433
433 533
384 858
586 237
631 20
649 909
328 439
749 548
506 392
326 604
433 259
955 438
1089 687
925 475
909 676
636 677
184 765
904 705
176 219
726 487
384 152
132 657
775 460
1049 219
291 753
945 964
336 567
1112 472
336 718
829 180
944 353
926 555
457 262
393 185
884 472
745 571
246 1051
642 1015
592 842
730 584
756 979
249 726
206 1060
371 518
981 717
796 407
1122 1092
903 799
956 330
251 815
571 472
874 302
361 209
827 366
810 488
939 237
1110 883
455 357
1062 824
852 185
757 982
610 428
712 736
925 658
585 155
854 300
464 733
445 203
472 295
240 554
236 583
820 991
261 803
481 106
185 251
479 298
377 16
758 759
1100 1053
967 44
918 686
561 578
730 559
270 985
258 625
615 341
435 278
872 740
478 428
464 966
912 80
772 367
1064 611
258 584
757 995
337 916
541 692
998 174
470 1053
582 831
348 712
338 808
882 493
577 467
660 745
797 930
435 561
107 528
558 665
277 165
714 186
147 115
117 716
428 377
1067 46
691 871
769 867
959 915
977 3
982 1075
314 360
974 1062
783 774
625 758
178 887
351 273
950 554
1093 626
971 1082
492 683
750 357
682 791
52 749
472 842
1037 380
799 768
697 1062
781 377
193 823
556 235
951 807
681 212
992 891
747 310
899 394
284 1003
711 427
115 215
304 60
267 361
761 447
821 512
86 42
385 426
560 1114
665 866
652 143
441 511
335 714
697 106
916 109
133 481
305 874
1003 881
381 202
898 932
572 922
562 522
476 366
497 629
977 848
453 1079
404 824
816 493
524 384
247 949
278 131
751 139
916 266
668 428
162 970
828 22
564 68
963 678
1075 417
1063 136
485 6
434 50
694 1069
774 656
193 260
750 1077
561 165
162 529
347 241
864 942
552 985
969 161
227 342
844 519
278 683
1002 11
373 454
18 104
897 400
764 205
399 702
568 302
1023 530
55 155
300 393
877 674
452 703
601 1101
215 723
962 944
173 718
834 449
431 125
520 772
437 399
984 143
327 1046
86 685
628 476
132 593
900 314
137 431
629 1056
436 508
784 33
191 239
163 743
87 0
302 257
895 765
639 334
780 693
426 192
517 739
955 110
707 346
630 618
603 126
76 6
986 246
799 559
748 671
616 384
593 670
320 203
469 217
775 118
870 176
899 834
139 366
518 302
762 991
1004 1088
911 277
676 795
579 808
822 251
442 2
539 351
536 917
751 639
545 340
435 432
936 903
407 998
306 531
1086 728
323 467
11 749
520 507
260 820
463 923
334 267
784 935
611 822
20 954
832 824
1119 401
938 677
1017 445
949 455
320 93
190 255
149 104
1083 779
732 284
963 315
686 926
765 947
361 128
446 462
878 9
830 861
923 109
631 601
560 125
542 538
511 1022
430 472
824 486
839 493
82 348
237 328
880 50
931 826
735 275
573 419
844 506
1007 854
217 686
158 215
951 620
541 785
578 789
580 853
323 405
117 794
390 679
937 689
790 1119
317 762
845 625
308 520
503 407
603 907
969 508
173 262
197 1083
504 242
685 485
192 211
128 126
354 981
568 224
682 609
262 468
396 617
799 970
214 453
184 533
613 274
143 974
101 142
386 904
764 712
300 817
112 431
694 231
769 357
613 757
255 717
498 1092
758 975
413 710
129 433
693 201
135 587
1047 716
150 824
286 412
1004 783
379 262
395 741
429 442
667 216
1107 456
443 1021
640 972
173 106
139 268
816 723
24 266
598 402
129 416
1023 75
193 453
111 921
226 561
496 95
189 1117
247 438
587 838
198 156
706 205
912 744
957 767
268 677
615 799
826 731
181 991
625 208
83 267
178 996
169 675
375 516
942 794
819 578
545 532
683 625
614 860
519 235
683 538
169 1008
620 904
1001 387
424 757
939 333
244 429
284 195
612 1083
907 101
233 120
86 963
998 186
658 914
54 672
917 453
969 426
750 272
238 587
777 126
756 471
638 109
165 955
274 382
483 722
694 368
180 576
1010 583
140 66
366 952
945 502
483 959
1019 1075
609 657
437 187
630 1062
899 814
427 724
884 188
60 391
782 50
384 775
1080 355
882 404
605 242
847 733
847 1003
508 817
109 968
397 312
488 800
409 625
259 417
253 1071
82 1017
965 699
722 614
203 498
574 702
1094 1041
927 915
948 486
632 65
585 658
700 152
346 55
305 403
75 781
666 986
1081 610
872 245
308 291
721 690
585 382
300 113
375 1062
688 812
1020 718
196 512
347 70
894 835
771 598
663 1098
195 1014
143 976
559 854
412 247
914 903
736 1077
229 760
588 130
184 1084
411 328
444 506
1115 713
177 825
301 736
689 403
290 874
591 402
1005 234
798 115
80 850
260 558
316 159
371 205
708 378
273 1021
312 428
125 963
93 486
641 68
863 759
205 760
1018 158
502 216
690 944
240 291
706 608
305 130
1104 383
46 515
1118 235
393 939
190 735
967 273
690 630
292 1060
978 603
456 933
392 613
193 182
629 908
1041 971
444 339
488 489
755 150
1021 246
385 786
446 143
371 205
801 828
642 278
543 209
813 272
619 159
1106 267
561 691
978 326
424 628
517 307
362 683
351 941
764 804
116 642
365 793
766 219
805 479
693 506
793 216
543 993
809 827
865 186
993 670
433 323
984 807
173 383
770 401
363 497
853 118
609 633
510 936
139 401
1063 92
372 190
799 508
658 780
288 60
702 408
257 619
1062 925
113 428
780 1067
758 675
1102 900
122 210
991 649
890 900
370 314
226 816
677 661
152 848
741 537
789 469
367 975
202 202
941 764
500 8
274 213
147 275
738 999
653 34
310 474
978 764
620 569
129 529
882 816
791 566
612 130
1065 470
925 901
222 693
466 520
585 519
903 198
156 766
626 704
23 590
302 692
175 407
923 251
115 409
649 469
794 535
211 527
705 550
113 227
582 641
734 873
224 239
819 844
696 1026
410 952
927 677
271 480
740 533
340 228
601 923
700 198
776 602
930 1116
774 174
690 907
522 719
563 181
246 970
222 367
788 669
418 736
725 726
673 740
815 808
1107 352
263 773
721 798
851 556
885 286
907 852
103 849
983 463
706 855
412 732
584 945
437 162
543 677
530 941
605 885
779 366
901 244
55 59
810 768
922 422
440 162
995 891
250 123
196 713
564 1094
981 48
297 857
806 566
735 1001
742 501
633 942
342 667
320 936
732 808
454 319
581 896
839 874
524 160
210 355
49 956
423 554
302 973
426 183
651 516
971 493
985 673
206 985
282 1097
830 549
276 816
565 261
600 513
471 203
961 461
567 1024
333 889
361 939
807 732
185 174
589 659
975 576
883 528
1061 178
1062 814
481 211
518 319
423 235
377 162
846 1103
736 417
177 154
632 410
316 353
846 68
759 103
116 171
656 25
1082 410
308 1100
295 105
211 282
375 715
252 448
311 160
589 878
1010 796
488 297
1001 648
850 372