820 625
885 766
986 979
856 1066
349 27
593 367
1065 187
750 103
63 1063
327 441
521 470
740 942
968 157
315 128
342 998
140 620
23 699
375 327
260 162
741 595
225 427
494 17
494 298
791 72
78 1065
709 604
703 282
20 370
420 777
164 550
1040 632
996 957
757 558
1001 232
582 330
959 612
797 44
341 196
478 315
158 786
747 376
541 401
252 347
961 104
216 876
858 224
427 295
811 617
437 1076
49 223
65 83
1104 489
172 481
588 528
666 511
438 427
674 1020
400 674
617 880
749 287
535 725
1029 1096
388 136
428 668
196 818
465 629
612 368
190 678
515 915
669 573
168 252
317 222
668 494
534 142
402 339
942 1043
488 439
109 277
770 123
675 1017
1063 305
944 155
916 691
239 611
944 46
543 424
997 153
882 883
715 53
791 370
222 908
635 266
212 880
475 489
1114 348
868 430
617 1082
174 688
474 857
881 982
439 150
346 603
772 830
317 655
830 954
132 46
160 491
236 348
1017 263
1013 499
749 287
407 1117
749 628
906 507
830 844
411 135
906 402
325 454
984 630
878 925
72 356
3 972
149 373
572 143
540 400
292 175
964 628
88 834
924 520
918 844
455 370
857 216
331 920
938 562
778 833
154 420
464 539
230 25
564 401
789 23
392 205
305 550
237 597
283 212
68 253
513 838
384 350
851 526
387 432
192 136
341 338
827 810
373 632
795 919
151 423
682 119
804 691
738 170
1117 298
393 363
38 346
1011 533
652 121
1049 950
447 286
768 516
1058 137
254 219
168 81
196 334
961 325
87 509
429 465
289 130
559 232
156 670
397 395
829 984
148 42
191 122
669 110
896 1082
1093 556
199 155
932 657
671 365
347 867
521 580
330 487
85 558
612 638
1005 151
446 243
1101 771
3 473
65 430
392 680
873 869
719 654
575 854
497 413
790 424
496 830
226 78
550 850
1029 436
517 884
281 716
776 253
1004 241
704 548
715 976
420 871
515 538
712 558
932 368
790 351
208 589
1000 488
663 451
295 670
1083 103
537 554
774 246
556 145
410 916
723 211
566 2
37 393
438 1088
655 594
436 370
668 270
861 888
151 250
1056 530
1034 840
510 655
1007 477
202 445
275 661
504 977
579 237
12 114
1011 246
843 874
96 685
693 614
10 178
229 1105
651 700
662 397
855 690
854 426
483 756
992 968
297 499
620 403
793 698
42 680
162 407
408 448
184 94
733 788
745 627
328 493
708 426
1007 819
919 203
619 644
866 472
723 112
917 403
760 441
860 793
985 382
917 850
615 361
426 171
687 321
704 1051
566 429
193 590
68 739
338 459
613 802
372 476
493 413
635 1115
506 436
567 145
363 699
1018 530
1038 355
586 679
483 729
934 720
383 300
184 159
654 582
271 124
1068 537
349 304
913 24
965 309
60 1000
587 138
818 343
12 444
679 343
649 17
464 447
888 649
491 428
688 687
416 772
855 794
40 1086
462 348
435 454
988 72
653 382
263 107
276 728
690 570
121 492
5 559
964 736
1079 671
578 418
689 855
573 708
178 825
226 653
370 897
715 514
201 189
708 897
722 702
979 281
520 188
572 362
517 884
166 288
627 172
260 54
197 222
943 816
423 928
736 729
35 743
369 321
1042 826
147 499
209 437
138 482
56 336
871 793
851 379
986 138
29 230
466 144
241 579
317 181
702 1004
11 1051
329 188
797 192
545 969
193 831
622 406
301 1088
180 951
452 1026
1120 982
652 164
286 453
146 587
832 850
499 167
458 425
908 1076
665 822
483 929
667 563
910 140
974 129
256 190
612 188
794 342
587 137
421 536
705 32
390 584
682 883
461 266
885 917
233 786
699 623
711 400
522 125
434 160
160 947
847 161
383 457
193 318
473 508
167 909
413 865
20 976
609 526
227 336
1060 848
300 691
650 950
469 691
501 304
141 972
325 146
706 885
996 323
465 438
555 218
159 937
314 512
598 721
836 652
145 650
790 706
603 419
52 767
749 436
997 820
231 108
358 659
637 894
69 1009
18 361
689 195
629 279
881 469
626 864
955 655
383 606
413 1019
832 12
195 122
248 554
353 433
144 244
976 252
568 840
57 329
509 145
394 743
462 638
212 903
866 164
841 718
157 629
652 756
770 532
317 162
584 155
1010 368
313 703
454 546
75 831
682 84
968 452
806 718
224 133
994 845
325 506
919 355
719 119
853 629
73 319
682 586
283 1010
287 569
520 323
752 43
738 237
884 980
332 60
848 184
645 694
963 65
267 194
354 725
861 581
1047 981
668 415
531 162
955 101
625 498
334 765
315 746
762 403
191 214
338 578
890 309
231 278
552 187
12 440
555 123
84 117
664 27
389 535
1113 734
1006 158
367 133
116 505
714 988
677 1014
61 610
656 480
961 973
260 657
546 801
112 1009
257 1002
82 654
545 1082
171 718
759 26
391 660
931 442
216 862
1094 992
180 889
217 275
352 379
738 579
291 1035
450 685
495 26
613 344
1025 804
923 784
310 19
669 950
321 765
658 215
684 595
952 210
1052 986
365 433
984 766
581 478
312 783
611 214
585 317
565 1000
51 315
939 419
526 802
612 111
490 133
612 903
854 356
807 1051
548 556
34 240
882 164
189 812
274 675
909 644
206 634
728 456
678 671
754 688
412 745
245 730
969 449
199 878
600 410
314 141
711 675
939 899
661 150
754 438
1115 880
917 160
534 429
467 117
805 973
351 643
262 842
491 676
806 10
506 825
449 596
156 282
711 712
752 337
376 251
161 474
926 542
135 323
1097 203
205 636
247 37
147 799
885 318
175 194
773 470
844 907
833 643
532 53
319 821
329 346
101 936
904 1033
735 310
397 145
992 706
901 837
642 336
1044 985
306 279
821 655
890 720
259 623
928 12
364 839
886 433
110 575
803 962
120 971
978 254
40 773
65 38
588 244
1013 605
191 274
579 1006
36 750
257 960
166 941
286 22
839 204
694 884
839 262
586 627
262 544
468 158
1091 390
774 33
715 703
824 191
797 179
913 1092
24 294
642 635
95 107
1051 970
336 930
306 516
11 306
690 451
995 699
1059 191
889 332
29 473
206 1088
935 595
703 522
133 578
352 696
622 636
84 339
455 80
364 593
378 517
153 32
659 313
1006 313
936 680
831 255
424 119
394 510
118 672
506 658
198 527
260 128
619 889
618 525
906 720
968 844
674 443
931 442
613 616
173 937
563 611
891 888
101 1045
263 976
585 379
437 273
123 442
11 288
1050 140
338 383
996 181
105 838
935 1001
1030 145
881 398
169 405
877 151
171 415
702 151
192 330
652 607
727 351
782 954
894 544
612 731
329 501
485 320
344 933
179 813
730 144
397 818
138 959
224 491
336 91
530 886
103 1065
287 213
768 132
102 652
101 589
183 750
162 306
758 443
319 168
927 817
461 412
482 349
760 304
358 776
392 148
457 777
90 768
683 214
287 248
1099 644
897 938
857 256
155 993
949 981
769 428
503 388
961 125
825 54
144 82
565 151
168 818
1075 239
813 582
350 556
980 300
197 441
134 875
788 549
644 168
275 363
582 847
920 1044
616 935
1016 997
837 266
275 734
491 286
632 964
733 1092
801 683
272 775
1020 114
535 684
678 56
158 818
289 13
188 322
456 1091
199 548
216 489
692 612
115 678
341 831
384 446
428 1079
593 476
637 114
280 138
316 954
994 479
951 421
733 194
712 527
733 978
362 1078
34 915
166 167
752 215
716 637
459 119
322 972
644 626
258 852
993 1019
764 280
652 451
246 520
105 851
783 263
293 464
712 866
493 854
823 478
332 1111
223 960
705 805
1086 620
888 266
742 110
607 127
1120 635
748 652
958 997
300 580
1119 915
138 629
960 115
864 890
729 390
110 497
898 1009
250 757
416 792
468 933
329 406
410 98
623 637
329 737
956 772
677 702
762 453
1079 368
616 310
453 93
600 341
602 109
574 809
742 611
613 618
75 1002
922 494
26 1065
920 384
305 363
537 812
254 489
649 261
911 224
368 179
899 1030
673 937
412 752
154 396
1062 150
246 755
699 585
1017 861
872 484
1014 447
287 211
855 612
550 972
568 700
636 266
862 910
866 1001
86 750
796 933
543 804
752 184
535 881
459 22
909 972
842 888
24 1104
172 959
515 311
581 307
622 870
125 177
698 243
650 588
359 394
254 339
596 26
454 732
879 375
875 850
638 552
874 208
262 991
78 215
837 876
1003 808
912 812
1082 567
525 948
323 142
372 488
431 705
194 567
822 868
476 573
1023 716
735 174
1006 709
967 503
158 788
192 969
128 171
325 779
1091 869
991 951
901 139
321 621
533 984
866 159
690 1087
351 484
307 64
643 547
608 853
670 823
1016 48
580 86
292 679
1020 1099
128 712
695 230
792 824
495 736
1 320
615 1102
993 936
648 982
803 334
296 415
71 824
574 745
841 959
466 670
320 582
244 372
445 291
983 640
452 965
644 654
796 929
737 553
402 820
968 891
1091 550
435 418
1066 629
336 1005
727 586
339 616
338 972
764 888
594 788
52 614
338 123
659 412
420 1057
847 745
311 656
712 58
636 219
452 251
1043 260
329 672
748 1004
181 634
387 902
636 459
760 205
304 647
376 248
901 566
131 492