914 619
459 233
294 657
1021 521
326 302
394 803
190 840
902 528
54 310
415 676
395 536
769 666
845 463
411 974
332 727
397 124
993 723
922 234
978 101
544 320
752 430
798 678
626 501
887 735
773 859
797 921
786 399
627 1110
409 1071
590 649
879 156
301 495
1105 908
888 260
603 36
172 628
103 551
244 759
924 978
729 288
60 213
798 1122
141 1008
646 1062
208 974
151 1025
251 984
608 808
561 352
6 803
428 513
139 265
261 572
530 586
227 839
1014 923
868 332
106 942
1123 164
900 728
419 660
477 125
153 532
249 542
357 371
706 549
1064 794
102 236
219 493
930 741
260 701
481 533
4 888
769 196
217 663
183 533
39 209
136 984
319 925
239 568
978 754
118 896
154 268
450 932
105 290
794 360
573 856
126 634
421 1089
515 743
969 455
357 901
323 310
320 647
518 105
888 527
904 289
488 398
967 341
982 758
1098 970
660 985
223 841
772 622
637 143
992 305
314 386
660 489
318 227
302 211
497 980
823 730
393 520
490 708
894 348
377 932
685 436
823 875
20 813
697 122
215 331
704 343
195 303
599 23
225 221
696 564
909 209
116 916
222 723
595 126
512 649
741 402
140 555
586 613
1101 596
836 1064
713 861
931 373
961 561
293 406
159 608
199 899
849 956
187 608
526 1062
139 429
758 580
381 767
587 820
327 530
682 387
677 64
989 939
794 1087
53 511
948 1121
406 1075
804 262
29 406
236 1003
197 9
202 857
846 502
980 635
278 656
453 812
720 581
952 264
920 686
843 323
476 499
1003 64
651 787
405 573
416 661
1007 857
360 774
824 771
553 774
360 757
899 265
540 733
552 285
198 424
567 143
1072 971
557 889
966 784
671 781
995 814
442 800
500 517
383 5
261 500
816 551
1016 631
13 981
900 930
517 850
993 712
443 791
871 643
1090 506
861 925
833 1021
471 556
2 434
736 183
660 110
857 890
590 651
544 198
661 355
1013 931
826 758
1006 275
641 362
954 545
748 184
524 234
146 805
792 894
166 749
989 532
556 968
1028 762
1004 134
1108 645
421 413
311 263
207 547
37 621
957 914
1007 460
873 906
447 172
1079 146
973 932
173 237
648 790
466 474
110 412
843 277
165 435
776 450
275 504
353 271
203 962
493 842
720 1089
1058 361
922 816
943 953
864 489
154 231
470 613
813 399
591 135
956 735
101 288
732 435
335 156
684 57
210 1013
932 629
108 493
1115 734
589 543
898 990
440 465
775 327
297 888
866 203
464 229
383 525
221 763
841 351
948 796
538 231
644 755
202 895
987 390
444 1119
961 345
1079 1035
669 878
803 932
203 1017
63 379
583 1023
545 113
853 590
451 855
219 747
892 716
795 161
188 844
589 38
353 1093
912 989
160 646
471 931
846 101
258 175
900 899
165 661
296 884
586 478
362 600
538 570
103 132
537 1000
891 568
162 878
575 793
175 508
146 858
814 663
959 166
536 962
514 235
267 922
928 561
870 950
201 455
426 990
214 449
409 176
919 345
658 616
526 497
643 806
767 869
618 665
990 967
84 440
507 575
111 1007
648 585
643 933
614 528
644 509
242 545
910 993
384 1000
901 545
676 646
950 259
110 942
851 229
612 274
1022 845
342 930
19 893
1075 577
683 666
240 1093
623 245
675 181
830 546
289 971
843 988
590 550
358 315
926 456
433 388
258 328
350 421
962 320
198 555
479 461
648 63
636 164
818 996
1019 259
864 763
1014 668
268 524
258 978
262 374
203 1008
332 844
919 119
187 619
382 670
1119 261
732 308
381 529
516 199
679 210
1028 463
588 502
914 530
944 986
857 31
633 859
658 815
364 952
212 122
419 964
473 966
72 275
875 276
1089 170
626 374
341 624
25 1120
442 475
718 981
568 576
600 338
1005 460
379 951
442 718
1106 710
657 605
793 1022
1056 1014
988 875
46 235
186 479
564 776
1090 1093
258 943
307 830
514 866
121 811
1021 711
527 294
348 967
186 157
798 585
709 977
335 544
878 416
763 708
246 205
604 694
649 897
1008 605
584 308
472 646
721 561
669 917
214 130
988 1013
930 396
100 97
613 37
125 751
882 283
1004 257
527 142
421 504
928 127
417 714
772 1105
72 603
300 636
1073 189
865 161
576 687
387 241
332 847
898 1123
530 981
1097 240
245 1062
225 401
343 800
99 420
775 738
1074 104
876 489
499 158
1025 977
5 68
178 63
576 702
362 681
518 1041
974 721
478 912
862 914
185 960
490 674
603 346
615 330
251 104
755 594
920 912
153 152
116 800
729 317
736 995
443 585
1106 312
210 301
568 323
35 749
729 602
454 1071
934 267
526 138
497 178
420 113
810 410
921 1001
139 1020
124 351
108 487
293 468
789 161
484 502
734 999
516 478
412 832
548 496
43 377
406 428
931 308
769 877
188 761
686 332
582 878
357 238
1003 410
794 837
887 788
789 688
862 517
286 151
952 120
346 525
679 944
841 533
771 802
385 924
501 218
286 187
462 639
699 1059
614 239
320 722
730 1048
853 132
1081 782
1123 294
251 197
465 355
748 500
121 818
1019 501
140 812
34 677
878 612
695 743
102 789
267 322
1081 790
235 180
717 349
279 822
24 20
1004 237
658 507
144 659
588 868
468 389
954 274
426 990
307 1009
530 888
398 523
111 212
144 565
816 404
267 26
934 921
630 680
301 1064
195 539
323 278
249 794
551 827
1019 118
210 21
227 776
1118 944
347 260
498 302
456 873
432 731
833 558
297 640
607 612
755 998
478 312
1037 315
343 439
122 223
623 466
834 405
180 779
598 174
853 1033
140 241
659 841
632 659
334 503
939 114
489 934
512 7
1018 376
1015 1043
672 741
423 615
726 86
407 281
652 118
35 292
836 234
840 825
404 688
651 69
169 487
148 803
271 736
219 740
878 664
159 804
683 588
627 318
768 438
836 400
525 542
664 987
241 938
427 108
787 322
976 345
380 859
328 1018
252 351
524 508
516 248
842 212
944 789
984 840
862 14
496 92
994 970
670 872
418 536
333 245
856 505
822 182
790 454
274 95
906 175
675 544
387 671
194 910
435 613
107 32
398 575
168 336
850 719
1009 652
160 624
350 1094
683 525
508 324
287 390
506 816
496 1021
1082 775
995 254
891 218
1116 424
441 399
969 849
467 691
935 335
696 982
564 188
63 1103
216 1062
177 492
255 781
519 373
262 208
959 952
604 841
634 441
299 833
567 809
656 1061
260 30
40 761
414 826
708 140
806 662
923 317
125 404
862 540
833 426
772 429
213 150
438 936
704 507
317 924
366 810
625 951
696 200
29 518
776 507
954 771
378 128
908 263
387 423
164 764
946 505
962 863
694 422
57 1091
327 297
728 385
855 520
390 303
344 762
718 391
1077 236
828 208
245 338
264 286
428 427
633 726
352 233
844 879
823 307
765 630
301 387
465 885
549 171
382 706
168 369
899 827
428 253
436 139
495 508
757 587
933 360
69 654
595 961
510 758
128 578
346 865
379 1107
569 1091
744 1019
288 733
961 182
388 1017
1014 21
681 815
973 210
425 436
943 966
136 1047
530 214
288 149
748 980
1032 767
313 423
770 305
49 786
494 599
794 857
278 546
923 28
546 822
300 573
794 786
25 684
547 587
392 77
506 635
817 202
0 1060
1048 261
630 745
489 68
607 86
958 255
651 862
290 436
137 168
384 663
254 636
548 1030
476 764
287 625
469 182
887 148
984 578
493 433
463 594
877 780
475 3
1046 272
860 955
275 665
453 443
1073 706
251 1115
862 887
1028 111
662 328
503 649
311 128
186 928
1097 243
635 850
112 546
1018 134
180 215
638 430
1015 222
542 138
180 697
463 377
238 427
716 303
831 848
406 444
33 784
380 926
811 471
209 596
217 621
940 262
295 916
471 530
96 844
348 832
433 741
1041 137
248 327
859 570
636 604
52 5
528 268
872 279
398 999
136 702
743 806
953 173
367 462
137 112
673 254
839 519
637 941
825 1063
358 1014
408 227
822 488
223 747
454 811
68 564
219 961
902 1018
1049 579
1121 673
541 408
894 411
365 387
488 260
889 378
986 426
673 860
941 237
532 713
573 82
528 115
602 285
934 410
734 621
591 303
4 670
561 212
512 15
930 789
581 98
602 178
926 650
690 453
129 897
450 378
948 423
164 641
625 1018
662 141
652 131
174 462
467 531
680 751
854 303
709 702
871 163
649 812
420 254
545 759
243 1098
679 464
111 114
356 817
977 242
423 779
956 897
394 652
1012 481
825 835
712 673
246 176
342 984
506 265
824 432
368 986
301 230
485 325
618 246
254 621
114 558
633 157
466 495
417 703
680 156
189 325
925 373
860 815
347 586
852 758
163 182
496 663
1094 459
620 452
748 575
908 581
524 193
17 1088
354 918
26 639
832 366
199 832
287 286
245 584
700 242
819 1008
555 664
131 84
334 595
161 469
831 383
1015 1007
503 925
388 427
745 318
762 260
938 893
743 1002
661 544
584 983
579 76
256 95
85 752
402 955
269 752
649 765
694 607
795 989
443 309
442 119
869 911
155 247
1032 581
590 860
839 198
990 229
727 684
117 1078
977 885
1092 628
99 170
559 146
417 539
1093 749
976 230
1059 183
1075 817