971 523
645 644
202 767
366 846
1123 694
248 701
518 476
894 157
112 414
1067 578
785 273
713 82
220 502
565 373
909 773
638 601
950 575
901 167
470 263
89 399
1120 473
363 305
336 216
340 861
345 604
149 394
247 153
379 357
104 612
980 263
1081 619
65 697
541 160
516 796
663 1064
92 294
726 469
215 652
392 194
73 357
992 103
1035 311
584 551
1121 362
53 898
95 927
191 315
569 679
551 880
626 779
278 949
1003 923
56 966
772 832
927 951
1027 896
403 966
171 868
713 123
659 1009
1028 64
672 184
719 309
355 520
129 122
759 856
858 21
278 977
552 971
331 404
670 743
367 530
676 420
375 1013
33 386
45 884
527 1022
446 936
383 1077
460 357
364 324
636 787
1006 400
965 268
816 1043
370 1010
259 475
742 902
270 967
310 560
175 925
472 955
638 57
96 745
47 284
886 936
823 472
1063 834
502 709
901 215
859 429
322 406
201 147
542 321
89 1111
216 772
626 325
486 995
1084 1022
880 720
84 896
19 408
803 511
585 645
475 571
856 864
162 860
436 532
655 1113
625 623
12 717
173 6
553 654
148 952
367 1001
597 883
380 968
709 29
640 701
979 336
707 677
1011 559
995 701
766 936
1094 891
169 1076
510 766
501 94
585 205
651 317
532 251
439 599
176 605
982 782
909 190
395 767
861 149
671 1054
692 131
122 741
323 156
228 827
717 263
24 487
237 711
377 831
702 284
190 967
786 697
909 611
280 1064
115 261
489 371
162 756
324 570
846 563
557 550
789 1067
887 588
814 943
999 996
840 635
982 565
978 893
347 1035
562 215
75 770
169 448
885 679
838 1088
1013 559
324 933
907 35
780 876
399 439
487 236
372 906
342 633
515 340
1052 528
226 1012
13 255
645 214
927 95
103 410
646 652
378 270
403 760
893 1043
989 389
69 942
931 568
1021 904
881 947
364 749
674 899
660 1021
357 867
375 365
700 8
550 947
801 326
188 296
514 138
232 326
900 895
148 747
354 968
563 22
220 535
807 604
1005 419
890 1012
968 285
325 139
1016 483
1018 1071
53 383
272 380
331 610
395 129
301 1057
515 614
653 311
373 369
1030 846
1049 169
805 685
155 461
946 611
887 476
891 570
1004 760
437 734
49 174
613 937
567 848
572 117
840 774
202 328
344 940
729 256
778 398
499 682
986 56
309 957
600 1093
1117 657
1027 756
689 269
576 961
152 390
151 688
601 673
611 435
875 494
727 798
848 213
794 980
669 300
945 636
506 166
298 688
942 46
583 107
1021 946
172 1026
572 631
272 628
144 847
978 853
150 594
803 527
387 462
440 631
493 854
207 1031
605 755
954 387
566 355
194 764
737 365
1105 220
233 719
225 548
613 645
307 550
965 1007
589 638
206 391
773 586
170 469
847 1007
886 60
816 777
189 140
378 302
165 152
854 345
615 564
786 1
269 396
349 523
214 756
807 183
797 437
166 61
91 294
472 366
1090 810
1008 327
1035 986
533 179
69 763
623 124
126 336
788 598
718 268
10 781
251 386
202 189
405 677
708 567
906 339
385 934
715 660
200 807
232 1108
832 671
129 226
134 711
247 556
689 552
678 1067
61 965
267 109
941 291
740 217
115 544
702 940
835 370
859 149
632 146
1052 634
192 813
1025 338
494 520
424 376
730 1094
147 22
478 921
854 734
219 1072
243 365
260 154
383 629
385 827
568 465
721 1036
8 1088
864 446
618 1064
778 451
42 380
47 55
115 240
123 516
676 880
701 931
34 662
255 865
853 314
323 277
940 115
914 992
290 898
226 215
370 269
974 194
198 88
949 506
632 227
903 204
445 261
485 487
282 26
238 136
488 699
912 98
1022 545
397 277
916 820
915 1057
371 82
610 395
434 903
725 609
500 405
543 936
873 920
482 225
13 183
844 728
1120 766
854 144
885 852
769 1076
556 50
988 367
23 940
257 896
488 1118
163 432
570 594
275 772
712 592
230 135
1013 256
706 678
645 278
1005 602
119 196
472 644
660 972
928 840
988 14
603 353
383 333
454 498
402 1055
673 450
410 611
154 750
932 189
1006 979
607 102
1036 552
1011 138
638 206
51 456
648 501
340 286
335 789
126 157
804 678
580 198
704 336
583 210
508 849
260 708
704 1095
246 278
606 560
913 459
760 407
136 817
832 339
593 1116
910 461
1039 683
606 286
1100 525
248 913
887 953
1053 708
500 117
611 978
210 846
701 370
813 834
207 236
957 390
141 1002
1094 610
113 406
553 982
698 1055
214 636
208 754
955 1017
166 479
512 890
959 678
892 58
983 445
891 917
109 145
961 699
1081 813
123 1038
737 564
100 655
469 818
826 606
163 86
313 38
738 744
172 224
591 776
890 857
693 429
547 365
373 655
52 171
264 867
107 339
1081 581
152 777
162 731
48 1046
898 809
1003 874
314 891
139 1057
273 521
1078 120
345 502
901 882
113 687
318 587
1095 181
472 165
904 378
253 279
116 1121
476 528
1022 257
879 670
736 849
1047 430
143 474
790 959
246 537
590 75
105 56
687 378
603 459
349 662
592 458
923 737
500 402
998 788
392 484
311 1061
177 293
131 487
334 668
996 342
52 755
708 674
1030 530
583 896
811 748
367 718
554 325
394 963
606 852
271 104
1033 175
409 839
277 382
952 584
163 906
807 356
113 292
304 684
561 743
806 555
608 929
976 245
326 811
194 221
793 1038
465 148
973 1111
807 625
914 942
816 165
182 313
614 18
275 564
183 148
111 603
1085 415
164 103
185 905
416 788
636 1077
1007 553
118 289
1019 227
352 122
461 249
260 198
109 856
939 740
692 754
267 1009
1099 665
802 648
957 273
142 430
151 458
270 638
465 974
368 504
984 509
700 136
135 198
16 456
1009 134
509 494
133 864
934 1020
301 713
318 425
436 678
227 937
182 258
529 512
351 1054
133 512
843 508
411 452
317 706
253 989
652 731
292 364
229 261
1054 425
759 466
146 267
883 345
769 699
585 965
766 195
136 202
619 799
417 730
173 854
784 364
861 719
557 856
232 357
1029 337
749 340
216 668
172 627
861 659
1070 172
646 885
651 645
749 117
72 448
513 252
770 101
102 331
558 434
629 995
273 591
837 695
170 276
1016 16
702 817
1085 784
680 820
846 639
402 301
894 716
451 329
176 187
194 27
835 1110
890 1039
83 813
583 4
410 531
177 418
344 277
911 1099
728 570
685 322
375 1004
554 761
218 621
924 292
405 767
981 401
337 162
1095 928
50 1007
434 369
531 217
237 228
73 147
998 1092
411 523
411 439
366 957
538 529
903 909
699 215
765 288
1019 682
395 773
679 44
676 242
90 633
1073 281
900 866
556 371
357 583
876 217
185 619
444 633
812 424
238 327
880 363
766 392
597 993
628 455
788 459
48 202
712 19
399 538
485 566
492 668
515 761
500 971
218 413
610 256
23 111
803 1036
355 904
529 812
721 1118
359 998
577 1027
350 571
1058 407
349 266
440 517
273 758
128 267
85 807
848 759
725 1052
931 176
151 868
1108 982
443 871
192 840
207 816
1106 552
877 977
530 782
506 543
538 251
290 170
1068 1051
894 1016
462 104
508 25
760 647
105 978
299 603
483 990
611 968
60 780
143 55
195 385
734 1034
918 883
125 781
773 447
479 469
983 186
176 703
244 579
606 114
350 640
364 418
918 1099
800 263
830 739
576 784
9 807
592 211
914 616
650 628
423 60
769 865
387 916
1014 125
485 520
61 707
663 471
207 274
508 67
273 555
776 539
273 93
552 459
1070 167
996 583
1057 198
462 653
690 487
43 784
584 770
322 888
93 494
314 62
173 20
838 163
485 604
322 90
98 427
101 552
770 370
1011 1021
1071 991
257 1046
866 588
157 223
874 501
499 635
534 932
686 29
956 781
132 608
99 196
1001 239
767 238
651 908
1011 1048
186 479
982 867
235 735
673 640
920 330
917 256
176 689
544 526
189 988
1110 104
73 385
853 137
272 799
48 170
12 248
680 656
233 1000
204 845
687 754
312 353
236 750
159 969
342 220
372 852
1113 1057
49 395
637 385
386 212
606 246
829 242
773 963
747 302
863 955
491 101
1078 375
389 225
796 712
21 994
1086 128
680 595
543 633
947 927
637 836
682 205
288 1074
879 398
242 244
131 521
972 159
541 913
686 406
1 416
690 576
468 129
910 106
742 788
792 1001
110 365
1020 567
685 393
957 833
12 83
979 389
824 164
1035 835
912 344
1016 372
213 229
691 703
270 983
288 486
116 338
415 445
480 954
737 750
627 105
122 394
474 291
567 1086
722 843
222 1051
298 933
383 1086
152 0
558 87
329 387
1067 1020
588 1059
489 246
692 272
363 962
548 776
255 629
1095 422
117 61
1081 952
844 911
818 832
202 824
177 340
738 112
443 327
727 454
132 1036
712 732
1090 312
282 412
936 156
919 165
249 107
317 269
534 359
1118 986
756 670
866 811
674 522
574 989
318 1000
1053 1037
806 960
228 189
982 440
765 977
551 447
57 466
823 100
877 115
207 940
283 1004
464 874
940 767
338 813
170 794
412 370
532 262
873 606
1018 447
600 409
166 1023
210 883
748 788
76 496
140 762
589 349
652 421
498 970
151 924
416 191
841 464
383 937
739 675
789 387
370 1097
600 418