1009 148
69 587
991 1079
790 722
774 536
158 993
666 373
114 118
648 745
320 190
913 180
231 179
181 976
84 484
554 582
819 535
812 701
263 523
638 110
567 33
881 182
427 482
893 598
913 456
878 318
531 341
584 235
469 585
493 329
730 548
853 468
673 1021
799 184
341 726
957 484
264 571
280 149
348 256
461 556
478 701
1104 251
997 644
564 443
359 80
1059 1047
873 950
216 589
580 526
850 418
333 749
217 738
149 711
128 179
859 692
837 976
950 786
694 139
294 679
796 631
1005 373
698 446
121 544
442 500
609 239
928 834
609 607
164 549
738 854
254 1007
654 837
58 806
1023 90
1066 403
247 1073
363 390
335 832
428 778
451 791
366 787
837 807
667 429
288 115
199 53
771 473
698 1075
959 112
1045 885
783 751
562 702
854 128
394 816
77 394
526 201
797 694
1096 688
650 963
210 208
82 217
416 933
369 942
292 871
565 739
777 812
288 377
598 433
596 387
669 831
771 541
521 1002
416 327
751 858
678 1061
311 14
662 452
737 700
962 1116
605 881
984 193
959 991
640 1039
543 790
329 1091
75 815
614 260
694 1112
789 721
928 303
615 377
902 739
1062 464
514 824
51 56
213 482
272 65
147 585
753 794
726 468
414 383
0 999
184 716
1036 504
914 411
728 992
867 647
914 789
641 991
782 903
877 324
469 947
741 891
236 473
1097 530
609 212
521 1067
804 422
582 185
51 180
353 261
682 755
993 21
1020 91
311 1003
523 784
798 501
582 20
991 632
1022 260
639 80
551 891
236 290
222 467
173 589
350 115
888 1002
255 1065
636 779
450 207
184 286
207 315
460 529
739 549
390 976
114 165
198 617
946 533
782 439
979 470
352 489
629 286
497 115
510 565
1014 594
628 570
549 670
505 172
701 814
981 764
354 1109
420 561
200 137
138 424
318 752
367 643
290 508
399 668
211 307
421 436
970 690
837 833
228 769
137 793
607 214
1094 929
507 702
764 898
960 293
566 285
46 528
538 768
449 1021
524 213
341 785
645 1014
652 756
815 797
974 808
380 411
657 26
933 872
986 944
18 270
258 196
829 348
189 738
761 801
484 765
283 945
593 800
265 131
928 573
711 695
51 130
827 1119
1019 825
380 717
229 849
1049 164
978 785
843 747
787 653
886 238
731 675
797 793
142 541
726 890
62 504
620 133
220 598
440 905
656 441
692 1074
389 459
1097 221
120 995
197 275
584 571
408 174
1113 665
66 756
452 541
875 784
1086 139
541 194
935 532
271 1103
238 789
649 645
387 836
842 624
829 482
307 701
964 175
870 319
188 732
259 866
843 101
463 1120
525 608
473 259
590 271
665 454
956 955
290 0
165 265
276 222
103 950
543 720
639 571
749 895
3 528
1096 932
1083 829
267 159
657 61
199 162
55 707
398 553
106 14
212 875
693 981
958 372
803 1030
880 532
697 315
494 213
938 226
686 1097
268 645
38 139
1039 363
364 134
1076 350
435 908
224 930
646 4
698 830
332 892
782 379
461 530
578 480
824 681
250 218
605 258
1014 1091
553 111
212 657
944 408
364 259
1057 966
703 512
117 605
699 582
710 163
282 143
317 658
242 78
908 303
165 762
430 876
706 607
540 691
454 89
432 190
711 184
225 27
945 315
713 318
450 955
308 626
753 628
329 346
50 430
24 365
432 264
856 611
294 493
774 509
887 873
95 738
620 481
72 1010
283 599
213 325
630 982
413 650
13 840
923 276
568 808
323 183
935 549
808 294
795 937
1008 986
153 106
374 379
1093 311
931 760
302 287
971 1020
319 18
303 646
388 993
347 614
814 679
433 777
307 26
935 708
1002 423
993 978
906 611
716 962
401 482
345 940
464 921
1035 291
293 138
647 718
856 742
716 763
490 621
267 109
310 860
861 629
1113 557
748 709
596 735
254 1102
440 89
413 538
862 566
654 856
688 324
243 971
467 433
62 761
982 962
317 703
862 373
209 832
690 900
1061 486
893 418
269 888
211 988
77 426
1037 774
895 332
360 729
378 484
288 232
240 904
40 307
365 872
593 701
101 64
188 854
380 849
312 247
822 550
264 889
976 768
896 202
934 440
277 538
383 386
475 644
51 719
778 134
771 313
545 254
206 572
958 476
508 311
461 611
674 322
696 268
313 877
254 478
755 236
384 6
885 728
1016 1115
582 506
595 198
870 347
693 428
244 33
146 162
171 801
900 369
835 435
787 650
901 820
977 784
657 207
623 624
671 598
987 906
120 428
946 370
572 375
780 472
44 722
335 431
232 1101
165 776
1078 1122
362 691
285 445
36 155
872 258
11 590
330 388
460 68
1009 401
649 346
116 19
804 579
49 792
957 41
184 368
364 975
978 566
123 677
708 950
87 520
61 578
61 900
173 834
531 515
914 142
335 965
303 483
528 262
293 360
756 314
60 293
857 112
414 518
807 255
547 412
274 721
1072 156
75 570
418 730
248 286
43 172
132 473
21 815
160 575
399 660
204 863
483 800
904 402
437 828
31 279
773 125
517 702
425 339
767 664
720 954
135 382
255 885
240 191
276 915
700 672
1015 642
653 747
206 765
238 828
603 592
394 533
979 922
180 875
205 371
799 198
142 245
957 1005
1014 269
323 834
592 409
464 694
524 284
687 900
547 881
973 1014
969 794
159 801
1105 716
427 652
51 794
693 720
149 757
44 79
891 992
142 417
563 647
768 323
228 586
922 469
841 538
114 170
391 432
200 867
550 268
102 112
875 712
712 817
398 340
89 766
183 949
375 492
416 999
564 232
120 425
135 473
148 1088
122 447
780 508
732 514
543 737
1017 408
115 332
736 958
750 738
721 674
203 595
943 300
964 789
249 331
945 1022
460 441
855 690
599 668
22 821
299 551
241 541
588 346
882 986
548 192
848 415
271 483
392 448
159 1
265 772
1105 1022
554 204
466 744
976 724
975 1002
1060 724
636 762
631 264
764 830
338 270
1086 948
348 787
682 872
112 201
1093 732
1040 123
753 55
466 736
498 919
356 401
941 593
661 447
409 931
835 60
251 438
292 496
405 361
941 864
28 137
874 627
1075 284
131 388
546 39
305 902
1122 667
948 172
1036 888
656 47
329 1021
740 495
563 327
359 699
657 992
913 738
824 994
741 1093
919 1076
78 166
542 886
712 454
1052 751
432 364
738 680
232 287
85 278
346 105
450 573
726 252
315 556
588 512
961 38
544 297
83 639
150 596
851 610
305 187
742 1085
503 1119
882 683
813 866
763 547
740 931
1106 540
976 670
345 149
655 848
513 477
108 1031
989 626
868 576
152 1030
669 386
650 705
783 267
776 5
656 770
924 1108
490 730
209 439
221 511
692 148
773 638
575 819
298 868
311 361
578 519
952 554
620 6
207 270
609 471
652 319
761 616
360 545
797 801
805 213
14 439
404 165
904 276
1031 238
325 845
880 85
595 583
861 900
462 789
893 1037
513 494
354 163
296 861
432 226
476 181
661 916
333 646
66 544
896 961
1081 804
866 485
120 1086
769 254
42 412
123 478
556 591
662 367
194 439
876 710
826 196
142 750
617 295
779 597
708 270
162 503
445 784
432 24
119 738
116 126
11 724
350 812
308 509
647 268
368 293
432 171
999 206
198 313
489 342
402 17
36 198
406 916
196 297
273 429
509 822
597 185
424 27
171 332
861 319
371 76
224 404
253 551
312 752
532 121
481 478
457 655
104 284
823 780
756 1047
876 362
314 534
749 503
913 512
1090 176
495 530
33 562
347 779
126 1008
148 907
119 385
881 1105
621 147
154 12
948 313
330 641
464 888
758 979
131 151
730 451
1018 319
354 84
1017 680
295 211
693 766
1050 692
813 664
645 121
933 423
960 590
20 913
858 785
574 767
753 818
92 182
203 582
507 737
30 524
398 22
653 882
906 1082
820 914
302 829
613 810
924 913
996 1004
352 290
425 109
193 200
268 573
454 645
684 1016
824 822
859 301
392 385
650 116
778 89
881 335
639 1014
341 1005
450 964
653 566
1081 712
125 622
736 155
757 885
257 781
825 1119
276 279
866 1023
484 891
284 958
93 775
209 785
811 663
966 699
1078 77
739 368
730 759
32 1067
548 94
637 681
412 1046
435 214
956 963
201 864
1034 543
813 58
774 667
436 372
266 291
218 862
360 367
206 449
242 1008
861 975
595 572
741 226
285 41
1012 988
653 588
186 344
164 929
460 366
750 1019
202 858
672 768
894 177
122 518
1014 851
604 399
147 590
570 826
395 254
653 235
818 962
943 798
379 728
544 286
364 739
801 17
1003 10
936 797
147 385
729 159
899 588
448 822
684 1073
539 353
729 624
239 904
239 574
859 517
1030 852
929 646
87 320
709 965
743 711
1015 594
191 210
146 1021
317 725
569 620
1083 546
992 1051
117 574
658 645
569 215
615 134
625 297
843 865
584 303
271 494
134 683
475 663
888 855
651 940
812 1019
816 321
828 233
1010 461
457 747
183 406
438 680
765 450
406 885
796 302
447 1077
475 419
912 728
953 563
181 216
256 369
600 380
792 628
663 730
892 737
596 930
686 258
204 336
14 826
572 821
541 418
932 94
832 414
717 291
728 868
649 401
144 470
842 261
308 764
256 803