1097 703
441 1105
353 19
645 1074
504 116
287 975
678 175
21 325
929 925
746 63
475 197
186 197
100 973
781 308
94 79
456 1066
354 298
243 577
536 829
298 506
306 771
957 601
976 507
627 680
971 18
266 908
254 985
834 242
420 751
218 550
939 246
999 1104
924 389
1115 1104
812 148
443 658
135 168
685 370
845 765
656 891
891 413
869 97
433 988
819 973
1019 1104
765 1071
866 615
727 300
645 121
346 286
804 1075
533 304
783 552
565 823
319 593
338 999
446 246
11 607
383 791
811 593
344 472
957 574
554 818
806 402
418 976
153 498
1034 164
874 860
949 699
655 1114
778 940
523 148
791 772
452 474
721 322
980 1031
348 982
738 1066
761 432
87 1022
636 848
638 543
998 621
832 185
845 360
545 142
748 1004
1122 553
404 175
856 508
889 372
512 1001
268 254
53 619
689 729
282 312
666 352
179 1023
192 226
673 906
1080 339
613 486
1006 508
931 336
693 736
911 491
1030 502
877 447
145 620
956 329
677 363
790 437
901 556
167 519
316 512
1079 403
165 808
370 650
129 69
422 687
601 638
306 208
888 479
193 95
276 930
128 1085
966 887
393 591
708 214
961 886
9 26
465 115
398 312
431 919
763 715
1111 751
936 418
191 774
207 233
686 848
636 622
393 1054
793 1092
454 927
738 652
1091 404
491 88
854 978
855 642
694 597
1 799
882 215
997 417
687 1007
625 948
795 966
241 842
640 558
1123 256
273 988
608 786
20 1007
685 395
520 856
134 426
126 461
977 128
319 689
761 872
619 722
592 751
676 990
700 254
139 763
124 820
946 764
655 113
860 910
784 562
706 684
931 947
703 69
1001 1079
1030 739
559 346
393 562
651 791
481 800
676 1121
404 835
154 257
150 602
593 626
683 180
610 118
716 375
541 33
209 679
849 820
475 470
1054 356
563 476
631 181
718 287
454 275
769 782
1063 431
475 701
909 221
1073 940
269 252
878 865
207 81
60 1113
272 276
418 595
191 570
135 876
847 190
631 408
917 252
764 878
218 365
846 444
338 824
718 1019
754 25
284 123
483 310
552 933
46 998
264 735
581 996
503 278
215 269
36 43
986 517
811 709
102 449
312 784
863 908
507 946
1054 713
486 818
336 582
1054 274
1054 821
647 101
398 908
786 221
182 554
249 776
646 533
248 129
546 669
187 898
133 674
478 783
663 950
437 914
1070 720
884 606
682 605
105 844
431 202
344 782
843 426
682 873
312 788
970 929
185 223
329 376
387 833
712 860
101 475
531 487
165 702
483 1008
193 148
244 763
547 133
872 755
1095 200
531 733
738 50
553 1066
511 529
136 378
1096 755
1121 584
913 257
89 954
975 504
356 133
462 501
894 27
621 933
52 555
293 593
161 164
107 808
989 241
84 788
794 1009
570 253
18 432
321 453
576 622
416 827
909 583
632 180
277 852
552 548
971 357
1019 427
410 412
231 197
174 376
1007 996
997 1109
224 871
641 804
800 987
30 1008
1065 803
568 999
134 209
47 589
219 950
1069 158
678 576
452 1081
724 754
100 486
542 980
859 512
450 701
480 942
117 116
172 464
490 526
667 281
1089 914
787 1103
527 630
722 764
856 888
141 136
215 918
711 489
1000 648
803 406
460 1091
918 107
839 740
835 952
344 494
1072 494
594 299
893 36
505 1069
155 438
954 1012
991 1073
347 882
927 794
598 857
733 927
927 513
290 654
769 145
922 645
346 143
782 36
927 565
345 303
536 495
438 312
202 264
565 222
328 995
532 629
745 317
369 280
72 706
662 797
389 794
8 571
934 317
396 803
337 1027
767 477
1022 119
180 139
263 251
422 1077
153 861
975 371
316 143
79 1059
333 76
345 919
674 797
955 551
920 229
372 553
442 540
763 883
644 398
957 784
976 716
812 281
524 238
1110 1051
965 835
287 988
54 391
419 498
474 661
174 976
1046 656
141 125
996 160
553 953
307 935
698 132
908 583
1050 542
884 639
498 832
785 694
253 267
970 347
924 8
727 748
41 411
636 407
335 317
234 450
721 857
224 544
721 250
192 724
600 710
379 239
268 810
40 1064
1025 901
471 689
1052 207
324 394
884 115
473 761
882 657
395 129
827 761
298 269
236 212
550 342
198 184
134 470
266 178
19 289
487 197
926 112
851 548
868 981
983 481
180 1032
318 716
813 549
431 834
785 344
305 430
147 672
1036 741
190 117
1014 468
276 580
408 402
361 930
521 242
834 322
966 680
113 112
123 607
676 992
2 1051
466 217
394 700
83 249
858 798
183 690
983 867
132 938
514 468
194 202
1022 611
743 899
261 341
775 85
625 916
153 589
470 1101
149 1078
182 557
976 991
116 737
343 631
532 604
148 446
938 529
815 663
746 926
219 734
96 879
552 564
249 210
850 800
1048 801
1101 888
725 891
587 987
934 438
295 659
791 824
163 229
797 307
1078 171
942 583
1090 286
127 27
46 480
313 1025
664 953
945 317
266 584
686 463
367 867
785 976
687 382
807 516
552 918
826 4
870 433
888 528
197 841
775 923
603 270
506 180
788 386
100 842
29 765
19 734
1111 652
543 178
802 937
396 744
177 446
364 888
64 144
473 408
976 424
430 819
821 711
421 274
555 608
744 913
801 913
667 534
6 683
117 426
775 757
910 524
325 563
509 826
592 79
890 394
200 354
206 171
813 932
384 186
894 354
919 471
413 105
110 972
504 645
964 826
743 349
757 882
237 347
112 544
795 505
194 266
438 32
17 943
791 516
693 72
508 204
124 7
794 397
172 122
149 385
142 431
841 1007
617 557
746 929
884 178
713 564
856 843
161 821
1013 995
814 464
859 453
70 774
639 1031
462 744
318 848
419 776
541 934
236 750
210 645
497 362
431 971
454 1000
678 39
756 669
448 583
601 151
233 1016
588 633
943 928
310 577
330 879
711 641
952 287
1035 494
857 56
169 800
396 782
1047 1118
339 688
531 1
700 682
692 329
665 373
429 396
950 411
228 461
953 684
353 345
166 1003
325 924
420 845
905 298
555 425
71 861
526 1005
327 605
48 963
617 431
322 290
858 362
147 254
193 296
691 47
1059 234
1073 315
140 483
828 221
1066 1008
728 975
442 748
937 674
664 774
868 514
234 335
380 915
444 1074
815 401
811 424
553 800
903 681
416 148
1065 513
938 31
309 302
87 250
793 918
747 22
1039 226
876 273
287 756
911 518
380 25
664 1022
212 582
809 953
916 225
1083 329
739 206
404 284
576 338
381 385
492 290
156 697
948 1081
44 749
1061 290
579 354
351 541
631 234
564 439
693 490
320 205
718 457
225 849
1060 550
170 189
1028 333
957 981
188 619
876 170
80 817
35 934
736 270
134 903
972 257
726 104
1092 20
458 759
533 116
398 772
576 901
618 247
953 1047
431 347
619 116
868 187
852 828
181 3
990 852
22 902
500 551
494 1069
949 319
178 821
996 200
345 688
402 977
397 483
224 246
560 282
1050 740
1028 438
640 694
8 92
933 336
270 955
821 807
1018 270
570 441
775 128
1023 665
13 689
897 194
662 508
974 273
616 281
855 508
175 289
136 111
536 378
366 768
256 366
292 327
891 886
170 901
732 865
179 428
284 634
757 507
440 533
189 33
889 355
931 770
431 1115
624 286
583 617
383 823
853 815
82 304
129 300
341 425
472 425
1082 801
269 212
1013 425
342 337
1019 206
818 446
415 936
269 203
369 53
707 885
929 359
382 282
370 971
605 934
770 213
282 416
941 707
542 980
203 330
632 267
331 447
789 370
569 141
1007 453
609 1041
742 716
365 451
922 355
715 253
248 590
123 189
417 992
261 661
950 635
446 230
549 568
640 1101
267 647
899 761
770 751
397 908
219 574
329 487
1050 294
987 306
752 443
135 380
748 1060
88 356
373 689
662 206
357 69
916 608
386 517
579 1084
135 882
146 103
724 330
847 413
541 408
845 559
323 500
583 117
867 1061
4 564
74 607
795 454
263 1007
414 176
953 950
91 692
907 715
182 584
916 779
325 365
458 120
773 635
562 725
889 174
201 108
243 952
214 148
790 1014
103 414
918 484
959 479
833 912
119 611
655 929
418 1095
677 1031
799 783
22 2
433 594
646 887
825 687
623 440
351 961
589 459
626 902
916 887
921 649
799 1014
301 876
1004 489
902 493
150 139
291 967
638 553
841 932
534 465
698 2
959 624
524 812
137 66
49 168
912 461
208 446
908 270
380 24
577 677
970 457
544 577
735 1092
872 857
641 739
402 708
163 252
42 45
711 551
819 106
870 992
674 367
236 418
496 290
292 315
725 306
410 999
987 484
804 312
569 57
737 873
152 113
63 161
822 627
513 890
1009 1028
452 336
450 199
54 801
331 438
246 849
754 781
396 847
63 393
413 705
899 371
677 939
425 546
261 317
886 661
4 1020
780 675
499 639
100 1100
658 513
1069 16
948 312
991 992
27 612
772 236
185 551
963 428
317 354
910 643
1038 394
230 91
705 333
1101 874
209 207
1072 599
107 266
1022 895
807 974
216 849
808 660
626 758
451 891
677 559
185 550
950 157
558 962
658 865
705 797
891 261
137 1019
263 397
841 580
478 267
278 645
29 882
317 742
417 739
428 218
386 259