982 200
170 508
65 804
540 448
783 710
241 615
349 971
755 367
238 1070
247 232
886 161
799 258
661 104
927 775
720 964
18 287
621 597
804 615
428 802
319 1050
279 147
682 747
918 766
422 998
461 570
676 575
277 114
373 55
1017 570
395 445
225 999
364 988
592 1050
950 439
220 521
22 355
1018 628
588 166
738 554
350 212
11 738
739 478
459 244
543 893
346 347
501 1096
40 694
509 614
970 929
878 813
1116 513
477 620
359 518
799 406
28 794
109 676
911 657
654 617
833 140
665 711
322 723
164 293
856 154
1115 869
926 1010
765 19
174 945
617 1002
319 549
908 652
590 463
633 699
536 317
500 806
642 432
908 420
672 467
352 173
777 1004
356 384
440 980
708 1048
351 537
264 870
471 527
89 762
330 913
324 1093
247 831
989 951
503 116
806 341
1045 161
49 77
483 830
642 880
832 334
825 476
727 649
419 67
798 214
607 277
163 686
436 102
455 1086
809 715
49 560
941 943
912 841
1055 359
643 206
603 942
121 554
134 521
892 682
1019 622
924 431
215 772
524 686
795 202
637 65
912 937
687 299
235 660
177 166
946 116
1105 787
350 272
435 176
833 966
755 932
694 375
472 930
312 750
141 849
716 886
486 1091
722 65
985 355
158 499
106 450
338 331
576 628
334 559
557 743
444 578
173 756
506 927
1114 467
409 764
483 843
131 753
810 282
63 934
800 864
920 159
803 342
999 1013
851 857
377 1090
1014 599
189 346
488 878
381 199
428 836
804 747
394 313
556 1030
780 717
111 916
291 730
159 668
452 946
153 329
145 555
282 371
53 840
486 514
114 568
1029 1076
1107 836
304 1059
865 613
543 764
372 966
979 173
1097 746
762 181
980 700
784 794
771 849
713 649
269 388
814 921
274 251
377 882
84 980
1013 397
624 412
232 123
289 765
305 524
407 22
724 808
883 536
725 358
945 38
1022 299
876 1007
853 650
464 576
453 429
288 697
106 367
904 836
879 620
613 344
850 101
390 370
655 22
784 640
1070 767
712 570
205 481
951 182
427 1020
149 696
449 111
418 145
425 211
84 452
472 435
295 467
535 571
1055 325
722 814
459 1026
901 285
228 205
735 469
24 477
776 280
963 683
933 144
14 781
393 768
313 871
91 701
774 800
823 859
599 205
845 682
524 634
576 8
366 359
1106 1054
1074 364
212 3
300 440
853 720
580 1060
450 574
886 748
976 238
372 92
537 353
59 147
488 593
1017 752
649 632
544 568
15 867
883 462
559 331
208 614
185 832
757 733
893 619
1117 776
880 241
1112 846
911 884
225 168
515 443
860 1016
199 1003
847 480
267 589
770 168
393 504
697 508
81 1101
257 914
1088 398
23 345
273 398
1022 11
703 299
450 1008
618 110
380 718
129 947
234 487
444 853
930 324
114 331
240 719
857 514
381 780
356 911
138 807
749 265
893 79
659 562
547 214
614 638
1014 403
449 936
1016 285
632 225
929 875
619 142
380 986
933 549
658 87
161 215
799 772
6 847
591 481
266 192
349 1114
317 238
445 560
238 18
316 372
229 889
38 768
426 368
615 230
218 960
435 959
704 878
224 814
1030 1093
1061 936
396 1019
935 329
372 499
613 652
496 778
656 158
289 375
725 561
601 145
438 123
174 408
457 585
663 923
956 880
87 819
1118 187
457 286
653 777
764 339
725 143
1007 907
1059 659
926 466
407 546
846 825
625 140
890 441
496 320
496 358
606 848
31 740
545 516
417 461
118 260
311 549
532 648
531 912
368 957
518 449
344 636
499 693
644 352
1015 998
1109 273
801 728
664 667
689 349
577 537
124 162
308 674
879 938
1089 1010
196 799
286 131
568 988
989 777
382 1038
599 342
424 301
858 196
580 152
881 217
597 742
764 229
554 721
262 841
302 906
1027 916
810 240
228 333
1056 909
497 845
537 455
908 905
960 281
507 605
720 591
647 397
339 775
1095 670
108 201
994 510
534 877
386 716
429 667
283 1105
1030 714
853 501
411 265
462 302
905 307
485 607
509 762
919 609
934 330
188 44
680 607
463 855
210 250
1095 549
182 975
774 143
562 1085
602 932
364 764
7 119
190 926
629 663
674 192
607 250
849 119
417 632
719 141
392 398
454 162
472 540
395 941
940 982
748 652
1087 101
299 935
672 565
330 390
656 785
857 459
486 521
301 212
731 617
130 375
976 298
229 797
606 953
630 366
1046 194
248 337
915 704
714 982
572 978
467 117
917 254
105 812
309 430
899 905
107 231
807 99
322 866
1065 1082
643 240
957 553
332 1031
298 178
732 124
944 147
643 363
576 323
938 1094
154 982
851 787
615 830
352 139
664 0
212 842
549 252
684 925
298 780
315 294
830 310
547 1121
413 987
389 71
157 441
771 210
932 571
841 161
361 670
23 124
251 771
657 799
605 952
770 769
99 441
570 252
541 393
875 119
122 419
321 495
366 100
867 896
687 442
105 190
1074 78
452 193
906 148
911 244
1049 526
334 261
914 516
1026 252
697 1024
961 520
621 1033
964 682
232 976
152 339
884 218
220 468
940 726
691 278
324 987
842 672
674 1070
385 535
958 51
694 53
907 836
556 409
607 87
788 802
1105 832
343 281
969 344
136 587
892 832
1020 861
56 1074
259 620
318 850
315 369
1006 160
963 899
744 509
1075 306
888 604
313 594
614 952
385 450
711 1096
557 198
843 467
790 516
896 41
535 176
822 834
769 291
44 834
768 345
631 722
863 30
929 629
890 398
1043 769
875 429
359 945
410 760
996 277
437 495
323 244
652 995
978 147
690 365
191 97
678 1019
83 109
312 995
376 83
549 189
561 79
318 350
991 454
614 0
286 114
745 648
889 303
632 617
603 719
213 293
207 698
351 834
150 372
837 873
639 254
1017 115
758 979
724 856
761 547
576 292
615 205
196 949
394 91
442 814
535 135
508 749
900 635
516 420
823 144
783 794
892 375
711 364
572 814
860 254
907 659
1075 887
762 20
813 401
910 44
132 560
592 633
659 172
326 973
1023 879
361 105
541 123
313 776
78 786
269 33
784 783
1023 411
507 696
287 1065
176 482
941 971
719 701
589 326
830 1098
766 1009
516 958
466 935
825 597
125 381
863 203
199 881
218 372
92 1007
788 560
649 505
836 848
584 244
163 471
121 540
37 310
626 889
698 762
185 242
1063 913
527 479
186 170
689 258
109 20
457 950
861 486
906 745
625 787
581 1094
522 16
694 1079
723 196
875 266
664 394
938 802
821 788
769 941
140 23
18 784
428 728
848 879
392 874
245 866
688 835
461 268
599 944
655 1060
718 368
337 975
126 982
801 990
645 555
170 218
829 496
224 47
1002 1072
856 502
414 729
275 715
390 201
201 486
939 817
392 549
61 67
461 840
833 244
694 671
1024 155
762 836
401 1106
1066 403
338 105
745 340
400 614
554 398
908 860
95 642
772 974
401 528
244 53
805 320
847 913
738 525
884 108
785 378
213 634
472 623
188 207
187 240
775 784
695 145
953 996
377 553
1010 289
269 197
231 1040
291 479
716 309
631 799
34 550
175 386
844 464
502 352
1118 359
662 990
726 610
102 604
728 155
917 796
936 945
839 1006
156 554
878 202
879 1040
798 126
85 177
420 551
257 968
776 298
609 883
754 420
443 546
540 761
960 358
541 362
800 912
900 280
465 355
237 951
400 706
627 755
338 309
608 1002
607 425
834 601
889 955
855 1015
411 413
491 304
505 735
936 1005
239 774
817 702
365 41
618 318
285 928
875 932
360 123
900 760
712 453
1004 416
653 630
286 754
23 91
540 837
284 955
933 924
482 594
558 463
271 441
940 525
798 678
940 793
344 331
262 119
646 794
591 677
1012 148
525 735
372 607
248 1093
109 934
222 355
686 160
291 1011
318 216
283 588
154 372
536 764
779 300
783 365
224 763
945 273
1037 509
701 122
80 240
954 693
982 104
786 1099
860 344
773 107
984 926
607 547
665 853
538 548
1005 870
816 875
834 357
655 835
777 369
135 470
159 604
481 735
595 421
1081 291
1011 510
458 1043
910 268
704 441
548 244
1017 137
387 513
359 461
785 683
150 1045
584 593
561 828
681 556
87 392
100 871
955 542
124 547
396 351
619 879
518 786
605 712
1023 402
215 517
478 515
598 628
680 335
249 269
261 754
350 542
171 314
26 600
432 1069
255 1039
165 23
350 579
1017 198
509 312
143 472
236 828
3 628
792 19
175 637
380 691
714 162
681 230
645 446
756 1086
1088 137
387 956
959 465
264 1103
545 140
91 639
665 146
274 1004
512 393
864 241
298 556
585 900
455 136
155 804
100 889
721 961
460 456
529 0
748 532
943 874
934 620
100 960
929 1001
393 636
700 133
310 629
84 928
491 610
710 312
692 641
230 1110
967 1049
314 408
834 803
170 501
378 691
816 442
801 1090
1007 630
413 981
351 819
673 476
887 732
615 338
1022 493
237 165
594 797
349 559
179 769
873 126
132 943
595 1045
552 700
409 307
559 112
919 225
825 698
425 272
986 424
980 21
103 497
176 574
764 20
796 121
552 1060
277 905
510 715
865 28
884 653
213 28
257 973
959 646
570 129
87 247
657 240
811 885
281 98
423 490
265 450