1116 592
1001 348
892 165
834 640
472 880
607 193
577 560
672 693
333 661
951 558
608 467
499 1015
109 273
184 519
652 702
374 375
660 169
831 488
246 973
319 800
247 820
847 268
60 408
430 971
956 162
804 168
160 737
511 398
912 501
607 167
135 937
704 232
318 483
613 510
253 208
748 23
1003 691
240 586
560 898
390 963
1091 950
444 484
1009 974
479 719
899 9
907 298
566 507
916 143
325 742
106 710
410 1101
400 900
319 469
970 677
988 304
992 450
350 1013
423 385
92 921
218 356
302 308
644 678
347 342
210 786
334 251
830 651
213 202
801 425
888 131
725 1091
1041 851
1044 1011
142 361
286 178
488 525
570 755
1038 184
147 1008
207 86
742 794
904 682
641 718
181 528
686 405
91 205
984 333
100 137
731 285
112 59
903 530
158 944
326 293
801 112
222 1087
194 866
372 847
213 730
179 827
835 808
779 119
986 33
270 1003
390 674
599 518
138 131
188 982
133 529
326 417
750 594
911 694
431 738
688 600
414 115
356 1015
646 664
384 751
221 224
748 538
86 295
561 825
100 632
395 1005
216 341
998 856
1022 291
557 514
888 716
530 496
876 126
236 307
201 724
853 855
731 980
139 643
527 949
297 701
309 274
190 415
347 227
134 514
930 34
383 699
970 1037
307 906
966 897
179 715
431 654
466 430
878 115
787 716
1050 642
40 314
378 442
284 857
807 392
974 1007
1029 346
591 479
66 762
649 770
53 710
625 207
225 100
723 708
23 1036
220 329
715 170
380 728
455 598
549 1061
581 899
371 928
1037 808
100 997
174 398
174 288
1086 789
591 198
843 542
485 849
863 649
303 1058
371 412
763 446
1011 896
120 355
700 1024
79 107
993 845
230 214
975 889
280 394
880 852
931 505
340 312
522 196
973 978
978 383
593 191
991 277
904 911
1023 604
149 546
975 368
790 946
957 899
383 475
865 199
333 621
350 1003
417 155
1015 710
432 973
190 904
992 254
938 934
14 876
505 657
998 545
920 89
701 575
817 369
495 573
0 339
350 809
1097 995
985 645
265 254
574 612
284 473
905 25
835 309
891 687
462 541
634 661
476 716
863 833
778 710
665 237
712 851
938 203
355 817
489 264
586 790
854 894
610 572
1119 157
654 944
524 557
918 99
647 811
405 626
409 564
784 939
1118 620
355 369
574 257
995 568
758 151
788 843
462 772
602 877
779 241
566 249
321 738
378 105
616 135
473 243
434 262
843 813
1005 111
880 578
541 559
1011 356
107 376
798 386
976 221
587 384
627 894
953 509
249 771
984 383
929 607
674 893
201 416
1059 266
859 863
983 801
592 606
874 503
553 907
299 294
77 241
781 828
54 1096
350 33
842 172
409 985
619 972
515 293
709 489
128 330
675 54
8 643
96 920
1015 444
95 344
293 960
938 808
695 744
325 541
365 974
955 303
958 742
541 763
256 550
100 969
139 259
108 419
427 932
468 418
612 475
435 80
759 914
108 875
835 431
1033 134
558 107
679 265
421 1120
514 528
736 162
375 129
746 778
275 795
988 424
53 454
240 440
1038 187
889 427
286 376
824 694
277 3
213 449
465 1008
255 606
913 1089
749 1096
979 1007
135 603
1024 556
15 59
105 746
83 866
981 375
227 314
812 1001
878 70
880 450
691 665
436 717
989 831
722 163
110 171
873 158
200 714
614 49
1005 897
347 375
181 993
175 268
793 488
882 903
429 252
547 40
26 761
357 647
614 160
972 332
783 391
472 395
887 595
552 403
624 276
52 951
134 247
713 493
303 756
831 510
782 738
491 415
851 361
451 759
521 436
473 132
236 613
101 959
795 942
755 998
301 333
341 369
495 1004
650 1122
545 376
469 1050
871 296
175 142
1083 179
256 50
856 684
127 612
158 447
731 684
827 741
478 216
681 722
911 939
1022 973
213 786
175 1042
39 681
625 536
665 861
92 926
771 1012
978 718
245 420
667 132
171 687
97 493
994 606
366 1099
931 109
28 420
216 251
897 244
286 667
660 334
80 117
656 593
907 51
495 989
838 486
124 1116
1012 906
372 282
866 212
1118 1122
860 419
130 526
56 880
572 533
1109 79
457 391
731 1050
13 501
535 840
526 755
887 215
953 136
562 715
412 490
358 283
739 446
66 817
462 384
480 622
662 250
1013 585
854 728
601 154
173 339
440 218
225 433
403 246
235 484
908 364
577 432
757 815
419 87
988 799
370 185
305 583
725 297
472 469
149 561
561 667
475 304
639 240
63 801
398 1103
648 740
525 669
971 231
765 887
977 916
946 632
572 256
730 1018
735 613
301 507
684 476
673 967
126 631
1109 52
505 81
372 293
42 848
186 381
514 484
214 603
713 1021
492 994
750 228
0 973
802 592
46 470
437 384
687 189
104 1037
279 111
213 641
943 592
328 421
956 76
622 35
823 624
370 252
565 581
942 366
1038 223
448 1002
383 556
1015 346
720 431
320 990
710 1094
924 39
448 866
853 303
999 154
919 317
325 869
802 135
208 235
302 1019
103 151
271 731
1035 310
569 1021
460 448
402 335
498 754
278 926
484 533
59 586
940 792
646 223
364 1070
464 328
264 920
77 380
598 136
598 715
299 505
965 594
148 859
1078 713
410 347
12 1095
1056 174
309 440
553 429
321 816
968 307
148 485
294 87
307 763
33 549
733 866
316 145
658 746
913 229
600 435
335 106
316 479
127 936
919 289
37 577
914 89
232 733
491 504
370 240
760 504
307 672
32 1095
113 453
264 259
342 587
224 470
962 245
391 908
775 1086
164 564
490 701
351 130
718 326
351 342
465 362
172 544
501 865
990 205
1064 715
623 902
234 363
287 507
878 1048
470 708
960 1034
934 811
1119 417
274 979
685 445
825 377
1066 1101
79 153
650 1062
193 168
913 684
607 943
812 310
359 200
360 647
592 968
897 914
585 276
577 324
945 1007
813 55
221 811
395 130
769 744
733 855
493 970
999 641
672 70
344 309
1 229
573 315
612 436
662 746
167 409
749 684
1094 140
428 1039
316 991
438 239
306 733
245 752
792 1041
1042 617
203 853
619 998
714 285
277 284
1084 572
1012 1114
309 608
748 846
216 580
399 57
508 322
342 797
626 156
601 325
667 642
1069 589
822 716
365 923
1024 308
737 738
143 891
310 793
475 491
848 622
110 288
883 273
1019 681
406 535
906 332
663 339
302 223
999 532
298 244
1041 986
609 661
448 1031
709 1062
351 704
725 854
770 605
434 308
204 140
591 156
502 1023
216 1081
560 226
41 565
455 815
416 683
353 964
831 486
775 367
814 345
536 407
316 623
1065 485
203 343
296 600
498 885
516 194
726 34
204 656
325 145
1110 236
766 525
98 397
940 559
1009 374
753 712
236 565
682 49
706 987
385 447
906 446
763 43
327 71
426 152
283 964
196 379
54 150
1022 324
371 591
27 250
129 483
449 834
562 1112
77 1061
864 328
924 654
780 830
353 501
713 757
550 674
124 486
412 150
922 561
374 929
924 509
723 429
160 907
451 526
498 148
363 766
620 421
964 370
221 807
574 363
237 596
264 353
666 606
743 1061
836 0
384 972
814 635
914 946
730 347
696 603
645 222
778 857
87 954
801 516
440 148
909 871
412 108
634 4
321 0
115 492
446 716
274 878
701 53
67 656
598 950
624 818
254 896
1048 190
490 349
700 320
68 955
54 911
547 614
1107 433
691 445
259 947
1011 385
630 143
754 905
830 846
24 343
787 1023
748 178
639 575
920 919
795 670
248 265
749 220
835 232
1019 912
665 520
126 167
962 492
963 565
969 939
271 179
1033 309
282 889
592 780
606 226
639 154
967 301
692 275
398 134
490 925
425 491
481 586
722 980
502 537
705 426
223 987
670 971
949 57
995 699
441 213
1117 472
538 516
329 174
77 405
645 38
637 363
391 582
970 1002
214 1021
282 272
648 12
317 351
1039 860
579 842
568 376
552 422
620 752
872 469
295 180
299 765
538 994
644 89
196 487
931 80
194 390
206 363
240 897
1002 298
411 558
294 770
167 973
26 315
627 813
506 501
107 610
361 428
149 1090
10 498
960 29
433 229
622 303
1100 1011
833 561
1049 728
196 552
622 646
162 622
199 1102
302 228
37 1100
283 613
765 811
347 256
883 602
188 496
575 773
486 774
581 861
835 582
670 284
307 305
922 207
463 362
52 811
437 949
410 707
321 314
1012 859
862 834
744 1021
902 993
240 57
466 324
409 689
366 486
32 405
873 54
442 564
664 923
619 314
1024 464
738 968
1092 746
343 388
280 178
1010 674
1015 541
1007 254
151 368
861 467
1019 325
229 395
256 538
847 800
420 504
774 484
551 111
506 942
652 364
455 1044
731 885
1047 782
887 71
162 294
747 172
442 710
176 106
696 912
110 487
105 393
603 365
264 144
262 289
159 826
449 276
383 161
593 421
228 589
63 1006
52 955
551 294
457 589
646 926
267 482
885 614
135 599
613 259
492 167
326 806
761 1014
842 1017
597 997
916 539
1049 997
749 855
555 749
1028 431
955 305
950 766
742 457
227 892
698 388
18 393
442 938
725 861
219 425
465 414
950 336
702 893
741 159
243 938
914 475
708 495
240 990
406 177
847 596
723 405