625 819
691 890
225 294
432 748
460 1045
531 380
860 1057
824 818
416 1018
435 1008
675 985
1025 1027
628 589
717 122
1100 723
965 934
155 216
541 1016
621 100
503 136
877 961
901 584
468 826
876 512
193 123
370 259
354 980
1081 660
281 335
948 428
773 773
1082 709
402 412
362 358
739 117
911 447
621 277
948 666
291 467
886 810
1043 443
207 734
144 469
258 389
1002 932
29 349
790 440
1022 933
1107 661
282 504
586 192
474 602
60 503
456 622
992 844
1005 1002
998 870
244 712
852 495
662 652
191 399
607 884
192 338
244 140
7 764
661 668
170 904
1058 758
739 1105
393 461
370 99
75 724
889 323
175 497
917 148
355 665
603 146
657 506
595 1086
596 902
306 199
763 667
606 933
497 351
277 522
255 649
564 938
551 710
541 408
370 54
249 376
63 652
907 379
765 438
611 228
866 568
749 353
437 758
234 170
745 408
858 146
147 234
987 209
1053 867
819 719
732 680
430 567
248 616
517 534
1114 315
291 520
966 460
193 479
337 457
501 1107
437 111
175 826
171 494
822 351
277 982
164 461
301 591
919 879
565 378
427 1109
271 967
411 241
172 359
835 585
208 456
140 308
697 742
208 713
656 673
332 515
803 597
254 991
589 202
604 937
154 330
977 917
534 236
722 593
376 819
1023 906
403 15
581 709
489 202
668 200
139 812
806 735
195 89
512 202
476 713
360 683
530 58
671 818
518 743
977 195
466 857
877 856
608 318
806 104
316 1055
667 253
738 1010
710 455
221 138
122 949
1026 341
291 894
603 825
752 43
951 193
927 536
710 128
275 668
513 1118
826 1035
204 1112
340 499
95 106
351 822
481 400
813 842
143 880
913 768
200 973
249 976
865 87
795 917
984 334
121 398
484 977
441 390
912 316
58 622
424 744
410 860
376 769
489 305
299 610
768 664
426 1105
740 215
893 977
971 931
61 110
296 803
219 735
278 405
349 611
481 507
487 743
1068 939
320 584
109 80
318 1017
176 537
231 652
354 584
337 705
974 940
571 134
218 566
525 392
750 972
25 204
815 982
803 957
624 514
35 605
394 913
328 316
1010 939
320 502
503 958
694 783
917 271
720 576
128 95
1121 490
24 488
933 544
547 1056
740 996
781 722
467 485
1 476
554 172
261 1013
721 1045
177 534
708 804
63 830
38 578
42 1110
513 695
1101 636
653 973
633 9
433 950
32 249
970 907
925 696
274 1083
889 503
142 580
902 315
628 264
626 413
407 309
300 257
724 639
128 1023
342 143
186 931
788 159
311 1002
414 487
486 812
401 454
209 769
700 587
852 1083
508 770
174 791
1005 354
285 617
1050 138
960 213
1006 44
365 690
116 1028
339 898
365 798
99 3
1104 1088
791 188
913 160
974 389
550 794
771 140
18 911
904 168
627 389
654 101
63 866
283 962
1081 565
936 800
542 953
795 898
437 135
83 251
499 212
204 635
968 558
347 492
917 579
641 371
591 807
250 316
1027 637
53 209
780 891
282 220
581 627
27 147
874 490
975 826
1012 654
311 998
332 561
477 284
542 906
148 211
518 137
643 1049
596 769
848 959
531 596
596 238
217 112
102 542
734 559
813 739
402 375
292 827
697 490
496 133
557 554
952 497
961 910
967 999
588 58
851 1020
599 781
367 122
464 650
773 777
160 638
922 178
1016 311
397 898
310 738
608 654
1118 1002
885 661
566 177
816 1041
149 171
965 705
736 462
610 711
721 395
385 574
378 130
796 59
137 374
348 405
189 800
112 415
761 307
68 20
206 794
448 1020
926 673
560 285
951 953
658 502
88 791
127 1093
563 986
506 1123
475 755
555 573
277 461
394 835
594 363
938 859
738 496
287 786
907 416
891 1105
34 518
773 183
633 951
46 804
267 822
897 277
309 528
232 454
726 16
834 122
653 255
576 222
384 842
218 981
932 756
739 59
363 521
457 4
733 149
880 677
698 828
115 217
991 443
1052 381
104 103
576 276
1046 209
911 166
426 468
856 1117
817 122
143 870
856 281
956 562
478 632
174 15
672 276
122 820
789 133
590 356
851 804
937 1111
981 877
798 348
894 151
158 353
478 627
1002 150
467 894
265 880
149 759
271 586
877 905
513 881
279 534
738 704
15 1008
103 332
923 218
118 471
110 961
596 816
455 646
665 383
386 437
1045 324
511 572
832 512
826 797
685 23
141 534
649 601
101 733
397 376
378 992
799 767
673 373
631 306
388 739
197 232
303 780
337 723
1062 1004
898 1078
877 279
166 334
988 260
1069 1123
539 948
921 899
956 710
654 1006
23 646
794 968
145 925
385 590
161 775
258 757
852 819
1058 1013
327 842
338 745
954 2
938 1000
762 187
304 1044
123 374
642 713
1079 542
918 875
918 1009
33 517
768 954
116 532
619 838
615 1062
688 563
160 1007
300 853
808 770
203 539
755 184
377 22
588 920
419 867
34 628
392 870
298 635
500 865
515 151
481 172
985 879
977 478
690 168
27 905
89 334
340 1021
487 247
432 302
391 134
962 381
586 846
513 112
294 913
869 515
280 743
464 993
417 922
568 527
561 499
69 482
552 694
607 306
885 660
566 328
1064 681
108 1097
117 990
427 1005
659 222
955 534
717 362
290 266
483 239
279 22
294 940
839 482
879 801
434 996
390 725
238 202
252 314
457 212
167 1051
1012 284
556 873
702 372
23 139
106 704
491 597
589 249
408 583
662 490
599 129
711 110
65 494
132 543
810 544
786 97
219 535
642 652
592 197
502 266
1119 732
932 602
830 692
857 828
46 372
757 105
403 162
597 602
932 120
480 170
887 755
941 502
679 171
156 185
305 815
139 256
414 1037
476 339
871 342
1101 1032
916 328
559 173
933 720
803 622
576 966
338 728
221 362
627 566
360 542
909 873
600 457
422 473
1003 421
22 478
234 512
216 514
655 768
750 66
925 271
651 756
127 668
430 525
1009 1025
396 104
799 458
887 699
843 634
909 422
686 1107
102 168
883 698
602 186
807 1016
641 84
789 803
756 712
979 134
316 948
576 922
313 303
603 805
197 480
745 466
585 176
922 1081
328 454
361 335
843 371
328 698
208 694
53 938
182 1011
89 130
344 212
1087 915
480 568
29 402
703 168
442 713
195 949
593 734
584 529
758 453
555 954
339 824
647 782
754 597
777 988
122 580
322 1011
375 433
1123 127
739 766
173 186
1093 1065
865 994
194 401
942 49
61 676
962 655
755 867
394 508
301 946
85 407
412 939
482 604
368 284
40 729
482 360
471 633
1021 1096
237 730
323 71
451 956
392 180
192 733
593 165
449 67
368 771
786 991
73 512
381 727
515 475
393 359
628 796
389 377
886 44
750 83
909 602
713 143
97 318
565 907
984 102
1016 112
576 104
136 351
114 144
713 968
500 280
685 600
173 898
731 323
64 330
907 930
585 398
1009 29
590 873
713 137
746 12
647 1034
909 528
656 1053
951 896
1055 925
830 156
916 294
538 515
137 785
604 511
110 835
850 872
672 750
725 1118
1069 1077
815 257
550 566
941 243
64 545
775 313
824 952
887 652
933 250
190 518
120 683
1006 1034
350 906
87 921
797 831
389 579
967 984
468 289
474 822
768 417
657 767
771 69
875 837
1020 752
138 252
806 687
1090 166
993 764
483 499
570 833
431 1075
479 258
920 576
833 139
597 1102
436 218
444 221
410 806
387 268
640 1011
658 65
597 1075
128 140
796 975
869 978
628 310
672 373
461 1123
817 117
473 378
225 838
838 823
647 144
887 805
414 210
746 171
685 554
473 301
939 238
668 329
588 381
438 478
567 810
954 301
961 888
103 515
952 467
150 791
828 1086
321 1039
515 1057
377 593
931 421
434 329
345 650
648 962
1120 829
793 420
159 1022
74 136
295 147
242 397
328 382
595 99
498 581
565 364
902 514
941 219
61 494
626 299
260 513
885 65
873 912
416 192
630 277
357 155
221 725
387 235
435 555
146 170
976 1070
955 188
54 572
661 547
833 557
790 137
543 129
586 193
976 638
984 86
943 841
88 48
778 923
672 612
335 796
691 549
48 192
1062 946
9 662
177 704
304 394
670 636
653 326
772 1032
379 856
414 941
174 868
742 783
765 469
726 107
355 478
488 985
601 578
31 1002
326 408
288 923
938 858
882 306
408 22
459 950
115 867
601 230
543 889
985 31
760 874
485 105
139 413
1001 482
579 915
993 536
566 1099
778 411
672 574
900 716
647 239
50 507
193 810
740 689
674 708
184 394
154 385
188 218
1043 556
216 263
598 700
213 217
563 216
51 424
1080 209
483 415
162 804
588 417
843 423
117 1109
964 525
617 116
171 321
449 156
83 817
830 181
1098 685
1102 992
74 998
275 1115
1012 328
545 1008
817 292
406 420
891 1073
627 851
7 264
986 1033
1011 726
763 568
1027 85
168 185
615 430
799 781
511 380
195 906
827 319
487 959
380 150
951 784
247 784
665 762
256 611
462 142
826 607
627 30
423 215
436 662
629 927
517 73
763 739
973 544
436 1002
211 403
715 803
24 1027
681 220
662 358
423 832
529 12
593 524
561 772
883 410
973 111
444 646
637 251
956 195
295 129
49 375
854 190
614 628
930 388
344 658
587 972
1045 332