517 493
836 312
167 787
774 952
336 348
1007 891
691 1097
680 720
655 936
463 504
389 784
951 796
834 617
894 502
146 212
1122 1017
407 143
536 668
741 735
917 273
666 753
799 810
951 820
687 540
480 317
791 551
225 769
347 736
934 260
411 173
355 446
823 1071
839 783
863 147
171 270
68 483
977 907
411 1119
279 750
768 375
436 962
582 1110
567 658
267 724
440 74
873 627
585 317
735 759
163 867
984 75
407 204
815 439
284 695
333 176
986 135
655 1108
851 320
373 163
1013 781
215 357
465 716
352 858
299 242
12 727
989 838
493 203
538 407
202 776
336 568
1116 289
399 960
761 96
233 481
562 88
642 504
531 670
539 120
169 287
563 904
271 983
240 718
69 644
989 1016
1018 706
341 385
752 639
427 543
360 959
924 843
1022 961
96 477
519 1092
970 793
586 214
690 870
401 447
882 514
624 853
1003 101
1029 656
742 859
368 264
783 341
194 797
243 549
890 999
798 162
592 891
454 563
476 827
743 756
93 921
750 318
661 724
173 311
1076 434
555 475
390 196
363 130
246 910
630 345
524 393
804 284
824 192
931 147
728 610
333 154
822 140
653 501
150 572
166 759
976 509
761 521
569 10
664 303
939 412
430 975
1118 568
725 454
772 100
734 188
500 657
845 704
454 320
705 49
346 814
401 699
543 762
66 952
145 210
318 700
575 815
933 236
726 763
764 457
413 1046
599 634
522 529
1018 975
780 605
408 748
354 244
324 572
463 860
163 742
662 805
122 115
997 255
702 252
54 918
416 941
877 375
151 347
384 705
1021 559
868 587
149 252
20 698
604 515
62 167
153 155
593 442
948 322
581 435
36 966
156 335
202 954
666 903
107 101
96 571
1084 1091
641 112
198 1017
161 905
986 966
826 551
674 719
200 554
351 688
703 710
572 1008
506 309
768 120
375 24
905 308
977 437
480 1051
617 695
958 410
361 208
845 153
1030 607
207 563
260 124
702 652
59 619
1013 677
999 1104
813 1092
960 477
467 423
459 992
828 318
211 1000
86 1115
469 323
360 275
1013 924
778 174
174 969
31 714
617 335
369 521
819 353
503 135
864 609
1015 421
998 846
909 239
292 72
836 912
315 509
164 56
69 507
634 385
748 328
477 199
365 903
151 1097
166 434
359 915
253 956
725 278
842 829
848 117
770 609
136 850
684 692
536 367
413 260
541 387
935 199
864 374
399 492
821 647
264 434
901 1039
874 952
772 994
1087 267
994 705
430 700
160 137
241 309
673 678
305 586
900 443
584 329
478 819
791 885
1036 880
289 574
122 549
1007 768
945 859
301 661
630 879
868 190
810 205
1065 201
577 948
93 208
1050 477
758 612
310 383
306 476
748 171
465 842
1001 92
680 673
870 813
140 514
917 657
621 979
847 760
395 400
51 344
781 612
79 516
536 211
626 272
382 184
916 224
656 756
162 102
1121 862
866 1060
932 380
816 171
271 1119
417 879
129 40
737 136
102 776
492 826
216 481
666 590
740 143
691 948
902 873
998 652
735 1052
513 270
317 809
743 1061
735 205
687 491
666 144
399 723
26 688
473 184
605 439
796 818
213 381
368 850
772 463
349 149
520 536
115 242
944 989
255 811
578 355
875 613
982 466
484 928
262 234
573 142
143 125
531 352
247 1061
304 738
176 847
564 907
713 228
370 490
355 778
535 219
110 169
959 310
925 667
767 599
662 761
440 764
982 246
781 1055
360 693
987 331
892 273
1009 947
507 109
996 406
352 738
1056 873
297 522
756 241
414 671
480 636
111 952
569 735
826 888
269 721
575 544
62 373
206 218
155 493
488 1046
744 989
205 772
623 213
1050 618
675 211
644 175
534 928
1087 924
865 708
323 1022
839 976
1079 416
668 585
360 1016
349 1045
314 926
682 784
948 311
427 614
1089 852
964 676
348 17
979 1035
1008 619
565 366
889 654
668 786
542 989
220 686
536 882
728 915
575 21
909 988
123 56
603 589
1017 911
731 1096
1103 1000
192 123
668 162
788 400
932 251
955 1011
1083 895
875 396
592 459
989 827
225 233
650 782
812 1051
521 295
396 930
259 346
957 865
987 990
953 278
559 498
556 909
575 307
178 813
590 460
943 75
299 1075
586 509
337 114
766 667
348 167
833 533
452 705
654 453
565 919
302 948
273 274
122 412
247 90
567 352
782 596
45 320
659 1060
84 400
964 785
441 206
81 300
140 787
947 358
747 468
553 283
795 550
832 507
532 806
234 266
678 337
20 527
649 654
981 407
1078 842
311 397
340 878
645 1022
1073 639
303 560
186 799
958 453
551 171
227 754
899 765
1019 652
107 549
1091 994
909 351
478 594
712 722
978 275
1113 144
747 364
745 678
567 1014
293 511
765 769
744 794
165 1025
1072 30
926 909
974 311
969 920
936 828
279 681
578 378
906 628
303 891
726 253
266 590
202 467
274 490
1006 946
981 595
235 263
897 605
916 898
280 413
973 1014
370 37
385 921
636 761
64 409
351 162
751 436
417 382
15 300
171 718
358 208
1058 839
756 780
288 949
230 723
143 513
180 773
596 619
811 106
898 212
126 352
351 557
114 378
1034 702
569 236
470 704
772 1075
440 455
529 713
1012 252
155 188
632 265
167 1038
204 723
636 825
432 1009
527 204
200 579
92 697
250 216
1062 376
341 232
967 457
1041 337
621 774
804 812
956 95
808 350
269 567
1003 644
87 570
954 700
273 171
1010 258
1087 630
883 659
235 137
327 672
429 499
578 70
238 832
858 1050
438 258
729 424
977 427
281 1066
1002 115
677 325
818 493
533 520
1072 381
259 1045
1041 24
116 120
366 298
591 78
443 643
893 962
1120 469
117 143
540 911
247 100
730 824
1019 821
852 241
1114 861
215 309
388 649
241 638
420 932
784 455
897 784
542 877
245 93
538 95
111 186
464 717
115 934
816 112
613 747
809 1083
247 819
409 649
832 278
848 863
927 704
141 565
286 566
478 774
906 498
793 1040
830 548
1050 1070
415 332
501 100
712 1002
412 278
326 1116
535 825
842 869
789 709
301 845
1066 89
243 781
793 287
772 213
171 858
696 49
546 118
889 711
44 177
986 510
385 758
621 257
23 978
902 892
781 939
278 255
911 773
545 144
64 439
811 332
986 142
672 874
748 720
1059 635
226 992
245 538
275 951
134 842
256 700
811 419
607 228
170 242
345 954
403 647
1054 174
967 470
1029 199
1090 824
453 867
780 401
128 417
463 283
755 437
776 244
508 605
383 643
464 634
129 264
762 583
364 967
675 1005
1025 635
809 569
218 404
530 344
411 276
105 574
194 773
527 439
811 360
1010 188
117 579
90 519
707 137
540 233
98 435
366 347
383 561
1012 997
768 853
187 854
1042 643
488 640
249 805
1093 692
694 993
1098 166
597 813
388 961
1001 1078
456 974
876 497
517 807
970 595
326 922
656 146
840 868
88 978
773 108
284 771
955 946
883 1013
215 129
347 199
215 544
857 299
919 792
930 554
145 612
619 332
720 1012
1014 644
128 525
661 671
455 311
1083 257
37 14
809 990
578 55
776 604
808 507
685 8
911 281
928 6
444 727
488 896
876 346
890 418
911 55
945 662
53 254
298 612
902 141
928 678
336 423
630 175
22 700
1035 982
714 1049
1038 467
757 779
203 102
449 1057
356 71
794 331
212 988
570 264
305 943
101 807
1072 553
290 962
154 1100
161 556
749 676
539 1010
192 838
327 1021
154 214
1061 234
508 279
170 207
486 767
1087 734
408 682
626 492
161 145
296 878
952 1019
1030 1072
697 934
192 922
114 1018
612 694
735 218
762 997
395 781
8 204
271 263
487 711
935 395
518 27
860 4
897 786
649 545
365 866
417 266
430 345
1008 241
723 815
449 770
110 1114
819 766
1015 876
864 82
731 674
166 473
689 335
407 695
157 121
175 297
987 119
588 589
640 366
382 762
796 279
104 242
993 181
614 981
710 339
391 1110
7 246
477 697
373 614
923 346
413 995
0 345
298 237
1058 962
647 96
396 584
968 784
539 722
714 141
358 456
438 558
997 912
466 309
149 109
364 209
513 565
1009 480
950 313
225 278
203 267
1108 902
515 607
351 214
740 559
144 1097
769 882
1108 993
755 1036
737 935
532 1081
708 774
415 851
674 504
831 659
215 525
151 196
216 1114
385 138
1086 629
458 769
686 773
406 934
552 1109
727 910
731 299
951 316
736 14
63 761
601 267
754 47
1047 185
430 288
444 744
308 935
364 715
981 417
442 33
208 224
569 627
99 870
719 925
895 797
238 963
935 156
530 76
647 19
1112 514
816 272
268 664
98 830
264 734
781 597
737 743
277 471
395 290
85 154
124 102
487 390
297 738
337 610
490 471
481 198
290 720
773 986
303 14
597 546
953 580
379 924
812 581
852 676
556 842
727 618
849 600
54 1053
632 341
196 628
1107 990
22 787
508 1036
85 128
824 768
816 1111
508 702
37 381
540 962
785 621
1057 371
448 999
563 666
1058 651
759 588
599 494
536 488
801 833
896 365
80 593
182 130
930 719
1114 218
532 241
332 813
472 490
243 422
632 537
717 725
430 1
208 190
980 624
1065 503
258 504
756 155
287 149
1116 208
177 538
859 788
849 586
1004 634
137 1075