501 59
512 140
390 557
1102 1074
1062 1003
599 896
809 811
606 393
381 1018
1069 199
361 900
224 834
752 273
418 684
878 844
519 521
222 944
692 266
417 384
1075 975
320 409
370 307
714 713
426 538
910 319
388 644
502 441
828 664
838 500
689 347
668 159
607 354
822 1024
982 721
1091 689
980 699
259 145
550 1021
477 130
856 771
925 768
461 856
186 512
716 970
313 518
572 463
924 856
206 854
899 815
400 315
465 115
241 157
1096 822
315 486
448 507
469 750
695 167
282 182
385 583
908 839
998 743
941 225
611 472
490 32
844 840
634 445
1044 505
562 39
575 397
649 117
378 412
859 128
4 1021
913 653
898 614
136 368
982 640
266 141
978 309
1040 854
636 658
994 598
211 906
699 591
35 728
808 626
19 113
563 612
519 231
164 997
709 793
264 961
602 734
285 422
408 469
553 609
438 215
657 78
121 175
504 614
918 991
225 487
148 1019
274 833
168 878
634 780
707 345
84 1038
413 1021
685 297
272 342
647 522
261 443
295 690
879 485
657 19
799 217
138 196
517 386
582 831
518 1067
274 4
303 431
176 326
133 396
769 911
225 132
871 183
496 618
924 651
217 979
907 767
717 205
172 338
535 408
933 869
787 644
510 771
1048 492
653 330
719 369
1027 224
808 341
790 896
1054 265
433 155
94 260
540 745
149 469
624 442
981 123
105 572
392 1012
109 815
721 1112
977 278
333 406
474 339
845 292
855 271
251 386
436 554
588 1084
1001 820
344 401
524 1058
580 883
1044 395
828 577
831 945
755 882
797 503
939 994
1102 257
195 230
601 10
430 925
639 681
615 390
199 292
198 1000
730 351
451 626
704 29
204 802
556 944
629 838
414 715
844 574
295 1009
562 520
258 105
729 672
320 756
886 702
752 69
190 194
512 620
131 598
99 918
825 690
156 598
917 23
310 209
113 458
781 310
696 981
893 231
747 277
473 766
578 599
678 730
1008 7
328 243
15 103
204 865
19 198
231 700
1060 701
347 152
927 707
297 563
442 312
614 25
458 515
449 487
151 665
323 880
759 416
1001 923
1111 500
783 772
651 473
158 50
573 303
296 789
353 188
641 784
431 904
981 856
254 83
503 730
821 1036
125 331
187 189
442 172
762 1057
296 904
649 336
1087 441
487 509
328 714
455 638
926 1012
471 959
450 282
783 748
909 767
587 782
87 622
791 876
837 366
232 25
279 405
717 517
1091 646
633 140
1057 517
699 862
937 265
128 383
737 155
642 599
986 91
127 912
861 161
52 504
385 670
707 1019
964 146
934 110
19 448
528 1094
934 737
869 958
904 629
737 356
342 255
165 986
718 955
954 582
1079 281
966 398
566 593
632 508
339 233
433 710
325 656
671 146
463 231
192 389
484 550
468 981
1037 929
953 382
393 453
607 707
713 777
462 310
812 64
938 823
560 895
116 241
515 977
223 217
692 592
855 2
486 757
282 314
294 920
13 205
971 676
539 706
447 535
986 564
555 343
327 225
836 735
887 860
619 997
218 92
433 742
665 175
597 734
641 508
110 907
323 525
868 631
855 686
149 387
865 788
427 722
1081 439
605 465
497 234
1007 775
835 815
178 548
595 597
312 692
871 942
555 660
325 836
444 946
438 237
735 614
1021 734
821 728
297 7
400 731
1069 631
798 204
168 53
767 855
969 201
921 884
818 820
898 520
606 159
140 659
225 659
109 865
303 301
303 914
467 566
986 517
341 921
703 788
991 724
993 259
153 275
127 754
124 122
552 275
339 706
690 487
614 988
295 1050
262 223
546 979
756 686
313 791
184 312
372 380
673 631
670 827
950 103
146 805
700 701
248 1113
1034 344
863 689
516 1062
1018 1082
797 357
823 962
917 982
395 284
534 429
636 312
947 643
639 1069
180 263
506 85
345 529
729 1044
945 5
36 643
937 1038
136 178
355 310
676 904
701 22
791 729
151 159
39 228
189 1094
717 636
122 770
127 319
974 984
417 270
649 885
255 539
188 840
166 335
634 546
450 161
639 471
752 279
173 710
357 513
924 767
718 316
527 921
1001 18
715 895
327 683
226 462
82 710
837 773
145 413
155 1041
298 310
196 895
764 190
245 697
254 67
80 1115
616 1014
402 986
1024 367
815 452
254 372
507 567
460 775
142 665
179 840
630 747
675 879
253 982
486 629
325 1107
818 724
874 960
781 100
884 8
140 809
81 313
364 211
483 218
380 685
215 874
998 985
748 665
1012 372
330 1063
810 741
88 394
250 218
1002 51
475 589
638 560
341 835
408 398
764 399
449 126
228 704
1009 791
609 851
1043 770
743 120
538 1020
272 565
1056 614
372 381
863 586
381 457
921 405
419 393
671 74
206 16
440 237
483 191
578 574
508 890
152 1039
323 386
142 147
268 687
442 143
657 999
636 1087
314 606
641 394
287 822
476 540
458 621
182 684
169 670
175 869
1006 625
772 423
768 986
533 382
994 795
381 862
938 946
954 478
92 352
861 215
751 863
988 633
992 847
288 261
1102 507
193 832
273 511
479 393
854 393
720 193
586 605
418 954
973 447
802 655
554 211
2 1107
637 589
423 316
21 269
800 735
994 642
128 866
176 242
944 591
781 385
302 679
616 226
46 652
452 778
938 442
104 899
343 414
303 217
864 217
627 912
731 802
1069 88
502 902
871 726
767 194
509 522
80 562
997 526
264 186
429 699
349 163
134 812
771 103
175 254
507 672
1015 145
569 661
503 11
809 1036
938 88
597 142
318 769
933 846
383 333
783 1055
194 1018
338 288
108 855
421 322
804 914
31 471
53 694
933 707
520 96
959 892
829 768
756 639
664 261
334 98
947 804
629 353
514 494
912 710
443 1015
132 875
405 399
227 1071
946 168
72 883
296 865
231 710
601 680
821 794
980 583
443 115
202 411
801 135
1077 910
31 586
541 105
830 1002
396 202
935 813
760 271
326 619
1056 786
736 351
352 279
463 1066
168 207
181 1104
310 635
224 780
74 454
777 337
759 1077
708 499
560 314
922 117
389 803
616 597
950 732
314 174
59 68
233 307
477 742
943 896
189 781
263 468
659 927
84 835
633 430
608 969
809 807
796 417
752 972
310 983
811 805
1114 540
107 256
1022 258
76 659
710 133
1066 855
799 827
55 1000
1018 902
744 464
986 383
223 334
606 794
340 737
407 156
312 861
678 708
170 755
702 537
443 202
449 168
100 480
65 264
542 212
558 388
14 637
855 478
954 953
730 563
923 1114
505 841
571 98
744 1094
578 452
776 1095
1012 252
745 950
337 597
178 16
712 1
718 164
269 932
302 315
962 376
823 144
1112 225
765 393
766 550
485 1055
165 285
434 278
190 391
743 311
552 601
1113 335
278 161
1089 788
651 24
526 158
255 724
722 349
391 318
652 256
72 134
522 289
997 987
229 313
688 1012
311 174
193 918
387 762
974 484
921 593
890 989
728 122
985 907
274 996
528 966
209 506
521 118
573 574
1000 2
917 334
292 510
832 453
776 692
856 508
441 786
616 739
445 997
902 20
825 329
914 146
167 883
757 61
912 341
133 958
944 854
169 793
81 272
877 1057
485 91
553 826
711 793
861 578
156 192
214 631
837 56
711 239
708 381
91 1106
135 910
746 768
484 226
446 165
351 229
813 627
1052 1010
391 926
593 256
757 128
291 687
850 488
487 126
320 990
1023 893
748 895
221 645
886 928
968 437
962 252
390 934
651 856
613 483
547 15
357 427
310 503
1009 911
895 625
581 580
767 601
208 840
468 174
506 74
560 593
916 254
316 129
398 774
1080 643
280 787
998 295
261 96
790 103
432 556
242 344
649 434
311 200
11 522
570 69
926 483
831 582
288 349
430 672
959 652
787 980
834 366
13 522
167 270
162 863
975 393
786 937
25 751
657 916
629 614
131 176
921 274
138 977
932 300
397 874
481 769
673 308
1085 728
107 436
949 701
240 412
755 859
594 422
223 549
450 1104
84 1048
662 339
604 801
954 90
1092 563
961 711
316 620
365 1034
190 540
282 121
198 334
377 934
134 1007
634 349
162 1077
549 173
497 1000
672 54
133 797
377 329
744 999
101 87
424 704
31 455
790 128
399 246
514 10
496 16
357 238
764 530
809 791
609 560
473 60
456 355
853 525
397 7
285 978
296 755
62 752
348 1030
747 911
393 654
520 179
690 636
808 568
503 719
62 799
147 650
390 45
401 163
797 180
193 507
997 309
145 867
708 473
143 344
511 397
89 188
194 99
598 151
840 101
231 563
936 612
585 219
146 114
843 250
323 90
441 142
809 30
297 1053
772 409
841 706
845 164
488 568
367 188
725 224
183 1012
1011 830
303 104
132 684
884 389
215 307
296 624
28 732
150 533
402 42
564 1079
147 684
284 634
321 1001
887 18
610 355
351 566
816 985
155 341
94 586
1023 907
1054 279
821 977
471 302
2 188
1023 868
974 358
885 895
438 188
397 695
842 399
269 99
94 547
901 178
436 214
777 940
505 304
459 555
273 463
849 768
123 601
856 657
1000 878
939 931
1006 332
1022 892
521 588
597 1011
674 106
367 860
643 133
828 555
425 920
965 312
547 371
559 444
347 685
506 809
940 365
180 382
104 279