299 156
568 981
840 499
766 627
486 491
317 19
881 205
139 172
873 357
655 180
1084 567
969 603
264 986
990 570
1007 324
915 814
735 271
728 733
88 611
869 58
561 646
367 262
443 1009
524 1006
8 1110
319 469
740 503
433 506
483 935
714 551
710 662
1106 1092
413 311
132 98
1004 653
195 244
705 984
710 98
755 695
759 245
481 366
863 652
608 336
792 120
67 654
126 251
458 1104
755 324
426 508
778 225
982 473
926 1063
979 545
618 589
640 703
300 599
417 249
597 665
541 938
824 741
784 937
628 1096
750 637
206 980
750 1095
171 890
595 629
828 909
496 841
195 1035
791 825
662 63
112 702
923 648
860 471
232 376
165 961
866 694
314 159
303 637
948 366
607 886
459 477
523 752
415 703
602 626
863 926
895 595
1040 867
48 414
365 544
1011 482
811 267
34 919
949 610
178 199
804 268
326 950
900 156
490 612
873 446
565 253
821 88
746 957
461 1043
292 684
1073 205
887 1090
1115 889
715 362
446 874
415 378
644 342
1065 982
469 641
100 371
832 340
189 695
838 463
135 291
496 147
614 305
274 826
871 1010
908 104
341 342
346 838
74 925
651 710
462 662
503 145
767 878
695 707
987 869
155 790
635 446
511 557
408 1079
568 1009
723 112
427 862
248 643
682 506
215 377
708 50
999 493
884 563
938 83
481 486
693 92
60 144
944 598
899 967
825 132
844 740
419 358
321 732
12 708
531 465
894 472
547 261
130 180
418 853
201 937
325 690
885 369
1098 684
583 674
1027 1100
17 358
185 4
983 634
214 688
953 534
254 461
451 349
486 437
969 763
444 462
420 805
364 950
929 1050
640 803
296 332
263 673
721 997
30 187
235 958
753 358
967 289
1086 823
219 884
992 810
930 1013
52 604
387 98
1043 728
515 700
141 607
840 1003
91 1007
399 131
1004 517
115 871
538 518
670 910
124 607
780 131
42 588
823 64
167 1016
466 610
887 379
354 194
594 404
797 726
736 1120
436 874
519 652
211 552
373 116
887 931
510 964
672 372
572 565
367 1038
492 558
878 1012
960 796
518 134
638 817
253 182
643 409
824 452
119 630
707 935
441 156
664 255
653 626
433 1069
465 266
114 976
10 102
1005 274
471 709
407 516
1010 189
298 417
202 1092
580 148
325 523
840 420
831 271
970 426
412 685
781 343
573 723
1064 575
778 963
200 387
44 700
828 885
132 794
1006 1012
891 840
1006 364
633 361
584 386
45 141
166 490
328 707
650 315
794 204
977 643
229 637
244 799
481 781
1119 421
923 579
307 337
869 397
416 935
284 206
900 133
605 631
914 458
856 858
98 159
1118 905
725 787
992 299
979 453
99 250
359 189
593 673
599 741
840 508
536 187
561 417
153 560
262 829
24 848
747 729
364 107
70 786
332 302
981 88
175 798
447 88
253 353
472 155
653 852
913 892
1064 421
1031 331
718 225
630 1005
431 239
882 936
1108 329
932 850
998 1010
121 728
786 210
730 277
7 582
653 154
893 857
361 564
311 242
321 306
694 1089
308 113
238 239
781 51
514 702
403 528
1027 273
89 65
670 136
413 403
590 261
553 772
611 235
145 336
252 996
265 652
951 1016
867 176
815 942
555 728
122 214
411 897
1115 475
330 590
1018 529
934 589
922 333
1041 432
471 226
1112 883
929 847
358 861
252 942
188 147
681 819
493 520
372 244
1105 320
87 874
519 916
406 869
997 594
948 575
572 460
437 852
772 680
637 177
158 251
300 779
496 887
132 241
962 1064
84 134
834 677
845 117
641 905
345 948
582 316
290 788
554 222
617 380
222 886
896 276
542 865
857 511
990 184
1016 817
437 292
194 143
405 151
79 616
727 117
833 159
942 782
846 286
228 343
1083 34
808 710
882 831
590 739
598 769
797 341
349 218
109 189
510 921
701 1023
603 1100
95 918
481 995
38 278
670 948
881 426
943 172
945 1024
795 897
815 552
875 921
731 670
475 808
785 1084
580 748
201 277
915 131
800 922
801 459
181 206
956 800
729 807
374 690
319 138
835 985
720 900
992 545
415 841
314 945
139 209
989 144
314 718
869 328
116 547
797 988
582 255
654 1018
1062 277
306 620
923 142
938 980
409 500
254 664
497 775
434 687
386 792
271 333
288 5
99 451
992 1001
110 1001
957 5
830 829
1117 290
813 469
938 147
521 153
749 852
159 463
603 888
267 695
1084 354
367 235
762 643
524 232
158 510
142 225
698 851
115 355
137 836
941 785
342 673
830 847
628 771
964 1010
988 861
766 773
132 885
398 496
231 109
728 633
771 160
1062 108
452 434
789 633
432 469
764 716
550 673
18 287
347 616
873 14
1003 966
897 482
972 952
31 424
526 459
295 261
558 995
43 971
259 734
588 322
218 439
352 1065
930 634
726 817
296 727
419 48
936 952
478 342
283 278
873 24
130 200
961 980
799 284
659 474
1056 746
896 847
784 562
199 726
433 52
608 685
228 576
340 137
411 152
731 967
890 338
438 201
722 811
366 583
851 661
755 358
130 773
281 233
320 968
336 422
705 600
994 186
692 238
554 192
595 210
850 800
497 757
929 98
511 538
246 505
256 294
820 371
614 1105
735 458
191 852
454 819
883 1069
826 479
575 583
159 790
108 888
425 412
903 711
118 909
582 414
425 556
47 396
181 973
543 995
90 647
494 631
627 180
754 124
482 488
498 436
841 675
1107 113
490 355
836 22
525 752
414 113
31 853
232 858
1053 241
128 708
530 872
764 647
926 291
709 970
1025 1019
565 327
1015 263
555 933
844 159
679 99
669 820
911 424
640 156
452 583
542 102
508 582
144 365
842 126
399 677
117 1060
303 450
137 616
540 371
295 252
679 375
342 245
556 256
928 331
325 252
968 156
955 864
945 230
954 929
846 780
42 598
393 334
1084 734
892 1013
770 243
1072 1119
147 530
1008 126
1122 254
556 69
972 36
156 533
1084 355
100 940
505 557
405 1104
227 252
906 337
496 961
917 758
1008 21
161 437
344 153
124 284
425 819
1092 589
223 455
188 829
745 955
822 403
246 314
807 1057
51 701
0 215
875 969
732 487
558 1051
905 798
958 703
599 1018
550 556
999 73
836 437
171 419
778 69
652 713
471 237
269 742
688 1059
1008 261
933 104
890 754
760 905
106 475
269 11
180 896
557 331
970 803
453 393
119 876
75 648
933 310
262 236
79 891
979 232
519 995
222 1019
340 158
954 958
733 123
781 528
103 372
7 316
968 691
688 107
755 1023
524 576
776 707
682 748
846 449
305 559
876 189
990 178
116 157
844 43
1112 518
1030 119
641 291
910 198
677 927
159 386
824 553
793 954
1000 208
971 579
639 256
112 468
226 535
405 180
95 2
122 69
773 532
192 913
522 533
771 560
90 1057
441 453
445 553
950 888
719 1011
1008 363
137 826
109 366
184 505
923 682
513 54
493 406
21 902
132 220
523 650
803 356
112 335
118 544
909 134
1107 207
684 1006
579 702
835 829
733 932
1071 942
857 855
451 672
755 863
717 461
792 129
706 274
833 648
668 531
310 553
831 151
533 841
543 591
171 424
269 164
359 800
151 700
325 710
585 169
885 430
377 564
629 187
682 309
108 1060
477 1078
705 264
218 470
486 1118
240 521
944 595
534 983
618 648
1071 523
393 543
826 365
820 692
847 521
964 544
34 467
590 451
690 1053
991 484
121 202
548 894
314 1018
474 704
959 319
208 133
966 132
755 649
643 650
970 527
554 335
636 490
860 31
998 297
954 1057
768 826
1056 69
613 522
904 297
913 514
765 976
840 959
131 270
813 651
329 648
685 1050
242 74
692 430
993 472
400 673
29 299
636 567
456 656
547 408
553 80
445 97
223 632
630 591
267 338
414 497
405 282
1004 981
514 24
710 424
417 74
767 721
158 1058
123 1021
378 296
720 41
1098 1079
39 854
620 704
710 859
837 1111
237 452
240 647
878 783
1001 161
105 353
455 377
133 481
293 701
1021 916
829 149
598 868
345 885
789 440
173 630
20 874
544 36
460 518
733 877
449 758
168 182
405 736
677 246
457 507
895 888
107 1118
104 1102
212 954
224 785
624 713
355 911
376 551
731 515
266 289
1002 597
60 428
1114 1038
529 845
888 733
652 773
724 422
355 418
280 104
694 483
969 710
353 690
579 696
1002 90
1029 444
879 124
126 1008
151 178
1012 432
295 188
679 992
712 1002
565 355
591 208
590 825
672 423
333 346
942 411
501 827
734 472
710 342
27 547
254 465
534 855
415 55
926 116
977 902
658 910
51 916
829 827
921 133
454 197
407 972
289 940
110 152
1020 1052
833 857
518 799
819 950
685 338
399 768
958 232
487 210
718 122
462 466
431 12
1068 472
388 904
526 808
864 269
655 31
805 1005
449 686
344 306
228 508
932 660
683 254
160 1088
905 266
693 889
149 518
900 618
431 43
454 396
805 906
149 485
685 490
831 705
395 572
1065 998
222 811
579 709
335 423
874 163
572 642
1053 238
186 504
899 383
1055 698
432 602
506 883
551 931
1073 609
379 580
750 906
522 898
100 54
102 396
267 1
629 47
734 950
1011 966
550 734
958 113
509 666
246 5
371 203
126 323
846 1114
898 154