52 241
782 1087
842 568
784 1000
1001 518
655 319
666 538
845 651
38 400
439 96
693 845
729 339
1016 193
720 81
840 947
827 213
975 704
486 32
20 517
612 804
511 983
107 288
427 1102
260 707
832 993
843 372
574 921
649 417
693 97
25 304
464 604
1105 998
217 991
801 793
221 469
183 193
142 384
467 886
107 626
266 152
285 421
39 28
1060 711
934 360
690 77
131 1032
12 303
101 425
687 448
23 1075
802 715
1010 139
860 232
593 602
788 276
802 689
747 640
233 204
623 445
214 876
536 404
583 801
123 608
666 515
260 977
751 592
502 311
694 133
392 510
908 199
1097 118
287 951
745 798
771 1091
39 773
766 441
730 878
555 611
377 495
1118 607
959 501
868 183
471 478
45 892
633 150
172 659
274 268
763 417
485 420
779 971
1111 293
971 28
988 226
777 779
526 102
664 803
287 583
219 171
163 39
1085 116
108 172
666 563
630 830
1001 298
265 27
339 491
1028 881
439 1052
931 788
840 685
141 45
140 249
675 655
429 326
114 891
1044 313
436 840
1020 779
382 327
141 886
758 206
673 946
1078 998
344 212
185 176
447 496
543 938
901 135
555 995
362 1085
329 934
120 462
378 733
315 904
817 535
339 864
407 735
959 637
757 268
125 12
524 190
808 551
940 332
545 759
732 766
658 735
964 742
692 769
421 688
959 258
152 545
535 431
984 379
372 828
168 364
154 122
241 769
490 974
239 690
679 847
508 422
414 583
565 452
1028 468
605 460
273 887
698 1089
909 10
475 200
288 761
123 491
586 143
291 903
205 453
242 141
864 855
581 594
1004 297
812 848
383 379
309 630
951 30
966 1004
473 1002
75 240
315 881
725 351
219 1010
196 343
425 807
701 766
894 953
830 92
302 244
666 752
287 446
790 447
795 709
88 253
323 1015
176 279
69 311
25 911
164 589
833 725
582 936
344 303
82 283
112 988
314 177
551 9
763 947
763 625
931 916
189 488
471 808
527 1000
774 78
534 193
593 1085
374 3
108 249
969 392
388 709
753 265
570 703
480 1066
111 410
269 169
505 690
824 1021
146 823
375 299
558 386
653 864
862 1052
396 38
147 1071
357 975
469 193
844 971
748 348
1069 528
359 771
789 24
323 73
290 854
262 329
679 358
981 340
491 978
351 948
381 1030
1091 517
702 596
555 470
169 699
546 943
145 579
300 617
260 904
907 826
818 808
952 314
590 483
356 497
23 608
185 634
1118 398
724 230
263 1076
215 587
1019 704
331 172
583 1115
772 697
122 118
600 216
309 481
241 670
913 618
721 252
443 423
918 638
478 652
1023 695
157 161
942 522
338 753
263 322
420 912
1108 468
102 307
562 358
494 791
1115 1056
475 225
1093 4
442 164
159 873
132 643
954 779
135 988
247 248
511 568
662 121
1013 106
844 82
872 560
673 268
273 817
20 88
720 306
337 1041
670 170
229 227
275 1088
415 33
228 813
781 513
491 606
608 307
929 828
469 441
881 341
45 1009
831 331
1075 363
505 805
667 869
367 865
78 1003
869 783
388 992
1061 416
1022 521
435 968
269 363
219 712
1097 157
1057 136
478 575
358 198
176 994
222 512
141 839
22 668
220 538
681 504
675 902
361 703
589 666
970 719
429 757
897 630
578 1026
638 236
732 1052
676 234
674 103
264 77
997 746
444 739
777 977
319 1055
626 165
1057 715
418 638
1048 619
752 244
936 116
823 436
740 701
399 150
516 120
259 593
701 468
709 363
969 124
31 182
344 560
571 890
471 781
1000 569
538 452
926 2
345 575
667 560
478 1032
799 805
779 384
490 280
553 412
500 502
543 274
357 114
1006 636
725 397
188 1013
889 725
354 372
1079 1108
155 95
596 214
892 1064
53 162
1003 988
847 243
114 428
642 304
143 460
34 685
354 2
600 317
46 799
224 793
474 608
604 389
375 678
425 847
274 40
1079 590
518 769
1098 652
1053 239
455 457
729 752
416 783
739 358
652 176
107 320
762 335
267 370
499 203
710 861
994 170
906 959
206 1107
395 222
343 1017
438 586
946 866
460 670
806 904
775 939
648 762
750 117
1037 126
544 418
318 467
27 769
746 1121
541 439
1091 727
790 762
1027 19
613 167
357 932
554 862
508 230
813 1053
39 781
204 491
610 812
648 343
475 921
261 672
543 227
245 933
860 515
244 695
148 976
592 749
472 181
959 96
874 693
395 554
286 348
791 10
237 517
996 151
828 754
695 380
280 983
614 714
739 643
871 465
851 476
958 996
841 803
591 505
996 930
880 482
486 1038
193 313
1011 430
264 335
559 268
729 935
146 743
856 822
415 754
805 476
136 765
1016 726
393 1013
680 293
378 309
868 813
535 333
211 992
958 719
380 324
478 347
502 4
855 818
518 1115
599 74
723 953
124 137
329 743
72 623
395 963
20 625
1006 500
521 831
971 260
491 530
202 941
632 316
741 508
176 1014
664 381
213 1120
490 964
885 635
118 323
358 346
711 90
179 930
17 53
245 866
932 823
239 29
617 757
549 527
863 923
997 326
505 752
224 299
840 1010
445 411
869 688
676 444
224 604
509 593
230 915
721 479
765 660
652 409
525 0
285 797
553 671
63 336
665 802
128 755
195 414
923 221
898 374
1104 294
891 1021
567 993
612 572
358 241
221 335
892 814
788 810
224 980
733 374
864 445
919 1019
189 944
452 445
434 1006
596 125
156 756
70 675
430 406
691 823
637 163
77 872
738 643
166 393
1078 649
386 903
382 143
1114 867
1055 443
383 957
824 755
229 686
742 150
647 952
508 763
6 606
109 976
84 550
18 737
774 598
399 438
1006 1082
399 609
265 835
1070 346
667 742
392 132
408 463
856 115
70 164
107 598
325 625
845 620
837 535
339 337
540 903
835 126
192 562
685 255
111 387
626 268
117 550
142 364
408 362
521 945
235 867
578 872
205 854
663 318
948 704
899 922
871 647
890 700
760 706
206 744
635 9
372 216
628 211
110 208
842 327
392 889
603 926
200 1018
198 248
882 975
466 650
737 770
359 107
308 101
915 45
1032 930
206 191
570 1042
51 852
476 360
667 812
671 886
100 1105
327 313
99 549
981 635
765 160
85 916
43 524
770 103
584 382
578 297
600 396
717 768
226 260
180 1100
179 804
533 326
648 582
434 560
653 661
346 951
829 578
163 214
820 482
274 457
1008 816
536 682
440 88
54 701
442 198
990 215
309 948
42 351
113 793
333 421
160 335
296 200
153 186
132 882
735 1063
326 604
272 921
894 455
949 780
635 638
605 404
1070 173
171 966
830 795
458 1074
868 418
425 182
903 579
956 277
538 1038
597 625
340 1106
1122 257
92 917
876 1064
294 651
186 963
352 250
158 577
953 748
214 762
147 492
810 568
735 355
970 731
270 180
985 1048
510 411
493 834
878 599
592 515
701 548
807 898
605 882
662 525
859 474
928 215
546 911
408 997
425 958
867 79
1056 489
852 516
914 383
441 791
972 410
756 380
970 336
515 389
1047 159
472 531
324 103
49 415
421 280
661 252
299 398
14 443
973 119
836 285
1090 1022
976 378
366 985
577 772
468 997
517 871
555 634
145 667
573 986
273 577
896 1038
168 280
1070 349
819 549
603 808
552 539
693 872
677 753
360 220
701 237
355 952
763 503
898 88
1001 619
780 1029
706 562
479 918
602 256
762 648
571 601
532 1055
16 167
595 473
839 336
418 1017
753 1020
862 192
933 311
458 852
865 140
226 324
211 729
875 1010
562 618
552 130
663 446
318 648
592 649
196 631
586 666
637 183
15 867
751 837
954 686
685 548
647 647
848 1035
202 415
306 614
697 95
734 381
848 700
527 906
639 599
624 88
950 565
159 146
672 490
157 831
986 639
742 834
226 836
764 793
174 1003
797 185
1117 888
870 960
271 953
982 206
662 508
1023 732
422 784
442 848
802 399
368 299
244 772
780 723
380 810
1048 441
426 805
813 666
505 125
182 1003
719 799
571 89
721 732
729 929
542 297
948 911
593 36
881 862
1117 165
637 370
342 961
243 111
95 938
477 275
437 1060
232 57
505 853
137 181
176 499
678 486
709 262
1007 795
83 113
102 338
630 970
804 999
961 978
76 589
926 516
116 234
140 374
211 722
439 708
154 459
1042 375
462 180
665 608
566 624
597 467
888 603
366 220
805 343
252 579
261 175
425 121
60 553
46 524
814 747
238 979
165 257
781 592
177 890
686 1103
460 280
965 190
719 247
166 66
308 588
856 510
389 646
551 380
636 661
122 687
611 821
263 234
174 704
296 358
696 281
169 860
291 267
557 1017
724 125
147 612
813 622
246 490
12 439
518 630
808 592
545 139
313 503
981 917
1117 622
702 930
825 549
985 664
1118 530
449 923
365 247
964 939
892 917
959 240
570 873
106 206
335 804
515 579
216 1083
513 209
31 983
402 1020
838 455
434 870
361 3
774 419
996 501
571 126
617 105
735 277
127 296
248 492
455 476
975 726
392 445
592 84
1098 449
397 298
421 807
572 435
928 614
646 1020
511 959
299 325
633 322
763 999
171 502
961 825
471 517
357 557
433 870
1037 509
151 210
890 582
288 365
384 857
667 749
479 82
936 272
631 617
90 200