594 892
52 472
219 1119
867 994
239 202
964 1043
794 717
699 481
1078 1121
969 1015
578 345
485 866
650 232
454 849
893 721
408 954
918 830
1023 543
415 525
859 328
442 108
333 842
758 488
634 323
158 160
655 37
373 585
132 868
610 132
803 1091
600 172
335 245
965 1047
1017 163
772 516
947 336
704 1048
176 1026
112 863
327 257
310 974
1015 462
96 715
79 912
277 826
1086 634
306 608
320 989
199 17
250 1110
89 235
431 316
944 726
180 504
570 784
559 510
537 463
443 194
481 450
266 889
432 230
573 207
365 859
535 794
391 182
106 533
517 151
323 912
868 490
786 1087
816 560
520 707
280 784
665 668
809 1062
137 731
566 656
426 318
252 691
825 339
716 587
897 49
1005 142
951 427
197 992
64 405
731 893
11 539
882 357
347 401
480 975
904 320
1032 243
588 154
841 930
916 192
541 729
615 945
440 280
595 766
1071 961
983 524
963 322
125 106
79 215
816 929
660 170
211 288
940 726
1002 992
334 330
430 348
259 650
245 985
661 222
608 981
815 366
559 364
657 132
772 666
690 462
935 285
24 795
946 580
52 207
590 229
443 755
461 124
261 772
145 495
870 733
152 821
200 749
640 509
320 530
974 659
630 579
234 542
631 243
877 1
245 672
159 930
809 972
415 313
940 589
884 898
978 733
60 251
531 256
195 1000
312 848
829 318
848 798
736 602
392 565
649 890
289 471
133 750
538 265
450 1097
578 753
575 727
326 380
1013 208
775 112
270 852
527 678
743 640
63 325
201 850
480 1071
244 348
319 359
1000 255
919 966
196 216
682 184
608 278
1065 620
657 603
434 425
427 648
885 637
275 709
450 595
525 468
781 542
152 571
472 558
816 1015
168 593
748 763
717 229
681 873
671 1076
261 335
155 119
256 548
114 127
8 369
632 878
708 298
833 138
303 212
883 619
549 1023
596 158
669 347
854 294
472 404
916 797
110 311
548 607
647 1070
197 238
528 1070
567 141
926 627
120 390
467 175
207 304
143 319
842 988
201 528
366 799
15 544
940 581
663 472
328 130
599 473
1002 277
370 453
134 265
868 588
695 857
635 582
551 116
727 548
927 852
755 369
214 281
829 595
403 787
1091 719
1053 610
712 119
958 861
118 1020
237 636
220 233
375 1089
826 903
538 769
611 1030
692 518
167 680
221 734
762 123
16 751
348 333
336 996
145 562
243 557
356 347
487 75
719 953
961 107
790 539
666 115
188 739
952 449
97 603
968 243
1046 415
299 973
973 1121
708 242
636 229
350 1006
644 748
248 240
510 630
814 832
282 938
314 253
427 1010
268 289
441 451
800 353
856 896
205 371
110 150
45 924
608 922
423 388
306 213
519 563
607 311
964 322
322 469
739 872
214 769
486 141
460 424
109 721
994 272
859 746
375 728
908 335
517 920
660 480
175 959
545 634
860 1115
669 649
546 601
922 329
871 56
429 109
836 882
310 1002
172 1071
124 272
204 176
111 472
819 850
836 737
481 435
508 462
779 466
140 936
830 386
106 482
452 959
342 298
618 697
772 597
476 549
93 855
597 120
589 451
610 239
807 464
781 822
881 777
286 983
545 918
802 748
772 832
535 472
738 810
903 548
416 952
395 771
259 881
658 559
704 193
283 665
712 506
640 308
786 289
92 1022
461 155
878 921
1009 728
359 603
480 421
445 92
973 349
841 36
249 114
191 677
841 114
452 630
857 900
980 529
862 1101
1092 553
715 758
202 1112
953 775
315 449
965 153
125 728
472 11
150 253
867 149
549 657
1015 920
246 687
311 215
895 1110
395 375
848 501
290 814
935 348
739 211
541 23
882 215
368 833
776 683
1043 1037
170 710
10 891
703 439
634 364
671 1114
79 335
288 391
231 148
219 666
491 449
429 504
916 389
151 422
689 609
679 613
174 668
726 745
131 381
130 627
662 212
526 117
494 861
856 355
161 163
523 719
659 9
383 324
552 563
781 949
1111 779
664 862
977 184
1009 403
629 607
726 659
20 134
919 913
614 494
676 501
166 418
639 3
308 900
502 160
737 584
406 138
604 620
581 834
570 358
734 43
394 462
994 932
1082 286
589 1045
61 872
931 980
622 328
159 345
948 227
1051 499
743 104
316 855
499 313
823 472
979 624
460 782
576 876
1088 1010
130 165
1059 105
422 51
1067 217
353 686
558 255
305 707
1097 805
675 330
772 397
196 363
436 165
707 790
289 347
477 258
545 1067
1059 482
1057 249
381 437
963 362
688 292
213 524
286 295
693 151
315 1090
383 317
1071 217
488 1013
281 1100
191 409
535 989
639 854
228 606
334 134
78 985
499 370
697 939
497 58
350 476
113 224
472 550
289 430
796 108
1015 910
63 238
213 976
753 512
1089 590
143 1056
690 1112
541 902
581 86
957 331
899 462
543 734
463 263
1123 1083
900 257
315 237
364 1017
108 973
459 338
419 586
606 474
235 155
397 800
658 677
272 656
133 1061
1050 323
448 1011
1039 1056
514 679
1067 486
1076 593
973 636
832 496
98 541
209 1122
752 583
624 536
600 891
537 538
27 983
703 898
183 980
909 242
618 743
638 856
1054 343
451 499
325 513
299 922
1001 645
335 411
504 225
726 381
116 284
214 593
844 275
125 528
471 150
842 699
267 253
416 295
100 425
640 155
503 750
1021 278
165 900
89 160
510 429
1013 564
743 995
798 689
993 126
485 132
484 414
715 575
857 17
783 395
517 382
712 989
45 910
886 908
737 101
47 533
395 493
229 847
771 278
823 994
941 509
105 761
333 310
716 822
455 222
434 203
177 1072
389 885
369 486
958 993
478 943
889 1016
807 960
415 757
349 1030
254 173
663 554
560 446
946 887
1013 496
371 555
179 166
514 182
768 43
806 1089
174 290
619 394
519 284
191 783
617 847
669 56
512 215
191 492
1009 723
1001 539
247 750
835 885
185 457
352 764
898 101
829 101
940 1113
240 457
1101 565
560 426
92 474
360 1005
275 970
276 555
238 110
505 953
980 390
246 272
172 599
774 588
850 171
726 762
753 582
1104 883
1000 693
327 327
321 884
607 437
613 559
850 606
1006 439
445 778
981 728
788 361
948 135
675 659
695 855
923 744
798 50
51 187
598 580
199 239
302 549
881 661
733 171
769 176
417 1001
441 419
487 142
548 100
89 625
530 346
599 527
789 791
249 554
328 778
576 138
650 1028
764 595
63 246
458 232
937 567
791 166
916 444
744 78
185 507
931 1055
533 513
357 332
842 624
332 309
463 967
1079 303
447 650
868 1000
952 830
726 144
351 987
120 648
908 120
898 961
806 515
186 161
889 979
856 471
71 696
222 633
1048 91
1101 113
198 717
909 801
125 891
704 390
687 629
564 710
290 514
227 374
30 106
582 859
411 910
198 406
271 892
118 799
353 705
972 363
464 891
46 657
276 297
260 918
912 172
628 460
358 885
977 486
40 914
1039 698
994 784
818 272
905 129
222 79
379 676
1019 956
1085 228
1041 799
740 411
566 392
668 648
1006 674
727 652
407 219
579 1015
349 1046
489 716
552 305
930 399
733 817
810 768
150 780
316 8
893 479
1026 917
230 610
278 433
739 729
902 476
596 937
555 236
473 616
550 414
648 302
928 1102
827 528
1081 295
732 1004
136 393
570 908
223 384
200 1005
743 384
36 932
242 1056
630 626
7 992
169 913
1024 936
190 161
972 614
840 682
873 514
427 913
265 148
912 571
666 838
824 720
12 749
1119 926
826 748
160 741
130 700
343 895
235 625
111 863
360 641
988 401
520 804
586 813
756 49
1095 819
504 710
886 435
920 686
62 252
198 508
518 661
267 871
1001 48
682 859
9 659
197 964
295 714
128 499
513 616
1065 932
1079 231
1092 753
619 480
370 476
975 429
409 1034
416 830
685 514
361 48
267 546
309 1012
291 600
9 893
691 985
536 234
857 889
456 691
549 848
601 543
121 336
316 1004
174 866
646 642
591 459
222 964
195 601
403 1032
465 357
258 210
73 574
1059 146
868 696
722 439
898 356
505 213
223 498
996 333
666 520
213 144
728 852
175 380
813 433
304 762
306 789
762 1008
495 957
135 314
505 252
30 1017
645 629
932 109
651 169
503 435
41 913
567 891
488 588
710 764
753 1052
14 402
816 781
282 513
1036 758
1018 169
761 780
738 897
981 789
272 302
330 1070
412 184
965 824
1041 128
516 156
746 113
554 516
991 740
338 854
432 43
390 624
385 237
787 670
279 664
633 898
163 414
625 871
21 542
1072 389
855 807
852 644
227 500
1088 547
966 286
862 633
549 1114
228 222
465 841
808 484
134 837
656 391
516 297
393 605
457 218
772 712
422 233
388 730
921 640
168 156
10 482
35 1086
306 207
1072 646
580 732
206 196
757 1009
385 909
830 178
537 633
864 710
568 331
932 822
503 1088
372 491
548 968
441 940
995 364
821 724
592 435
220 342
556 809
558 942
179 1019
299 454
284 387
578 1094
1034 486
195 367
216 356
124 559
897 159
718 836
133 811
248 245
689 748
1087 431
438 239
936 313
763 918
770 811
451 354
536 147
587 657
745 298
696 473
697 1057
118 479
477 656
630 1123
330 248
502 995
127 566
597 539
538 571
107 941
519 583