441 129
967 757
909 774
109 643
692 395
338 354
719 851
141 154
730 507
836 345
216 379
16 696
133 976
887 704
848 506
365 384
632 131
526 924
640 287
1079 806
1000 793
116 366
992 369
770 781
439 883
654 1078
101 569
413 733
327 667
132 405
354 891
398 516
502 172
476 532
168 16
141 304
27 979
15 204
821 624
874 1096
1017 969
731 403
221 318
386 886
182 933
543 240
522 204
357 563
249 680
794 902
592 578
731 513
250 358
156 567
1085 262
251 790
799 996
914 945
516 210
51 553
357 461
239 615
161 462
1003 775
330 477
1006 281
697 137
1094 320
737 158
305 453
387 462
398 508
57 173
845 516
757 270
424 159
743 900
347 580
990 457
822 855
974 82
833 1015
690 863
180 448
1018 512
807 304
943 636
1040 258
456 315
379 489
952 170
1017 423
452 285
589 734
808 811
900 525
620 787
755 713
675 367
294 53
374 366
1094 226
188 624
315 1008
988 997
228 192
674 840
1055 315
1049 531
972 557
628 906
287 352
691 66
813 594
367 320
152 552
576 39
599 739
841 276
857 530
500 407
80 466
256 80
620 393
428 969
480 275
579 845
1105 1015
549 460
381 669
928 389
799 252
492 531
208 356
839 208
177 362
879 964
647 672
840 272
805 1083
415 557
913 127
927 912
353 461
587 408
653 210
832 644
905 501
474 484
251 687
257 298
906 900
994 807
593 1016
403 832
403 848
853 378
487 584
909 673
150 405
300 652
139 536
596 477
716 150
315 807
878 651
870 306
474 263
726 168
630 119
947 1015
253 870
271 119
746 107
791 116
570 508
883 179
225 921
933 781
558 678
585 541
499 949
279 679
880 217
805 301
446 336
569 184
238 585
285 1082
610 956
837 101
660 1062
775 594
262 312
413 742
761 403
933 999
289 577
516 721
1012 230
608 15
393 901
37 337
264 629
83 460
24 754
286 361
456 446
145 467
1017 4
164 90
628 361
984 437
592 757
854 34
934 147
517 744
215 101
628 1019
498 333
292 126
978 597
427 622
326 233
1076 541
204 642
479 988
90 373
361 916
199 27
864 1078
878 585
317 494
785 267
221 331
539 830
686 207
345 797
314 700
694 596
959 631
366 473
246 586
665 40
903 328
80 218
351 668
28 879
698 296
981 43
1082 70
937 412
438 288
822 1122
768 917
820 289
949 876
519 819
340 449
520 224
711 367
482 879
954 347
344 974
730 192
421 820
539 83
647 612
646 95
207 620
221 135
728 252
160 194
895 537
866 201
499 33
932 955
565 739
528 189
46 559
195 205
839 892
257 864
1041 119
786 198
654 532
899 218
411 523
389 193
54 398
835 661
258 431
262 183
161 318
296 385
375 311
1098 393
557 41
850 873
379 707
991 740
825 342
975 189
431 761
273 274
1108 637
226 375
901 1069
904 689
238 754
617 604
105 913
171 729
685 854
897 701
173 259
376 162
922 261
883 439
697 858
107 796
233 525
996 108
432 922
338 173
389 945
616 1001
733 5
270 198
753 231
669 196
803 767
953 999
24 218
969 746
550 951
120 583
158 133
246 29
351 199
192 940
924 409
461 122
780 600
614 952
944 34
807 991
498 717
296 667
26 283
889 305
208 43
289 634
289 561
478 903
915 992
767 120
396 755
317 917
504 1012
195 936
82 502
814 482
284 1013
998 864
42 514
600 245
465 490
525 929
1091 1050
357 114
326 1010
716 199
446 123
547 126
843 833
374 382
559 1016
51 208
1002 305
611 498
975 933
672 1098
163 367
168 928
325 255
559 380
141 778
327 712
824 1093
294 256
643 935
104 544
879 336
339 15
329 847
958 605
113 905
244 991
468 527
537 1120
389 980
231 87
77 688
248 613
804 151
259 897
958 782
165 632
970 294
741 654
403 593
350 894
120 468
578 315
427 102
770 202
309 372
917 565
828 125
622 284
760 229
801 619
751 94
993 959
680 673
241 294
766 653
896 407
140 52
421 909
112 297
467 965
443 306
1089 862
736 210
1093 520
126 908
597 37
346 62
761 985
473 235
894 145
880 164
685 438
406 578
646 73
871 224
945 888
145 209
241 753
800 853
164 496
253 938
689 792
439 1078
687 609
133 445
775 714
871 453
790 1103
348 181
856 332
995 437
899 271
694 861
558 426
187 943
230 961
828 839
828 427
682 976
748 781
988 135
207 88
246 258
583 190
551 560
708 777
990 111
815 300
314 85
644 241
719 273
192 327
901 276
853 582
263 1011
621 904
815 41
817 691
516 665
963 11
63 479
927 335
624 693
835 477
13 649
886 186
335 135
603 144
367 859
257 1071
266 327
388 296
316 941
564 494
815 530
106 496
941 732
292 186
143 271
578 934
855 320
171 438
843 1110
1072 204
546 568
1099 946
1075 115
1051 742
229 736
481 608
618 743
196 61
343 606
507 433
944 760
694 369
936 416
977 888
407 155
496 484
486 41
996 89
926 544
828 808
784 68
575 460
537 903
98 882
167 173
1049 649
951 148
420 549
816 981
810 958
367 520
629 85
691 385
683 227
403 599
527 503
999 142
549 923
388 409
409 485
356 130
921 484
464 893
538 171
207 1022
260 741
275 403
166 315
593 486
476 864
1115 925
711 316
336 985
479 820
311 711
336 159
853 344
124 496
920 1035
28 426
1021 76
671 778
223 141
223 350
648 365
734 856
572 189
628 559
629 519
980 868
175 48
110 786
996 645
81 501
805 183
434 713
226 454
202 609
539 884
330 169
289 467
517 397
384 126
917 999
901 146
841 357
514 1003
147 411
504 643
243 1121
181 999
1122 308
278 623
842 1007
527 877
792 234
994 895
164 267
109 775
570 140
720 464
485 717
525 952
174 1020
409 423
529 701
814 180
443 430
514 911
746 267
516 186
308 421
868 302
451 57
601 450
485 38
798 1007
199 485
572 936
425 963
271 519
179 407
774 980
892 577
932 695
364 430
832 671
760 123
256 266
105 383
82 788
497 1006
823 996
239 836
472 307
110 490
162 1005
474 484
1112 115
631 183
742 166
285 558
781 740
652 566
892 452
927 838
206 872
393 123
283 215
474 680
419 969
502 417
26 853
672 511
207 678
235 341
238 676
324 902
689 821
549 715
1058 997
621 1013
616 133
381 1062
578 495
958 457
115 203
620 520
831 1096
1079 105
181 295
194 773
142 481
810 511
886 311
133 844
185 255
144 593
620 241
1035 981
532 597
676 304
514 694
610 348
1049 152
342 215
1105 476
426 880
821 893
116 34
674 688
51 1015
904 335
388 936
690 664
92 737
961 305
262 558
30 605
106 425
944 141
290 485
967 29
994 410
426 163
202 277
383 750
1054 943
345 872
808 800
806 1118
1122 947
425 222
1063 779
1034 430
269 564
268 293
519 1012
971 1123
697 398
623 635
185 129
340 893
545 865
371 1075
558 996
176 590
314 1044
1037 190
1122 710
1078 595
873 591
54 615
33 588
469 999
855 563
291 266
1 100
1045 160
267 671
926 577
105 820
1044 1007
827 632
435 24
236 298
710 651
67 874
308 907
729 559
1017 462
351 626
814 285
402 549
261 668
669 336
1058 955
642 989
522 488
158 587
357 92
338 701
769 563
699 875
784 426
931 811
827 452
697 593
312 957
465 812
606 823
716 915
455 713
308 611
746 226
214 291
433 733
746 270
1073 192
825 213
464 204
294 155
936 925
213 218
625 745
229 653
1015 552
128 172
469 403
958 148
620 389
498 599
521 791
237 66
1 832
248 965
638 136
440 744
570 995
338 469
1065 754
693 697
989 247
814 542
532 576
296 505
373 121
965 721
531 825
799 389
654 858
131 1004
225 406
443 422
646 623
539 456
808 669
332 611
106 647
112 13
252 762
121 272
23 647
105 889
1081 246
668 1109
586 48
608 667
192 324
861 950
273 183
891 509
527 1012
688 756
595 836
816 246
710 487
185 1067
848 1011
339 261
986 671
873 576
286 767
791 442
485 278
408 372
613 835
565 572
212 375
233 680
156 183
449 172
840 304
923 781
798 458
592 799
566 890
479 685
298 474
817 815
695 283
207 738
512 78
23 268
824 283
318 221
721 36
736 859
331 765
41 1056
351 722
181 30
797 438
839 260
475 239
822 228
734 414
521 820
888 763
737 693
516 381
1021 1072
923 1101
371 167
824 373
360 460
69 658
445 235
575 1115
524 174
631 488
941 193
930 348
591 390
235 934
450 574
166 840
997 597
476 149
688 142
965 706
951 858
802 913
985 621
380 266
112 274
584 196
287 581
715 1116
681 313
516 102
482 563
952 419
933 125
322 710
626 353
972 991
328 139
841 283
282 477
660 781
27 627
816 1057
1043 655
545 433
484 264
807 995
1090 695
393 957
610 753
583 468
379 983
436 630
238 18
118 565
81 289
1103 400
859 425
165 178
274 81
876 419
861 347
1095 197
51 1014
216 371
391 568
565 841
594 159
388 707
699 652
297 681
665 66
373 265
35 583
669 453
164 987
116 939
635 616
514 436
500 886
135 470
246 155
703 253
486 91
630 591
46 841
586 61
890 731
207 160
638 521
814 260
730 787
642 581
217 303
131 343
982 831
765 363
220 141
884 184
908 994
593 801
323 782
317 377