112 274
701 873
1121 103
108 1069
587 699
655 454
792 425
309 266
794 66
567 745
1044 347
933 1110
779 925
191 70
235 249
682 515
261 368
1020 770
918 329
464 427
564 685
166 659
296 683
634 1016
56 155
611 696
510 350
422 74
225 312
91 771
122 250
321 530
783 1020
445 80
326 632
1024 109
219 352
665 645
36 972
280 149
329 756
645 336
182 595
772 364
565 198
217 511
687 598
621 5
799 461
554 688
584 647
581 536
432 412
146 485
275 258
1017 566
1081 1110
710 987
930 705
333 460
346 311
1023 492
49 64
92 31
286 267
954 898
597 957
457 144
724 181
760 233
254 691
203 355
1101 938
535 895
1005 538
106 275
691 234
918 274
829 724
368 810
617 446
469 898
1074 916
1065 209
695 949
371 939
237 925
312 646
781 983
790 552
797 146
680 745
1076 314
439 398
314 963
339 462
769 799
19 453
376 838
602 38
162 910
1003 626
487 300
927 614
932 996
493 535
828 836
1097 758
5 750
168 362
381 661
528 179
995 276
868 760
560 366
446 788
392 798
712 278
270 470
939 106
54 605
818 665
369 123
310 728
609 508
723 1110
173 77
555 128
710 952
232 549
560 659
415 487
496 876
978 404
344 630
450 811
12 869
311 212
931 947
988 747
504 373
511 102
519 563
983 542
817 736
95 633
533 909
903 547
665 1035
145 933
362 128
723 992
175 808
194 686
218 447
786 245
867 921
643 962
905 918
350 374
173 775
1073 425
338 596
792 667
872 703
910 849
861 516
134 387
644 203
885 309
412 795
675 621
805 330
553 146
452 503
263 1006
980 609
191 465
398 373
249 790
510 1045
975 399
655 585
507 570
634 375
911 369
120 368
313 100
965 374
456 253
802 352
282 1038
489 859
1095 421
648 1113
922 235
481 649
349 690
560 637
538 798
690 247
1120 548
302 188
1059 921
972 429
504 226
843 58
991 32
935 728
410 179
447 289
798 571
1006 637
833 55
161 726
723 519
471 333
472 149
171 614
277 549
449 471
769 93
932 236
179 811
995 563
873 856
338 775
719 174
174 222
897 882
792 955
810 1006
207 582
279 723
856 801
343 1064
787 476
539 492
890 478
724 950
938 820
602 186
937 284
500 147
946 642
167 442
994 404
300 568
645 937
477 739
310 544
549 595
408 421
430 950
443 376
639 777
547 945
983 431
199 377
981 924
847 611
1081 855
834 829
979 367
960 220
18 912
150 937
235 412
943 281
386 997
263 384
508 302
385 661
903 868
596 613
954 847
822 868
257 737
145 151
184 876
585 72
726 348
793 328
717 907
718 1056
239 1034
229 323
512 236
724 69
977 227
591 862
236 893
1008 876
870 341
512 234
376 933
739 598
553 398
746 65
947 802
287 602
174 536
701 73
217 523
155 634
535 665
824 237
437 278
891 1123
720 135
750 568
829 674
989 494
1052 505
529 521
157 551
979 672
453 258
674 210
605 785
757 766
408 828
364 904
54 450
914 376
454 115
652 846
593 525
632 151
413 759
979 636
136 932
559 561
973 752
317 366
210 842
265 838
36 857
852 392
279 808
93 191
18 850
825 970
762 188
1090 344
846 570
638 932
186 935
697 246
143 522
265 802
150 187
746 939
875 568
884 347
1097 1002
434 1013
379 497
294 862
386 344
610 764
341 201
982 1020
105 97
1017 415
465 1004
101 1111
744 237
807 326
845 316
883 616
946 710
118 32
457 594
973 141
560 650
891 456
644 936
896 344
1059 377
126 1058
349 310
898 884
259 135
705 255
906 511
349 754
628 6
360 501
485 781
469 421
332 759
860 455
129 29
939 820
1022 816
740 903
841 547
491 644
305 626
840 941
370 452
923 268
378 71
173 144
117 475
667 494
538 187
264 319
702 503
189 613
500 158
338 466
927 220
912 266
805 151
699 615
1077 766
945 664
743 396
796 371
482 265
390 279
969 1066
392 566
674 574
1050 870
307 908
701 207
918 904
528 1101
227 604
664 487
564 214
984 766
369 379
805 645
1044 190
561 167
191 111
613 185
549 625
363 523
914 295
390 624
518 81
604 795
247 554
790 1014
941 627
1049 422
527 133
336 501
180 292
972 64
324 960
580 747
366 865
988 92
585 122
220 667
391 349
275 985
1085 168
655 377
370 882
937 505
473 866
551 893
40 1020
912 811
802 918
146 440
919 533
980 907
560 148
340 786
785 213
1062 240
253 640
1044 632
281 416
533 579
711 475
261 749
666 217
37 1045
698 665
631 518
943 110
437 949
382 763
1103 565
860 225
830 682
844 88
566 605
148 383
179 963
876 261
499 709
560 734
386 134
756 881
404 830
638 731
303 121
14 595
515 10
448 980
302 455
696 729
103 753
1025 452
700 767
435 803
504 347
212 184
135 289
128 197
856 709
229 612
680 595
277 841
445 732
517 543
179 249
630 683
224 808
546 138
1013 465
437 962
713 913
1004 767
905 512
263 318
680 200
602 909
452 278
952 869
517 600
659 887
842 993
1123 117
809 478
454 32
517 970
523 726
1090 846
418 363
497 907
707 901
269 106
774 925
556 436
843 937
1023 391
162 503
465 967
701 225
185 218
276 134
440 419
813 739
233 865
285 68
89 555
1102 575
528 982
129 737
203 118
278 475
610 811
123 318
505 314
1090 149
348 113
646 498
454 254
691 508
735 581
1093 963
496 1107
642 902
308 564
52 63
523 186
182 284
481 1105
484 521
717 1112
580 58
615 542
123 255
1031 392
218 1000
1098 705
834 356
278 71
73 948
519 619
1053 418
141 262
937 1004
404 1
119 618
572 853
469 727
277 938
419 124
781 448
492 639
295 939
476 320
508 147
978 957
1038 867
974 489
253 846
172 498
637 726
1034 853
241 843
872 246
361 378
270 669
87 557
307 928
511 524
987 899
514 916
512 1066
209 5
173 132
355 985
1044 728
299 408
615 784
915 368
324 253
844 918
740 253
589 417
145 827
835 348
263 721
599 433
797 421
828 601
732 473
967 261
515 941
1082 251
340 837
681 992
807 855
330 985
269 721
96 927
312 778
446 102
232 993
860 895
880 901
496 165
970 596
559 1008
231 169
1047 434
667 667
957 202
764 136
344 569
842 181
814 912
490 603
351 253
678 588
198 173
833 322
728 242
222 338
678 513
763 891
843 91
1027 858
886 341
795 793
17 702
257 426
289 736
501 689
849 1092
362 958
356 706
728 836
736 330
1114 452
912 715
391 1090
1117 698
852 714
379 683
316 340
454 481
843 184
648 745
148 551
124 1058
378 97
247 352
737 418
840 370
37 401
25 310
466 602
470 81
598 424
1077 748
183 191
519 136
89 398
502 614
283 497
1115 639
735 1014
308 291
632 1044
353 691
103 930
171 21
294 321
573 965
384 286
77 200
580 677
214 542
1033 991
105 747
718 990
1005 75
642 981
957 626
437 533
875 789
520 984
933 303
202 158
309 21
652 817
136 996
572 458
193 648
477 968
369 943
245 406
707 600
201 759
409 930
145 968
307 1058
560 162
696 120
530 291
754 295
850 875
7 680
85 183
826 560
995 509
271 763
728 192
818 875
638 355
977 226
830 714
993 511
199 777
585 855
546 861
821 1007
744 863
1007 32
488 567
124 749
1093 410
979 967
959 773
545 309
616 210
876 230
865 880
985 215
237 843
413 820
178 527
972 311
327 840
320 202
430 685
989 344
98 1106
558 336
278 525
119 775
238 150
505 841
103 1123
1001 974
715 891
384 173
27 768
367 3
695 443
767 602
329 135
378 600
801 630
457 168
953 896
606 713
378 812
339 731
298 1099
211 1040
687 796
440 906
275 1118
1019 284
1121 671
224 48
143 520
69 772
684 1055
353 525
349 262
807 609
659 232
297 411
196 97
98 611
1090 890
784 327
159 310
969 687
987 60
695 915
454 441
1064 582
498 118
585 984
804 480
858 953
1 993
1117 276
43 394
1115 206
237 340
842 717
680 1097
709 605
366 667
533 721
332 261
30 487
259 675
552 655
1111 746
897 184
396 921
610 178
889 416
491 764
342 571
179 677
216 934
913 551
851 514
761 656
1120 977
60 411
679 461
733 843
1087 664
33 736
764 1082
480 472
361 667
696 914
487 822
948 512
777 784
98 605
128 186
95 311
1001 164
986 462
510 459
666 672
390 178
453 333
313 490
559 154
711 308
1097 794
1094 358
750 295
113 914
1056 429
703 620
942 209
813 843
814 357
576 956
774 131
330 718
809 907
747 210
940 819
726 655
1063 667
997 829
976 822
822 497
294 313
983 852
528 225
887 1064
133 57
366 208
288 729
546 749
137 862
123 282
16 710
200 90
763 350
851 507
706 748
830 1040
413 457
416 763
108 785
431 424
1013 1045
662 898
1017 270
133 221
132 339
975 745
705 666
768 183
232 810
856 363
231 476
907 558
184 595
433 446
640 262
101 272
1015 75
721 295
1004 636
809 978
268 557
240 617
249 989
1066 706
220 423
188 692
425 235
536 220
186 617
980 452
851 881
845 40
830 457
592 607
46 665
1073 1001
948 889
999 549
617 24
355 835
316 637
1095 829
304 751
45 262
42 969
1104 310
494 626
963 922
551 754
753 218
830 941
905 170
356 1011
954 791
491 364
705 527