411 756
649 120
1009 657
593 800
233 384
1023 533
538 8
344 778
154 199
164 743
643 178
642 378
870 892
1121 945
270 225
907 49
127 628
395 744
485 835
748 922
767 489
795 244
586 836
242 160
1019 807
86 513
477 452
111 126
559 479
262 467
1110 908
291 587
652 235
439 1065
892 463
932 448
604 385
123 996
44 295
794 106
886 655
239 592
720 997
124 696
476 486
260 701
940 388
677 654
534 655
94 458
443 414
368 113
496 560
520 64
389 825
940 896
981 263
959 370
222 123
993 432
1034 888
802 916
843 8
613 131
987 472
73 254
795 348
360 427
420 133
43 526
301 266
788 1100
991 793
694 26
944 240
834 895
935 637
314 898
690 485
647 208
1104 942
62 99
933 391
387 705
609 891
650 225
852 986
246 918
704 142
244 235
756 1015
370 581
825 733
275 772
242 927
835 1055
400 840
775 555
591 300
475 891
802 320
591 988
348 305
963 708
797 938
369 529
779 789
955 426
69 129
117 66
800 328
29 119
877 674
874 1094
598 399
360 885
16 956
512 807
114 319
289 605
225 1017
109 427
926 416
869 959
1123 848
297 1070
557 925
74 606
292 159
681 239
826 705
832 124
756 216
551 745
249 375
173 972
175 385
688 557
281 1022
438 241
452 818
197 508
696 747
528 703
477 26
35 442
666 421
896 13
959 635
1099 843
286 232
128 520
112 139
258 242
995 323
1015 332
609 601
658 1010
775 567
953 128
651 683
520 650
734 420
980 432
155 422
244 794
990 110
724 953
527 988
44 492
126 939
228 659
291 442
248 1114
57 589
351 170
332 778
639 460
777 714
900 408
623 944
266 660
991 111
503 903
693 640
348 0
827 543
957 1002
1023 486
192 1008
757 660
976 965
885 1054
714 1084
662 725
473 841
695 1017
948 449
855 771
559 1049
579 1086
35 281
572 155
607 976
528 710
784 220
162 372
718 26
143 493
824 258
411 563
537 14
370 105
604 248
545 904
546 1049
395 315
298 22
554 884
508 493
87 888
194 296
149 566
515 366
435 148
497 837
1013 198
910 709
808 336
361 1036
767 879
771 557
204 803
159 619
270 933
26 1009
868 982
796 857
886 155
538 331
436 374
109 220
470 133
382 758
74 352
900 885
760 370
1070 254
496 668
1004 627
239 888
1007 212
464 168
920 313
458 855
107 635
208 399
397 230
231 901
819 884
419 438
915 150
789 505
138 165
677 654
136 675
116 371
417 540
453 869
157 208
283 263
1090 609
252 789
1047 0
1062 257
1011 188
803 858
703 919
1117 365
365 71
76 1090
883 570
970 139
387 461
567 605
115 261
530 344
571 874
448 1057
724 606
530 1042
776 597
617 928
176 159
985 53
530 109
464 895
372 771
724 816
337 308
903 144
1089 747
1109 1006
158 218
678 218
436 879
10 320
953 570
613 260
239 984
656 454
353 194
983 589
189 550
764 716
246 193
740 159
209 831
589 1112
959 315
819 440
1032 634
419 227
334 410
258 143
770 360
395 354
207 795
654 117
101 202
615 475
332 30
740 954
138 1046
141 665
962 1109
932 931
1038 238
742 142
783 22
594 562
883 829
728 151
210 114
1077 797
468 949
708 827
926 753
511 687
292 180
540 284
275 242
360 899
872 545
987 1022
192 708
732 460
968 853
850 192
515 556
286 368
2 565
594 457
648 227
800 360
119 868
515 649
154 949
544 240
220 907
443 966
977 299
809 101
139 440
610 979
190 484
134 947
303 338
866 750
638 412
737 707
235 206
842 129
668 330
242 467
820 350
249 221
554 775
247 142
386 28
187 400
1004 463
382 1007
300 331
819 125
836 196
875 451
137 152
142 564
463 599
162 1013
311 442
306 550
839 165
641 13
631 470
128 774
991 536
265 590
935 787
278 667
275 514
433 749
119 790
907 455
141 902
281 649
429 371
206 778
320 942
357 878
817 189
696 894
657 1110
178 118
969 392
493 1011
589 631
278 1036
446 453
426 870
140 606
533 1021
901 946
723 405
242 2
556 883
728 788
178 535
792 816
481 782
483 633
351 780
731 356
967 1069
711 206
1013 594
562 229
743 678
273 786
231 320
967 569
350 337
788 259
202 1071
754 833
570 256
739 44
217 665
62 398
289 600
232 621
1115 598
293 519
810 411
888 629
648 840
264 473
898 471
749 690
621 519
261 685
840 851
746 968
194 736
284 1112
843 497
603 682
391 760
371 425
724 277
106 291
55 1093
1022 886
811 747
875 1096
190 294
451 509
785 783
753 634
831 45
251 905
123 764
534 910
33 840
927 594
33 446
527 265
978 484
139 532
172 631
950 371
688 46
723 492
418 1022
799 351
1015 505
741 537
918 963
483 449
868 354
989 975
148 363
928 830
878 713
37 102
238 315
54 177
747 615
721 783
510 101
907 748
343 431
568 398
692 844
185 233
846 379
117 642
315 663
795 744
787 169
707 955
1068 270
883 522
391 896
945 494
524 589
711 1120
966 470
58 492
309 226
207 6
626 685
943 216
151 167
841 816
715 160
636 915
261 758
630 207
482 256
795 882
441 448
850 771
105 117
961 247
72 371
895 746
740 876
167 1077
695 932
538 829
333 819
814 326
1025 880
421 1093
812 918
495 100
557 226
356 611
682 598
540 442
1102 5
816 774
331 829
809 516
796 744
223 569
864 699
324 1114
753 321
745 759
672 695
153 697
779 480
157 964
686 277
819 763
573 1012
1082 398
548 289
781 844
547 215
982 605
682 944
866 1097
938 584
363 479
992 574
701 460
221 189
877 690
34 538
198 708
289 520
357 170
716 203
703 659
757 861
673 409
1033 288
312 221
787 272
593 377
217 159
715 692
682 900
420 559
877 121
381 218
639 1078
617 642
118 471
807 292
355 991
687 78
688 625
586 434
1001 93
517 1048
994 810
904 1048
798 669
234 806
50 675
124 585
1007 390
110 317
940 762
534 262
766 328
719 657
71 781
480 634
595 995
686 314
346 505
314 786
864 879
167 703
734 224
379 981
930 763
300 410
1117 207
926 769
1016 1021
451 905
203 604
870 389
294 617
435 1073
882 372
335 200
563 354
899 318
986 985
722 393
913 867
876 512
41 424
521 860
586 951
754 608
1103 965
440 340
330 364
254 890
393 112
161 450
997 93
815 755
936 438
686 298
677 429
884 428
1026 267
369 513
380 576
844 572
1068 688
139 317
122 1017
1110 878
278 540
742 59
954 939
273 228
469 702
521 476
121 452
269 743
133 572
920 278
838 781
120 953
107 576
769 96
660 83
963 1045
384 1023
452 839
255 210
811 660
1000 763
556 357
252 100
896 973
933 774
356 196
753 119
736 441
289 684
7 103
1057 646
365 453
573 572
925 880
406 698
611 173
234 307
96 402
693 754
915 275
521 236
347 435
534 1096
1123 567
557 777
1018 159
435 982
636 121
498 1050
856 335
234 461
27 598
990 601
247 1000
1070 986
912 617
92 257
820 138
1083 853
106 775
911 403
625 1027
947 535
696 444
957 967
904 905
800 912
913 702
465 714
23 196
454 558
318 483
472 352
1095 499
232 663
195 856
470 92
739 322
658 823
489 722
774 715
555 217
165 716
919 451
812 784
42 976
121 469
484 830
123 1083
992 660
216 71
151 927
3 61
198 515
794 287
984 1101
576 585
552 518
382 618
516 628
338 369
878 178
1117 878
604 994
846 281
667 149
271 637
278 772
275 893
513 969
562 438
75 628
20 539
239 839
54 336
135 473
910 96
810 667
543 979
189 781
345 508
1004 33
614 655
401 175
701 886
463 1000
768 740
683 903
856 438
964 326
846 200
642 915
1000 326
166 666
418 973
767 518
419 848
163 283
102 360
206 570
986 414
902 489
880 490
993 908
837 92
751 808
23 154
620 1044
103 671
298 752
352 977
602 491
799 1016
104 464
662 893
686 886
239 856
617 831
913 927
115 987
643 923
697 584
371 717
197 698
274 841
510 958
263 744
294 111
800 232
583 261
1005 214
690 661
932 145
448 109
1005 266
491 877
495 699
872 444
459 360
597 247
502 461
118 170
634 746
139 836
591 508
792 708
424 30
745 903
310 803
311 264
546 933
207 585
439 94
325 319
680 727
997 714
212 145
438 454
909 920
929 178
488 126
532 402
328 796
258 404
293 4
746 214
172 569
233 1091
738 690
153 1092
335 188
323 448
25 105
374 382
617 218
736 470
744 190
273 1081
989 486
351 809
785 381
369 309
264 155
512 604
499 50
206 167
1005 612
584 29
1070 669
890 992
871 735
129 686
87 827
764 387
998 102
183 848
461 970
73 1048
584 236
988 189
798 326
193 816
935 662
420 558
917 883
938 686
952 671
586 525
489 318
190 403
372 468
586 873
356 538
1048 327
343 604
420 403
196 599
907 901
488 57
440 252
669 588
327 245
21 683
820 869
879 1108
294 470
984 934
1000 701
475 400
783 344
165 676
834 759
1005 889
679 557
146 630
762 326
134 429
43 377
929 448
968 254
638 386
987 81
685 710
832 717
303 1121
791 978
379 659
989 799
418 526
252 932
116 339
236 512
674 906
415 582
227 835
476 565
786 532
235 653
378 874
253 103
400 808
650 329
716 939
669 597
209 113
448 1038