87 183
647 577
665 1021
439 125
893 596
310 381
690 293
445 730
270 132
318 785
648 693
585 274
347 513
191 352
470 72
403 265
446 410
223 8
807 132
437 864
366 888
584 983
1033 247
269 1034
449 330
421 324
281 684
506 163
550 328
1064 250
580 29
963 788
1019 607
1031 600
1024 700
208 49
1076 171
250 495
783 901
551 155
571 214
191 8
445 890
572 222
21 998
791 887
869 307
565 134
401 1005
638 220
623 258
663 120
602 1006
518 463
291 928
707 278
611 240
125 612
455 238
666 876
786 738
306 1005
763 184
565 370
559 812
996 600
124 330
754 120
613 399
611 231
586 938
581 449
664 639
53 636
134 525
664 501
1092 502
419 305
993 53
1036 788
1081 260
417 981
1070 69
353 756
538 657
345 384
677 912
1109 291
395 411
760 918
1120 291
201 545
979 1003
1008 575
333 459
1024 483
986 319
693 26
908 902
139 593
363 119
832 643
163 787
512 968
439 380
911 532
409 879
935 408
978 445
291 16
678 213
602 55
691 674
840 886
163 118
770 332
832 1034
320 300
869 891
712 630
1073 1052
193 997
474 924
102 513
298 576
834 684
934 444
866 184
562 343
970 69
308 124
174 503
784 1023
801 782
603 855
598 115
984 336
341 836
367 847
236 799
800 1082
1111 484
677 231
349 605
319 131
347 698
1038 661
525 647
629 862
796 466
526 558
407 585
222 288
941 454
845 831
730 454
895 522
361 188
398 395
377 975
351 242
1059 988
628 159
456 134
752 1035
519 969
944 195
45 384
810 1064
968 843
271 387
988 383
953 1084
1023 514
364 937
284 645
1053 620
627 428
14 291
367 652
144 1010
123 796
586 31
450 513
649 924
822 579
440 842
826 579
1003 914
163 497
255 17
140 186
225 885
905 918
713 914
234 633
752 539
369 168
228 684
1044 691
546 757
1055 502
753 1020
61 1091
402 410
732 505
33 522
663 386
335 1112
519 706
199 1077
646 830
57 993
927 650
923 722
13 797
442 523
122 485
567 767
647 293
213 528
818 892
771 246
412 184
242 28
347 245
434 1001
665 337
1093 523
207 716
300 532
1072 711
714 248
946 556
11 957
78 658
447 918
173 715
799 579
326 258
976 330
543 892
661 139
209 67
579 143
55 286
981 1090
52 506
873 288
476 555
125 414
136 562
319 218
629 47
342 313
507 265
660 8
441 865
629 899
980 955
147 638
849 916
999 832
371 639
547 895
425 248
350 323
1035 429
1014 150
754 550
689 198
170 515
615 130
419 804
248 570
616 866
359 961
867 491
1014 375
824 188
543 476
633 444
87 0
189 804
467 793
845 253
445 627
763 540
556 474
732 14
588 994
196 695
1052 1087
327 396
565 945
543 154
847 620
332 924
709 535
124 723
1 588
684 822
753 673
1038 489
972 318
628 240
596 130
1099 477
485 993
788 349
428 1008
112 225
452 923
395 406
681 150
1019 975
722 22
344 741
999 152
815 1043
755 209
90 549
184 367
231 1
121 5
658 935
920 672
115 152
464 703
212 856
960 501
290 837
899 441
666 80
1056 583
166 834
1030 895
560 608
227 399
535 682
1021 5
729 137
1120 676
112 520
12 991
937 898
115 651
145 214
123 1034
952 625
426 309
187 542
303 271
117 679
830 117
643 92
759 169
1073 638
931 268
688 1019
1 535
208 362
261 160
752 410
99 17
124 671
354 177
950 847
659 1095
185 762
970 991
175 485
757 127
146 473
1106 285
377 788
197 1051
955 56
1106 563
431 465
782 840
204 157
886 573
252 380
636 848
365 845
662 53
979 307
366 466
452 579
855 318
160 703
739 228
312 1031
607 971
370 802
569 120
338 146
583 864
891 960
559 275
183 958
1033 883
275 552
508 591
959 974
451 218
54 866
337 201
113 184
822 1055
385 957
715 886
629 679
586 1033
221 878
985 278
384 407
904 1006
88 157
32 328
716 578
20 179
993 872
938 614
1101 405
735 68
292 949
237 330
797 772
550 281
576 947
160 867
752 292
187 160
812 976
489 676
1041 146
71 981
931 1076
320 239
756 1117
943 464
931 583
392 808
1010 982
946 1062
654 963
523 290
344 878
911 736
660 874
754 706
599 230
250 167
854 754
464 108
854 416
755 199
267 762
98 939
795 667
808 407
569 1064
356 314
422 308
1062 679
633 92
356 1062
7 358
543 782
816 618
131 537
923 697
289 628
598 842
708 471
1122 859
815 469
443 1034
144 659
164 362
299 75
133 627
819 339
615 942
1022 537
948 1121
458 473
891 540
576 535
926 676
929 1016
911 140
676 602
743 897
249 919
336 235
166 882
414 314
838 428
673 904
394 335
237 706
950 1048
606 441
138 348
985 618
406 394
104 131
238 456
385 326
196 170
740 941
159 879
470 608
1081 1008
204 380
171 335
965 307
793 940
1044 675
370 940
545 50
288 635
694 471
616 871
724 974
1118 504
383 394
443 576
811 564
124 945
815 1082
883 589
587 862
986 156
965 3
520 110
913 508
615 301
737 208
199 281
1090 499
460 775
488 887
678 909
603 566
558 475
660 493
353 870
627 360
1029 131
1113 1076
349 778
724 370
638 1077
721 619
884 460
1014 590
409 991
817 80
551 595
132 768
268 338
578 785
625 779
857 380
978 710
1017 197
972 836
1104 769
589 155
1071 690
936 955
568 278
1094 872
841 229
582 857
749 602
617 733
513 718
1034 194
201 896
710 1103
147 745
138 881
1076 868
337 537
545 629
276 847
848 1089
1122 841
600 637
748 297
682 304
310 754
537 588
471 908
903 957
798 901
1105 318
804 296
104 618
648 127
113 509
408 316
739 810
789 558
326 574
123 617
415 486
787 153
338 979
583 796
264 764
1098 160
177 67
514 413
972 275
899 589
485 840
483 240
803 664
130 827
315 337
197 238
644 827
314 429
868 513
677 782
914 483
90 537
797 769
501 794
776 439
663 928
327 227
1040 1012
621 307
658 666
543 129
392 574
477 832
898 1004
711 18
921 884
366 475
801 456
435 934
572 1116
144 501
373 44
29 757
544 342
938 897
944 817
538 1103
818 268
914 43
19 999
323 411
670 981
229 364
697 1107
885 1000
318 491
1116 886
166 319
241 1122
284 727
8 429
261 650
573 744
556 1014
463 899
326 469
160 140
284 401
61 797
151 500
626 532
173 602
132 777
1064 986
74 636
625 511
237 846
434 941
1006 495
759 196
249 109
466 189
679 814
127 1047
916 536
135 449
922 372
667 843
513 225
438 340
784 390
60 638
671 780
422 192
462 278
291 242
674 788
990 697
286 938
564 718
948 131
435 676
909 423
600 107
805 27
377 269
171 424
485 967
1004 910
1095 429
718 764
563 852
1043 257
741 361
543 59
328 1054
119 230
988 341
459 329
382 84
473 823
794 244
227 777
229 106
398 719
190 572
84 233
49 615
661 270
125 380
1008 375
608 848
532 204
749 699
996 656
1046 828
634 389
1024 324
896 504
466 705
1055 386
942 435
858 558
293 851
98 761
717 130
251 152
123 1061
782 1017
432 1039
1096 791
552 70
826 952
82 195
874 556
475 961
790 596
900 668
1030 457
1112 161
1000 620
73 187
694 872
949 336
783 246
845 824
535 529
955 416
515 852
219 945
841 802
610 555
1035 616
361 1022
106 1094
879 513
1021 781
987 328
827 1007
790 369
2 142
855 61
337 686
101 199
628 932
394 414
901 1070
475 15
922 667
64 193
5 234
916 392
219 174
924 528
241 276
818 50
139 774
606 697
774 54
756 579
308 775
1024 340
1031 550
748 327
171 947
756 975
695 646
812 158
997 636
439 764
880 63
538 1019
1106 262
865 529
807 406
461 486
409 60
813 111
117 591
110 571
850 856
780 12
688 152
355 542
259 898
413 635
688 302
120 821
791 824
287 816
850 869
741 180
734 595
250 123
504 308
191 852
135 257
529 933
128 557
675 1064
385 646
883 261
617 521
690 70
726 578
703 122
1033 201
88 761
79 703
378 566
633 916
1039 838
446 854
395 158
207 107
845 324
675 1001
165 875
1123 248
104 408
419 719
582 987
1042 235
142 500
308 516
308 679
863 375
218 383
159 257
639 896
5 123
780 247
81 107
527 404
614 590
94 403
611 386
13 1033
735 755
602 592
113 948
177 841
721 115
453 904
39 919
922 819
482 482
521 652
1015 29
256 872
394 637
1023 670
704 455
925 267
318 521
762 888
634 895
430 738
313 350
393 322
488 245
515 223
654 622
77 1055
697 309
1024 550
983 972
883 801
932 1028
1100 11
1009 341
867 209
363 647
616 330
958 493
893 296
907 142
637 333
481 67
990 793
127 99
406 434
901 154
811 1057
1041 676
567 161
279 561
816 704
241 736
124 162
391 617
588 930
561 540
853 837
324 525
708 225
585 337
197 504
621 580
70 621
448 1003
1119 948
928 512
356 790
82 587
115 720
990 267
16 281
193 437
466 1102
341 108
776 106
704 933
768 393
549 573
1076 873
1034 610
595 557
228 10
936 1051
727 217
287 446
714 1002
599 417
810 965
892 879
773 977
690 103
38 447
874 1101
758 695
1025 381
442 884
1044 1027
243 464
377 617
549 251
1065 851
1075 648
548 668
790 961
474 883
957 254
715 873
180 801
113 557
937 644
83 786
951 774