546 458
327 561
670 357
1038 154
170 327
484 373
151 1055
60 604
213 717
530 818
533 629
1062 223
264 723
234 423
4 626
666 526
167 106
10 398
760 780
1029 435
412 624
115 740
935 418
506 283
936 479
497 798
652 455
550 364
448 100
183 830
193 804
7 710
555 935
936 658
1022 1008
375 503
764 145
559 812
268 912
651 1077
705 97
232 451
702 1048
734 808
191 655
196 760
925 678
5 270
569 633
609 1123
289 863
498 1045
315 618
160 802
891 257
398 981
933 670
614 909
535 574
625 787
140 118
155 766
778 865
222 656
1111 9
150 919
882 192
277 560
377 466
238 961
1045 607
491 929
257 954
10 987
893 180
309 254
944 920
147 642
349 956
217 369
1038 543
301 783
1026 891
903 131
923 1001
962 132
995 17
598 707
245 226
1046 545
249 291
113 1046
178 198
628 141
744 543
574 1019
229 226
591 615
122 340
954 348
1119 663
130 118
1004 396
171 370
111 474
113 699
147 532
704 871
539 302
982 614
690 21
329 951
823 89
1005 95
759 347
465 726
1102 964
215 860
96 530
854 805
152 171
699 89
1076 56
368 436
312 923
449 534
964 545
615 492
1045 703
1069 1024
364 246
276 626
1008 96
298 198
472 382
1019 1075
178 286
884 1028
1088 983
452 266
64 657
349 772
293 394
442 354
528 1016
657 314
146 1039
79 474
726 676
738 252
676 1073
719 569
138 122
868 190
131 59
944 567
275 477
178 1092
478 98
747 0
551 113
127 620
114 166
1086 508
853 344
1062 697
972 321
840 985
231 423
851 975
193 223
336 704
608 770
728 145
685 358
582 941
409 781
537 670
450 834
693 682
286 915
352 915
945 276
763 208
914 910
9 773
456 556
805 907
776 35
407 1025
269 481
420 342
910 168
1118 545
639 666
888 1001
186 604
535 140
712 1045
109 484
334 119
631 871
731 682
981 987
1056 521
695 601
614 478
1007 351
777 215
533 295
188 712
463 940
689 237
594 626
952 572
996 380
104 553
1075 761
929 652
101 690
855 960
1009 482
717 231
485 816
996 132
520 1056
544 83
231 443
288 854
635 387
158 301
782 1055
521 331
270 804
328 537
609 1008
910 404
827 709
746 1050
460 817
471 520
518 455
1016 658
286 274
388 894
633 455
226 1071
517 569
1042 134
585 273
851 368
114 829
634 435
991 296
312 427
494 812
1067 263
423 324
172 794
797 518
474 845
372 207
1021 1009
319 144
947 420
666 132
718 205
358 1089
796 804
819 992
800 410
146 744
523 395
987 447
621 422
793 1028
682 172
660 740
672 505
611 651
529 107
99 717
187 408
295 684
1027 449
609 488
652 112
1023 365
953 655
874 780
793 1007
1032 110
126 698
865 448
484 236
849 195
402 611
851 242
40 68
1011 374
971 595
815 746
747 245
639 514
285 742
797 590
199 638
192 449
422 656
931 221
113 482
1013 623
1054 1108
897 374
25 132
296 238
155 590
7 909
967 119
965 816
132 1067
442 31
497 676
808 207
332 307
963 911
485 325
114 440
481 295
895 388
665 618
525 189
462 518
816 537
457 631
469 256
278 837
450 385
986 681
795 905
343 504
423 175
780 233
570 311
1 450
1044 961
430 819
373 770
147 631
194 470
237 1084
827 183
22 285
725 936
733 486
847 917
133 418
344 131
238 508
145 291
771 784
672 222
802 1086
6 791
165 1094
180 972
720 341
211 223
63 666
740 446
769 792
487 668
861 445
31 651
878 692
321 882
371 182
411 694
923 18
887 634
235 118
400 303
635 966
465 993
280 164
253 745
1103 978
555 582
913 526
322 658
1024 811
171 976
121 862
901 475
704 342
780 212
642 138
557 1060
757 986
902 675
554 1059
1002 1029
445 977
867 915
823 288
395 192
101 176
379 608
441 560
294 595
122 1076
685 461
152 994
708 683
839 147
68 430
764 687
969 801
854 936
215 546
821 1009
448 698
422 824
277 464
670 338
838 230
308 296
154 886
142 613
459 161
633 826
712 970
791 561
468 126
898 1043
463 420
721 864
1003 1104
202 541
618 435
83 942
685 982
147 410
815 5
793 1019
1115 674
914 543
915 862
977 481
370 401
597 166
403 105
982 990
371 135
352 803
800 99
953 1067
35 819
573 755
948 554
800 726
220 727
548 961
575 852
309 677
1075 436
970 537
876 1049
949 958
1088 554
221 572
1113 136
189 688
113 129
448 665
882 262
762 2
470 872
581 300
278 627
122 824
534 887
666 691
132 604
759 962
1050 376
988 978
1119 202
771 809
197 780
927 503
347 474
774 578
114 968
356 164
362 193
761 640
645 667
157 1005
632 218
474 376
264 632
222 671
248 991
441 890
568 598
898 626
436 875
885 822
310 553
930 250
77 905
709 404
303 552
101 799
481 314
451 163
308 387
755 1043
503 68
800 427
219 935
1046 447
694 965
422 910
1020 861
952 46
562 403
621 685
700 960
881 656
309 293
595 567
966 656
244 672
1047 204
518 711
372 76
702 100
835 180
202 832
650 98
785 903
352 228
100 710
148 1021
1065 793
14 579
143 450
420 813
17 805
550 17
560 661
205 171
801 437
837 962
833 340
682 737
821 915
405 1029
483 193
472 520
510 374
38 572
160 517
887 157
428 832
107 186
295 666
421 304
940 282
315 208
826 462
547 385
1044 987
336 961
628 524
494 630
512 316
331 816
944 605
935 882
1080 123
266 369
114 802
732 795
837 730
972 803
1046 305
701 917
217 800
301 734
138 138
943 1064
689 1063
708 350
302 855
540 591
606 676
695 171
668 1011
801 1079
1011 447
766 190
394 97
575 837
556 682
884 641
741 680
619 653
542 201
756 983
826 879
639 347
58 700
846 532
777 1013
990 430
384 462
1032 872
101 1061
579 696
530 519
621 727
261 329
235 863
156 155
977 971
251 775
502 292
307 249
439 897
928 528
530 166
176 849
962 89
814 243
288 1047
150 192
844 678
327 985
501 456
977 255
850 738
665 781
1099 616
701 450
546 922
909 526
589 585
206 293
888 279
392 467
1038 511
105 662
866 182
724 572
651 315
905 350
523 708
551 443
580 84
897 383
568 265
1017 692
503 186
580 467
466 582
685 1033
373 782
148 277
769 750
894 910
715 423
557 286
384 280
888 473
171 784
155 780
243 901
328 556
584 136
692 961
1012 659
332 545
285 331
469 675
742 503
212 677
39 532
897 878
249 929
1097 165
262 222
24 585
1000 645
353 860
97 631
238 856
842 902
256 803
1071 127
423 167
510 1111
214 251
198 611
670 103
483 819
727 1066
895 1106
635 436
192 994
625 461
264 660
1075 801
636 33
330 682
497 305
370 815
671 283
21 1012
352 478
909 702
280 560
192 197
829 269
1016 434
597 308
414 393
590 348
43 546
654 179
179 381
220 191
162 1023
643 421
401 922
348 369
163 189
49 1030
651 568
392 317
822 685
605 947
80 598
292 161
197 431
185 706
450 457
393 156
474 383
256 866
263 727
780 1061
767 477
362 881
779 528
616 607
657 185
638 71
46 827
552 363
321 452
159 946
768 603
766 270
645 535
720 87
416 96
919 220
402 856
364 830
531 835
229 322
370 133
374 886
798 228
388 508
1004 107
554 198
730 438
757 683
747 786
1098 525
973 464
997 912
517 457
105 367
139 683
519 524
781 644
280 988
399 499
974 923
303 43
856 387
1069 934
820 472
508 371
377 299
415 508
118 24
612 733
191 673
283 651
982 230
521 147
780 1053
704 757
344 216
939 620
679 1094
289 952
389 681
601 549
699 603
1000 989
555 915
196 309
788 160
1121 497
1114 275
1053 705
753 244
514 241
736 374
207 0
349 898
105 245
639 838
647 910
599 579
655 317
970 670
302 650
602 489
163 849
155 805
296 1
945 809
916 717
32 670
259 304
816 642
136 575
889 715
102 24
661 267
690 385
100 570
1083 1012
628 988
522 1031
802 959
321 834
699 801
709 883
319 1019
968 623
943 722
5 132
685 728
763 554
233 252
581 387
490 924
62 508
682 745
490 212
373 776
789 972
439 357
188 363
45 1102
366 152
878 184
361 851
322 371
336 45
535 415
301 953
514 606
756 760
579 970
298 928
541 910
647 910
838 336
286 508
274 164
792 694
948 118
1025 663
624 996
1111 136
727 571
875 1118
509 867
710 865
301 583
774 596
131 527
17 1116
754 134
117 813
638 547
112 837
459 979
4 620
655 703
356 419
898 919
14 855
972 935
742 959
195 1053
670 574
269 952
1122 689
320 51
72 8
161 241
893 620
238 646
850 535
311 875
286 486
290 572
769 445
566 509
49 229
157 735
354 785
645 556
91 700
452 523
544 564
91 412
584 170
861 535
448 795
48 48
267 279
160 243
800 346
634 646
271 282
1076 1083
486 235
434 289
593 498
379 264
900 154
292 744
729 465
885 928
375 580
323 918
438 643
525 544
619 67
914 480
261 631
506 474
445 588
860 306
429 866
843 978
987 898
252 738
693 724
488 959
874 23
566 869
1105 434
603 49
866 611
413 10
443 697
724 356
228 284
458 613
674 594
678 992
786 433
172 7
712 1018
1095 678
642 630
738 485
995 679
980 873
824 239
867 1037
60 280
1006 129
386 651
678 210
985 498
462 877