265 433
52 826
722 710
806 286
614 764
987 827
146 1112
428 1003
509 653
216 388
756 658
402 614
700 941
1084 630
111 89
830 360
1014 570
931 90
703 1007
754 884
175 924
256 649
230 196
316 573
364 209
1014 921
173 41
445 1050
530 372
944 593
888 1086
863 508
234 947
290 404
520 462
341 968
710 53
645 336
997 132
843 766
835 762
407 15
200 240
143 778
383 915
313 590
389 1005
917 596
967 262
215 211
85 460
808 381
575 916
323 450
151 407
231 600
345 497
155 475
831 894
1101 981
754 210
767 961
925 835
462 281
348 314
596 1113
849 261
676 128
122 261
771 521
856 943
646 1009
76 669
186 37
67 12
1088 402
524 815
1066 805
712 179
553 933
491 343
711 365
869 450
927 98
168 505
396 1099
816 618
195 789
282 567
348 532
996 445
274 386
978 124
418 719
586 281
909 138
862 295
762 670
306 895
339 865
771 600
677 742
808 728
1118 713
342 181
1105 721
419 700
481 333
163 897
975 854
212 534
748 1015
864 558
427 245
39 422
994 152
626 98
24 248
434 130
575 950
48 1009
345 388
656 137
324 546
263 923
473 189
273 307
969 608
854 184
660 434
809 702
822 422
274 432
412 137
289 966
693 261
675 130
989 341
956 432
946 826
389 318
104 811
731 574
944 125
552 139
404 541
65 249
474 444
912 779
808 1098
455 277
363 444
836 545
243 364
898 410
481 94
677 376
837 714
736 811
897 247
124 560
219 454
825 160
978 487
117 1064
134 644
686 212
42 1123
928 437
716 867
791 942
440 395
58 562
566 960
771 682
424 630
641 941
897 1008
180 699
262 690
898 1080
589 853
731 364
715 356
556 837
329 779
520 623
983 532
238 587
741 1019
446 1026
622 930
631 203
750 453
91 454
822 354
172 803
341 314
345 324
390 420
625 493
1000 662
939 1012
106 104
560 194
888 377
960 673
537 803
173 341
538 107
537 918
266 122
981 361
982 603
260 776
307 783
1014 1121
1043 500
313 210
597 558
1057 618
377 198
489 413
242 655
100 173
837 686
599 934
722 450
682 300
409 427
354 249
895 905
580 681
369 109
631 511
524 297
816 521
623 1063
491 48
830 849
235 320
575 271
184 607
118 880
577 1049
964 603
148 354
336 1022
277 495
617 110
638 451
903 692
808 1022
225 369
931 585
335 609
643 884
696 955
871 585
546 780
508 386
416 692
128 683
427 849
858 1020
421 718
342 344
223 924
241 956
345 633
452 92
286 612
891 818
985 984
108 620
570 815
776 334
405 596
653 829
541 143
305 757
652 902
777 596
778 229
582 1033
702 827
812 326
96 517
276 769
496 655
462 27
167 953
456 869
108 835
966 860
641 638
452 1107
710 838
925 767
801 602
261 765
632 651
907 122
188 1003
219 297
495 581
180 318
435 1106
618 647
843 456
538 342
286 165
212 494
699 450
794 472
193 512
440 416
815 868
188 469
145 701
1018 146
156 107
713 103
931 331
590 533
124 630
298 180
778 140
588 480
787 789
393 870
144 587
750 963
1035 412
359 695
713 292
146 164
705 479
118 1107
876 89
171 534
757 437
997 631
552 733
104 397
310 1013
754 635
356 769
254 44
372 936
225 821
531 456
1007 713
292 1003
926 864
596 774
975 211
128 920
236 999
432 637
168 994
204 367
860 155
691 440
206 909
658 236
485 951
1047 706
1111 870
143 926
1002 23
421 819
507 251
20 583
1071 594
229 344
29 322
421 863
93 402
791 506
68 54
973 981
916 729
565 823
501 132
161 568
5 361
58 590
548 734
1016 223
845 321
445 723
89 409
562 442
195 926
775 216
257 550
526 352
93 252
665 482
498 43
410 257
694 926
671 479
817 613
70 680
822 498
639 343
323 284
529 321
755 839
26 145
501 182
283 407
92 360
395 984
946 645
201 902
517 160
727 552
703 886
709 96
1110 282
360 587
104 980
388 783
738 928
970 324
777 235
190 943
30 351
851 117
990 631
920 782
475 106
204 568
757 978
317 1049
316 727
226 376
573 507
241 729
172 11
686 161
293 186
189 253
171 188
1081 349
348 460
102 191
669 848
573 830
968 476
486 795
233 596
326 934
587 295
258 623
697 1009
194 58
839 358
226 216
780 480
133 955
794 712
923 709
1010 1018
466 227
794 407
312 942
87 950
588 381
1049 351
453 279
476 222
274 789
404 1019
243 258
73 481
412 565
987 792
760 738
585 186
687 719
882 335
587 122
164 396
333 102
816 141
356 754
339 400
742 227
473 151
378 394
361 294
112 644
298 1055
411 605
737 760
140 170
159 177
584 445
217 1114
255 710
792 121
829 561
901 655
391 1012
858 65
926 743
885 1047
890 369
140 328
629 297
267 338
302 242
700 710
117 521
136 491
955 776
362 650
570 589
951 622
823 713
575 332
646 918
782 796
271 354
398 634
982 419
263 613
775 579
1010 592
827 155
964 578
826 371
889 711
602 924
834 719
587 127
371 310
1052 1008
623 145
725 880
402 765
359 823
804 185
864 611
858 1116
867 955
1024 678
723 718
212 26
773 447
93 794
1083 328
796 262
199 354
366 343
746 578
66 90
142 781
675 768
898 137
747 1010
451 392
1091 357
829 962
814 1100
979 850
147 696
508 238
865 438
911 19
376 874
357 304
389 377
845 746
977 387
179 230
690 630
37 692
918 520
414 246
622 962
748 982
59 272
240 1068
589 526
764 45
944 1054
770 549
583 705
514 542
791 650
305 280
312 596
735 453
470 1101
413 691
353 725
880 255
911 175
1121 406
229 812
374 470
207 417
652 982
589 665
375 775
278 401
870 739
735 661
11 1104
576 744
1018 769
476 125
839 490
1106 911
473 244
850 156
550 311
556 379
1101 604
800 108
627 212
317 877
888 780
160 827
496 252
722 630
560 392
155 995
410 484
159 234
470 283
702 665
18 632
814 156
616 1038
873 1024
229 683
1011 612
334 372
44 202
837 528
1053 170
649 369
671 719
919 1007
491 988
623 366
782 557
579 1051
522 740
589 22
589 285
31 567
605 234
999 1115
354 37
388 215
1078 800
844 450
196 360
143 786
1013 234
384 1114
106 394
193 825
359 475
420 682
436 458
608 790
35 101
833 872
243 908
628 1110
964 652
705 580
448 1061
835 766
60 109
945 307
103 589
917 777
418 785
905 1106
459 467
328 446
176 575
623 581
958 783
989 961
836 270
541 765
912 480
937 594
223 1016
405 509
1005 632
933 916
809 454
368 137
210 603
327 492
619 149
341 577
372 997
903 437
531 1005
686 632
693 433
867 1047
308 840
298 388
503 1010
347 593
771 898
830 292
794 654
45 1004
893 771
671 522
239 125
826 763
826 315
201 894
319 254
479 92
628 788
891 715
964 107
381 403
371 232
313 682
995 656
930 835
971 1032
245 579
496 193
190 591
448 950
298 850
255 690
1007 354
273 998
653 927
475 155
405 755
812 18
942 647
570 205
534 447
862 374
27 180
582 153
475 964
280 166
702 672
527 817
186 561
540 117
370 893
197 844
458 695
727 360
730 432
806 427
242 103
445 885
733 210
524 1003
1114 802
780 1049
807 526
998 55
807 362
935 217
163 493
916 275
452 990
591 447
783 511
49 18
44 318
118 472
856 687
875 673
497 860
139 408
571 357
578 954
352 598
858 410
468 290
817 761
491 117
323 1094
503 793
731 396
389 396
840 934
638 500
892 163
153 666
566 577
576 1006
162 1043
596 662
639 970
750 569
962 784
39 319
661 561
941 889
181 285
334 738
771 295
352 254
566 471
923 281
274 72
916 943
535 233
1067 729
897 434
235 434
839 789
543 146
446 1001
164 116
835 400
605 511
363 826
467 848
422 551
77 705
648 941
578 815
690 756
669 615
144 265
353 221
79 17
766 580
878 743
646 1013
912 813
996 43
549 102
17 185
1109 378
985 1018
427 250
718 442
604 796
362 640
444 745
566 621
817 694
649 202
192 1117
334 691
1023 508
681 1011
674 531
92 703
165 953
598 780
804 663
223 1109
929 601
482 577
646 210
136 998
669 840
137 904
694 444
660 854
633 386
886 608
32 424
526 838
399 203
827 896
623 745
99 203
424 357
158 862
1022 558
749 148
795 979
198 234
600 226
208 133
587 108
490 180
621 431
625 955
298 152
962 541
361 98
945 223
611 548
964 1011
309 612
479 211
308 437
904 587
530 943
666 795
824 350
581 698
80 1071
716 815
547 776
706 298
197 352
129 796
754 771
973 692
646 221
757 1068
1030 430
792 672
515 939
974 811
807 513
623 118
915 635
275 1121
771 891
723 903
598 812
567 972
936 853
34 188
807 256
935 1010
780 423
188 563
695 102
852 738
71 317
656 696
217 143
1110 362
593 883
237 826
175 531
124 338
1040 822
601 686
405 282
141 546
324 141
926 507
310 800
348 53
216 507
912 35
973 372
125 20
432 373
456 822
727 954
90 539
943 907
100 912
866 996
1055 413
824 310
228 629
420 353
970 860
679 802
663 480
84 946
916 266
602 331
812 493
429 204
342 237
130 493
265 453
567 374
913 337
599 156
248 500
952 972
458 1008
733 923
885 279
733 945
543 345
1060 900
401 702
620 233
792 782