488 360
652 410
858 538
432 884
886 1003
309 436
5 376
174 320
841 348
133 635
1041 753
1099 433
690 821
771 964
686 116
944 767
762 132
917 615
280 365
993 159
837 420
68 755
91 833
510 643
796 447
278 1012
272 295
973 171
785 497
1091 213
405 962
562 270
304 151
273 719
135 715
799 805
917 547
969 69
853 289
264 762
762 922
999 533
562 497
784 38
442 279
205 434
804 780
122 470
617 1094
720 686
48 310
133 564
760 624
746 434
629 161
776 509
783 343
607 570
547 406
726 399
312 248
776 131
610 374
140 511
699 714
835 502
637 320
702 737
107 966
976 560
339 911
850 565
129 988
189 340
938 223
149 1015
1046 659
140 879
174 555
244 561
429 268
520 363
114 305
560 558
938 307
132 533
616 236
298 186
981 1044
1107 107
145 329
404 541
51 652
849 85
579 621
666 597
712 385
864 552
137 200
718 1000
916 505
524 118
576 577
604 229
919 740
648 256
379 188
795 538
326 1039
447 572
672 901
930 1008
69 86
948 992
713 140
820 524
475 1011
113 471
483 431
840 1114
589 597
444 703
531 448
626 526
335 493
910 225
214 99
68 908
407 415
994 688
826 528
1034 1058
146 431
572 901
603 657
726 71
3 497
287 461
1120 477
725 170
988 678
150 856
976 743
344 465
205 407
172 844
485 922
704 803
396 1066
244 568
487 336
439 608
282 1022
513 696
553 102
644 740
394 604
495 807
691 762
535 871
872 1059
609 208
722 550
318 191
134 106
544 366
484 384
909 812
447 642
35 648
985 450
987 13
129 20
401 1026
127 774
195 246
632 331
816 860
520 904
256 670
957 619
1098 121
127 514
454 726
887 939
315 923
473 570
910 676
794 207
180 7
57 528
594 805
124 378
451 506
912 261
30 616
719 245
377 470
283 198
316 245
459 795
554 359
171 106
162 322
1036 366
433 381
917 168
734 669
389 631
385 823
881 516
373 510
685 163
181 478
742 274
421 193
613 893
1057 70
158 733
1101 455
382 865
750 288
413 746
821 7
274 951
18 1096
436 493
111 502
674 170
518 153
1050 727
547 817
621 952
686 1002
242 1111
1076 804
747 502
964 262
342 647
793 8
564 167
454 988
608 1038
178 471
157 985
116 920
346 231
164 158
550 723
979 346
761 302
64 806
489 632
764 885
1065 548
564 843
764 987
909 314
382 31
112 476
1086 22
135 768
942 703
131 465
480 473
1006 919
1042 605
623 344
677 852
477 692
512 1066
305 631
851 347
47 933
790 311
7 461
653 644
455 759
483 768
755 880
218 367
969 659
298 557
831 361
935 924
478 162
586 164
360 563
791 771
492 554
221 414
609 551
944 863
956 651
854 197
666 515
613 321
562 366
1095 444
322 223
307 397
569 220
657 271
401 1031
377 199
292 18
466 723
712 445
209 571
750 309
878 119
959 948
994 1106
475 368
881 60
586 405
160 708
709 660
894 801
80 893
883 687
192 779
774 867
127 125
353 478
613 971
966 637
682 330
60 172
491 231
271 991
574 339
423 1030
794 211
183 117
333 380
924 311
446 541
724 271
501 841
896 1000
554 914
910 831
1031 219
251 313
74 219
77 889
606 293
621 642
767 224
165 669
1096 1005
82 321
895 873
625 1072
276 542
595 649
323 277
511 467
754 147
740 223
664 266
402 113
338 409
367 218
366 196
1009 413
829 85
582 43
204 569
362 601
983 1103
728 914
986 275
449 665
224 534
291 646
341 105
832 47
1002 410
321 525
910 881
352 989
116 318
353 9
108 236
550 705
722 420
409 899
533 916
945 512
435 656
225 278
329 980
775 28
538 689
11 516
983 815
1085 965
737 848
623 453
462 287
170 945
1005 953
796 121
990 425
823 849
664 164
544 887
292 831
333 404
298 929
578 166
866 167
304 97
713 114
1093 311
332 517
496 33
324 1091
691 40
156 439
262 588
300 1038
47 146
1014 646
438 437
22 302
718 132
853 20
542 559
738 878
619 773
268 60
141 846
843 776
819 478
726 809
833 205
97 406
847 846
103 668
621 573
778 1082
612 396
9 512
817 739
390 779
124 361
456 1014
334 335
1003 543
13 899
790 1113
341 950
481 930
464 660
224 994
215 147
990 1030
229 393
198 968
444 1050
1087 879
458 330
703 209
232 339
322 271
458 768
67 830
281 154
138 331
241 681
671 961
228 543
31 545
678 1023
341 735
199 100
1015 454
484 913
449 140
868 125
189 660
680 661
389 187
237 996
838 312
576 602
582 159
691 1097
935 121
406 955
508 375
857 841
444 308
203 531
614 28
202 258
421 628
524 799
356 247
256 684
67 531
742 172
323 1005
240 709
959 113
1085 521
245 471
123 652
4 612
270 749
926 683
307 504
188 966
417 913
232 577
691 835
615 465
389 806
1072 646
419 1049
432 976
290 602
310 158
523 695
362 509
800 898
137 691
113 411
216 530
590 379
825 469
821 1065
505 285
492 178
859 1119
914 922
705 398
679 150
137 980
654 562
686 166
745 718
743 853
707 509
435 555
602 413
191 161
321 275
1093 191
988 374
910 664
649 834
57 506
898 166
485 171
398 867
184 776
692 664
649 109
31 604
1015 1045
143 341
162 716
894 157
683 267
548 61
104 602
843 359
866 660
664 296
898 118
830 1111
395 459
425 789
405 291
286 976
1107 706
468 789
395 219
457 149
855 766
135 717
993 205
422 261
387 383
322 759
423 348
678 979
950 407
270 690
132 158
19 738
175 195
485 492
224 222
905 1020
657 862
974 943
696 795
285 739
995 766
823 593
1054 391
717 354
30 788
922 594
703 405
699 488
874 958
235 962
395 799
627 264
161 274
386 745
575 618
343 160
920 854
866 798
558 797
210 391
468 745
216 353
476 372
895 630
302 347
186 377
50 90
303 979
299 162
811 580
421 996
512 239
645 77
503 326
47 1095
378 876
588 447
443 963
973 401
675 451
814 836
835 13
1023 445
152 428
611 424
592 265
530 175
352 768
866 410
214 178
841 812
998 823
290 1086
786 485
176 359
256 536
710 800
271 593
440 879
733 648
962 714
122 1089
879 593
380 797
691 197
982 329
836 811
828 535
279 975
433 682
839 805
332 562
158 175
677 782
871 410
1119 450
734 50
238 112
994 218
705 611
97 744
613 924
601 352
227 941
677 727
850 895
505 748
21 1022
423 847
996 537
531 799
403 283
852 389
473 1090
596 424
145 859
810 458
420 409
590 969
165 321
1045 961
233 582
877 963
558 741
707 972
850 122
835 1014
288 137
1105 190
608 860
493 1069
660 779
439 409
712 267
732 142
202 927
944 1011
643 924
781 781
930 425
827 810
888 357
545 120
291 613
696 676
1036 104
254 198
503 711
428 377
786 374
204 471
695 558
713 215
930 329
640 18
119 417
283 308
393 797
596 173
297 321
252 31
101 589
629 999
802 630
1014 999
267 423
324 439
515 985
643 627
420 480
534 595
167 1095
772 1008
482 430
68 235
572 526
315 262
660 1011
796 236
120 609
847 139
289 234
286 287
851 608
792 79
543 847
1015 492
101 423
544 975
393 1014
89 263
379 573
800 337
828 706
1009 328
418 1061
257 280
559 583
416 601
422 781
779 789
154 762
411 573
911 297
441 737
138 565
667 377
930 277
782 955
556 548
46 857
203 587
126 130
605 225
1092 833
280 622
516 938
495 474
482 604
570 566
722 999
917 595
723 930
609 343
251 729
102 957
1018 590
604 132
140 1106
97 358
881 885
177 518
642 506
739 552
917 370
110 1077
894 438
904 568
551 938
1041 275
862 4
246 985
516 333
953 227
246 611
186 733
366 284
890 674
291 874
112 508
962 676
199 137
59 945
1120 973
704 443
859 35
907 483
1120 573
374 513
137 208
1123 122
121 778
85 608
1061 579
346 642
541 684
602 240
1094 772
432 894
581 249
166 256
91 751
810 799
818 885
55 8
1016 809
1061 935
657 1017
541 946
699 341
1016 1100
673 178
254 631
150 170
1037 1069
714 933
930 249
414 141
343 608
813 387
999 533
654 523
495 116
997 219
334 325
323 575
163 750
1017 965
788 640
321 455
662 817
513 190
890 428
806 938
555 1021
127 277
174 203
1106 179
777 1063
35 408
704 353
794 902
668 785
824 205
118 954
413 922
146 269
362 281
1016 363
553 462
412 992
79 206
92 1110
329 137
175 321
549 537
171 207
841 827
715 349
183 179
1010 730
435 682
432 342
681 947
195 1019
134 924
195 720
770 602
689 632
960 758
289 290
212 316
903 586
216 30
769 315
941 94
82 776
395 718
1033 953
296 403
514 872
493 814
664 1091
639 287
205 120
348 461
187 881
140 516
620 637
718 121
336 305
102 183
501 766
300 767
1042 344
464 690
191 367
1018 441
528 485
277 645
889 1097
451 307
197 769
884 246
963 878
52 337
1 327
521 676
730 813
1073 715
947 73
668 475
129 702
123 428
653 267
899 373
195 197
643 979
648 134
583 989
530 293
187 885
305 551
986 783
619 372
413 409
268 589
949 1121
112 376
119 154
445 573
952 564
412 993
861 52
758 393
436 573
642 1003
1079 620
671 119
405 1105
839 361
747 140
198 268
175 846
1076 980
246 750
1087 485