138 916
652 312
740 672
197 732
240 425
311 780
537 967
1004 1112
295 112
766 294
360 645
183 446
1106 367
386 531
528 208
177 745
734 810
183 874
755 451
405 817
983 528
696 757
349 739
394 132
574 684
345 684
356 725
535 459
769 1115
1012 472
37 190
804 899
538 244
997 73
17 853
900 434
765 336
846 886
958 637
445 246
960 1088
716 430
842 452
1076 953
101 402
975 607
341 709
510 822
455 1036
198 765
970 954
223 101
939 561
897 182
171 905
299 1108
728 820
853 288
473 771
756 373
896 27
604 867
1099 331
858 937
474 345
306 688
117 601
619 532
714 174
473 735
838 100
775 504
301 1044
798 477
738 966
357 135
735 1081
50 206
430 698
383 1061
146 882
761 476
538 959
918 381
277 156
702 658
584 257
713 648
936 1060
405 986
36 864
733 177
248 880
200 733
187 377
835 435
705 563
227 431
274 170
586 552
693 194
344 418
866 656
520 652
428 364
220 1079
112 973
790 696
172 740
936 952
730 1009
693 538
1102 511
441 843
737 520
258 775
724 638
528 530
749 1111
866 1070
742 792
1010 58
133 235
723 680
939 531
809 146
606 1062
893 672
599 706
65 440
305 828
977 672
855 603
332 942
914 345
446 516
381 459
927 180
658 279
903 974
468 975
3 625
1007 425
711 817
990 993
836 644
779 22
161 829
102 214
693 944
551 114
204 72
474 305
1043 515
829 442
636 946
126 972
253 160
917 151
1015 944
112 582
395 741
520 923
525 252
588 759
692 304
267 449
565 239
930 559
990 153
623 1083
249 109
663 830
1009 570
855 802
929 106
706 105
244 136
558 306
173 862
463 690
271 116
884 797
599 933
863 718
936 567
141 845
346 968
678 577
790 755
992 75
14 37
697 1024
825 694
151 712
761 178
524 330
656 891
203 257
991 63
1046 535
985 35
318 547
427 625
557 689
116 124
554 346
216 391
918 501
960 432
534 55
137 170
118 971
1021 588
516 13
49 597
726 434
537 655
241 259
324 776
711 588
292 287
851 220
192 827
727 574
739 901
827 570
213 740
726 595
864 160
454 907
1090 543
862 133
464 921
839 889
913 856
1002 419
796 867
612 601
175 999
858 517
817 893
631 102
593 98
285 489
544 782
430 296
940 408
127 732
894 139
1001 510
974 429
957 237
917 262
751 816
755 1077
566 787
882 376
371 880
481 713
235 455
165 415
291 621
345 21
760 634
4 308
613 317
836 914
885 794
231 794
605 662
822 940
229 444
1093 998
236 253
718 964
303 182
822 101
1050 776
759 542
696 522
40 1044
828 957
229 309
505 1042
379 603
543 201
822 594
280 891
748 898
611 186
1118 250
137 203
285 936
277 621
560 1053
231 115
179 822
535 1094
450 871
224 148
87 223
318 785
989 370
480 537
950 884
231 291
383 281
193 782
705 864
801 811
958 904
872 188
278 95
161 736
452 464
394 315
677 608
365 125
122 723
957 507
915 49
249 706
651 1116
498 954
138 998
283 139
887 776
421 369
543 220
32 360
745 23
300 102
107 500
435 148
180 893
189 890
931 249
681 910
440 651
145 405
641 384
618 186
798 325
296 692
376 439
670 593
431 486
1044 507
963 544
975 920
333 759
611 398
935 220
968 409
236 1059
358 440
108 968
361 321
511 600
564 1011
648 557
545 995
169 739
203 484
420 301
829 212
812 778
445 753
517 438
625 1057
969 112
97 296
532 953
461 781
378 358
538 658
1015 336
563 113
422 695
883 8
581 131
986 1102
597 1022
332 696
358 377
683 574
762 501
803 289
833 206
767 513
119 810
408 379
116 1064
1017 290
1052 266
831 313
496 779
175 211
128 635
1069 957
306 745
973 542
226 966
156 106
956 781
56 690
778 586
412 310
721 595
795 575
338 388
792 299
108 779
195 492
785 105
392 742
786 404
290 483
435 427
693 960
1035 943
297 729
555 638
653 778
333 1095
772 485
656 387
404 785
593 397
799 26
156 848
625 286
876 468
275 991
852 385
384 816
920 1030
946 743
846 833
661 479
1096 350
1053 849
286 907
1042 266
519 472
714 165
926 438
374 842
290 722
996 602
165 187
391 1021
713 142
872 829
599 182
341 540
42 781
649 919
580 864
200 239
278 1119
717 414
449 230
9 259
754 950
110 851
690 800
101 763
584 34
122 750
115 395
669 556
179 339
497 296
30 526
479 904
166 841
121 290
1118 936
613 803
934 936
697 849
195 1071
867 752
1019 713
329 612
828 738
625 948
772 442
802 183
812 34
11 418
576 341
1123 868
962 129
18 671
517 463
718 422
1020 953
585 59
940 788
720 518
424 663
729 510
995 364
733 737
534 588
563 577
826 746
445 897
211 892
151 433
215 802
181 155
782 391
137 591
290 332
958 464
793 577
347 210
25 12
80 880
620 429
1076 66
333 837
740 744
35 319
906 367
779 141
708 648
1019 238
1090 313
37 431
686 867
985 793
902 695
110 844
288 363
23 390
53 912
322 687
533 768
344 627
75 196
507 281
535 996
720 785
752 828
573 1093
584 602
178 1043
793 501
307 971
1079 280
865 156
945 16
495 324
973 561
480 960
649 613
438 936
945 275
558 406
656 813
498 868
289 618
98 907
230 373
318 721
249 855
655 1106
600 428
286 441
789 452
530 462
559 828
1084 897
800 769
699 462
939 533
76 262
153 258
896 585
812 156
961 427
307 1028
394 623
515 75
293 147
756 890
505 739
519 48
685 487
662 135
1001 618
712 166
851 185
423 566
871 226
823 950
387 704
490 914
145 491
410 982
974 412
445 611
639 267
487 554
754 500
1038 610
926 238
112 509
271 675
947 66
1029 898
655 969
835 822
708 585
767 789
890 52
896 732
516 517
435 491
344 930
713 202
286 138
380 168
299 923
488 748
305 70
381 158
921 1055
187 54
621 689
138 406
459 662
642 1093
1018 199
829 556
994 1022
411 574
145 908
46 499
384 336
583 446
865 31
131 750
324 125
530 744
940 850
193 278
960 777
238 30
254 273
285 599
1022 839
344 376
208 811
1048 402
503 917
882 831
846 322
243 283
946 747
160 406
137 415
908 1107
924 474
139 326
277 331
1071 689
817 614
417 415
461 634
301 299
99 307
946 921
804 238
825 220
202 308
461 513
237 479
1078 361
173 565
625 731
96 353
935 452
354 803
244 477
662 219
359 622
366 767
880 754
895 692
926 859
952 862
1017 184
317 752
517 542
808 748
744 771
324 817
214 536
560 996
483 779
192 1084
221 749
647 666
530 1101
969 495
676 431
422 880
908 449
834 859
224 800
999 636
88 1041
298 1008
866 277
268 178
644 908
291 666
235 103
975 492
418 835
953 773
992 400
147 949
558 580
261 902
775 379
173 513
649 942
229 441
408 867
479 103
257 410
968 578
569 123
235 773
1063 140
257 397
587 116
978 51
839 428
555 69
803 956
2 410
675 492
904 445
337 458
245 872
1105 1119
324 668
476 210
516 478
680 1071
251 103
727 567
450 978
383 826
865 533
258 147
109 301
767 147
913 1057
887 145
373 366
988 718
612 524
334 571
558 550
1071 895
591 1008
814 926
1102 123
647 55
621 201
141 801
119 141
739 150
421 785
244 193
178 1091
145 471
477 611
312 176
592 639
195 703
210 539
714 961
770 20
965 561
536 360
260 190
679 999
536 1053
815 462
150 738
571 860
786 128
394 489
971 1016
48 676
108 534
740 1092
705 203
926 200
827 365
548 37
68 819
390 732
231 357
960 416
499 924
963 274
734 427
1020 797
749 754
794 683
786 115
182 863
185 944
337 955
119 787
736 542
915 757
386 566
534 598
609 406
645 152
707 815
701 162
690 523
895 104
1011 960
797 466
962 220
16 938
961 1050
227 590
180 411
59 919
880 490
95 344
752 311
334 987
338 729
376 850
1044 758
554 280
868 774
1109 573
687 885
477 336
471 520
157 735
388 804
430 191
432 266
313 127
497 802
821 944
845 22
469 207
485 1009
609 138
523 402
642 616
308 960
1052 381
568 433
783 527
246 767
1022 535
185 893
827 901
241 392
586 189
693 530
669 66
576 222
1051 944
1070 109
13 495
426 412
985 980
715 570
952 719
827 727
894 796
281 482
943 982
544 399
641 298
776 660
664 211
300 293
366 272
502 233
604 217
852 359
24 899
893 205
703 126
145 979
373 104
721 508
252 173
221 97
546 833
635 451
439 425
690 46
861 955
183 387
152 60
825 277
237 300
374 913
382 99
329 196
129 965
342 473
538 850
813 1054
885 136
151 1047
840 494
7 354
756 225
162 835
938 749
610 851
848 1035
919 175
348 273
162 1065
493 616
912 169
593 227
283 761
470 586
405 103
116 200
426 40
211 554
575 292
568 1000
733 875
181 232
688 558
785 482
490 224
529 897
948 140
617 787
846 497
133 843
890 541
548 275
812 1001
418 663
536 852
108 769
389 203
256 296
386 150
509 328
395 367
933 697
156 707
1082 361
707 657
959 373
672 770
983 734
566 1072
721 964
178 1012
556 564
451 646
350 614
989 719
208 680
871 1087
301 847
523 477
556 173
226 671
854 368
572 10
244 106
614 1016
260 894
664 66
738 57
752 262
873 840