23 911
745 220
745 867
305 793
2 842
956 501
544 233
951 704
132 596
948 601
425 975
142 632
554 603
737 916
749 542
996 829
901 777
600 313
727 994
256 886
511 981
1122 263
42 996
462 480
443 526
517 309
36 218
545 815
833 340
778 578
436 167
739 403
900 381
77 376
70 373
608 1017
708 436
209 505
495 537
191 859
913 165
977 692
973 590
823 752
599 275
496 409
678 797
856 473
1107 83
402 705
646 1123
284 595
736 1047
881 566
272 1001
722 244
768 131
1025 542
437 487
490 205
731 898
475 276
716 634
663 561
833 627
750 572
472 886
987 675
218 268
985 249
723 452
591 791
669 157
187 609
1079 567
817 261
749 648
788 958
116 608
584 951
373 706
297 273
202 691
1007 812
827 221
467 469
159 1040
882 298
1013 477
488 17
858 508
608 798
436 870
225 348
211 536
391 1090
660 43
915 554
963 612
779 689
452 144
86 1010
31 308
679 758
381 298
177 874
807 942
699 139
1070 506
620 835
457 514
456 203
134 406
772 458
294 177
631 406
106 369
138 408
962 891
1094 835
848 877
508 1039
934 981
782 466
738 207
475 327
1031 122
179 263
696 490
228 1084
672 578
891 154
783 748
231 357
723 420
8 698
831 733
331 325
940 836
121 645
323 739
184 358
935 770
325 656
205 16
619 680
600 873
863 869
864 9
822 352
1092 449
835 512
649 867
517 61
727 125
932 619
485 316
138 115
848 801
276 447
172 751
961 499
597 398
875 415
628 971
189 189
690 598
176 993
1060 405
1113 107
410 745
931 603
89 847
376 1060
159 198
665 267
130 208
150 298
160 538
231 752
938 768
1093 450
611 814
500 33
937 605
753 809
413 494
238 477
669 377
684 194
354 211
109 938
374 889
1043 980
833 329
144 392
51 175
534 14
291 76
737 330
93 721
348 263
413 923
313 235
216 192
365 134
671 219
6 950
237 243
646 791
769 4
420 862
200 754
505 606
919 282
181 677
551 475
202 966
795 430
425 435
426 825
451 236
827 329
254 505
145 967
225 28
418 50
716 835
1106 657
388 196
62 381
751 568
6 563
539 622
295 173
808 728
770 672
406 12
686 642
972 838
489 476
1002 10
118 103
237 1078
518 1018
801 937
125 132
630 396
633 369
463 673
64 44
664 878
129 1022
334 495
911 515
580 1049
637 539
107 1038
442 522
701 976
965 655
598 756
875 438
220 743
1055 618
334 761
118 334
3 695
300 1029
915 301
267 621
525 297
117 875
66 325
127 889
962 114
63 793
669 739
248 434
456 1108
205 26
440 672
330 1086
623 834
866 466
909 892
43 776
713 143
892 885
241 225
969 827
995 450
525 781
445 414
1068 170
954 891
1036 1096
629 41
972 535
494 392
938 622
580 231
502 438
863 671
981 222
351 1002
290 462
991 402
1048 700
381 333
134 549
922 258
118 809
534 323
781 143
762 890
23 785
705 100
885 722
131 647
204 722
620 991
431 774
212 271
1083 805
183 450
514 37
1016 370
1116 600
705 245
872 586
810 702
509 716
266 843
617 80
941 634
905 281
1087 401
280 1117
181 603
325 99
1074 37
519 277
136 275
847 301
615 355
229 687
1014 406
579 224
616 10
135 909
753 1010
239 247
498 580
712 958
710 759
247 276
422 927
64 862
914 619
0 160
25 467
152 294
502 991
336 546
516 772
119 380
852 326
812 118
236 388
808 945
595 562
838 234
731 568
787 359
862 1030
600 359
669 679
866 279
930 267
707 922
261 651
558 140
284 528
871 800
749 336
57 870
1016 963
794 112
9 375
998 409
905 841
405 1005
533 379
115 1040
558 555
909 251
978 1122
653 1030
146 7
930 281
990 412
10 807
253 923
270 747
936 752
838 951
605 413
392 790
952 387
372 777
898 229
1101 650
149 149
1001 215
510 546
237 654
485 580
160 636
758 921
145 122
721 734
289 532
543 394
537 445
749 858
610 985
318 91
244 217
85 927
49 135
717 778
110 1027
1003 856
134 173
583 918
1066 259
218 971
792 972
632 407
853 378
326 822
446 201
270 458
940 688
153 341
1030 998
985 359
841 642
464 607
62 513
284 211
610 1113
908 276
538 1102
402 525
626 820
234 177
485 561
571 837
348 173
491 507
861 230
1084 993
871 241
957 674
853 353
542 758
448 681
176 225
913 804
467 437
759 836
449 256
878 717
327 148
896 514
978 440
222 825
237 287
563 1017
712 932
849 693
603 241
205 701
524 346
39 720
718 628
109 337
267 722
608 50
547 147
577 382
950 182
804 548
95 122
821 325
91 527
571 579
425 826
42 795
362 817
928 379
510 949
1005 354
560 367
214 662
564 950
435 265
511 795
407 554
888 986
1010 887
364 266
539 427
334 353
1042 910
512 537
284 1100
17 63
1098 33
928 1047
162 1089
192 1036
679 652
117 661
813 1062
611 503
854 284
317 801
249 885
104 784
821 420
408 90
706 977
606 857
450 855
123 474
595 813
273 829
422 1006
160 418
741 396
192 376
5 314
149 350
1085 850
705 1005
556 525
136 274
656 397
925 685
586 536
42 147
348 661
402 873
910 792
265 1098
848 1081
375 263
264 283
59 798
972 853
799 929
992 177
650 585
909 1002
550 737
636 1104
387 874
868 909
1054 168
996 522
182 900
226 160
504 842
742 132
249 850
884 230
361 587
934 376
677 773
193 335
645 157
926 1076
983 391
888 594
591 441
50 609
944 680
635 656
1003 747
331 798
254 993
184 366
395 557
825 450
833 145
768 840
418 842
615 461
495 529
1023 758
864 69
171 425
448 447
754 677
620 385
156 145
866 948
801 873
92 86
384 232
694 243
987 598
929 688
610 324
937 799
382 466
1017 500
685 160
684 1115
693 326
403 818
771 390
397 684
183 437
810 588
178 490
972 798
519 932
238 409
642 177
135 784
412 302
846 110
307 742
574 708
997 731
796 569
1060 164
631 571
900 731
156 938
687 1047
59 346
138 410
626 168
8 588
495 468
408 775
1111 161
102 611
28 56
60 346
496 1067
874 916
584 189
398 320
470 568
550 286
123 1103
620 673
507 841
196 507
1027 934
242 938
556 584
730 256
112 675
364 131
253 628
512 445
16 168
221 336
69 1123
690 802
596 934
694 1053
414 3
208 966
962 941
839 639
197 435
32 299
673 559
850 562
492 521
199 294
632 855
890 400
291 781
980 672
911 944
486 540
1112 349
949 585
315 275
878 1002
570 136
192 542
663 770
775 732
478 403
428 730
302 698
876 564
581 0
923 898
514 491
673 39
595 928
251 231
864 555
800 444
872 680
729 674
890 832
55 347
285 586
595 254
1027 986
1018 899
763 839
418 312
838 639
392 860
745 405
41 795
984 151
290 573
441 786
561 115
753 287
452 294
879 278
1002 445
960 569
882 903
814 367
18 272
340 405
928 876
721 706
278 686
779 262
796 1004
723 784
487 420
742 698
803 534
679 637
178 571
299 130
147 774
668 100
222 396
482 372
594 253
302 176
718 1029
417 882
729 213
100 807
876 357
961 572
278 673
700 106
251 548
838 985
12 584
1007 441
751 779
842 697
903 441
342 6
119 808
170 946
705 1120
242 1002
201 413
328 974
164 277
740 916
1028 319
1071 718
580 939
329 276
187 374
851 877
870 575
260 365
664 1011
590 741
71 305
7 520
743 781
836 691
124 186
198 532
476 785
856 292
894 440
792 854
219 1117
100 194
855 708
36 109
279 1114
238 571
521 254
1057 418
939 907
381 450
179 882
450 784
136 583
848 999
778 864
1027 599
568 173
183 1034
547 710
270 271
275 918
880 252
476 219
339 717
182 569
955 628
170 43
192 320
401 900
663 792
713 278
525 991
551 1074
147 452
186 80
378 183
395 655
1021 534
635 351
672 274
248 254
39 469
727 557
368 444
639 628
357 292
611 952
452 765
99 625
960 204
904 458
204 211
528 558
638 29
169 398
790 452
784 106
167 425
967 871
378 991
217 1020
857 878
326 590
463 60
979 565
214 64
818 413
920 965
339 841
25 570
527 948
688 736
239 885
101 327
130 429
154 414
201 262
741 6
981 852
18 136
404 459
685 584
119 560
602 507
463 764
384 918
633 272
1026 1006
564 80
135 424
299 378
933 818
1010 121
985 1010
27 756
837 362
212 60
381 311
189 937
191 727
153 682
217 937
284 1101
656 160
976 796
375 345
694 881
1089 1073
548 318
987 338
1119 426
704 316
1050 673
270 383
142 148
1053 453
574 78
862 920
850 214
230 149
610 749
347 156
970 940
523 518
798 634
860 665
1096 222
495 1020
169 281
648 359
987 123
705 844
948 799
1038 682
161 528
164 204
305 205
413 517
894 659
504 936
433 602
964 520
892 504
15 340
884 470
67 857
68 32
1096 499
130 1079
432 191
1088 608
887 533
987 783
1060 474
203 764
362 959
158 386
1107 229
743 396
242 234
478 484
888 657
14 140
760 515
546 1002
782 372
648 919
705 163
743 814
536 1109
1044 518
1039 388
944 925
858 191
560 896
573 592
1044 6
333 675
162 41
39 581
584 804
1015 138
661 1021
887 914
807 141
801 396
647 867
645 476
111 656
575 475
577 681
424 371
941 261
588 459
681 351
228 575