24 1036
662 18
180 778
1070 633
681 632
496 883
120 437
934 1097
859 656
699 805
728 889
428 105
314 821
626 630
1012 884
499 514
839 383
202 109
72 882
686 903
534 275
522 474
462 1019
937 829
733 611
961 41
832 264
559 913
888 941
128 399
820 12
483 491
675 778
532 650
227 141
771 676
178 994
1086 1113
173 1114
463 103
628 162
634 489
146 224
515 1108
830 454
683 557
179 381
936 531
1041 631
797 913
751 389
487 887
286 404
706 853
26 27
899 594
671 824
190 129
725 700
782 635
895 276
187 552
1004 35
280 478
125 911
78 173
875 512
432 435
405 441
144 484
800 255
429 680
509 474
93 337
529 816
114 604
728 986
920 1016
960 101
502 469
431 983
846 415
360 338
128 76
199 666
446 704
197 441
912 269
949 145
32 866
591 760
793 664
454 1023
491 997
312 684
650 211
110 343
900 944
332 375
709 204
403 829
294 510
17 745
634 1034
140 646
357 150
919 425
589 606
710 876
26 429
225 862
796 635
929 827
626 1006
249 536
186 820
528 420
911 100
919 569
850 809
892 592
741 872
642 254
849 704
609 1031
910 344
306 1106
824 506
48 1063
503 222
670 561
934 722
235 943
817 487
961 529
380 306
282 215
9 301
355 817
888 195
287 2
880 508
266 694
958 390
193 452
579 202
737 791
383 534
173 324
308 98
510 217
548 619
755 373
39 645
713 1038
0 923
209 109
678 211
1050 189
282 662
193 441
622 371
969 197
392 1121
989 589
1056 735
1113 250
327 1020
46 463
592 289
949 765
564 788
546 270
473 426
316 721
916 978
694 690
992 872
862 911
781 651
30 635
605 282
899 219
759 654
720 927
389 506
677 870
984 50
375 112
818 169
561 346
884 996
1063 979
1113 687
460 540
682 605
682 602
371 551
645 741
1049 713
307 123
997 1081
512 178
192 330
761 912
632 504
712 305
259 371
668 326
937 1043
757 181
423 205
854 301
650 193
29 732
1113 341
733 589
855 19
395 584
936 1020
113 887
882 446
92 570
135 181
927 497
824 1046
641 739
408 300
75 956
858 254
1072 785
1076 730
295 733
773 1013
749 913
312 120
464 30
586 735
598 956
293 934
182 190
742 1023
415 288
738 504
636 1013
443 163
232 515
496 1023
1051 914
286 694
133 750
1057 209
319 308
807 685
335 1062
658 411
873 404
284 29
142 1047
943 460
844 954
726 505
751 251
983 366
240 580
970 892
82 563
101 580
18 347
273 368
120 780
424 940
321 1117
280 854
734 708
680 648
322 979
369 478
126 390
827 396
255 106
832 739
787 936
17 1009
718 79
16 833
561 214
981 131
965 766
380 719
530 635
18 795
173 909
1093 601
22 812
302 548
603 320
746 973
815 484
546 137
467 547
812 796
175 159
956 885
544 864
782 947
52 225
567 338
706 876
939 1118
455 717
343 509
513 858
471 1076
217 165
554 669
541 416
749 249
858 695
460 621
630 746
608 300
622 802
180 690
860 463
810 862
379 1113
98 702
794 704
48 834
1007 932
531 306
979 993
955 225
749 926
943 1058
16 487
224 600
354 696
210 257
829 668
1001 386
675 856
934 977
554 334
987 42
728 871
827 251
906 924
702 907
190 266
512 828
119 1055
184 428
124 269
984 118
236 870
162 647
862 329
625 188
74 871
1 494
678 935
588 326
554 918
606 144
1077 865
727 611
1040 565
1015 615
677 339
889 706
344 793
556 982
1054 382
426 1031
258 966
906 682
235 892
1013 918
942 590
387 1015
746 928
368 111
970 343
1101 465
389 913
955 909
604 897
671 170
512 187
993 1020
745 1076
887 274
1111 276
314 518
212 719
1014 980
1040 118
179 886
455 329
641 667
62 284
809 918
545 35
1010 152
630 140
190 546
93 405
806 577
658 982
354 99
549 694
381 1032
517 341
656 691
1006 853
861 1123
960 218
671 246
90 970
175 477
394 370
174 800
349 1012
72 217
1051 810
951 177
1065 780
482 188
249 974
523 750
363 610
936 114
112 606
1105 375
266 708
829 384
494 181
979 927
122 617
238 995
369 632
896 1122
871 522
491 317
872 809
305 397
741 344
866 281
595 870
707 205
697 896
180 862
638 102
470 936
806 602
151 446
677 297
1029 647
850 576
578 1092
1015 517
992 791
484 799
428 599
950 90
513 234
788 223
909 417
707 837
375 129
328 961
802 437
823 676
466 223
948 404
526 332
351 659
257 360
1007 223
492 372
574 929
179 428
818 827
1022 474
325 665
927 178
862 981
857 565
708 593
100 65
123 496
342 938
759 845
453 1013
655 865
715 381
401 387
317 751
626 785
224 508
311 624
668 452
1001 895
331 581
35 148
717 782
842 316
804 474
874 265
978 631
844 364
1017 892
829 159
1112 633
517 564
203 79
416 144
580 641
761 887
1000 840
859 830
786 750
165 350
1055 1072
140 743
522 918
911 138
735 14
453 892
858 1112
586 721
184 433
703 864
977 301
991 306
464 1017
117 594
124 1007
181 153
623 195
663 662
851 1032
252 1024
891 936
209 738
1020 975
882 649
349 1066
783 328
177 1105
644 268
130 896
888 798
593 909
845 969
476 790
52 17
479 74
286 470
863 421
270 804
131 509
758 861
276 32
239 916
315 887
389 204
713 261
109 858
986 309
342 379
558 373
63 686
853 303
381 664
441 891
189 318
213 659
953 308
867 168
870 837
295 517
483 408
786 943
398 29
1120 656
907 114
813 410
543 525
945 832
928 906
851 900
747 377
308 134
67 512
372 586
381 419
600 869
302 889
302 181
158 944
810 95
1099 1082
609 540
559 395
139 344
272 692
236 754
671 606
250 351
795 822
718 843
934 1021
120 1020
357 408
733 131
440 912
895 375
455 663
754 254
548 487
126 491
1074 834
571 717
355 734
989 760
816 990
472 791
170 474
530 437
1031 652
903 546
227 1098
685 354
906 509
905 524
359 171
440 387
243 471
874 148
696 833
992 793
605 210
796 660
377 316
510 856
329 830
285 243
886 417
495 536
132 307
396 641
306 646
129 345
409 543
616 571
812 230
399 207
715 731
401 1108
639 875
372 490
179 149
325 179
398 493
605 866
158 1104
997 370
308 746
287 387
621 255
725 413
327 596
966 1116
45 622
591 640
97 569
312 437
129 906
337 373
798 422
659 285
193 851
826 808
845 437
987 730
177 865
217 844
784 893
973 992
364 605
414 832
1000 164
243 386
693 643
815 923
736 986
825 700
1000 910
693 124
276 328
253 1108
564 939
780 845
174 170
248 772
868 293
486 188
604 1013
419 1014
823 218
769 193
219 1008
35 6
338 632
796 873
497 809
489 157
444 40
702 619
520 67
919 982
354 994
751 592
101 697
165 956
230 645
901 296
279 336
201 633
592 731
825 197
663 828
400 123
208 159
183 741
711 687
990 710
169 860
530 647
490 120
174 891
1012 174
909 983
44 509
927 1001
269 787
467 1093
431 507
116 836
795 181
448 203
1047 770
789 694
914 382
277 806
277 500
12 859
602 237
136 831
739 399
653 27
248 147
689 909
276 975
735 36
448 661
671 295
568 888
644 228
846 45
449 630
653 57
149 387
928 506
318 831
935 830
947 616
1075 362
1085 709
1071 287
123 959
138 520
1053 185
185 879
456 226
1084 1073
271 672
345 430
143 861
848 700
879 365
871 983
954 599
225 474
606 890
692 595
490 64
831 18
379 202
288 367
811 669
1107 1022
821 458
130 187
580 846
829 825
251 241
310 734
564 90
812 192
412 420
842 979
951 669
172 382
1047 202
630 875
774 376
442 670
909 201
443 969
1019 449
8 910
402 934
402 873
543 246
808 781
639 412
206 757
553 862
914 533
1059 407
736 597
1042 826
172 595
829 152
1035 1020
591 540
33 286
260 154
89 524
1057 119
444 907
367 936
679 345
394 813
606 860
1005 803
517 917
421 370
985 171
1039 790
305 482
142 1032
880 726
401 783
1013 191
944 1121
869 847
917 583
905 558
797 353
569 1052
567 332
436 148
557 481
986 598
106 587
1043 768
143 813
372 170
1073 525
373 456
998 0
75 475
855 385
542 189
1078 371
518 829
696 801
1071 238
1105 551
306 1011
133 286
986 447
1086 692
447 979
76 259
985 355
365 471
385 278
286 167
576 518
1041 919
942 936
408 295
285 877
929 373
238 837
170 247
216 841
131 419
298 617
763 677
393 548
920 250
1007 744
1074 3
157 230
406 122
958 1093
1071 939
938 395
4 216
171 602
160 404
535 446
1058 963
830 341
612 641
119 597
419 664
604 480
220 684
792 207
693 561
185 185
620 618
1087 542
712 219
342 1122
255 285
690 849
231 282
898 78
361 244
704 398
1078 594
1000 249
898 927
805 415
626 324
297 433
281 1015
832 930
68 108
658 892
47 442
872 257
1007 52
237 1005
696 292
954 775
645 318
760 97
654 469
133 950
278 413
531 464
54 597
118 1086
816 275
921 236
952 403
415 89
44 117
188 520
123 570
160 225
1004 924
203 512
263 341
263 157
743 754
548 706
737 684
490 625
740 403
576 565
18 720
555 799
483 329
112 394
880 862
310 646
599 790
179 408
692 499
518 53
46 93
577 556
131 617
322 13
204 688
1014 1060
213 920
437 419
973 788