178 668
942 9
1110 998
617 270
440 566
705 475
29 1042
623 21
628 652
945 822
688 899
791 679
153 1001
512 632
655 223
491 27
933 311
203 903
455 924
858 871
852 444
914 666
909 154
629 603
598 970
419 517
922 574
189 678
745 398
576 1012
808 1017
770 618
614 1042
628 318
959 693
163 237
199 634
209 626
351 715
844 910
957 986
237 363
452 410
367 769
717 222
992 351
885 412
491 395
468 528
199 592
477 211
373 283
378 126
325 30
58 193
669 391
48 867
509 755
307 734
241 158
440 792
793 192
405 251
859 70
1007 13
814 517
800 174
950 830
256 827
341 932
309 945
969 1003
278 877
412 225
1008 95
527 704
468 983
435 511
504 414
596 223
308 414
312 10
280 605
839 474
343 501
107 764
329 410
438 693
1114 769
842 263
165 579
882 754
85 994
358 389
447 901
144 835
204 894
229 661
455 618
180 258
676 255
430 127
729 346
890 685
805 612
936 996
883 605
104 377
1059 358
1067 527
912 541
357 854
570 802
661 1089
955 487
642 125
465 713
774 1077
749 529
524 711
857 34
28 387
73 1066
218 737
210 519
328 944
210 331
929 1123
281 1012
760 477
486 309
159 547
967 315
539 943
652 149
479 689
547 546
168 780
140 137
137 110
991 962
391 857
464 1051
351 561
240 474
798 234
497 958
244 467
908 468
533 823
702 607
473 830
297 842
370 420
581 513
539 427
42 747
958 638
378 724
147 969
470 320
815 284
488 527
674 310
319 947
700 9
141 160
1061 247
501 644
212 635
891 261
950 222
1122 556
1031 839
441 897
128 112
424 249
923 911
992 31
660 500
337 611
536 787
676 761
863 837
334 377
53 366
921 475
452 456
738 682
345 988
159 415
992 976
615 271
650 402
595 199
749 436
652 937
146 125
284 753
415 754
539 813
844 910
128 46
751 562
466 300
508 858
427 740
854 657
401 796
692 38
501 585
611 544
471 1040
784 201
493 234
1057 98
578 939
579 864
95 762
710 841
104 169
791 265
643 235
650 378
859 645
898 595
545 14
493 933
750 1045
955 523
121 1068
461 432
81 569
777 524
926 774
305 816
228 39
372 423
912 105
328 404
544 1077
74 571
112 381
735 766
506 192
828 548
457 505
535 386
203 163
454 185
254 497
432 942
462 771
714 838
379 1017
873 776
931 673
822 568
986 510
637 1011
207 268
121 317
491 479
539 559
408 12
866 755
462 622
747 826
431 569
225 419
255 364
291 636
973 465
452 960
163 894
403 1088
350 960
220 894
442 825
133 931
37 928
573 697
83 514
358 613
782 796
1009 977
901 74
507 506
874 961
6 705
934 1020
733 378
838 818
1067 915
868 623
413 915
947 420
639 92
662 3
1113 622
411 1121
626 857
481 726
293 519
847 852
1058 848
921 452
559 871
259 1092
752 508
845 1002
936 169
913 994
312 228
670 215
744 568
431 272
381 641
186 346
234 911
310 503
274 148
121 729
333 357
700 868
690 703
487 18
248 860
1024 992
273 914
628 199
103 559
730 781
888 948
460 731
912 246
530 396
573 439
199 462
131 64
901 741
1017 468
474 845
903 531
333 424
952 432
32 411
914 989
932 91
748 215
640 1064
865 197
1025 689
147 479
736 234
1037 252
1095 1093
588 911
765 517
619 341
703 98
766 202
619 90
342 131
661 326
466 381
682 200
919 518
1112 811
444 424
301 422
260 972
712 139
309 364
943 590
670 383
477 310
940 489
280 332
853 742
109 722
496 976
475 698
928 897
82 674
520 1012
561 319
350 382
551 177
315 190
551 215
659 1075
1073 73
648 1003
116 336
356 274
265 588
272 502
530 435
159 251
608 974
927 701
917 712
309 955
971 487
230 515
435 1043
1009 1005
194 839
1116 1094
232 749
448 714
413 545
904 238
587 657
1000 1023
801 919
417 301
869 125
227 484
1009 531
670 274
858 108
182 868
148 503
494 340
1111 662
168 947
82 343
802 660
675 668
310 915
445 741
502 618
1032 824
854 399
802 1017
332 500
37 541
633 689
759 478
512 583
460 509
887 403
987 1011
581 646
396 294
779 897
759 784
966 413
771 896
981 701
485 364
534 383
917 583
946 1065
332 840
73 1063
460 191
995 440
186 449
296 1014
347 330
590 782
969 642
505 187
143 487
423 828
77 911
805 393
837 197
437 710
380 507
169 758
742 890
495 430
1023 458
805 493
696 572
399 1093
957 48
696 645
181 181
22 263
1092 656
130 775
939 511
454 849
819 223
1000 1020
218 183
722 440
836 38
675 434
936 827
118 173
600 260
489 649
892 612
617 333
239 386
499 478
1070 267
945 447
726 541
342 6
119 572
870 1051
887 415
506 99
1078 275
880 398
805 485
182 292
237 842
324 438
631 291
353 1017
578 150
982 875
655 731
459 1053
640 93
246 669
59 418
610 40
265 555
671 431
425 877
1029 457
272 432
987 323
751 634
309 855
144 552
286 876
514 580
687 835
668 961
542 1004
201 144
579 809
840 236
600 761
367 192
856 698
1004 915
394 400
832 827
118 1023
878 1008
55 378
154 158
314 1123
826 177
850 276
979 554
357 909
989 956
227 532
427 217
653 1029
393 320
761 1106
175 936
747 453
827 867
714 267
832 432
652 165
409 182
87 729
1078 600
801 894
879 1026
541 391
681 160
110 135
496 698
280 335
1117 463
702 239
686 605
276 1018
923 101
877 304
648 277
355 541
932 256
317 290
954 815
1092 92
896 715
266 307
407 660
715 965
816 525
1046 124
303 336
871 783
722 673
494 814
623 835
219 170
631 1013
402 674
382 733
66 1016
938 772
849 761
828 112
859 966
335 360
859 116
689 794
877 496
685 593
765 930
367 167
679 651
919 237
441 550
650 415
985 391
728 787
483 364
1071 950
722 284
590 412
117 782
476 731
320 292
242 857
707 1054
1112 191
788 772
664 750
936 469
395 765
471 1069
27 910
40 948
1037 975
977 162
790 368
652 610
333 540
342 296
624 418
553 1021
492 690
632 819
247 349
136 100
484 183
803 149
901 431
816 251
714 423
389 293
685 123
200 634
108 61
658 719
487 148
141 178
1016 895
641 715
404 166
978 387
256 1047
332 870
252 830
891 103
164 23
976 425
796 253
913 491
498 136
800 674
964 120
817 160
63 876
425 343
798 475
845 891
433 427
136 327
609 545
489 290
284 988
996 225
790 517
527 623
310 958
672 892
304 278
732 564
45 259
134 357
1008 227
784 362
521 246
434 737
434 1010
682 741
322 136
936 1052
377 518
330 1037
293 493
1053 977
492 275
381 686
168 821
635 96
562 422
373 344
392 1122
854 220
896 616
150 595
917 986
251 730
576 69
1098 537
712 240
157 1066
327 412
686 854
953 586
691 345
282 1036
819 75
39 793
1100 992
444 1020
254 691
550 1032
875 626
1065 20
792 980
806 303
563 451
391 117
830 223
810 44
812 1018
910 1022
786 473
902 315
448 982
801 404
160 53
629 412
635 621
263 1084
442 360
546 960
860 958
757 935
1013 291
926 214
249 929
548 355
570 60
685 250
154 579
132 667
94 716
159 460
1051 571
686 401
826 763
304 770
930 455
373 476
411 181
190 156
510 208
343 1060
243 1033
174 344
555 945
754 167
230 417
780 562
175 444
517 286
926 181
759 359
846 1028
752 440
248 155
151 123
243 844
777 1063
421 678
667 477
537 871
800 958
778 1071
449 852
895 816
457 90
528 325
148 564
964 527
116 710
748 756
300 443
304 33
449 342
24 296
287 243
805 367
745 702
401 920
614 779
791 549
546 527
823 296
532 601
505 574
2 207
752 566
548 121
621 476
7 921
372 437
436 257
460 112
273 520
730 804
248 235
279 278
313 530
986 101
128 554
99 267
421 887
298 956
174 232
622 516
100 141
258 619
313 111
416 146
383 394
743 640
1016 426
552 754
500 132
963 1103
223 931
412 939
741 1003
819 886
940 1040
284 957
742 782
824 403
693 483
819 732
1023 632
839 181
451 747
156 353
124 661
25 302
500 626
794 713
870 238
731 621
709 953
865 844
809 996
479 308
304 781
555 24
955 218
546 114
194 22
176 522
101 1110
196 795
883 523
499 395
601 138
867 864
869 620
738 497
282 387
624 897
670 780
502 842
116 731
344 363
888 121
781 400
662 391
236 273
509 253
974 1098
926 137
553 323
244 538
904 375
347 757
929 22
327 809
951 512
935 913
465 956
416 848
353 174
22 813
441 778
666 657
6 286
286 177
863 756
375 950
605 915
545 636
956 190
1051 116
789 925
218 1077
949 1048
834 1099
406 945
238 196
403 271
26 244
977 192
900 873
108 445
1083 925
699 460
596 422
136 1022
443 684
862 908
579 189
372 412
531 10
266 309
519 58
866 981
560 431
466 278
695 220
711 362
738 238
781 829
521 890
844 649
535 794
617 339
559 771
310 873
274 993
907 196
838 497
751 757
825 431
117 889
1086 47
882 772
276 560
506 389
570 219
226 649
1112 970
622 890
692 926
436 852
336 18
96 407
470 101
640 30
629 216
730 607
676 652
892 521
446 874
788 1100
843 973
625 634
294 71
581 556
857 583
300 133
296 427
720 1084
671 674
606 113
236 175
1101 260