735 926
886 102
270 94
193 971
1039 872
135 159
173 69
1004 710
468 596
250 650
125 645
233 223
124 253
0 749
993 649
380 1114
245 754
1103 205
215 855
766 969
603 187
815 944
1017 633
589 1072
831 631
813 650
1068 742
1102 448
21 175
987 435
457 191
800 541
949 799
910 1011
552 388
912 552
418 683
543 365
844 776
335 1044
1015 377
939 224
929 499
322 700
544 983
819 752
771 1089
391 844
682 781
853 800
102 962
305 725
889 310
273 370
431 379
1120 1081
249 959
316 180
619 955
1058 324
796 255
816 798
593 376
404 656
860 806
1122 929
410 153
299 353
1039 685
1115 393
767 400
699 327
1020 418
80 301
138 129
135 766
964 749
570 535
640 203
910 657
496 462
903 639
269 880
752 371
966 967
455 1081
633 507
680 997
474 537
831 372
61 282
488 683
119 83
890 712
839 630
959 503
21 817
555 573
100 945
326 491
919 307
956 565
389 347
623 989
548 992
1074 836
890 897
732 682
445 385
502 345
133 870
146 873
812 213
813 516
200 536
1016 204
921 732
129 154
630 249
1111 757
1112 524
479 524
218 578
989 965
1053 118
183 1101
81 17
995 401
544 193
319 633
1090 568
545 986
121 958
560 262
415 614
683 406
927 163
943 128
176 198
414 770
905 139
966 186
856 851
102 678
407 480
456 812
218 761
951 824
192 638
704 384
519 223
444 806
171 145
251 955
697 628
519 43
588 542
809 474
675 843
963 670
252 982
456 864
151 814
509 173
757 1096
873 336
717 305
155 881
651 396
721 883
108 463
440 325
812 793
969 949
564 387
603 724
213 623
463 63
386 339
575 264
417 493
243 383
172 480
700 316
448 1070
563 885
227 238
345 962
838 355
271 962
548 330
216 16
813 370
837 751
418 829
805 979
844 1005
310 490
269 253
443 304
90 586
831 778
751 102
702 691
803 740
674 218
932 658
899 247
104 69
866 152
190 114
467 955
855 865
842 184
633 328
1113 1013
42 719
871 1107
974 242
351 958
842 940
873 233
109 185
673 643
687 338
590 679
931 421
513 586
445 616
248 894
119 1032
892 84
330 542
210 1003
120 550
980 5
1092 813
654 25
674 895
644 860
873 1121
994 378
404 884
883 857
45 235
1030 545
111 332
553 145
817 500
383 981
132 447
409 709
291 171
184 491
842 218
293 761
132 567
388 769
731 123
670 175
770 721
557 438
458 727
537 952
413 1048
216 580
761 245
826 586
314 122
207 626
948 292
57 405
801 641
981 34
383 837
284 67
291 907
358 580
505 787
675 145
991 880
380 468
335 661
828 944
370 264
507 656
572 236
227 68
234 291
966 517
905 150
110 230
551 103
247 530
283 747
658 769
402 5
723 852
412 520
397 641
774 566
708 820
585 115
782 225
966 518
701 821
1022 633
337 407
903 688
426 267
417 316
1028 884
683 1009
493 68
429 304
23 846
543 1
50 90
783 322
24 353
161 1043
436 176
493 885
535 1016
38 723
597 105
683 1017
320 334
361 152
754 942
1002 735
660 284
784 573
77 400
882 506
820 623
320 272
490 620
599 1020
230 591
690 984
786 449
94 774
282 569
670 246
971 703
452 350
30 439
140 216
285 537
119 484
522 210
622 135
1070 67
229 962
553 1117
390 26
727 442
1058 207
417 989
561 320
926 665
1099 554
171 290
794 564
938 647
687 172
470 946
782 479
306 839
66 1123
135 1003
715 1120
1006 422
194 21
639 738
321 609
340 580
659 459
597 43
441 717
765 802
500 988
492 917
11 1
469 128
215 680
914 550
436 184
894 516
814 544
223 977
447 527
1005 290
243 953
247 269
1061 502
188 290
430 1059
400 440
1034 469
727 687
904 1038
817 538
298 228
591 507
975 929
1050 752
915 705
722 749
886 843
253 849
645 286
1040 516
914 416
266 317
632 898
256 737
1020 637
740 650
450 899
537 691
846 821
230 359
1035 994
689 955
816 267
267 618
388 558
226 796
834 554
162 383
475 784
280 572
482 125
615 474
221 125
52 1023
624 143
924 991
589 776
52 1006
255 272
597 565
657 934
408 230
453 553
100 919
572 775
999 230
889 918
770 713
689 292
952 988
86 399
328 768
157 58
193 370
1046 1005
979 242
461 988
828 438
745 630
333 555
414 591
541 877
786 272
809 872
651 1069
285 243
38 543
723 689
740 354
2 914
879 606
345 561
935 946
213 263
870 546
751 598
270 16
202 149
492 883
236 493
430 329
667 895
221 167
75 444
928 1096
1118 590
927 1015
207 108
320 271
106 559
147 32
463 875
915 275
662 619
726 946
927 265
269 1121
267 533
387 911
345 744
866 595
125 1012
773 368
533 658
519 706
261 936
181 205
634 151
182 544
490 751
568 532
510 986
913 371
755 1009
289 320
42 1115
530 347
966 672
928 107
952 587
135 1023
685 455
792 540
974 782
1018 702
516 874
563 503
246 955
815 1058
380 167
703 1022
1045 898
272 584
995 378
559 80
254 319
498 354
426 162
536 361
825 858
237 565
781 682
919 504
349 811
770 156
303 627
356 666
465 702
523 242
315 938
295 109
304 14
719 1011
68 131
286 936
862 1012
182 653
990 439
294 971
385 123
11 488
114 488
291 561
644 638
238 371
118 1112
145 122
919 463
925 390
1091 358
862 585
369 257
378 591
421 911
395 161
252 855
211 585
351 366
272 691
897 646
131 384
164 683
117 691
533 963
257 222
879 217
895 147
233 796
642 417
68 1064
1007 462
280 205
520 844
445 845
466 517
132 286
672 290
1006 474
218 1010
476 633
870 174
976 1055
312 373
92 781
1045 1005
306 860
442 845
795 616
517 1018
979 270
741 655
1036 751
718 898
690 228
457 803
211 740
862 325
975 15
738 629
369 809
606 252
367 61
1104 713
187 474
345 492
603 376
40 285
695 161
149 311
985 486
841 425
217 903
368 140
594 34
806 868
516 618
646 147
522 848
764 361
507 834
651 491
956 722
163 237
716 251
110 506
1123 960
355 251
892 886
698 547
898 1119
544 566
201 409
1008 186
1117 223
966 883
359 226
382 940
702 1020
861 913
660 584
990 577
953 380
30 302
575 633
697 545
520 409
605 408
996 924
133 508
463 622
211 498
986 969
171 567
137 764
841 144
1109 747
716 870
137 743
899 893
438 621
619 396
234 595
229 212
926 844
19 1055
792 422
464 685
906 381
963 38
357 709
944 940
600 848
581 818
893 566
922 765
1113 542
599 313
306 693
705 363
513 416
475 875
1120 173
804 405
762 674
416 578
954 414
899 624
741 734
368 202
507 856
106 488
348 328
496 1004
230 743
249 682
522 594
40 360
511 17
180 1033
355 380
297 567
1024 1074
940 674
464 254
640 807
941 405
333 597
355 910
970 855
528 784
148 686
333 760
129 480
102 150
649 806
999 206
885 209
335 550
210 911
190 533
645 672
354 858
86 24
474 662
203 713
1047 857
667 478
371 1050
111 631
51 870
42 373
987 822
995 661
255 975
177 861
485 142
1022 928
650 382
899 630
673 304
754 323
866 1003
431 163
922 162
377 856
679 810
643 508
647 743
810 334
217 680
179 565
75 687
764 1006
492 807
905 214
1121 398
1019 1051
571 752
453 881
1040 711
326 427
1043 165
507 132
307 1004
881 128
675 911
169 312
162 769
720 255
594 894
1091 229
524 822
111 90
41 644
863 566
796 801
322 152
357 287
84 917
296 722
563 760
471 675
552 1047
308 843
867 576
155 427
579 829
832 882
767 762
724 221
900 634
261 984
754 580
870 521
990 727
448 389
773 824
955 522
299 885
380 600
850 916
127 214
280 532
163 800
438 705
356 1053
829 928
849 547
990 603
735 63
254 370
521 399
16 271
233 1006
177 444
122 557
926 359
358 889
756 653
423 456
921 1031
929 109
913 239
659 171
400 164
151 273
601 495
345 840
1006 510
215 629
544 246
649 337
644 655
801 708
384 16
50 292
775 684
340 730
815 342
711 536
397 164
333 392
347 1023
874 122
276 723
63 968
674 163
499 432
813 164
878 984
840 619
706 643
561 153
419 802
556 603
725 273
130 264
187 742
746 1002
659 665
529 17
504 526
680 630
843 558
669 349
438 650
691 987
878 908
162 411
567 242
1001 463
45 526
401 116
192 627
271 590
511 183
364 156
810 284
850 206
289 726
187 821
786 514
198 233
529 488
330 559
665 113
917 691
531 587
674 145
548 223
404 297
1112 402
264 177
157 535
581 534
797 815
486 785
944 474
1018 1003
793 832
18 282
591 867
913 653
595 234
484 1095
567 8
826 482
225 838
350 58
185 788
234 820
940 992
207 75
601 995
358 346
297 313
483 59
482 287
1037 897
169 326
57 639
41 125
849 481
466 1008
543 744
822 975
138 309
240 402
1009 172
526 156
488 446
1009 215
440 541
987 670
616 215
489 41
522 415
602 580
27 57
271 825
299 327
604 860
492 351
318 237
1122 857
238 782
383 490
345 111
720 957
929 621
665 814
956 295
637 531
242 552
932 338
640 818
599 419
1011 118
558 188
850 665
684 90
616 1115
874 608
381 417
636 509
1115 179
173 484
444 506
1024 381
257 616
596 917
753 529
972 937
323 819
87 459
25 830