237 884
660 660
409 637
102 173
1011 793
186 460
174 999
230 398
848 18
855 1121
855 764
548 583
609 904
740 1046
900 340
345 748
185 553
310 462
517 281
967 181
328 183
806 237
284 77
105 193
184 646
522 565
236 819
58 847
658 0
122 374
539 613
646 115
560 597
147 793
516 837
379 231
952 3
792 955
178 930
942 825
766 836
460 126
500 760
788 214
285 156
761 710
596 126
181 164
419 558
20 381
411 921
204 749
1121 160
1014 366
592 743
513 380
164 722
4 1092
861 297
346 644
371 972
1016 742
972 520
330 261
675 556
783 795
935 1116
829 774
520 843
681 899
203 930
938 230
763 824
812 325
104 995
539 0
639 477
129 753
374 362
1005 576
481 823
942 1104
170 524
702 783
759 790
474 275
907 1015
589 364
229 290
963 531
99 430
321 243
629 594
443 155
165 268
990 252
984 647
935 1090
588 305
435 470
1048 713
431 331
965 321
90 326
203 819
858 180
949 530
715 261
821 651
431 405
514 921
518 479
15 1045
612 967
154 707
868 791
782 186
498 83
33 998
890 798
54 792
583 1008
1 98
354 990
880 888
707 41
713 689
679 404
445 711
179 255
682 213
793 626
838 971
618 594
506 381
327 297
173 627
251 9
949 773
788 294
704 143
768 222
1121 647
526 194
352 1033
446 136
131 830
1050 535
80 618
734 1069
185 742
986 867
919 146
1086 783
182 782
970 133
166 217
910 370
148 567
472 1040
393 1007
108 97
448 322
431 832
1066 977
664 985
146 126
880 801
737 314
216 134
268 187
132 793
939 815
358 759
1108 246
119 1063
544 641
741 705
356 584
773 892
145 713
735 427
44 1093
1107 892
942 82
914 407
704 873
62 38
508 208
798 372
776 258
945 496
691 1050
25 718
234 1021
950 523
867 270
955 953
957 880
717 298
935 964
426 874
188 950
65 953
816 718
479 819
581 550
61 241
615 560
24 451
1113 224
92 197
295 179
788 392
294 615
805 855
86 856
642 807
355 340
959 858
193 405
1010 912
518 715
626 946
433 379
226 145
936 376
497 905
614 231
338 830
279 403
734 713
832 84
1096 504
384 714
574 171
400 136
957 362
628 533
522 381
671 739
1007 152
789 151
131 0
401 204
573 260
111 718
170 39
495 1122
846 928
794 876
756 498
1099 614
778 743
375 146
1116 281
515 848
167 748
543 134
788 185
829 375
861 770
223 551
560 1016
681 297
1115 683
1082 162
187 752
778 705
768 667
951 456
32 492
760 538
570 841
471 706
150 166
508 106
827 352
582 1120
208 825
410 338
782 1087
870 691
350 837
298 974
231 119
242 129
942 610
500 427
848 593
188 984
752 38
597 371
733 1003
853 109
694 1036
1000 387
353 388
299 616
504 34
990 895
806 709
653 703
402 960
948 760
634 286
223 816
861 703
870 268
684 987
747 426
454 397
536 359
891 932
267 318
127 380
733 306
695 97
660 458
680 974
651 747
998 730
145 238
819 453
172 509
145 1096
479 932
372 915
694 163
1004 965
687 285
54 294
274 65
737 852
759 884
548 149
608 619
374 683
379 867
89 821
591 548
978 437
921 849
568 198
746 994
860 785
451 834
853 797
919 372
1020 261
864 216
342 157
722 1042
224 954
123 216
431 662
610 883
57 367
562 799
171 974
730 585
251 686
686 278
436 517
410 706
816 93
117 811
999 334
850 772
398 303
194 842
989 228
462 178
396 1071
731 599
67 611
107 1025
561 34
341 1024
651 651
420 571
406 867
959 810
149 17
969 1085
590 831
1016 262
531 972
782 248
725 395
499 697
665 508
78 50
894 893
962 979
254 0
573 967
420 992
860 291
989 843
693 529
586 88
682 372
569 624
417 709
635 135
427 545
842 67
226 262
971 541
1020 386
1122 523
134 262
915 102
819 891
1032 359
661 285
105 846
832 1021
48 525
527 232
614 1009
354 260
384 861
532 546
758 1009
361 339
881 86
436 209
827 733
171 217
392 970
890 196
723 842
189 1032
642 182
223 476
957 4
1097 48
545 868
904 399
296 991
504 679
792 647
174 615
869 397
718 749
1059 992
227 498
368 231
202 253
436 665
739 104
618 560
154 320
927 290
108 1047
890 783
233 1048
48 254
209 218
711 638
910 214
144 1037
481 1053
360 775
229 581
347 352
1009 873
180 668
252 489
1048 874
163 704
850 524
907 784
239 661
69 661
443 1017
915 989
806 956
755 844
931 933
397 962
1005 689
248 364
611 367
75 922
627 184
533 912
426 980
833 246
302 778
317 871
599 367
901 974
927 437
184 41
73 488
722 70
260 494
665 308
607 722
951 986
324 468
719 723
448 954
244 61
1062 880
673 209
613 265
1003 52
478 317
599 125
322 249
647 538
602 916
280 589
849 1032
69 139
647 164
658 911
94 897
843 152
506 1019
137 929
860 239
741 142
247 1022
150 859
590 366
710 85
153 629
405 635
767 419
378 246
292 640
779 173
371 82
241 590
765 564
1004 931
115 841
856 137
818 672
858 897
725 549
918 182
116 642
897 587
690 581
238 392
975 481
1121 276
79 853
686 41
237 574
949 992
644 659
684 969
727 459
355 995
712 701
78 883
739 353
252 1081
435 536
465 970
0 623
1052 333
818 212
647 931
949 1116
727 761
598 1016
695 256
1058 550
771 476
973 105
57 278
825 187
299 334
1096 322
862 668
335 514
133 861
956 144
646 167
45 723
879 542
929 669
1032 713
895 91
1057 256
590 452
206 213
188 49
268 379
730 433
823 763
52 403
222 784
605 379
693 445
929 448
1123 84
1069 1110
928 216
326 272
458 907
753 259
533 453
567 217
51 518
722 355
329 334
899 214
246 1069
429 114
789 533
173 204
905 887
450 287
633 780
304 238
692 499
968 533
21 544
202 755
242 962
567 229
688 907
228 633
403 571
788 361
949 505
965 8
834 837
376 216
945 686
147 157
696 1041
761 309
727 1020
285 1039
1073 373
464 94
726 370
504 15
126 833
522 126
252 646
173 481
446 934
808 391
593 14
956 197
154 506
894 503
980 661
581 545
727 894
199 178
690 223
421 545
668 874
695 478
591 581
561 610
604 131
920 788
1003 584
1096 525
85 923
190 574
592 765
956 643
643 336
835 984
247 692
417 714
469 1115
364 687
854 1084
762 474
589 451
513 488
146 718
125 286
383 1064
425 420
423 717
527 192
956 760
588 41
131 133
866 686
979 29
871 1015
316 447
598 952
496 846
908 1035
239 295
677 672
931 282
999 350
479 520
135 913
682 697
1002 429
812 698
642 519
449 378
209 132
904 714
46 604
374 268
623 943
893 981
755 922
490 73
456 8
768 505
618 701
246 872
581 699
1115 443
796 415
385 406
131 350
835 946
67 159
575 742
4 934
667 1057
490 919
87 798
372 802
257 91
125 258
519 526
133 806
298 772
23 218
126 926
995 902
658 370
315 75
896 196
225 751
336 472
920 507
723 272
11 611
494 874
561 755
516 861
626 235
712 963
37 1089
221 949
555 745
284 1108
316 235
865 652
720 305
677 223
228 112
1002 776
885 740
1070 509
365 88
386 921
980 222
1008 364
237 829
589 519
890 173
334 734
1020 269
222 977
615 680
780 927
990 447
913 493
730 501
723 259
172 398
787 86
115 438
963 476
939 664
269 441
448 507
13 4
577 540
420 712
240 735
216 226
634 813
336 679
363 151
879 990
520 864
436 577
24 1045
176 390
947 133
108 1013
588 1019
866 1038
382 416
406 355
482 989
603 682
980 197
177 751
334 1023
1023 609
348 12
651 836
1065 1061
723 570
685 434
687 643
200 980
279 1112
763 990
353 904
773 712
725 575
940 525
313 940
188 852
580 910
788 794
1081 672
591 524
697 657
437 321
33 872
667 749
1005 876
52 920
290 760
721 714
169 1008
746 943
293 246
566 211
164 434
468 1021
900 561
755 440
362 757
63 653
516 337
709 437
309 1009
469 732
729 534
254 491
890 836
274 82
996 517
130 1052
867 523
332 658
147 131
379 1026
1007 973
48 687
549 737
366 524
814 953
450 117
532 228
980 477
566 251
476 668
279 386
274 203
42 290
868 608
209 90
1009 742
848 271
178 1101
429 452
774 314
1065 578
271 492
880 679
283 946
893 967
557 505
996 309
61 788
151 205
892 803
995 323
284 796
148 936
870 529
319 864
438 269
357 501
184 1114
603 894
539 404
214 1095
427 750
783 452
146 359
937 161
608 161
498 634
1059 498
196 288
821 673
230 797
100 652
433 344
893 1120
1014 408
413 414
799 201
996 1026
642 873
219 663
351 339
856 1048
392 263
944 235
129 986
977 471
1063 996
569 954
723 159
378 557
764 493
999 879
351 276
474 97
1016 779
439 462
1056 136
968 980
298 869
842 30
518 272
692 711
175 155
285 479
916 1041
420 952
28 901
402 964
873 911
823 1007
755 402
102 933
689 493
481 856
257 514
633 607
259 727
884 927
934 1068
313 969
665 973
265 649
625 952
887 196
486 674
889 1015
209 999
312 766
697 1022
905 248
182 703
453 997
337 144
651 338
333 383
883 797
139 601
914 35
765 647
860 153
573 408
906 576
808 753
285 470
517 714
286 548
441 921
438 210
409 939
144 105