963 1075
153 285
681 297
1006 516
546 637
884 894
611 463
922 516
790 903
378 487
553 106
447 914
315 600
614 107
538 161
212 621
930 401
373 750
226 332
3 683
1013 481
199 750
446 152
416 61
875 333
266 267
1014 644
833 879
295 499
207 652
752 741
855 359
271 491
731 130
467 375
68 423
783 946
280 222
351 1005
935 803
52 151
249 118
239 943
255 706
738 360
1001 149
223 584
808 482
663 1116
917 213
328 226
117 213
783 197
717 374
351 585
404 349
633 649
623 633
255 882
381 1067
925 161
556 965
294 82
303 294
431 585
449 185
424 431
618 956
508 990
272 222
949 79
147 405
227 332
828 787
143 279
1011 516
478 636
176 431
279 877
433 508
655 940
545 351
870 779
735 561
1022 686
839 344
968 25
577 512
157 520
201 975
834 699
825 533
232 851
158 654
325 253
868 745
141 445
388 571
913 271
636 1078
1000 1023
1020 375
659 732
180 666
648 231
204 753
193 452
540 979
430 1007
316 748
226 627
1006 1016
950 354
530 628
1083 627
1009 664
674 846
950 387
709 666
486 184
143 654
878 201
504 924
834 200
793 325
259 38
589 364
801 238
832 854
578 307
192 382
295 602
489 933
349 442
831 544
237 882
62 679
416 570
846 821
508 53
196 486
140 943
652 120
839 279
690 270
382 275
340 1006
636 433
923 931
601 548
471 267
707 897
791 281
904 816
646 834
563 223
158 145
733 462
446 799
678 632
405 500
861 739
899 588
573 874
1087 80
626 1107
500 963
986 350
771 461
527 137
239 1033
933 210
302 170
288 790
596 1089
188 666
881 671
519 215
438 430
303 302
616 381
368 142
177 412
476 302
238 40
606 952
492 811
252 977
248 565
859 196
152 462
52 963
830 360
668 989
959 680
548 165
127 809
795 20
829 196
196 413
669 407
92 800
292 813
90 746
659 892
1016 674
305 939
754 448
387 821
773 306
475 306
150 656
299 603
827 749
504 240
554 832
219 638
552 301
260 1112
377 735
49 814
462 586
923 1089
158 243
344 863
616 873
0 914
796 453
147 391
248 427
788 649
134 671
873 327
708 801
625 308
283 404
204 82
420 487
437 601
964 969
582 896
942 49
568 4
557 932
972 520
635 149
495 502
812 724
152 728
319 580
278 1054
182 209
709 963
708 928
1073 1016
828 903
980 765
471 657
136 705
867 158
296 162
458 491
441 658
964 132
424 123
905 839
533 778
229 139
331 446
805 412
280 611
62 501
395 80
76 58
973 804
1017 363
996 826
1006 24
941 832
874 475
294 184
458 968
573 681
296 661
442 557
303 516
603 490
910 957
1088 321
163 222
407 436
315 474
103 954
272 896
627 762
402 206
408 342
658 272
1105 835
1063 748
568 193
42 768
921 532
672 389
256 645
262 589
374 649
625 917
858 1033
1110 629
512 552
32 485
777 157
529 880
538 546
114 299
764 879
942 739
409 928
956 1014
128 312
236 975
875 565
127 1091
656 527
650 318
111 192
577 730
891 1078
271 231
417 705
497 177
454 319
387 542
377 672
299 759
155 560
956 658
692 374
661 932
656 988
435 91
103 130
911 210
573 392
844 256
651 905
292 751
287 820
881 763
170 920
307 370
21 598
16 413
440 992
667 278
825 738
728 978
255 842
256 377
434 666
640 226
519 1079
179 858
910 1052
833 993
896 84
542 589
231 705
1039 916
554 553
113 357
647 382
899 246
406 1017
1014 755
962 631
908 439
85 564
559 891
290 765
201 13
677 212
562 370
167 409
561 656
615 500
676 405
161 370
731 1034
349 24
187 347
1017 836
926 165
452 743
382 173
976 893
722 456
82 645
953 263
739 599
477 71
216 681
438 472
209 165
200 310
653 136
917 391
476 812
584 725
119 932
237 182
121 669
965 793
498 844
249 916
704 481
709 39
1024 944
408 767
222 262
466 870
458 146
626 370
243 820
1072 523
279 529
193 12
716 427
232 617
460 565
880 676
69 289
400 312
392 1015
943 265
240 719
129 629
1049 182
369 463
325 742
448 410
429 2
1004 1081
171 787
869 415
723 391
969 410
202 174
935 648
892 87
834 77
346 400
605 728
74 323
889 826
893 520
158 127
1088 243
396 766
195 487
259 761
933 332
860 1059
983 609
1064 844
1091 709
476 1107
773 816
238 216
531 385
380 635
196 229
52 839
729 441
31 490
502 526
249 778
1074 263
373 484
963 561
788 691
354 806
799 404
471 1041
701 51
339 338
289 486
1021 259
809 309
509 154
591 684
500 880
273 184
539 98
764 902
666 342
379 5
128 225
946 986
879 687
720 661
33 420
392 169
785 105
996 151
153 478
31 236
156 268
2 366
592 453
641 914
899 185
118 515
170 260
516 320
851 93
304 40
485 447
509 870
427 514
527 852
339 740
711 84
325 765
196 231
826 118
440 268
3 321
555 456
1095 844
571 762
429 995
230 173
888 229
712 345
1074 179
785 658
562 840
799 138
535 522
671 332
386 193
1021 738
1025 982
659 503
988 65
926 727
78 536
1016 380
528 753
398 842
1070 870
1002 990
833 114
863 911
490 417
603 1104
483 561
92 503
138 431
279 483
1059 373
249 983
810 668
1008 398
1020 599
189 237
936 258
1018 568
129 971
875 251
759 396
576 378
454 898
89 53
197 712
974 776
1009 268
876 82
991 798
340 367
580 1012
510 240
675 112
498 139
513 709
599 558
868 849
870 403
511 711
925 580
823 245
103 648
914 621
927 974
233 89
1006 868
841 315
754 230
1068 725
224 1025
966 786
799 719
998 275
757 823
821 903
274 682
968 63
428 829
1022 257
642 63
965 411
293 509
896 1032
639 297
364 1118
837 734
985 454
131 648
868 920
1078 666
804 289
785 755
643 270
284 542
204 819
510 770
251 485
993 222
811 207
602 97
900 431
329 367
228 71
159 255
443 495
399 110
822 714
851 485
657 301
343 234
849 862
1101 927
894 981
41 1071
849 621
352 677
69 627
989 189
776 0
188 966
184 219
249 582
828 704
303 390
885 895
581 1073
584 1086
648 208
152 246
71 1048
250 1026
764 1118
367 655
927 391
563 598
236 202
798 1017
445 95
203 206
348 194
202 799
269 827
554 869
76 604
568 268
130 192
303 791
977 260
977 492
185 350
973 616
1024 366
710 508
305 534
745 122
1076 125
535 67
666 872
765 145
195 769
1023 676
162 118
734 781
789 831
555 882
505 329
765 126
481 890
744 624
127 372
884 212
450 674
883 486
785 598
201 378
979 850
732 442
112 118
290 812
63 439
79 522
545 268
616 1044
761 483
463 409
366 800
243 923
610 279
699 733
1115 823
920 878
682 791
880 854
498 430
868 53
231 645
506 475
343 816
890 660
366 562
517 149
309 707
389 536
455 933
497 194
416 827
879 367
526 684
1024 370
561 513
925 1029
901 510
511 526
77 222
793 698
295 577
428 844
414 858
530 698
503 277
418 332
456 426
234 15
842 735
181 190
1077 101
126 783
689 845
284 841
994 829
846 538
688 591
125 422
112 183
1023 995
381 109
962 547
764 837
603 498
922 491
377 801
423 565
416 802
995 168
289 311
214 596
483 548
864 749
809 908
323 1102
344 728
310 1076
1081 273
810 410
384 451
1105 1010
881 644
429 476
134 730
691 904
657 893
1009 690
891 802
241 263
656 782
111 101
547 1001
872 1078
1106 955
356 1010
192 286
857 675
710 966
1041 958
318 747
1085 661
852 710
931 536
961 1010
954 770
609 410
188 998
968 186
604 312
822 554
112 252
845 956
913 913
129 127
153 557
163 726
873 119
597 438
644 460
188 794
103 923
886 401
882 12
303 947
1114 995
183 599
112 957
312 563
417 120
169 1008
783 747
228 888
972 196
603 505
508 512
51 782
116 227
914 957
265 621
459 829
939 223
612 1049
34 615
513 889
1021 762
667 1023
825 519
610 369
92 856
815 245
651 210
243 640
373 274
643 916
953 835
954 447
661 244
573 521
496 282
837 470
706 192
736 285
225 1016
402 278
818 984
916 530
322 111
1087 729
975 431
766 613
90 281
739 261
865 1002
705 270
313 733
877 393
922 880
650 644
590 827
181 719
583 1084
473 1080
719 509
447 597
1080 476
862 49
373 501
515 332
644 1095
294 528
357 275
380 958
462 121
130 577
968 41
794 773
177 190
289 592
915 130
670 1106
9 455
228 154
1072 329
237 807
961 855
709 503
708 772
795 920
482 663
824 574
151 714
797 114
874 1029
852 833
7 911
836 856
47 760
537 974
277 330
74 411
975 894
433 155
638 1073
455 362
967 663
503 99
291 884
1061 825
649 9
413 530
425 640
535 346
848 1097
875 212
1018 403
385 782
980 1063
121 534
379 873
1043 1014
355 123
433 1071
980 509
358 673
714 49
930 974
323 712
700 671
510 897
949 495
25 708
719 813
887 952
1054 1053
571 326
985 676
472 736
750 705
466 730
964 75
788 261
748 1084
923 709
164 657
31 559
287 173
824 739
829 569
516 731
222 697
38 242
288 930
17 914
564 932
901 596
1002 915
861 864
581 225
899 233
111 149
53 733
606 21
433 803
317 894
338 343
174 163
108 768
1009 109
1073 661
14 157
373 40
375 827
1088 741