526 279
194 514
299 493
499 492
418 322
756 866
1024 447
641 216
495 528
615 925
752 973
867 638
639 966
419 627
442 704
477 196
513 918
358 197
387 165
1054 697
894 396
978 920
665 204
605 995
394 451
762 812
430 540
221 530
108 688
984 164
1101 209
921 204
202 1015
946 529
747 249
248 111
970 840
96 151
949 151
515 528
162 380
64 127
125 10
298 322
839 458
1043 999
826 182
919 8
1007 289
413 782
228 817
459 603
578 569
568 840
542 176
811 582
296 354
473 260
870 992
176 276
304 763
122 143
297 727
803 912
986 508
999 230
1020 169
818 516
1082 484
849 497
638 308
313 109
773 1004
510 120
624 534
866 338
152 723
438 25
335 925
257 703
48 368
992 252
157 1003
121 390
160 747
355 177
334 723
193 525
900 517
813 513
420 259
824 1018
159 74
688 926
396 956
353 825
729 901
608 352
808 233
228 679
509 589
454 5
1007 818
575 941
828 737
1072 200
1016 751
710 1004
692 401
974 806
887 674
551 633
704 836
207 533
840 1001
91 533
466 348
514 533
913 764
351 502
39 125
629 1013
169 473
400 722
760 713
986 963
318 472
640 565
683 118
101 67
294 331
286 627
149 717
143 264
264 116
774 400
200 444
206 957
137 584
734 594
273 774
923 471
1000 107
518 279
1060 926
66 855
715 919
469 393
997 425
773 776
253 996
730 802
825 1034
610 654
180 243
540 21
123 203
984 720
126 1055
430 453
723 522
302 658
573 242
740 716
946 977
957 582
300 948
104 854
241 332
537 879
925 751
550 451
449 743
1115 428
7 633
801 743
474 895
826 702
388 306
631 79
984 820
509 202
764 650
181 722
444 540
1010 963
517 978
689 203
361 978
235 627
908 285
318 807
296 484
340 260
875 466
823 463
1061 1122
190 221
376 534
872 1022
751 209
591 722
361 416
419 998
1020 598
336 1015
1007 421
748 285
1058 868
541 457
948 444
358 871
799 27
697 155
655 375
1024 581
1043 596
1015 10
220 932
413 734
555 329
338 640
681 122
605 925
1106 291
790 126
684 886
850 1078
363 760
68 185
482 729
871 651
175 573
634 627
220 286
972 199
11 433
697 523
107 751
312 980
829 590
206 1025
410 52
929 995
833 856
889 956
608 864
812 602
1100 434
1096 622
327 661
886 298
621 579
45 673
532 680
376 102
975 553
412 412
645 329
165 896
850 301
543 878
682 317
387 124
626 188
130 836
135 540
417 730
474 834
150 249
341 766
435 1038
172 893
746 1118
886 28
580 635
567 66
637 876
688 784
179 596
680 533
806 1014
939 917
316 595
815 699
285 103
525 692
364 915
221 721
111 420
1015 533
320 181
728 157
349 745
411 131
698 974
392 929
325 979
435 109
46 760
499 1008
360 870
749 849
559 812
491 561
594 225
393 625
1088 1015
141 771
758 150
958 1022
707 946
869 973
1015 502
85 510
665 822
944 496
256 588
724 119
120 1010
350 353
493 406
698 655
488 54
270 812
112 263
598 198
563 581
975 1005
357 788
921 445
744 609
333 764
1070 558
371 706
991 686
1019 427
815 717
17 523
1008 325
835 31
771 378
480 685
176 529
888 538
389 154
902 272
447 637
519 553
312 853
932 230
897 902
400 277
824 330
918 589
688 289
355 575
263 843
963 718
327 414
728 907
505 401
822 993
718 598
517 933
232 154
296 593
1032 178
223 298
456 92
848 105
212 110
333 401
932 599
276 606
208 949
264 747
560 1115
380 1072
1021 239
924 344
996 1017
974 536
445 220
339 526
711 267
906 708
472 473
217 855
674 200
634 887
644 412
740 784
641 64
744 644
872 21
947 772
342 581
587 887
232 682
980 557
1118 917
1000 565
336 691
556 432
105 196
370 591
677 475
670 226
894 941
633 559
935 973
817 261
933 123
128 605
466 197
524 493
371 525
17 821
780 890
572 206
1074 116
868 514
40 892
49 330
678 428
558 629
307 224
950 999
825 276
898 828
637 469
287 55
303 377
241 410
756 338
107 957
595 512
953 1024
298 197
805 303
665 714
110 701
418 1109
49 808
601 541
698 229
155 130
726 1009
379 633
753 735
1013 128
833 832
309 731
994 977
874 1086
769 747
830 201
1022 180
817 503
396 1064
143 958
476 754
467 386
185 5
637 385
979 1006
741 1093
266 1056
561 844
232 372
483 945
846 546
447 689
645 729
649 194
176 726
610 346
911 281
224 1025
81 316
287 493
230 846
17 617
229 402
13 859
884 442
427 741
1026 734
771 547
482 435
344 1087
163 876
602 834
687 198
604 197
932 1114
647 304
397 902
546 164
254 775
899 273
641 233
165 642
999 1049
819 617
1095 20
392 872
878 890
511 447
677 899
930 100
703 873
671 1099
177 1002
826 997
952 607
9 737
888 268
381 815
726 169
1077 162
941 1093
119 517
964 232
730 847
549 351
158 920
165 498
909 455
761 631
787 268
966 411
569 891
899 416
942 694
903 149
970 510
427 963
719 748
131 412
881 1018
1104 333
372 811
607 861
59 746
785 437
624 500
1040 321
858 511
903 91
386 733
767 583
274 453
268 790
319 893
816 409
205 694
559 937
728 897
374 146
392 514
352 1025
313 98
494 52
740 437
835 728
320 525
23 904
726 741
1081 528
714 353
853 1076
855 222
16 884
166 692
144 535
924 755
714 847
345 79
280 827
671 856
392 169
317 237
901 317
988 101
803 949
638 423
805 629
949 632
296 567
454 876
474 822
263 743
760 869
886 833
118 163
259 253
1003 341
923 39
329 895
749 809
219 593
250 969
510 592
208 732
1105 531
780 81
916 725
625 772
406 844
611 445
63 440
456 1003
797 699
147 608
115 822
666 1066
480 158
106 1078
997 417
1041 771
847 611
1076 11
909 990
66 115
779 397
348 654
594 1000
198 618
551 527
253 580
235 506
594 657
580 689
22 846
485 369
319 756
807 796
779 321
749 313
58 92
762 654
973 422
353 323
789 87
966 366
134 439
400 436
1076 389
388 272
1026 656
432 593
1057 616
393 512
983 1068
1045 461
641 998
1075 803
142 227
1097 264
685 593
375 267
20 388
1122 1069
834 1072
320 800
323 326
973 519
129 502
395 235
445 709
470 801
199 286
885 660
984 330
546 283
198 638
24 1026
504 114
496 713
395 440
590 336
1103 501
1082 286
166 423
653 700
114 817
753 319
749 516
144 82
525 294
666 872
953 434
688 392
475 167
314 402
1023 628
103 1016
703 744
286 276
568 397
958 778
208 539
817 847
281 516
837 456
790 512
1081 128
492 863
274 475
379 911
466 739
830 144
592 399
207 933
281 329
159 139
856 572
449 666
30 56
101 387
386 112
116 1010
389 291
697 460
721 579
470 303
359 559
687 769
433 121
716 374
538 940
931 712
4 187
792 133
413 738
223 1010
684 373
225 196
265 691
230 89
150 463
511 272
996 896
357 932
615 29
1020 225
962 529
268 110
184 512
204 645
155 951
905 1072
204 637
179 1059
331 308
813 268
348 707
474 986
1043 977
901 390
164 995
581 119
768 628
674 419
595 175
19 834
575 1084
921 1063
811 976
568 794
212 745
692 653
322 298
530 564
970 516
896 989
1123 504
725 743
63 694
557 373
556 995
660 356
1004 633
313 256
878 141
678 823
555 155
773 645
848 644
1061 199
658 1014
742 470
428 374
114 596
102 582
373 930
938 976
431 914
113 922
576 512
702 827
835 514
370 127
647 496
653 545
678 442
261 878
567 1005
500 532
611 722
882 632
67 1073
258 228
76 118
143 1090
22 504
898 993
345 1045
479 414
450 675
428 198
761 855
884 147
492 329
72 536
1008 1003
395 456
509 310
219 948
539 805
307 636
754 323
680 980
899 824
600 666
477 963
182 1022
1098 101
368 989
363 673
783 322
548 240
68 319
908 658
108 508
320 522
902 719
118 1111
849 506
781 599
371 160
354 634
434 76
150 620
760 35
590 628
476 254
765 479
134 981
921 110
405 1066
515 493
876 36
361 654
808 486
315 895
427 696
696 325
519 730
547 1010
669 207
131 223
1087 180
658 920
86 443
330 754
1003 671
625 642
846 995
659 602
18 342
513 894
737 701
872 588
672 462
998 578
464 938
556 662
873 936
987 965
981 217
905 581
925 112
388 358
1107 403
189 195
572 167
679 985
709 109
1000 130
163 87
547 36
122 424
127 693
259 432
173 12
882 239
701 657
780 217
209 750
230 826
173 587
525 502
117 374
618 944
513 792
375 22
295 30
743 1078
742 752
408 609
202 669
1102 602
621 833
685 764
733 451
526 420
852 57
746 887
179 705
460 184
619 87
742 950
652 568
62 310
240 354
912 885
891 907
473 141
803 852
705 434
1006 958
338 920
258 1119
285 347
170 321
979 122
542 136
311 986
200 570
964 837
197 1005
63 898
1004 986
156 592
966 215
1105 357
434 500
29 669
352 793
685 373
416 593
117 391
227 946
466 53
413 879
352 1067
589 409
609 767
442 444
969 353
894 1010
101 553
200 656
1105 507
468 219
193 834
222 624
144 968
1104 520
1098 867
985 1083
17 123
200 821
620 589
379 251
1001 460
947 204
10 173
23 824
701 954
776 612
260 492
449 326
983 803
575 433
1106 563
99 521