566 282
662 388
895 1053
96 766
274 532
390 812
388 703
129 992
103 35
987 284
639 334
327 206
676 988
488 887
1046 886
735 257
8 946
312 704
238 878
686 821
206 968
254 640
204 152
169 374
986 499
470 586
688 267
495 461
293 164
257 989
1070 903
122 630
210 626
693 381
223 131
961 697
927 205
299 898
822 1058
268 739
154 250
647 862
453 306
638 461
110 599
324 36
4 907
239 418
428 445
157 195
972 176
736 519
429 352
661 814
461 268
777 635
978 388
152 350
869 639
1086 1042
270 837
520 437
851 722
645 624
543 383
881 308
102 55
850 166
11 650
1092 855
561 221
392 824
930 855
624 969
543 133
234 552
396 622
660 971
899 228
903 936
192 1005
207 491
190 1062
893 145
929 637
673 246
924 580
157 594
474 764
591 149
885 556
450 1107
113 1003
690 944
160 992
70 1103
1006 272
168 924
595 757
340 759
822 727
1106 81
447 182
196 354
1083 442
469 412
752 583
366 798
1092 91
345 641
173 632
979 687
936 273
293 202
836 480
719 889
276 407
577 1122
372 1038
230 142
755 632
458 468
151 669
190 974
168 934
321 497
779 1104
418 400
493 520
1020 322
743 128
130 813
300 167
212 640
636 173
309 527
679 1057
958 535
85 887
922 230
465 286
50 391
746 977
847 410
370 557
151 672
629 862
85 410
7 495
213 754
479 425
298 140
224 377
545 183
659 317
878 965
896 888
165 524
724 866
295 885
530 629
845 793
609 651
100 661
556 853
267 1107
167 873
606 573
871 461
795 632
658 598
350 1043
61 444
592 391
698 363
876 490
607 955
173 282
584 1103
839 544
36 707
477 1112
985 597
619 798
767 929
444 132
931 778
702 376
504 901
268 992
710 439
275 190
744 968
897 378
146 233
123 264
631 264
565 842
128 725
638 336
503 253
181 388
680 803
214 548
260 410
513 384
927 73
1081 635
671 193
616 1074
1093 901
138 650
834 156
538 359
930 338
736 753
400 300
612 536
840 423
323 549
542 552
1016 111
588 139
669 553
366 1055
162 357
775 326
505 966
1025 1097
980 695
109 563
852 727
793 948
715 1009
752 735
1103 519
102 723
935 735
982 610
826 752
670 954
127 91
1110 639
185 364
222 741
651 203
376 660
429 937
212 893
888 1047
773 936
595 782
612 408
728 930
230 221
806 120
346 428
239 449
197 1010
1068 951
992 271
359 1005
35 195
485 1040
908 753
469 904
400 991
252 197
673 715
849 438
119 1088
1092 201
484 857
274 161
508 556
768 621
506 177
208 345
355 180
275 709
107 628
280 919
152 1015
752 370
971 799
732 196
1010 755
320 617
886 957
680 552
582 295
659 804
404 217
430 280
583 918
819 573
533 881
363 7
904 931
245 214
1015 414
112 371
129 862
405 547
409 782
385 888
1035 953
179 991
918 898
969 513
1104 741
813 35
403 433
165 513
65 757
834 657
544 298
580 523
777 77
909 703
981 564
966 102
1023 37
167 580
1021 345
874 396
793 117
625 206
364 759
46 304
242 810
943 587
167 689
434 41
242 961
155 866
433 744
277 493
1071 376
722 1021
391 73
119 963
466 103
679 597
46 754
61 818
577 417
883 148
533 450
849 471
1042 771
388 376
694 529
864 558
752 44
870 535
517 567
858 374
730 1048
623 865
920 644
116 125
565 1014
820 676
241 30
233 837
270 995
766 517
953 950
205 114
218 663
934 6
843 1030
1049 809
359 200
177 666
122 951
834 107
729 220
453 426
964 95
1090 1095
175 893
814 914
89 243
734 283
501 770
94 422
845 690
318 553
226 1023
929 758
24 533
119 113
558 902
110 582
540 483
804 773
531 194
444 202
7 636
417 534
586 874
1098 314
422 270
559 814
575 493
412 801
1111 451
444 654
645 582
843 315
878 146
167 731
170 827
361 82
684 330
200 683
143 87
642 104
415 483
534 438
37 818
908 993
934 810
631 9
285 644
808 845
341 253
724 596
255 358
687 178
710 948
793 733
193 283
803 864
256 262
762 600
49 342
150 140
810 179
337 1010
327 425
606 135
696 859
481 821
1092 404
291 756
724 598
862 249
353 762
723 53
177 664
994 285
560 296
43 797
520 326
1018 972
835 284
791 824
884 691
919 967
384 907
810 863
743 147
94 72
204 512
515 36
623 130
888 535
229 157
141 971
1068 106
1091 192
864 698
1020 230
854 680
239 562
754 469
507 121
638 855
985 760
363 934
983 589
536 594
483 398
1028 272
138 317
702 359
754 185
223 652
338 245
231 871
623 180
789 625
345 430
760 263
967 1022
463 324
828 353
1075 251
747 890
1070 195
221 540
931 550
209 505
13 858
355 169
686 1017
641 992
850 276
442 226
490 221
200 309
393 412
272 1009
339 858
88 89
594 317
346 962
195 12
734 455
561 363
729 909
820 55
171 241
914 668
953 159
733 80
420 427
203 827
865 258
459 632
1010 637
395 429
964 194
713 869
315 691
660 797
470 335
257 225
615 433
838 1105
1046 686
682 570
291 150
910 736
373 608
590 488
834 638
322 903
101 328
734 824
343 451
889 761
532 888
86 903
380 445
1016 389
1100 661
229 431
374 656
475 273
662 135
954 876
206 164
1002 219
900 459
707 619
961 1082
1071 1008
598 992
654 790
417 1095
591 339
753 349
265 667
811 667
295 611
519 769
404 889
927 492
44 387
361 721
967 1001
251 995
247 587
643 80
862 346
720 88
584 751
660 942
576 99
835 958
127 886
568 966
508 214
957 357
547 487
704 918
786 662
316 485
545 870
989 189
917 472
160 386
330 629
233 239
316 896
295 1053
586 249
845 671
867 64
241 821
312 285
553 559
71 350
172 874
748 459
267 250
756 859
745 514
256 538
57 233
1114 940
901 766
539 873
141 361
233 203
769 901
997 466
652 804
334 807
123 408
169 364
733 173
368 561
883 737
463 732
714 612
707 460
319 784
898 980
198 407
243 677
439 856
729 891
602 607
276 346
465 408
441 570
327 630
497 352
918 551
288 516
569 521
585 1051
275 859
944 379
279 567
938 1008
217 959
757 641
597 918
193 860
150 146
1031 404
401 280
492 781
794 1094
966 706
326 125
123 638
459 14
927 1079
877 242
215 487
753 799
142 843
710 371
182 921
1002 875
312 151
259 343
252 572
103 752
724 434
218 619
857 398
150 842
486 769
782 745
449 799
294 414
781 372
1014 668
964 631
974 304
123 257
889 830
674 494
966 1102
712 136
835 121
866 3
259 1046
739 608
835 857
1030 607
672 10
677 971
111 442
685 734
264 359
528 1081
640 146
359 749
589 477
583 676
87 50
972 390
276 981
150 715
852 597
663 254
167 156
511 69
787 5
825 951
713 347
900 306
794 96
978 870
453 966
188 333
604 986
1054 622
296 322
397 86
454 933
264 3
387 363
337 1085
845 116
755 1066
674 142
93 670
304 362
108 250
1015 69
718 340
432 411
993 693
495 901
715 1086
43 1061
621 609
1115 702
634 1013
356 689
865 1085
313 427
677 198
623 275
444 115
681 1005
826 982
914 795
558 704
321 454
990 794
897 674
843 246
1114 624
554 243
418 914
650 505
760 474
97 327
953 284
587 349
1077 1019
871 707
234 934
984 663
238 985
760 666
978 473
45 514
773 758
322 476
618 944
281 712
389 927
924 682
248 299
199 517
610 56
554 512
251 514
623 549
958 237
532 547
1060 107
409 877
485 948
370 501
432 578
245 78
1106 713
958 308
1014 946
837 279
919 577
43 1013
639 406
804 416
122 1034
314 186
869 391
23 799
898 209
788 238
492 66
933 215
198 1120
681 880
781 1022
294 411
526 62
175 779
973 1098
241 496
488 466
113 752
895 575
678 232
228 540
872 78
626 519
690 1066
801 102
1070 955
756 923
1055 107
798 513
215 425
881 264
110 207
937 397
962 782
145 920
258 250
1044 465
889 951
234 424
645 812
331 34
13 892
431 717
601 592
863 254
530 859
583 119
502 176
1014 872
611 396
835 197
520 410
216 1018
1101 626
1012 221
707 1033
740 100
789 262
806 470
1101 959
153 614
129 162
664 479
62 258
333 858
721 934
553 398
874 985
762 1004
498 812
796 289
1014 711
1044 975
7 768
1029 727
428 906
148 727
649 710
118 8
445 855
632 572
670 112
955 777
564 489
576 673
326 877
742 584
291 494
883 143
656 403
36 374
848 46
904 238
873 917
198 376
908 778
573 542
677 551
301 886
617 1000
628 1056
430 869
2 220
857 582
617 102
793 317
699 965
1056 711
317 693
552 1013
820 762
135 258
238 833
412 734
103 614
874 238
860 34
993 134
1049 581
153 281
374 156
325 870
750 560
121 1053
779 860
1081 589
169 244
224 551
186 172
896 109
777 970
615 514
194 505
1022 175
649 844
716 748
426 289
189 372
165 924
642 539
699 301
358 104
883 465
659 866
72 208
100 21
703 551
490 375
237 34
886 702
640 294
989 455
109 1109
621 1020
224 463
880 655
1059 623
1012 646
828 756
819 410
298 908
495 320
237 968
122 17
1061 758
99 586
224 127
245 406
1120 420
700 623
156 727
132 253
524 990
332 311
450 905
590 440
655 630
832 854
648 972
575 260
498 994
595 954
1055 122