864 935
968 237
877 1090
670 314
953 556
344 944
499 169
348 1032
86 448
1004 502
510 436
478 270
123 1103
550 194
344 354
384 720
325 289
274 252
524 233
365 511
412 478
706 447
442 768
503 191
879 310
386 277
913 700
694 882
320 910
149 843
158 942
1049 969
952 379
502 974
611 199
643 25
520 766
488 786
896 227
1080 291
897 910
151 769
338 469
714 954
34 506
421 861
564 66
768 322
327 634
294 172
62 415
526 1036
1016 607
1012 643
449 698
23 396
843 269
403 447
362 562
158 106
259 920
782 918
289 762
798 837
754 838
200 469
516 730
754 547
171 709
332 525
802 238
457 162
669 830
54 1050
380 1050
874 737
400 691
328 306
695 451
181 1111
504 727
414 613
39 932
1117 995
882 484
538 646
258 275
756 860
379 490
417 593
1111 278
1106 656
549 591
539 603
907 513
1042 356
335 533
119 1042
953 23
532 288
120 778
869 419
710 10
761 146
459 693
666 628
700 419
170 748
1106 368
847 834
719 962
722 720
144 952
195 246
713 744
863 711
163 31
1077 776
779 559
773 814
377 458
1002 10
985 403
303 8
790 756
685 154
906 204
871 5
781 826
289 966
180 956
874 640
26 453
305 226
255 375
862 1016
430 81
194 57
1045 613
287 394
910 588
811 1014
507 902
919 427
88 752
211 273
384 1088
662 501
1063 529
131 330
770 829
970 484
1099 370
568 749
533 746
87 795
430 198
771 402
391 600
25 106
32 739
1088 31
835 267
813 965
146 1028
786 827
325 118
540 160
545 850
438 260
384 416
524 953
926 228
907 206
217 654
16 234
592 124
16 414
988 475
121 775
384 390
326 650
834 144
272 255
370 413
50 1012
67 90
448 256
921 878
493 133
450 297
806 979
292 818
428 322
843 104
604 835
840 839
295 308
928 723
369 923
1061 1050
750 186
899 660
641 182
117 282
575 171
843 881
678 1035
366 1006
562 1064
543 512
588 563
720 729
638 1035
1046 557
905 795
679 590
696 159
329 440
938 1098
159 154
1019 626
786 693
104 605
585 919
267 1072
458 522
355 294
510 634
273 454
253 500
891 856
765 742
362 177
798 130
642 413
570 469
88 813
1116 536
1112 272
1067 582
199 163
136 1001
1099 451
627 817
169 778
254 290
507 875
688 134
107 885
133 134
479 238
121 459
286 259
73 200
1074 204
977 849
103 577
940 880
87 435
799 305
271 1021
53 857
129 1018
554 310
859 822
524 681
612 487
581 286
21 541
129 4
574 377
188 930
329 552
645 928
707 670
673 1047
201 201
521 994
677 574
588 705
1066 434
1050 449
509 120
51 210
773 164
617 278
432 159
507 433
798 247
889 713
1079 549
745 997
864 404
1006 362
387 767
998 588
64 478
788 1098
102 790
932 618
950 307
846 750
524 196
673 387
447 4
442 929
1123 517
163 489
477 646
935 377
4 933
442 641
661 151
673 619
243 595
968 326
1008 659
1012 296
1119 819
661 277
507 631
551 577
303 976
180 470
583 969
572 1087
726 967
917 264
873 462
750 686
712 471
766 1110
379 898
451 633
515 692
612 1083
665 619
470 811
507 311
411 970
869 361
180 604
414 527
313 137
140 354
1122 1113
413 329
188 784
543 679
336 892
321 428
310 765
611 559
1088 455
879 345
724 204
1 990
1048 1061
165 291
852 169
942 1094
610 449
970 810
812 710
148 523
835 643
430 773
526 454
32 502
792 643
319 589
231 815
994 421
367 514
49 940
782 660
176 341
150 268
891 667
261 886
483 949
1089 849
428 392
213 605
112 349
187 439
100 980
199 113
720 791
450 1116
140 960
1000 272
952 644
41 525
429 993
160 195
114 494
437 1104
629 315
744 937
906 37
914 474
500 1020
520 409
147 1084
575 493
129 459
368 101
480 626
387 577
114 904
35 731
842 702
70 1000
992 870
1096 432
240 342
558 309
1000 825
401 929
467 677
891 728
623 834
813 922
142 458
520 647
668 381
386 397
548 139
689 354
344 724
900 143
561 658
1056 773
601 528
105 338
440 667
727 612
516 383
679 954
188 435
901 358
797 337
416 196
711 319
819 450
539 297
413 425
870 115
410 759
417 786
687 769
170 984
840 562
931 296
357 363
656 691
255 582
275 322
299 92
682 792
213 1010
112 527
34 1003
693 546
661 116
174 238
266 438
977 469
1079 369
832 54
240 1110
548 153
540 142
764 107
56 689
135 678
671 1112
671 79
582 841
127 52
680 126
711 334
929 484
405 46
413 925
851 128
719 897
1031 107
778 712
790 148
962 138
805 723
290 868
828 814
1009 971
940 87
158 935
819 472
1023 745
606 143
555 138
304 800
139 245
257 424
10 251
564 115
688 1013
476 178
626 690
939 664
992 493
613 448
736 1079
316 879
276 901
469 799
192 358
639 76
940 507
113 582
938 494
422 400
1017 316
835 841
825 980
292 625
404 658
144 918
561 168
613 526
383 417
800 7
269 954
604 893
635 604
857 31
623 320
339 516
124 398
980 460
1009 592
895 420
874 294
110 259
300 565
158 770
817 803
969 879
242 423
571 859
1082 828
672 553
100 1113
1001 496
720 1011
726 611
1016 491
808 279
139 397
928 224
199 120
463 39
211 501
470 602
286 629
964 654
184 326
878 1089
428 74
319 250
1059 429
481 267
641 1002
264 850
827 739
237 829
269 1016
792 263
846 1023
113 607
428 198
499 684
187 1090
916 339
1074 903
141 820
764 329
702 620
1119 733
353 1119
865 1022
796 603
276 199
289 346
285 807
769 566
323 1013
605 401
458 694
896 646
411 707
760 778
483 463
259 559
677 328
748 774
329 600
863 430
599 456
218 233
617 478
429 302
384 758
900 690
366 1004
1019 260
278 868
466 138
1020 730
1017 666
1115 758
846 395
28 292
653 659
1050 612
43 753
956 119
927 877
48 549
434 663
304 684
461 112
901 724
612 374
632 305
520 844
136 1002
601 987
812 720
758 407
438 514
309 901
5 621
542 284
604 900
657 746
629 476
855 601
849 239
586 754
1090 650
297 770
565 910
331 475
566 64
866 124
866 10
158 211
46 291
882 765
267 1095
707 114
743 102
151 260
642 959
773 710
238 790
754 995
105 74
931 723
177 222
177 55
682 458
1019 133
843 640
707 676
327 215
303 1030
107 787
799 764
802 9
335 360
502 702
461 25
557 135
892 653
548 321
867 162
483 639
453 154
983 109
825 87
559 686
580 720
880 679
85 319
532 535
894 1120
579 257
464 458
648 684
800 17
536 369
136 545
277 689
559 361
123 209
604 464
697 110
940 885
663 589
883 288
201 850
948 1031
75 768
629 799
313 382
354 676
1045 327
208 493
73 311
800 634
927 404
1012 422
999 351
2 688
969 555
152 933
481 288
427 861
679 961
243 576
806 587
82 496
724 297
771 815
903 523
58 703
555 159
106 33
582 867
350 631
595 268
435 558
134 916
954 51
986 655
786 340
494 1081
920 669
857 465
489 271
726 442
40 663
422 984
420 575
1101 725
252 371
758 182
22 1071
705 1003
664 319
753 366
393 645
642 432
308 339
127 55
75 693
241 5
561 392
1072 368
331 268
406 694
1064 589
159 17
0 515
666 15
1099 242
227 171
802 1092
385 569
514 889
764 322
239 725
668 837
415 230
56 634
968 588
930 143
810 939
119 839
409 1056
54 230
134 682
457 329
436 708
754 213
1098 889
718 474
671 734
111 269
277 686
520 434
321 342
639 641
422 1077
610 379
441 480
836 3
145 834
140 204
775 77
50 311
32 568
115 152
1113 38
629 282
455 616
916 32
224 803
779 980
465 661
1095 476
456 184
1061 292
936 130
258 657
227 893
628 318
617 418
908 338
63 550
386 1022
273 966
119 830
875 955
881 183
801 131
211 139
742 679
708 166
11 247
100 395
272 604
651 214
719 923
831 755
1079 781
483 178
923 614
1018 469
748 751
1045 689
815 484
301 501
123 244
710 273
22 356
410 135
295 1051
288 867
571 271
592 480
875 145
653 25
633 841
997 577
106 265
363 945
116 833
1048 481
776 914
216 140
125 616
194 134
110 782
1007 87
434 98
698 466
194 255
283 409
548 830
426 501
748 261
539 664
322 900
481 533
875 222
704 748
721 51
391 594
334 690
1119 271
190 766
531 147
612 928
222 321
590 632
466 769
636 748
64 764
991 884
463 315
621 1092
645 428
760 211
206 536
960 304
379 725
73 843
998 408
321 1045
661 207
540 123
155 844
801 399
872 324
145 1032
362 1017
215 748
559 950
627 212
527 889
858 175
584 1015
373 784
426 1099
897 269
181 174
123 658
832 190
195 627
156 140
930 409
987 25
535 667
201 838
1023 35
736 630
1014 886
805 1019
944 1047
743 146
932 131
345 1096
453 923
480 728
458 483
228 53
345 240
452 995
767 158
341 623
226 1095
880 758
858 548
793 997
993 775
149 729
186 75
645 773
1072 215
236 696
510 921
327 903
510 162
405 574
309 348
547 152
146 412
33 226
928 758
631 252
844 135
827 514
235 917
1074 390
418 725
303 1001
232 785
718 368
221 219
115 530
555 507
979 662
466 287
934 458
207 20
105 143
317 97
1009 891
151 359
503 900
445 648
750 681
430 927
640 838
305 528