625 957
734 1108
761 401
119 993
252 991
870 216
759 1038
337 45
318 773
678 61
836 155
917 375
141 1013
426 303
709 555
570 678
956 961
382 424
618 608
511 737
348 391
947 303
272 654
103 164
733 894
711 777
437 732
782 111
737 240
793 253
207 943
398 890
673 428
641 1072
111 510
143 891
902 975
438 994
268 575
879 319
582 883
94 116
649 177
391 342
708 424
418 875
810 489
356 487
484 115
1094 135
139 691
491 856
173 158
310 364
634 617
922 167
583 519
1004 680
751 663
344 252
1059 8
1019 739
555 545
1013 1013
366 1104
903 688
103 953
607 32
859 245
890 418
719 379
586 1107
418 103
593 844
457 310
173 25
341 478
285 673
633 291
1047 874
765 89
387 433
192 331
12 891
639 555
972 200
678 251
813 638
576 342
86 1004
702 907
559 1075
275 1079
209 569
592 598
772 849
994 745
258 58
233 893
920 785
259 327
563 106
129 891
94 587
396 287
1097 206
540 746
748 174
128 537
685 978
794 165
127 626
440 886
180 511
635 935
152 137
1018 828
439 840
359 825
80 1047
782 682
604 636
934 323
698 718
1033 233
651 1086
1065 464
1071 403
6 184
625 463
877 1040
521 396
994 334
352 360
608 684
1001 168
1099 860
1005 1015
550 736
979 1045
133 787
929 123
549 801
278 827
597 919
521 753
509 182
145 962
352 337
310 477
572 430
852 165
47 897
294 305
610 543
165 228
1108 928
873 562
405 294
27 373
731 779
580 148
426 546
934 211
277 307
257 522
174 545
561 149
1052 736
22 331
550 1052
338 225
1003 233
1017 1034
1027 354
994 778
995 462
643 813
787 1034
611 493
839 342
138 604
1043 897
872 885
737 128
868 395
951 575
452 949
985 109
955 342
534 162
599 446
149 452
380 484
525 898
371 588
147 1103
919 556
785 565
105 871
577 617
450 194
699 496
250 264
677 765
582 146
884 231
822 1049
567 345
368 993
851 199
828 637
235 806
401 373
452 677
632 281
262 482
151 625
607 152
412 874
50 455
914 745
191 890
723 104
174 483
304 702
936 304
433 1065
666 405
1057 780
917 999
353 941
1013 695
603 990
778 926
697 458
761 918
855 896
996 168
338 430
507 378
874 588
181 327
714 753
102 364
941 493
504 603
388 126
732 522
910 892
798 106
295 562
683 751
861 1067
656 1017
747 630
667 342
200 266
343 670
671 658
630 811
671 492
916 624
457 86
255 137
248 549
109 101
557 368
546 51
364 231
403 111
119 870
161 369
688 942
399 892
1064 855
1077 239
1053 261
389 879
737 473
1091 505
329 973
759 245
999 268
1093 803
844 604
1013 851
928 613
395 928
204 352
493 730
637 709
841 581
913 496
475 581
622 401
791 674
665 82
612 901
290 489
369 935
709 200
191 245
739 96
567 124
387 327
738 143
406 41
985 240
898 1020
411 122
185 887
672 1004
633 167
865 581
52 627
819 421
416 178
761 468
981 1082
462 238
564 653
425 991
135 517
249 380
1016 847
464 113
523 432
5 191
103 935
597 1086
330 1076
1044 752
419 888
256 252
772 253
930 477
545 299
151 49
313 108
914 174
347 18
826 368
1038 598
300 355
668 804
867 312
780 621
667 317
871 833
987 689
294 370
834 1073
1041 465
203 818
10 808
874 952
338 620
947 872
736 1090
835 162
441 1062
633 465
651 300
395 917
1093 1058
147 964
130 287
97 450
180 544
311 865
840 788
458 354
455 450
882 811
664 875
139 385
812 908
252 880
941 673
727 657
627 641
731 53
147 397
743 1017
482 108
898 325
569 765
421 426
802 612
479 291
497 647
466 521
911 713
245 893
384 630
354 656
235 582
144 331
1115 867
414 589
451 991
440 213
39 416
408 411
9 155
435 810
981 1073
221 643
816 59
941 619
858 81
986 388
372 378
1081 916
193 842
945 423
911 927
496 38
88 645
544 377
357 512
159 802
567 448
631 1014
729 273
713 130
245 988
154 313
773 228
352 665
617 202
482 127
327 872
50 526
242 550
868 727
766 911
764 647
947 173
609 428
553 625
371 1098
168 660
561 946
984 791
172 184
319 875
1050 778
505 988
279 213
168 625
633 126
284 705
525 448
817 812
1002 361
352 1029
16 75
414 275
672 718
324 849
537 293
555 501
790 739
918 534
420 980
853 584
433 522
936 925
730 309
97 1113
344 824
614 878
398 365
469 1082
348 630
993 292
785 287
509 367
297 467
447 317
896 643
359 936
1097 943
776 347
618 335
871 252
1074 737
218 286
303 643
608 944
332 186
375 717
827 882
1117 195
236 383
986 359
568 809
385 989
382 1075
838 335
453 706
303 234
512 619
830 726
1088 521
1039 796
679 775
974 853
256 645
139 728
488 929
505 323
802 773
215 875
375 149
744 720
500 252
22 414
717 989
290 476
260 468
214 304
583 961
798 153
454 193
196 917
306 288
410 982
375 669
197 996
415 936
888 929
709 390
306 991
155 931
732 610
456 351
509 738
787 166
815 908
609 140
846 737
425 499
159 581
251 518
499 274
411 89
636 974
403 878
384 916
697 800
733 646
975 787
204 441
34 414
345 500
484 80
734 937
333 469
463 362
714 901
337 969
234 146
638 279
77 117
269 790
360 94
965 117
615 376
800 698
877 219
868 614
717 786
453 81
667 683
1009 108
745 858
964 914
158 571
389 898
1018 145
987 269
759 871
396 341
114 193
503 935
599 873
297 30
791 353
937 577
187 271
1015 628
355 524
630 160
928 826
665 802
419 539
924 33
167 865
1011 591
409 309
590 909
871 404
366 688
865 859
344 546
819 713
824 682
574 173
772 527
1046 978
450 729
554 933
502 776
968 820
328 968
840 755
365 121
748 97
669 1091
690 689
661 763
488 623
964 35
400 390
611 609
553 728
296 721
776 877
331 63
59 456
445 305
228 130
157 668
1025 82
508 425
19 745
775 599
1001 827
99 576
824 79
633 831
493 341
499 853
238 1002
326 1000
1001 902
688 869
118 617
292 917
207 559
549 992
651 964
432 1018
746 676
565 668
871 31
616 150
1097 507
1003 420
187 387
559 176
223 501
867 439
5 753
632 294
496 687
222 145
621 1014
887 621
627 403
114 109
537 121
282 1056
442 270
792 171
966 115
1102 954
734 990
157 490
410 163
168 1044
403 641
1009 1016
739 540
620 635
525 239
643 77
737 811
693 423
702 155
642 146
374 477
454 483
915 454
805 295
191 165
923 1090
179 400
293 926
1116 483
643 105
594 416
246 625
142 626
1004 358
988 1021
306 385
1024 411
9 1009
805 441
965 150
757 160
479 888
945 961
578 479
1017 751
516 704
915 143
204 628
389 727
439 427
412 503
814 927
197 802
91 908
795 477
172 350
714 146
203 707
278 629
320 816
809 1010
299 456
143 787
366 396
653 176
873 504
135 113
127 789
1012 436
646 43
254 1116
242 620
167 205
535 101
873 302
167 726
525 903
376 168
109 196
114 595
574 630
1096 922
79 89
526 582
553 735
71 549
598 602
423 1024
750 323
539 127
307 624
335 358
788 383
979 10
306 986
458 843
398 177
923 788
1021 1001
65 900
715 1022
114 358
300 771
715 867
844 488
911 695
1026 671
256 582
351 287
972 148
709 543
60 297
138 52
270 1019
130 489
962 791
917 378
175 419
387 635
894 291
1000 35
459 694
331 377
386 960
1117 208
268 751
517 888
778 789
584 838
701 533
638 368
952 380
220 231
671 390
616 239
560 583
812 241
571 1004
1007 742
157 752
559 1020
637 962
292 1005
299 54
719 513
833 704
480 901
651 513
655 1011
296 902
260 227
114 531
505 764
539 465
413 792
1049 981
837 514
453 566
27 1001
518 489
552 543
532 712
722 123
1058 1066
847 39
956 729
632 95
450 461
893 319
831 491
688 283
447 149
360 1108
694 659
641 307
181 187
524 566
991 362
573 279
935 523
855 816
669 409
179 686
705 807
1057 270
248 405
527 315
853 675
1035 1110
922 865
993 320
615 481
366 701
918 557
413 651
705 635
599 1074
533 671
283 854
216 704
423 80
812 663
849 125
84 584
565 112
203 233
946 108
1020 522
363 21
818 902
281 927
856 117
558 1023
527 482
311 800
173 835
604 846
413 359
981 355
517 907
997 494
599 1009
379 126
300 126
108 813
713 592
198 1001
468 497
370 769
998 536
655 723
682 469
391 592
485 918
722 76
399 331
22 654
277 768
197 668
439 810
117 734
185 461
885 114
221 637
908 786
180 493
527 407
398 259
303 990
378 203
662 809
185 889
1073 260
945 1058
279 719
749 804
813 994
425 140
431 1011
347 577
816 1089
880 502
600 596
384 147
191 1086
106 175
424 968
189 840
714 493
423 541
507 64
359 1063
403 564
428 774
593 188
791 800
896 387
562 396
341 1011
818 429
537 848
671 746
555 43
882 522
136 763
907 567
520 390
843 725
696 608
316 261
738 717
471 107
744 454
754 854
752 347
459 377
874 881
164 411
850 283
352 62
360 461
193 122
644 906
274 1097
759 975
496 989
748 380
356 620
391 837
200 509
367 372
819 577
282 658
977 1052
1030 589
382 192
721 788
629 111
553 420
549 823
599 488
320 944
854 465
1095 159
1001 617
560 41