1092 444
889 106
743 748
254 789
504 438
498 888
301 560
186 87
659 998
700 1008
429 756
797 173
677 1083
886 52
1013 563
908 1019
312 254
1046 92
381 430
484 908
583 218
150 940
439 1117
990 1067
984 589
553 51
738 697
684 779
89 146
459 863
922 838
650 366
323 437
767 430
210 208
618 150
833 367
846 194
633 815
416 422
968 334
630 121
444 113
759 441
833 622
969 609
519 689
282 90
1100 1000
226 324
258 681
128 528
366 826
324 979
589 704
796 620
49 976
690 1099
1094 69
170 93
122 1052
184 459
579 249
916 326
498 179
673 1047
117 385
526 879
341 198
670 231
986 1119
767 937
596 316
221 684
675 817
425 919
555 165
48 775
855 559
432 890
821 201
930 336
816 306
464 122
895 215
230 272
60 910
683 785
1049 280
560 228
124 639
476 42
202 290
1017 92
75 787
83 961
420 53
63 291
731 178
734 198
318 801
226 149
899 468
789 926
1006 302
721 771
572 588
451 730
828 603
475 743
656 1007
911 638
831 30
775 915
1 586
304 988
186 619
764 1009
693 288
694 551
761 101
665 615
970 713
154 946
415 135
142 177
634 811
430 670
151 590
889 698
267 305
735 758
220 50
667 761
628 486
992 711
606 422
752 767
464 255
566 119
929 662
779 620
178 816
246 1030
172 234
567 334
330 421
709 419
352 899
743 502
693 771
1085 546
1030 822
631 468
623 694
485 54
970 743
488 939
884 578
945 863
781 875
48 105
847 1023
395 394
719 673
968 256
505 1002
107 612
348 482
1052 421
631 631
912 250
160 725
511 683
1063 687
1081 337
955 425
908 959
25 197
802 1109
432 415
230 789
329 120
248 304
905 687
1009 515
170 562
740 1099
174 606
278 340
278 797
976 901
947 958
715 545
295 784
236 938
652 429
361 1031
403 1037
359 947
815 931
700 499
947 733
951 462
116 362
247 227
519 499
861 0
542 782
253 1064
175 664
563 747
490 1003
569 1102
1068 49
1100 145
29 1067
327 831
699 477
791 965
615 993
792 801
1121 409
1060 332
896 646
210 254
266 998
129 942
29 367
1022 50
373 755
158 1014
532 490
593 106
968 156
607 190
366 428
771 534
696 635
369 850
242 537
275 969
843 75
1108 499
590 442
288 812
291 840
119 598
705 909
185 700
226 694
726 1019
319 507
799 436
437 858
44 888
508 466
134 639
623 527
963 868
1006 668
392 531
517 395
462 1083
587 440
817 262
948 201
454 895
444 732
772 1005
340 382
441 1094
551 856
204 13
223 652
169 423
797 583
316 553
989 944
855 222
570 1044
136 931
290 350
118 555
915 153
634 160
764 920
848 6
1065 117
38 266
862 823
372 972
768 768
1093 919
1118 788
823 597
1045 394
390 326
211 571
46 494
222 57
457 212
1090 1093
949 286
511 718
482 156
135 374
711 838
960 209
428 645
298 759
1112 889
518 256
843 658
628 105
566 919
134 316
553 977
983 853
604 1016
188 541
1066 415
336 174
1106 152
880 921
631 795
842 225
791 753
944 352
407 176
586 710
994 423
96 108
402 991
196 81
225 858
1096 504
628 34
758 110
1021 16
761 96
208 385
966 373
936 598
129 369
570 200
606 697
598 487
936 885
460 422
529 377
913 141
302 826
42 614
1099 942
996 816
928 990
286 963
933 1017
948 784
350 125
668 1093
183 533
330 652
323 803
719 356
709 1048
686 535
662 583
379 883
760 581
124 460
304 221
744 1116
118 337
885 488
1010 265
158 616
862 257
130 73
335 1019
227 928
862 412
482 388
901 219
270 490
969 887
167 211
144 1011
696 454
431 470
833 324
353 542
678 122
91 850
998 708
378 479
289 440
644 358
343 185
995 236
589 276
883 336
914 493
894 550
1045 1110
558 907
190 61
884 677
1117 10
437 14
695 957
166 526
639 468
926 736
103 160
827 211
735 658
511 841
413 706
981 306
647 546
422 932
10 378
947 389
692 541
598 894
207 151
133 112
822 1030
1089 114
968 286
260 294
812 256
885 671
881 498
73 991
950 687
501 650
316 932
935 422
953 248
418 202
888 831
28 951
1039 183
882 133
980 671
197 976
988 658
988 1002
320 660
238 449
714 72
434 163
783 179
342 624
622 482
68 921
260 326
503 985
849 761
1084 572
66 743
519 565
511 227
366 946
516 1001
149 994
171 44
10 973
109 351
363 333
521 523
679 1075
921 746
141 485
275 852
421 552
618 577
1106 849
581 309
496 10
143 128
967 980
1025 611
518 487
581 576
271 674
692 336
621 290
749 527
631 540
943 123
693 974
920 339
607 858
887 509
778 825
423 843
780 860
309 452
295 110
539 686
805 120
582 165
830 684
966 505
669 864
220 149
629 399
616 198
307 824
91 406
903 893
147 720
747 772
557 968
930 969
891 799
406 728
111 742
7 281
523 683
599 671
657 33
1005 670
290 322
181 164
146 866
464 259
895 345
1004 915
754 379
216 365
225 207
1038 1001
655 228
366 456
764 493
349 872
152 507
602 792
526 1069
323 532
93 681
471 820
263 619
334 313
909 774
466 841
97 979
242 147
798 995
378 597
320 244
663 892
392 1068
1059 304
96 1012
401 738
1058 216
682 375
286 850
887 967
740 145
670 740
931 260
458 447
156 879
563 371
425 243
802 318
969 27
241 514
924 890
389 215
139 837
478 821
430 1003
784 445
609 580
23 416
259 857
1055 596
665 650
965 170
554 647
555 177
627 177
365 127
890 328
491 792
422 363
1099 432
982 630
492 369
938 71
108 710
410 140
377 315
389 543
464 845
736 1035
572 280
511 299
797 48
339 553
492 670
413 108
506 703
899 157
969 1004
425 705
164 834
94 51
863 346
640 854
194 856
73 838
474 827
163 283
650 915
881 640
76 1105
871 290
754 502
1019 653
737 295
805 151
834 159
581 168
380 411
434 854
130 800
270 647
553 264
1064 628
93 92
370 187
242 282
803 695
828 13
899 602
725 1002
998 446
121 937
177 863
753 230
180 966
441 415
51 719
483 1097
598 894
315 1064
968 285
938 480
923 382
735 678
651 320
149 396
595 651
172 598
848 662
399 706
340 562
845 161
324 487
862 133
246 610
452 903
569 112
460 26
918 281
484 297
1080 610
950 365
598 788
227 513
704 368
790 631
1115 931
965 683
542 956
192 348
382 348
256 382
379 443
143 499
476 1079
1106 740
976 109
287 373
918 931
43 236
491 1095
85 494
1002 759
299 358
7 945
486 920
312 628
843 345
692 649
1018 641
309 543
562 911
157 501
471 908
827 1039
352 394
320 307
399 1037
191 420
613 506
853 389
510 814
698 648
727 25
395 573
1011 684
529 193
908 577
841 510
487 610
270 597
434 953
643 237
525 157
940 516
737 751
42 223
323 807
894 907
633 169
704 132
774 861
576 816
533 323
754 596
514 176
277 558
550 389
255 347
856 1001
1056 652
989 653
244 360
668 901
779 68
728 370
827 259
92 268
235 149
89 940
558 884
687 319
601 930
577 484
1010 981
469 275
738 152
172 348
1114 712
447 1045
968 572
316 632
768 1123
249 799
248 24
194 310
379 190
237 676
994 936
922 452
499 724
369 329
116 924
302 485
491 167
8 200
335 975
620 332
667 301
196 414
872 180
928 1062
612 987
994 928
441 659
356 109
222 512
851 686
629 791
718 781
1085 685
439 766
871 807
220 301
756 934
540 485
924 138
177 759
49 627
557 539
996 379
509 974
923 546
800 879
589 531
945 938
715 714
1050 569
264 618
938 868
1071 600
256 104
1114 740
606 740
902 558
661 773
845 739
405 366
603 864
704 175
164 342
899 387
1089 460
360 254
858 844
914 254
696 972
879 304
564 545
234 770
1043 180
321 816
90 755
680 687
708 1010
416 793
482 46
686 222
131 566
896 791
101 339
465 388
715 712
1054 742
832 990
510 395
960 941
134 352
949 467
789 730
979 642
769 629
943 512
275 539
889 359
276 522
833 330
953 822
61 149
744 850
424 846
486 1114
493 192
331 841
132 399
999 731
801 438
562 778
124 1012
605 961
419 775
257 1018
439 311
373 863
176 953
607 794
715 271
777 860
834 541
119 946
305 998
681 266
584 55
884 735
431 817
440 707
426 702
1119 356
397 259
235 522
786 448
768 120
729 800
282 503
623 983
937 536
419 390
724 460
630 173
276 510
833 612
1030 147
144 700
220 1051
124 277
728 254
73 368
1012 1107
1017 952
118 917
376 754
467 719
418 660
768 395
653 815
1113 399
754 589
946 665
994 248
346 469
125 885
581 674
807 207
190 915
365 368
948 345
934 825
988 158
246 982
469 257
639 535
653 186
275 53
708 1106
893 762
849 408
214 599
803 350
850 808
327 801
924 810
732 915
483 689
216 603
135 930
490 926
78 778
403 901
978 396
835 232
659 924
602 713
737 1
445 923
216 1090
154 819
814 48
519 141
653 39
335 168
189 1008
159 705
776 644
725 890
657 816
824 342
437 156
155 363
820 1086
258 959
60 196
622 708
395 449
263 1093
314 669
456 51
192 201
745 642
140 331
123 607
655 275
360 486
248 420
137 450
329 456
915 1077
294 344
412 170
604 238
109 833
424 198
258 655
248 228
1073 838
198 325