767 147
648 526
355 738
842 45
428 812
371 302
709 1028
876 257
949 756
321 239
408 639
1027 24
420 1009
869 598
511 971
37 588
375 963
258 642
504 896
144 500
277 401
323 181
1066 251
909 1025
165 537
388 502
637 875
1014 65
432 456
710 638
261 1073
931 121
61 216
759 151
751 525
323 976
945 1052
936 606
658 579
384 197
832 1113
301 573
839 116
998 1017
677 362
352 232
552 1010
752 831
846 938
607 815
93 210
765 654
342 974
298 577
774 804
44 328
783 697
605 908
512 697
893 1087
1116 477
252 986
37 662
22 580
939 1107
674 401
545 780
615 560
758 656
593 140
654 32
199 573
411 834
469 307
975 130
661 182
1036 359
496 713
100 989
411 212
122 136
984 429
59 104
86 339
302 783
901 360
561 530
684 1088
107 573
892 560
667 331
568 929
515 402
598 987
440 635
806 437
237 81
1065 649
826 393
645 170
69 8
430 534
670 667
967 679
966 689
377 783
522 489
272 909
200 360
117 717
1075 778
675 590
533 729
1013 885
657 551
411 900
261 455
660 877
880 785
572 1052
983 488
694 248
200 162
236 958
740 642
277 266
734 832
694 264
900 183
549 165
999 854
590 904
1109 591
511 232
886 987
191 886
197 934
602 275
830 1002
435 448
734 425
893 461
193 184
775 842
531 721
951 437
585 939
405 409
347 828
952 402
952 596
300 715
1047 919
949 136
142 668
851 192
831 8
887 606
793 260
854 318
331 529
20 984
332 368
708 75
696 538
1093 405
317 1036
495 342
24 160
47 699
421 728
111 142
654 109
330 198
611 1064
139 266
1025 367
493 427
491 290
287 806
604 686
304 279
1031 1091
848 398
172 202
128 542
748 805
239 211
852 348
558 108
1030 140
1066 856
980 850
1056 355
106 841
1006 447
752 899
127 64
49 622
407 539
954 415
208 909
100 694
223 311
1049 672
1051 569
279 219
492 206
565 273
535 748
930 221
733 793
349 919
348 826
747 361
41 693
1007 869
375 764
540 477
707 354
62 445
42 873
574 856
179 213
781 166
41 401
73 950
1032 230
1055 1008
814 556
148 578
500 836
626 35
989 138
25 514
643 307
120 214
97 550
352 589
660 980
730 824
741 850
1118 93
995 886
179 138
540 317
995 1005
381 31
40 1028
442 382
100 142
735 941
942 180
761 150
29 34
472 692
1051 96
973 125
609 354
86 113
555 788
464 150
1088 711
337 1007
760 940
823 939
261 445
500 659
567 99
442 226
701 832
197 862
751 214
384 302
1121 618
897 383
370 372
689 602
413 194
1102 714
113 712
322 875
3 237
264 242
114 1071
621 125
987 526
421 632
683 896
750 141
945 290
525 1095
248 404
103 192
127 829
350 781
533 316
125 307
870 699
356 398
656 284
728 408
876 756
703 76
650 103
39 943
1003 545
396 627
518 347
570 480
492 809
596 939
459 272
102 94
1082 731
573 458
522 430
1077 776
439 376
910 671
765 421
1011 1013
278 293
120 514
389 587
1010 451
749 1015
492 301
127 720
911 610
894 638
1057 868
457 579
506 968
133 359
704 251
675 751
282 762
826 999
615 914
538 896
55 769
137 609
781 78
1017 960
1102 409
901 248
762 367
67 708
65 898
316 678
428 553
163 1087
612 1012
526 749
723 470
102 429
1009 619
969 252
941 562
446 488
1045 821
751 943
147 342
1111 705
353 733
624 926
414 688
656 235
305 1040
656 1008
814 540
88 923
744 256
436 426
579 132
635 115
643 1086
356 1090
835 253
1052 807
785 812
1108 793
306 278
250 861
130 663
977 3
354 999
913 990
229 147
185 857
359 923
592 519
400 563
883 847
568 163
441 729
1115 662
496 793
476 933
736 349
741 1097
890 958
682 139
257 896
430 287
429 68
657 398
1067 172
355 776
158 721
1049 1007
163 672
934 761
587 230
108 486
979 353
643 580
425 360
1114 42
839 571
268 990
753 212
981 262
627 555
142 1115
622 285
1014 651
961 200
330 862
644 594
374 800
978 724
853 295
860 666
950 108
810 989
680 216
955 368
732 171
688 938
952 472
748 549
163 1053
1072 670
127 897
865 120
834 539
732 844
193 584
1062 784
1030 760
209 743
681 607
882 640
452 883
617 1108
529 167
1055 986
348 855
286 36
941 630
554 141
25 702
423 720
569 207
823 388
146 703
657 431
118 566
779 1018
602 1034
392 77
234 496
974 934
397 303
274 159
668 452
980 171
577 433
954 842
476 727
906 637
998 889
539 318
825 132
301 715
738 197
179 962
1 152
612 133
14 246
661 215
677 285
869 517
3 893
157 642
785 1089
294 690
930 886
846 774
345 371
239 123
433 542
464 823
271 940
1098 1110
427 298
712 695
398 682
860 192
604 427
985 430
874 87
642 824
370 311
1062 587
829 974
432 877
189 635
205 950
1084 1078
514 629
268 103
102 36
288 488
1118 773
330 1057
744 360
270 728
169 933
699 985
202 538
655 975
673 218
800 757
205 1061
121 211
793 1098
386 115
452 93
596 949
779 1013
683 457
333 7
237 225
50 577
111 808
206 182
630 396
508 730
465 578
951 878
100 309
1015 830
959 316
267 840
352 537
619 321
178 136
753 901
303 550
292 422
135 295
325 555
890 335
616 203
835 735
697 121
1063 611
769 258
269 549
532 207
782 517
996 623
482 969
735 406
396 374
904 399
664 586
695 342
163 751
705 267
92 238
760 556
144 862
991 714
690 245
534 834
1076 450
650 131
1097 498
64 597
964 536
870 656
804 160
449 832
281 105
55 1050
355 796
376 881
841 1048
511 222
972 164
351 847
748 761
774 197
578 877
582 907
807 814
197 358
953 746
736 674
900 657
1065 896
672 652
1095 815
449 946
671 966
1061 696
48 24
44 486
1086 644
385 416
512 989
230 999
1056 1033
1014 1021
572 972
77 611
270 1069
639 1051
140 494
351 341
274 457
535 309
382 796
574 285
977 222
598 757
768 132
935 907
40 769
134 828
350 190
858 435
550 660
1056 1118
106 440
29 422
406 815
717 479
426 300
825 900
687 774
105 208
304 616
1019 264
750 966
975 589
972 206
180 124
447 644
619 400
207 594
546 856
698 994
239 216
829 886
277 869
378 60
390 862
747 513
1035 869
195 943
512 1088
431 260
100 403
272 153
724 932
738 262
1022 520
259 989
448 1002
900 197
602 455
543 330
113 357
1076 888
973 902
848 1067
257 143
433 91
368 559
243 314
467 582
647 186
689 768
633 884
890 393
182 359
992 615
65 152
158 429
920 150
683 177
370 29
1070 425
321 410
226 883
297 700
1024 412
424 1113
611 396
328 932
500 830
179 971
879 558
718 1099
938 700
652 815
531 296
810 123
699 494
128 734
224 391
896 334
212 80
848 712
388 692
338 959
102 972
336 722
719 803
688 917
479 156
246 830
431 250
264 798
332 245
990 475
468 631
342 932
481 904
834 304
572 764
673 559
425 960
1020 726
504 271
250 20
278 1014
852 651
590 878
523 1011
809 583
122 344
837 190
528 550
428 238
1065 90
884 654
188 4
499 970
984 84
1059 121
180 115
1084 369
1063 76
535 52
50 862
670 501
826 491
315 726
75 317
126 472
814 781
1106 270
142 381
797 916
537 822
406 874
59 795
1035 436
909 795
900 383
50 469
460 259
71 854
30 793
821 322
669 717
471 723
703 11
640 503
607 708
422 748
538 339
150 627
717 425
173 847
508 491
532 433
345 831
235 896
981 398
776 711
215 1081
366 753
860 458
84 1019
862 259
476 493
840 617
718 227
181 309
844 465
815 1114
480 352
731 683
789 1105
906 142
615 522
395 738
984 367
591 883
87 815
512 504
200 521
758 211
908 497
582 451
850 904
765 198
925 708
200 532
614 25
613 528
64 898
612 382
639 729
1074 557
464 359
339 333
243 808
750 696
459 362
910 953
905 348
206 774
851 175
854 55
973 906
204 541
942 265
940 680
746 115
619 453
520 298
217 831
229 307
247 577
756 726
372 385
970 1063
762 1081
349 165
107 949
437 744
488 647
448 129
426 951
864 774
628 888
676 705
124 746
735 1041
728 299
49 440
156 930
923 253
938 252
205 525
645 957
261 1087
545 918
893 870
130 548
1036 282
116 88
844 521
871 1003
470 609
603 979
615 855
242 291
407 970
404 387
818 1108
955 353
836 237
607 584
494 908
420 596
535 697
1027 364
141 394
881 490
177 253
55 1091
340 641
1074 684
769 195
249 362
653 723
1000 422
1020 434
619 676
539 545
84 208
229 519
649 85
489 695
468 145
269 174
356 1003
972 702
176 422
962 610
682 369
365 258
890 959
1044 798
523 381
997 174
606 1026
605 1007
773 389
236 706
819 976
273 489
122 1023
864 145
144 473
293 381
853 398
965 296
276 891
713 802
297 795
192 340
894 1121
427 345
609 701
921 787
886 540
408 950
993 284
197 321
10 527
961 816
988 669
1103 511
102 642
824 772
555 1111
623 878
137 70
374 300
453 582
479 872
169 7
466 1008
289 523
769 669
675 235
399 222
933 682
786 924
244 635
724 407
1083 813
192 754
65 837
838 593
279 329
993 553
848 720
760 85
690 1107
284 43
1025 280
276 371
386 236
708 1098
518 809
48 456
191 85
104 416
751 395