525 612
526 889
373 887
699 785
917 420
621 55
889 1009
430 389
354 771
536 814
782 339
740 701
844 1118
798 416
340 951
544 911
363 12
349 1048
125 702
289 208
130 76
791 962
148 960
831 896
988 172
168 772
910 587
351 925
799 825
977 912
1048 833
227 574
563 187
808 419
133 1115
667 929
532 854
326 762
944 55
669 1102
690 156
23 336
898 251
95 699
657 504
1086 390
704 601
871 566
938 568
726 864
820 378
626 951
114 1085
482 546
577 259
322 1033
970 382
142 175
657 1123
650 937
1065 130
811 756
498 318
262 32
905 873
447 894
471 318
296 150
817 11
83 711
981 411
64 891
594 1016
803 211
265 488
37 413
624 704
849 548
43 443
650 768
345 87
523 261
725 1018
595 144
866 954
321 225
373 472
321 200
557 437
320 707
686 756
893 200
520 153
265 254
116 568
1041 100
783 284
570 739
115 1013
237 878
387 119
980 238
41 285
100 810
323 346
931 384
583 238
44 209
292 501
986 488
255 286
994 943
888 796
348 123
139 520
416 973
572 44
116 709
818 382
116 824
1087 368
566 252
157 585
424 354
134 692
315 811
853 213
721 139
444 324
545 224
804 42
410 889
555 192
1097 623
235 822
443 461
74 450
279 1111
892 333
691 545
696 727
966 592
1020 963
750 672
364 904
1001 462
981 575
929 751
320 661
91 126
265 821
604 862
71 339
112 217
294 77
795 654
165 558
194 274
1117 495
993 662
792 801
949 692
1019 943
768 438
166 1087
946 916
757 347
267 114
801 557
984 208
230 581
391 835
422 167
663 135
738 550
214 758
691 551
235 627
585 389
982 457
325 130
599 736
163 573
932 180
608 409
543 545
196 138
155 519
536 931
12 361
816 1009
817 709
1061 499
308 415
824 572
145 1111
482 323
1104 377
404 580
147 236
713 864
389 499
741 514
527 457
558 676
587 461
688 1102
666 238
185 236
993 866
721 554
468 257
413 883
647 151
982 906
1057 751
42 391
706 466
757 576
571 746
96 503
811 367
171 782
541 599
774 330
225 661
283 786
847 221
488 331
354 130
70 350
660 1001
454 151
510 192
350 685
983 554
144 165
100 312
1042 886
658 392
660 215
595 411
543 93
646 882
737 346
395 119
786 949
849 910
487 855
425 5
514 176
571 817
327 208
623 816
901 1007
422 332
746 888
249 955
485 311
5 124
248 866
233 613
667 189
329 728
466 850
1003 367
235 433
723 368
269 1061
226 797
649 995
467 40
962 309
417 760
116 442
364 961
1016 824
419 813
988 753
546 158
982 1103
940 517
1058 793
1095 92
463 429
774 916
1020 20
355 163
33 633
629 927
579 928
616 127
200 484
99 1058
1002 807
766 763
179 788
717 971
430 292
923 8
996 65
851 977
913 910
668 776
1007 314
492 250
527 1060
603 257
911 481
176 396
558 126
1063 292
598 170
372 1066
215 187
604 26
5 169
610 872
594 661
212 544
695 609
102 168
299 974
58 614
311 413
978 388
604 1109
355 401
549 219
187 392
774 474
100 59
341 51
825 640
324 887
813 366
930 485
659 856
319 750
510 1076
209 768
273 773
795 746
224 748
425 460
688 342
165 651
764 874
578 1066
914 864
464 445
789 638
691 1070
387 84
1064 974
313 767
742 1010
53 10
840 180
388 810
492 806
597 111
984 682
121 832
423 251
307 466
778 805
455 918
979 916
350 393
1048 620
981 459
1021 604
262 30
528 909
378 758
495 914
456 712
71 928
766 542
428 430
918 146
409 611
395 703
224 256
660 11
696 846
748 612
725 37
844 874
726 343
862 792
259 184
115 62
92 574
758 627
263 158
578 948
611 23
533 706
779 345
182 771
660 1069
1012 839
938 943
879 976
915 347
328 996
649 318
253 480
256 429
159 909
567 658
911 244
777 491
948 357
572 391
650 409
385 545
720 468
281 911
728 164
760 665
304 136
106 78
1046 563
57 449
716 760
967 920
52 954
123 388
531 304
819 418
729 199
904 344
712 636
938 205
173 295
996 1005
558 422
593 527
653 609
16 127
544 480
60 882
299 528
856 915
251 813
63 260
108 689
386 313
743 503
304 803
984 1000
814 377
702 363
677 683
164 851
652 796
1109 536
743 191
267 1062
935 56
1093 898
1021 529
289 432
1012 300
811 1044
597 346
223 419
836 273
456 379
400 1062
786 746
437 768
174 838
1020 816
572 69
719 669
41 217
864 693
690 826
408 532
939 637
894 110
588 902
301 816
444 848
821 138
823 664
917 401
287 522
85 851
982 266
955 744
383 471
425 85
133 912
835 745
863 402
1002 818
421 819
812 121
351 163
381 545
476 1117
627 57
752 190
437 106
929 436
401 584
1012 488
680 235
756 462
321 899
539 719
1056 150
948 126
666 1075
247 1050
277 178
207 963
502 95
874 865
1002 829
998 105
846 94
1026 368
119 943
1062 936
650 106
420 385
169 1018
224 941
46 1036
205 559
96 323
1001 273
452 876
979 707
425 1027
603 850
132 469
1010 730
672 440
210 825
181 310
580 261
663 731
528 959
949 1018
366 328
839 221
146 147
363 924
372 923
333 428
889 151
671 275
57 908
694 302
98 822
713 287
540 284
211 1094
494 188
568 1123
597 492
369 617
259 850
172 984
1001 859
23 663
265 608
780 1119
154 240
1095 394
45 558
1086 242
152 980
462 638
161 731
152 5
149 120
524 653
986 13
373 7
179 425
598 840
129 704
494 650
480 780
201 946
579 873
298 51
257 418
167 399
273 564
587 767
472 479
855 787
137 597
811 114
632 557
320 578
811 680
434 174
1065 360
342 144
676 584
858 627
669 353
718 702
422 757
528 155
573 347
1057 964
990 817
761 865
458 145
174 849
557 397
379 1
444 174
191 268
112 102
310 506
850 666
101 790
104 962
241 633
171 404
1071 772
667 450
384 348
187 123
354 1017
849 458
877 671
877 451
834 27
535 248
559 194
659 32
528 948
864 619
924 1013
532 961
265 62
231 122
559 21
149 404
1068 263
462 638
240 186
843 370
726 233
298 155
739 929
1111 502
1015 416
916 824
428 4
1055 733
1081 827
153 665
1004 244
671 860
191 766
875 432
1113 979
256 643
21 12
551 896
444 223
692 234
933 558
1037 388
650 916
492 267
71 958
867 490
1120 822
1056 499
766 939
738 617
506 1012
951 1020
848 621
391 326
777 469
913 311
10 545
115 580
368 493
711 871
151 374
164 916
685 1082
610 416
918 657
810 1083
784 1123
213 101
838 356
683 800
349 320
906 255
965 774
303 450
307 254
760 697
980 4
348 766
963 647
684 164
164 595
219 590
1026 240
748 40
798 134
833 188
680 179
147 1009
198 408
1095 186
315 155
36 214
740 821
539 663
1031 708
346 201
270 953
605 629
633 695
121 1066
221 447
803 278
146 870
271 415
687 737
69 820
702 300
637 313
308 720
273 575
928 794
632 451
682 337
312 173
798 748
808 758
220 628
287 854
808 928
1097 271
900 91
656 713
923 397
608 920
615 570
286 830
563 530
138 283
985 93
484 414
375 79
1106 147
594 671
119 676
384 90
714 11
877 756
271 561
898 415
693 668
166 991
442 865
47 243
452 947
715 764
1017 390
1037 1063
1089 425
445 888
650 551
929 363
563 529
661 147
908 371
15 170
173 237
378 902
782 946
506 527
514 1018
889 352
704 236
531 642
990 96
412 485
575 726
294 535
560 386
107 1084
334 482
170 285
938 100
618 758
360 174
696 399
721 886
326 126
175 302
656 745
910 448
525 673
448 624
274 453
521 6
378 137
1085 966
396 126
346 167
285 53
521 39
530 954
307 898
607 743
911 959
140 157
136 144
616 146
244 530
224 989
263 428
682 687
193 312
139 863
472 47
705 528
282 98
372 175
989 486
603 859
729 720
785 230
143 472
563 719
259 861
151 429
624 230
864 893
994 307
278 510
315 1106
311 908
369 647
579 170
556 623
666 315
835 310
539 723
845 545
246 578
925 165
46 237
398 569
327 217
1064 908
591 210
577 763
615 560
120 960
648 275
542 169
593 247
935 492
166 491
961 53
428 386
658 276
433 985
579 497
326 486
795 699
809 1090
437 242
766 230
357 302
908 605
605 576
936 404
1052 721
1051 624
583 856
390 119
546 976
821 134
517 171
986 953
131 545
167 649
731 172
226 981
90 0
402 59
760 902
341 366
617 386
419 430
294 820
611 235
838 2
195 559
494 494
897 859
200 43
976 663
227 259
411 453
838 348
1002 703
578 35
573 3
1112 39
550 523
244 1008
1113 786
284 210
610 488
172 719
588 516
466 564
429 223
373 705
433 640
449 618
723 806
1017 959
953 316
672 231
777 498
276 951
751 345
621 360
27 1005
674 1104
1061 639
938 817
651 816
369 906
425 746
307 81
669 719
348 514
550 392
9 491
546 968
702 621
430 788
10 235
501 83
964 421
563 223
918 263
417 38
959 216
721 304
20 1022
107 854
327 586
439 822
443 1095
515 503
459 765
1053 1116
673 645
747 368
686 669
158 295
192 929
457 40
143 258
524 629
652 846
999 878
1006 370
740 914
910 746
426 742
165 588
87 104
732 783
559 776
1032 224
377 165
846 253
196 907
393 930