222 465
35 464
840 104
272 752
138 887
455 150
684 512
262 458
679 919
517 801
430 455
430 79
963 993
697 673
519 185
709 801
119 302
573 417
747 981
658 715
1039 156
341 669
903 73
408 731
862 868
452 195
191 728
629 1078
232 1014
229 629
315 54
1033 858
959 487
467 414
168 1001
1072 250
950 522
784 1033
419 988
952 248
509 228
994 609
42 266
808 981
1012 846
1105 141
952 832
204 902
788 629
931 738
344 936
306 956
1033 518
929 599
643 677
554 169
775 252
431 444
732 581
779 498
1076 793
695 785
743 163
500 298
295 163
935 291
384 350
224 750
695 417
526 672
815 635
286 873
774 437
1027 867
318 273
1110 151
709 887
478 436
17 227
774 206
115 291
325 123
985 965
6 350
205 780
609 529
404 984
572 269
255 665
70 1119
883 758
237 905
725 937
510 509
551 18
954 442
128 1123
663 332
314 280
964 527
590 47
960 589
719 748
641 301
927 494
944 719
358 839
184 980
747 1086
736 384
1043 749
361 1016
643 567
844 669
833 875
194 716
869 714
725 805
749 298
899 626
13 443
353 294
286 1024
131 572
73 231
426 483
230 703
605 558
250 312
555 1106
1119 149
1008 922
570 691
7 227
113 110
955 900
268 1067
546 194
34 171
678 716
997 833
181 378
798 915
895 262
614 591
510 433
975 474
822 325
573 242
1086 990
910 922
450 779
235 227
513 277
862 163
333 978
164 529
841 962
867 243
820 294
229 146
396 938
408 838
181 266
505 1
545 1038
749 578
782 798
235 492
1007 636
825 339
373 727
127 218
303 740
594 544
691 376
460 747
925 323
451 594
983 521
672 681
474 1109
196 801
181 23
154 1040
1045 168
886 11
100 1011
1108 617
685 263
478 229
467 386
598 803
761 331
1112 86
997 492
143 967
816 930
754 601
1118 924
893 115
857 318
98 703
848 238
441 321
653 114
420 712
206 972
646 750
928 504
844 20
40 601
195 76
491 460
551 582
553 1062
796 578
741 872
836 609
711 896
221 302
901 452
365 216
123 0
581 615
778 567
171 1049
642 832
889 969
468 208
382 847
253 109
611 193
904 746
547 89
691 303
1096 949
783 773
341 727
17 965
1055 358
1047 325
140 606
1061 884
314 37
689 386
927 476
208 138
1011 504
681 266
776 165
402 479
641 417
754 359
974 522
362 417
521 1123
247 584
759 955
980 881
567 841
747 222
672 547
25 721
729 177
810 186
380 237
526 212
939 703
246 1085
814 129
701 287
157 403
131 105
1011 632
218 705
1019 820
618 184
633 145
368 624
920 180
954 345
770 1070
950 1041
383 535
498 430
964 451
738 263
289 146
521 764
905 1004
857 661
524 390
311 518
143 687
689 1033
705 649
809 46
552 303
626 350
852 589
640 409
720 1008
261 1117
890 694
1098 164
146 400
1016 626
327 111
664 172
270 861
584 728
530 54
575 521
853 911
909 935
535 141
407 26
206 440
527 366
247 760
831 1019
673 198
167 932
351 448
439 210
146 920
473 340
442 614
540 909
750 182
865 250
1105 424
495 943
284 704
898 768
1068 958
134 822
564 247
846 7
103 505
186 672
645 967
981 981
606 574
640 483
154 437
153 281
138 391
224 640
704 435
279 282
275 610
913 1009
128 393
169 990
840 880
299 707
984 480
254 259
488 487
851 982
712 256
477 168
329 776
562 895
197 1073
434 580
561 971
303 109
397 486
652 182
125 263
144 979
822 720
413 469
188 1098
701 421
793 734
318 421
278 302
542 628
561 362
252 327
877 225
543 31
727 374
735 131
389 300
787 905
434 236
507 291
389 237
974 1091
310 505
674 954
635 199
890 1001
525 230
307 237
231 653
459 558
13 676
638 457
370 1074
91 555
687 157
606 264
364 220
311 1040
685 631
918 278
119 707
223 313
1034 680
833 570
398 438
802 451
400 624
798 724
301 734
208 499
347 586
116 185
473 569
342 631
511 160
286 455
1063 897
838 983
306 1015
232 1016
287 837
972 377
500 935
677 807
806 699
602 92
22 603
220 686
112 753
1068 160
951 637
803 601
383 389
277 503
887 801
246 719
877 1056
1073 543
819 431
529 16
169 390
673 700
785 491
637 400
700 235
674 947
730 651
847 1040
653 539
918 480
385 204
82 871
903 305
249 310
914 1010
756 618
667 992
205 397
454 93
141 854
707 781
479 213
631 669
648 623
474 180
863 47
1016 674
224 1030
147 271
820 453
184 472
824 375
933 633
454 804
732 619
643 170
146 354
458 310
911 560
180 829
494 816
1002 290
355 322
331 696
963 930
266 751
243 514
59 966
558 11
1076 536
1034 682
243 739
1002 559
133 502
459 534
85 689
266 912
190 737
994 225
637 579
758 291
219 143
680 452
971 73
801 860
991 108
303 764
389 890
120 893
271 93
856 717
422 595
649 603
1074 670
996 154
633 1005
578 426
472 666
652 869
811 863
2 235
16 584
610 956
21 163
869 342
631 697
119 41
494 701
922 625
1040 354
1075 929
971 930
32 350
335 1022
684 575
942 142
91 10
525 979
778 735
955 378
21 383
535 530
438 47
803 206
1016 19
543 703
377 821
847 325
533 70
521 963
139 456
658 145
278 897
1055 310
220 447
367 711
817 834
478 1001
892 20
136 118
650 337
215 242
537 159
58 291
698 652
487 714
823 1096
290 816
662 1063
655 665
890 338
165 1119
927 676
236 391
558 320
1109 131
109 865
1008 772
438 719
526 1025
408 504
615 92
816 120
678 552
392 771
35 329
209 1011
833 878
1100 819
569 570
917 878
610 377
969 332
834 722
830 354
132 1001
964 433
923 186
341 149
614 779
955 400
389 132
824 292
395 424
608 817
493 778
442 265
487 285
567 43
309 335
411 103
244 352
29 446
306 499
1038 119
102 905
442 660
668 54
616 409
972 918
638 168
545 121
676 631
444 424
487 198
977 428
374 872
427 337
725 475
395 846
876 523
442 331
11 110
815 136
266 749
586 819
655 97
611 177
1116 716
538 161
213 852
847 562
139 807
911 674
979 1002
352 123
878 186
731 502
684 145
776 766
147 496
403 980
641 803
52 220
584 1092
215 298
96 709
901 298
407 174
262 317
214 601
496 429
713 1003
891 821
964 266
494 940
996 148
289 658
373 983
461 544
597 573
812 881
185 769
828 155
931 578
838 263
349 524
515 896
856 706
703 584
573 963
937 361
723 1080
522 533
789 356
460 227
963 853
702 254
314 1009
301 695
438 692
533 236
121 348
73 214
926 399
916 260
808 675
225 816
717 794
81 435
234 690
931 149
996 242
883 171
497 380
798 424
729 800
486 721
59 866
666 937
324 791
728 754
782 300
190 249
244 945
257 520
762 1067
1000 1047
1047 297
600 566
359 906
729 617
531 187
257 414
140 343
198 464
598 486
665 197
630 122
936 717
516 471
508 440
850 852
5 175
7 108
710 690
548 506
629 729
951 836
429 509
1015 814
269 631
315 699
985 282
489 832
647 638
938 878
301 894
435 758
368 367
384 770
808 595
105 807
505 661
601 1025
712 148
421 597
103 167
774 541
174 889
580 461
132 84
1091 959
184 33
970 921
1107 947
708 660
441 674
811 143
655 208
1066 869
145 907
666 480
573 258
326 675
399 795
782 547
325 936
783 970
849 984
704 838
1093 751
798 542
963 962
337 539
830 144
136 779
708 781
701 169
637 720
508 135
20 969
465 919
1107 117
604 619
724 845
504 453
686 674
150 106
653 224
120 946
670 800
945 936
937 765
923 919
720 574
951 404
436 384
702 818
503 400
865 452
553 421
29 1116
142 19
307 276
299 460
711 357
295 411
800 983
393 585
937 914
647 323
888 309
101 915
820 1004
119 501
1022 860
384 1083
533 501
629 436
766 207
109 134
51 106
145 437
480 844
630 467
624 465
400 696
207 586
526 458
312 503
157 157
226 642
642 982
715 375
459 868
1022 803
59 433
158 970
692 287
801 419
341 1063
887 255
525 256
955 423
975 634
235 824
783 400
552 811
269 798
774 426
968 1038
1018 866
513 913
437 158
680 750
951 238
978 13
665 739
309 1109
204 462
916 301
1010 409
759 159
977 178
10 665
1101 471
148 151
861 907
739 178
142 942
565 328
75 945
106 489
666 1060
1031 78
771 551
166 1115
972 634
700 531
876 728
170 626
75 292
1031 12
14 292
1077 896
293 305
52 75
665 439
355 680
865 200
661 714
1008 288
587 973
257 344
582 234
724 806
147 881
35 956
210 887
21 396
691 14
729 535
811 1088
1032 771
307 272
173 123
974 871
836 950
972 160
1048 319
348 817
440 841
679 683
416 708
339 920
377 949
330 514
53 584
1091 302
109 220
412 872
463 916
346 855
680 182
941 262
409 205
968 272
287 696
592 1114
648 294
516 123
804 103
208 956
959 429
1029 840
345 19
364 985
610 522
393 841
936 420
899 975
56 771
337 490
524 511
52 327
936 939
611 484
122 1013
403 1046
997 356
1095 181
715 453
702 779
603 916
643 647
153 529
452 676
508 455
447 53
409 379
902 1064
961 918
258 294
550 518
301 206
900 327
723 927
958 994
985 421
1017 589
360 765
949 800
522 811
494 771
955 459
245 403
958 917