601 198
628 525
345 124
1002 574
281 516
907 678
528 160
379 679
556 758
708 394
278 388
926 437
783 382
496 1019
112 160
1046 599
327 273
997 937
540 866
63 605
195 568
458 719
692 367
243 841
683 130
151 437
843 695
478 160
159 552
195 121
470 417
211 323
798 310
956 903
167 145
744 450
540 799
83 420
863 215
250 6
1037 523
677 336
220 856
131 1083
204 576
211 563
578 841
1014 778
173 284
706 718
861 658
654 496
940 363
732 332
794 318
311 707
377 920
718 987
1036 637
799 251
938 719
328 303
232 11
374 1077
566 301
448 165
487 491
959 180
512 274
447 1008
237 270
597 617
450 548
122 781
693 186
568 677
523 646
1002 128
111 54
649 366
418 972
149 920
946 230
145 254
948 282
787 952
991 267
58 990
294 148
513 511
224 7
276 441
117 645
705 393
52 786
466 524
159 103
704 177
511 158
255 631
753 991
287 311
910 135
505 782
410 1107
243 1
661 683
545 386
883 586
1078 114
926 129
445 182
877 707
595 303
668 72
456 158
273 552
173 852
951 669
474 733
952 837
25 20
329 223
830 131
907 959
175 776
226 222
362 71
90 680
253 736
590 1003
406 1037
457 515
260 887
536 958
549 342
980 983
569 365
9 735
274 266
475 203
885 131
354 298
961 722
169 958
542 747
797 217
780 931
488 305
540 938
898 882
290 1023
379 860
532 422
619 517
975 665
299 1021
17 608
331 750
566 644
230 429
46 180
786 507
534 336
1014 124
605 1053
394 697
557 35
354 479
651 144
117 728
696 636
962 329
297 499
313 75
997 850
569 287
853 587
567 921
348 907
634 849
895 793
737 326
83 133
878 711
132 170
562 880
153 658
404 498
487 147
891 668
951 884
200 825
355 435
141 250
878 989
1020 529
970 828
656 694
278 945
110 990
897 253
936 95
658 610
1087 773
273 515
1107 983
830 131
730 548
1024 20
101 423
864 262
991 126
86 653
927 281
427 430
822 265
865 440
1074 611
655 446
575 196
177 79
116 233
371 999
440 776
660 664
767 487
46 918
541 294
123 1087
277 1015
495 325
896 737
747 142
851 117
985 171
273 452
462 311
647 858
111 617
907 686
927 614
295 921
516 276
101 1015
241 667
880 687
1056 186
82 591
561 463
692 796
690 284
967 948
880 193
103 505
108 830
382 222
842 165
678 324
698 1049
664 213
705 317
343 691
252 793
387 1082
74 196
864 42
907 160
438 819
414 768
451 712
84 786
243 382
643 638
386 602
989 622
357 136
385 738
564 906
713 810
669 394
614 780
960 487
76 631
966 512
674 214
381 763
153 264
916 632
492 988
964 270
327 512
429 388
763 927
686 950
445 210
886 23
357 836
101 237
498 896
348 1062
419 621
776 763
345 893
840 916
259 769
883 713
66 219
774 723
245 101
386 867
295 125
794 507
255 927
224 247
527 556
35 643
457 528
807 66
1087 823
251 536
602 311
664 583
800 706
925 183
313 891
1048 248
174 1008
318 747
156 270
867 665
653 580
258 855
156 254
679 370
403 204
626 654
351 261
636 242
1075 195
506 181
397 704
323 826
276 434
362 752
1036 727
487 655
134 350
576 138
933 831
831 467
412 246
310 509
52 567
196 48
865 617
166 920
235 977
427 887
468 654
601 708
631 508
514 110
660 378
252 907
522 938
206 276
164 127
496 846
768 499
279 20
984 317
451 813
410 213
151 312
898 203
509 75
710 153
788 492
818 617
797 942
756 1043
875 553
754 410
195 873
346 352
610 475
251 866
132 357
946 1014
209 443
386 242
371 289
1015 911
795 338
776 547
203 438
588 880
637 378
206 868
157 724
172 424
269 879
862 517
978 553
251 933
714 146
268 1031
996 781
371 370
981 792
582 984
921 816
824 933
953 880
641 434
677 919
1013 948
985 438
124 758
265 823
829 1045
395 324
504 248
1121 949
211 363
939 122
559 304
112 728
385 159
705 37
941 893
1053 381
29 968
1047 579
535 478
592 755
176 281
17 432
691 680
745 801
1085 1109
462 140
525 978
587 591
1008 823
386 251
707 636
342 1101
900 810
552 638
726 860
225 351
860 174
387 778
35 928
675 1020
467 63
797 395
907 33
105 324
812 361
281 315
647 345
1010 365
595 617
437 453
778 51
147 448
1113 381
203 879
141 1002
962 796
892 362
174 847
522 920
27 114
796 1005
237 677
834 314
472 327
408 73
809 310
665 295
910 222
367 961
656 786
574 590
854 1018
95 331
648 609
560 388
908 672
1002 18
1017 72
606 504
309 931
1020 727
619 855
68 282
709 749
102 516
142 271
208 784
990 1021
870 777
582 598
686 105
418 331
61 510
338 767
253 92
817 583
815 144
387 92
691 333
923 759
247 931
1071 155
653 541
888 812
696 461
825 617
904 659
644 711
253 468
679 320
361 11
845 828
258 326
826 23
310 335
151 790
1000 1041
122 465
199 857
334 995
573 191
544 871
1031 902
454 474
402 973
255 331
1004 399
279 267
179 513
851 1030
950 87
66 231
530 404
120 610
144 432
290 405
797 794
355 209
789 141
1105 349
676 1
356 765
808 1040
1046 923
932 416
539 261
497 662
778 285
318 194
398 471
399 518
110 765
576 640
307 571
404 557
811 1006
347 668
219 438
911 422
852 854
571 406
1019 415
657 947
970 324
451 1024
937 1006
111 486
699 259
974 907
366 493
1066 761
628 887
831 578
110 907
740 778
308 449
314 228
404 579
440 856
170 937
360 407
567 859
650 1110
574 668
567 357
125 163
589 416
720 262
536 938
293 228
115 546
225 421
199 1043
439 827
800 1122
95 248
663 784
706 702
663 288
630 756
779 161
996 743
791 969
106 662
942 621
641 554
888 71
994 490
700 617
291 100
288 172
875 57
919 818
893 449
826 905
757 978
715 749
988 330
822 798
202 750
330 56
541 964
651 32
702 376
200 564
937 539
111 510
85 815
640 68
880 716
327 412
148 349
789 896
110 112
269 325
886 356
658 557
111 538
904 86
288 409
947 344
715 457
615 356
1100 351
281 881
418 71
774 223
522 924
987 385
417 960
656 640
334 768
495 388
4 744
343 160
879 531
445 706
560 960
755 291
486 404
636 990
284 155
979 508
162 202
555 298
894 903
91 172
513 701
810 913
484 79
40 121
819 13
838 591
389 167
975 769
642 594
128 980
732 559
699 410
901 203
207 542
525 259
790 661
934 201
265 427
793 938
419 438
629 690
382 625
305 680
591 693
1110 870
110 496
988 876
148 1119
246 1036
485 933
35 226
1073 1015
524 780
630 26
994 751
197 495
312 550
949 653
727 74
919 560
177 595
12 1084
829 534
779 439
222 368
559 992
524 651
404 1116
756 879
984 374
245 478
804 860
649 662
691 1037
228 831
863 337
539 998
979 637
5 379
157 39
955 612
636 765
192 358
223 437
152 850
182 700
250 595
826 504
913 646
793 565
961 154
0 794
795 161
507 840
967 960
912 951
30 202
243 70
982 220
446 352
150 562
282 614
461 194
925 999
369 256
221 974
658 153
420 337
570 594
76 644
492 846
558 1071
482 831
54 167
163 1108
889 285
481 796
363 121
795 1032
811 469
536 234
448 478
254 36
756 279
511 124
143 452
996 652
701 153
142 907
820 950
482 822
149 662
13 172
849 815
966 920
334 741
686 237
531 819
114 824
565 748
301 195
730 816
699 994
371 1052
939 338
509 686
12 774
256 881
555 483
468 160
841 847
684 709
372 180
4 213
341 552
413 631
414 1006
375 100
545 156
415 609
814 158
657 816
807 218
1056 343
698 170
508 760
596 416
632 584
825 737
189 962
459 155
529 875
641 499
716 299
286 632
660 781
342 537
528 985
365 326
315 496
629 430
753 608
454 218
41 520
292 1
780 1008
192 484
934 188
528 996
595 522
699 135
668 970
757 905
234 476
82 66
923 740
955 645
283 539
246 1093
345 315
474 988
91 313
1082 876
931 1012
820 423
1059 330
150 593
658 576
1010 517
688 424
625 1045
939 475
787 240
931 256
721 912
163 222
612 277
393 146
577 666
847 747
931 807
676 840
618 566
258 791
363 583
480 786
419 760
326 675
262 381
303 135
96 431
1075 787
329 218
254 215
828 214
616 480
828 1097
605 99
1013 873
196 759
609 327
539 322
159 386
802 112
902 239
808 447
682 778
493 136
278 239
762 1019
599 905
557 358
688 247
120 705
64 519
784 648
914 605
842 978
858 508
806 710
38 210
119 206
402 861
325 1119
590 861
796 927
535 26
378 617
735 280
44 139
1085 704
170 274
37 798
427 934
226 227
498 753
249 235
418 477
652 201
692 580
729 717
558 265
133 1009
131 843
888 203
577 372
320 825
775 348
543 374
224 439
713 704
1070 373
380 812
307 276
63 662
780 526
418 486
960 139
936 119
972 716
341 491
655 771
538 29
449 847
986 714
943 219
490 649
430 997
108 37
656 667
258 243
274 1092
368 593
64 1060
459 264
653 148
863 566
558 715
393 943
921 722
651 517
226 307
251 594
490 520
294 405
419 665
142 358
787 192
970 373
207 863
657 706
926 1099
498 573
743 629
884 822
376 687