513 994
773 890
930 600
995 718
410 797
1049 878
879 632
833 311
681 213
827 338
98 564
341 667
384 573
171 573
912 515
209 816
217 378
104 1121
298 640
1081 604
591 963
513 792
820 353
888 286
725 441
964 129
1064 138
694 166
887 203
130 735
852 282
265 858
312 225
17 192
398 734
632 313
772 829
969 273
120 640
1006 695
773 978
1024 209
1086 330
631 262
985 114
366 803
923 1000
14 714
256 163
553 549
118 752
394 668
366 728
666 416
347 756
926 487
586 567
279 292
587 989
137 150
343 1031
215 1116
360 656
506 725
350 679
225 338
909 477
556 181
143 280
189 344
929 1030
207 1049
291 289
185 373
1070 938
722 547
508 147
805 227
469 364
708 358
1016 467
351 910
538 846
691 805
750 603
297 161
618 198
459 435
417 906
270 235
487 318
116 106
695 399
1056 254
529 228
415 837
442 562
909 521
548 907
321 580
787 650
1013 451
295 755
357 862
149 87
334 188
947 146
533 524
499 746
336 583
637 909
817 600
325 840
402 160
436 433
580 988
904 396
299 1095
866 984
1089 451
488 866
225 343
1019 227
971 177
578 652
318 885
328 278
961 807
934 865
597 100
722 72
503 353
824 146
514 489
332 379
151 521
696 834
672 654
880 837
17 1063
43 606
240 207
109 115
919 667
865 580
256 605
295 343
418 484
892 658
338 529
493 876
107 853
516 224
985 351
369 77
910 617
54 1024
207 912
659 524
351 1004
772 214
738 42
469 563
652 271
11 661
994 638
1103 456
881 980
861 291
333 1003
101 768
628 678
748 905
388 717
23 413
953 691
1104 324
491 635
429 962
459 649
778 1012
28 1089
397 706
773 588
706 260
757 140
479 709
682 646
939 249
501 778
1121 327
562 790
371 913
315 1014
881 919
1070 505
997 943
439 194
624 886
615 389
708 312
55 184
93 393
396 945
366 415
908 404
394 101
332 413
274 455
658 710
234 795
413 776
888 428
140 746
534 280
980 1029
724 731
133 93
582 331
1102 647
94 302
527 424
195 749
440 241
181 560
472 266
1057 948
388 350
274 222
433 192
1007 104
402 664
301 948
510 643
862 658
216 672
782 1003
328 848
453 460
286 874
486 210
310 755
798 717
775 162
501 187
799 12
134 432
490 450
805 106
929 779
192 534
203 251
785 993
158 609
179 343
443 944
555 502
914 392
1000 459
527 853
122 658
286 856
131 1014
113 910
729 259
896 370
226 233
465 616
239 84
889 176
660 905
481 107
270 866
205 717
485 536
922 152
466 589
214 511
481 1030
905 162
316 299
178 222
130 841
335 737
303 920
609 569
113 1042
982 1091
530 960
271 555
772 400
593 153
182 980
272 884
521 327
108 870
565 682
351 773
752 330
57 557
1040 116
285 464
888 613
613 479
196 950
1001 203
645 61
837 41
585 996
50 491
142 545
733 837
707 19
895 853
471 1062
44 547
759 453
1111 624
1086 607
585 826
589 239
513 113
439 154
604 1095
275 793
902 938
537 250
847 548
247 852
946 546
275 755
462 588
389 535
822 1007
1086 864
856 263
209 913
905 112
731 123
408 653
923 570
1074 337
207 383
12 747
186 465
616 662
214 1005
501 857
169 872
323 706
543 752
825 499
921 196
720 965
1088 860
371 857
105 501
80 230
849 1009
207 580
152 131
505 983
284 294
1047 999
206 703
580 1101
317 798
648 802
748 687
157 764
807 167
823 797
519 789
551 924
549 924
1048 436
646 419
141 929
376 887
718 896
731 144
162 184
258 735
313 366
757 29
658 829
350 739
43 806
352 359
111 197
296 743
719 839
798 841
805 355
184 802
657 348
599 30
453 463
774 801
244 367
987 211
750 432
844 535
406 375
1107 220
399 736
780 375
600 1120
691 412
295 977
146 912
1044 325
204 700
214 466
959 812
565 462
806 956
257 893
19 920
194 239
939 349
81 788
423 730
479 621
1027 163
60 6
992 365
891 463
619 985
891 300
444 578
148 34
605 957
187 459
132 588
758 894
499 680
140 926
392 665
588 113
565 665
205 165
563 311
1037 124
957 599
542 577
255 497
137 145
776 960
740 352
353 454
378 924
715 289
8 391
442 117
239 246
846 787
440 180
795 1019
152 755
575 971
805 648
699 916
232 933
818 684
892 141
627 964
418 719
365 1075
141 172
281 439
369 324
822 875
615 662
665 253
471 549
174 317
442 1108
211 916
630 280
831 874
419 849
897 163
958 882
138 744
995 1024
811 399
656 36
632 407
817 402
491 1043
739 483
103 872
323 803
1102 901
381 638
278 673
193 823
247 640
950 899
956 410
419 841
635 412
713 506
60 851
165 24
888 209
470 427
499 410
1098 583
565 277
570 1120
774 504
854 358
828 707
438 469
644 198
275 785
945 806
101 308
903 641
1093 302
645 244
857 990
99 724
854 920
911 569
258 424
465 667
67 389
372 0
1059 147
875 86
156 181
370 191
470 820
51 446
136 568
185 783
960 1003
781 109
335 345
427 845
535 140
862 333
694 323
840 1053
655 225
248 954
567 424
95 642
226 294
501 722
462 636
865 478
132 548
726 965
349 791
740 306
451 950
219 24
64 320
774 1028
579 830
436 361
298 1051
615 675
576 466
1050 353
735 360
754 758
151 392
806 708
232 714
676 996
1009 460
43 679
226 1063
623 1009
668 1019
1037 106
719 600
811 575
275 765
457 373
843 518
903 141
483 502
423 851
1112 715
1052 695
508 375
696 797
195 799
300 1015
676 206
728 151
1100 251
112 649
177 1073
981 952
810 182
804 235
1058 279
298 857
597 864
502 332
794 351
679 900
850 174
170 381
481 830
117 697
875 66
927 320
725 631
124 496
164 194
962 10
554 378
568 485
967 547
910 210
242 1068
935 551
689 163
908 493
58 303
790 156
355 597
482 940
875 629
947 308
177 809
760 192
189 529
345 362
118 458
1099 709
192 134
281 552
479 33
251 1027
622 14
536 67
1019 103
936 988
791 212
21 574
698 520
1059 336
297 827
394 838
171 671
610 908
284 837
230 181
419 723
769 338
411 355
686 630
1005 297
956 148
385 540
741 727
981 1042
324 290
169 126
1009 1081
1100 734
123 911
894 127
411 1009
559 893
993 845
776 369
144 748
0 816
655 352
629 852
1035 371
555 728
24 740
145 814
815 556
642 657
753 823
894 608
250 200
666 869
777 806
1021 763
678 172
524 162
320 318
459 870
213 382
669 179
776 787
713 328
308 773
790 269
50 824
568 733
976 32
500 766
223 250
174 101
525 592
985 936
138 511
955 313
471 141
529 204
325 189
561 596
415 21
462 844
1121 768
601 638
223 354
573 802
396 531
939 110
498 161
815 617
470 232
970 851
665 506
521 504
736 841
881 516
119 726
628 341
824 24
323 765
1015 1044
149 34
245 492
220 702
223 596
470 783
503 1122
414 447
246 443
100 357
857 543
441 1014
484 526
207 764
614 609
1003 1008
793 512
365 776
705 750
193 765
19 794
406 960
406 471
548 836
384 251
1001 539
77 834
753 946
1038 405
166 834
460 598
202 479
592 172
555 789
1055 930
662 508
490 732
296 677
623 522
949 938
198 384
682 699
1061 325
761 843
478 627
451 245
1050 716
562 229
289 803
712 275
1009 57
559 112
916 408
402 486
831 577
7 88
456 371
406 654
562 458
633 1022
890 800
333 83
47 754
617 567
795 906
877 555
478 134
733 994
971 753
317 608
783 47
628 503
24 1098
333 962
819 57
614 236
1069 614
812 713
443 508
437 604
510 1036
304 706
851 518
134 949
943 1004
898 540
976 754
967 910
357 478
335 332
414 1019
90 956
444 794
424 441
153 1107
516 977
247 461
1059 585
183 483
747 982
945 267
151 864
215 979
1051 680
812 584
812 596
908 1020
387 535
1094 990
649 374
881 606
885 696
941 1018
324 411
1071 280
425 981
165 790
742 118
715 671
442 680
243 751
764 852
719 277
963 1004
60 864
919 196
350 1016
212 446
265 694
181 11
676 762
1075 860
236 708
998 826
233 734
375 827
240 203
743 879
422 318
656 14
617 90
666 686
367 771
869 519
944 557
476 860
543 387
332 529
251 795
430 436
153 528
502 1030
368 422
997 128
633 88
261 641
786 796
347 754
805 712
600 318
393 997
59 183
167 318
302 884
762 257
680 717
1070 488
291 51
411 949
351 124
1017 979
973 1079
726 421
928 831
181 948
853 442
899 486
945 324
163 648
432 936
165 864
619 920
81 1026
998 712
450 354
835 593
901 682
562 448
423 845
210 182
896 604
828 914
733 792
622 333
769 338
349 473
336 322
239 795
317 495
783 588
164 915
826 660
900 359
439 861
280 284
474 1067
949 124
245 367
1062 802
906 147
768 592
735 474
803 512
492 138
1115 949
582 651
360 435
149 108
123 832
1100 228
316 772
830 1055
496 642
176 505
134 688
1045 520
497 277
537 424
249 610
810 525
766 926
203 586
385 935
378 770
804 842
985 822
666 226
648 186
126 738
1045 550
32 742
215 649
531 775
451 222
513 1119
737 929
463 173
731 562
652 136
523 382
596 959
382 833
443 958
1086 550
104 236
772 162
319 461
664 103
885 389
309 324
157 766
393 291
521 1065
72 747