346 311
1021 109
608 322
566 502
435 817
367 905
734 395
174 725
889 379
832 641
723 145
905 683
849 977
443 884
679 526
464 977
1075 173
83 495
624 649
445 601
130 483
67 708
598 989
1015 519
1001 343
975 229
387 582
901 726
200 966
465 657
123 329
719 976
710 233
797 824
655 1013
296 670
847 277
1005 435
925 340
406 574
324 910
725 327
724 1091
817 904
121 645
448 154
299 789
992 776
907 82
385 1021
102 755
958 56
101 686
979 1116
1001 10
815 115
532 324
314 240
1047 913
985 834
251 113
704 951
609 838
295 1025
666 288
105 1038
723 614
325 260
171 509
95 55
394 353
246 523
992 421
1062 561
907 782
1061 457
892 399
825 528
238 353
761 388
567 285
851 260
469 838
813 322
456 181
567 28
389 162
612 912
48 213
897 265
897 1057
101 41
643 801
931 460
400 775
528 534
587 1070
425 276
682 934
860 667
1115 795
837 506
229 698
267 731
142 320
372 771
410 1074
717 751
152 838
790 426
558 107
749 130
802 748
514 686
586 862
335 696
427 826
848 690
1065 305
660 913
606 844
229 326
383 373
825 930
1093 487
746 6
104 524
813 911
977 15
646 216
186 431
1050 102
480 86
416 60
904 617
1056 222
910 738
253 252
190 751
822 222
137 747
232 574
131 758
322 68
978 785
428 34
951 168
421 472
77 380
892 748
424 427
149 870
351 649
525 843
790 503
26 640
731 570
726 634
286 877
754 362
683 214
982 589
561 962
397 660
474 239
814 217
703 740
105 340
288 72
379 665
118 113
210 378
545 230
638 204
554 447
244 937
1089 442
971 78
824 1079
104 747
965 194
989 586
168 925
19 1102
274 489
681 755
579 242
539 408
375 859
422 552
1010 373
619 937
821 723
1107 512
863 285
176 589
1065 957
177 281
523 823
1067 382
515 948
965 355
646 225
315 616
780 252
392 1023
59 912
685 945
133 858
1079 964
78 906
507 539
913 254
530 835
573 621
524 922
440 433
289 774
648 667
936 405
322 657
410 687
110 344
1 907
623 310
197 727
80 455
7 210
643 311
233 639
415 423
420 809
442 550
891 270
1006 170
369 882
786 401
806 449
437 1052
835 189
28 110
662 607
461 236
890 446
817 696
252 725
486 334
826 296
690 796
653 160
481 852
233 933
659 259
243 753
245 767
179 463
656 876
26 594
523 688
778 315
294 385
660 830
635 822
790 953
195 157
54 359
618 738
462 1101
626 171
841 850
492 108
525 236
434 808
26 880
687 348
942 722
488 232
1018 273
338 896
796 906
445 110
318 549
913 315
351 431
312 149
960 1004
878 712
409 312
783 136
852 842
986 359
698 829
414 501
308 701
274 905
704 174
863 472
621 996
861 840
632 727
364 969
896 499
290 125
415 317
462 119
681 294
380 1040
534 580
242 668
299 163
849 68
798 941
983 964
563 362
983 668
609 332
177 170
721 514
369 469
563 899
1012 395
770 358
317 104
798 420
1100 185
328 570
138 32
739 36
79 152
808 777
774 754
110 946
1089 166
27 738
919 911
1082 370
360 923
478 422
604 648
362 751
977 909
338 93
159 729
597 966
710 192
668 701
689 693
239 694
1009 461
806 849
742 96
862 946
695 402
676 551
427 183
950 495
536 296
464 760
151 214
445 398
1100 479
343 465
421 587
1048 424
815 1031
330 865
393 998
1052 747
777 613
902 497
1091 270
682 888
1031 764
1004 562
379 332
356 34
521 320
1057 1077
163 509
965 777
133 829
319 207
1008 717
521 837
353 541
995 882
557 69
506 787
36 870
717 564
184 60
332 555
289 938
123 1095
217 104
898 369
632 877
510 516
826 952
435 742
922 99
803 351
880 163
671 243
250 879
1115 806
107 131
807 592
349 167
155 371
686 137
168 681
915 689
845 264
216 1079
708 250
873 768
405 212
579 929
747 155
955 809
190 304
1020 404
536 842
69 892
171 225
198 947
33 487
150 681
197 34
233 978
167 70
1051 408
123 389
49 663
199 1119
238 600
958 121
228 511
1034 1089
448 530
897 86
973 985
151 860
347 827
575 997
478 870
127 146
215 53
116 910
401 972
144 431
284 905
803 298
954 267
287 510
698 465
591 287
456 493
664 688
793 82
386 697
726 41
502 969
482 896
497 591
669 830
476 1002
204 383
181 487
997 230
62 790
760 770
243 930
896 589
1082 545
542 476
1109 690
834 1078
459 974
117 849
840 222
710 1083
617 166
189 749
572 127
1050 837
347 949
1027 172
751 1099
705 1045
707 403
683 936
946 501
322 447
230 398
25 1056
522 246
797 554
514 877
212 34
32 248
768 145
274 80
866 1048
810 1114
461 1028
785 1098
539 257
976 685
325 488
919 1005
836 339
255 825
179 115
1002 848
690 775
969 286
270 452
911 415
670 269
204 279
77 429
943 1097
1059 1004
247 854
1045 793
690 727
961 755
456 751
483 638
887 142
477 828
1120 1065
989 640
182 698
831 819
804 530
815 1013
161 856
402 179
750 280
1062 734
127 881
999 602
667 696
994 623
544 685
636 383
907 918
534 526
631 252
716 562
924 1105
434 711
922 1123
239 92
591 560
148 564
1114 227
829 492
737 306
573 663
473 801
826 225
436 185
85 206
982 90
717 692
659 1048
295 352
484 376
477 618
1009 935
539 239
387 981
478 996
171 220
74 319
262 621
390 1068
1089 233
231 815
283 781
333 861
113 432
1007 294
186 866
918 932
412 901
506 660
1079 242
526 186
888 620
528 100
851 1062
385 381
316 110
213 122
882 956
688 440
247 159
1013 910
392 938
201 704
281 571
824 359
72 542
6 341
807 509
919 142
732 1017
922 645
684 480
640 412
124 272
287 973
323 757
734 586
807 818
272 367
606 382
328 687
859 548
846 670
642 880
602 271
569 776
242 661
408 573
605 29
799 433
547 131
542 528
985 619
461 320
1007 922
436 361
500 634
1117 586
861 379
1104 527
413 299
230 873
623 174
266 855
787 607
717 71
833 707
408 991
806 347
991 213
881 831
1091 582
385 81
1032 26
1023 679
897 710
775 73
908 733
56 875
265 299
703 939
968 890
550 371
778 363
594 129
241 465
821 513
212 1052
654 338
166 410
91 919
365 299
951 1046
285 779
919 1114
989 652
750 65
602 497
1018 958
986 883
453 859
588 988
295 228
461 797
34 945
618 435
132 164
1084 633
671 300
914 413
638 830
174 632
170 1022
714 261
766 426
706 904
997 709
310 670
975 620
1000 232
1104 139
163 77
777 743
934 926
376 838
128 57
138 676
676 193
786 341
351 670
1025 317
544 689
377 670
493 447
432 760
507 537
555 275
679 1007
235 840
787 509
1098 1053
462 136
196 335
839 991
226 290
1095 884
42 996
702 178
330 857
219 230
318 622
624 750
422 776
701 99
104 670
595 681
716 57
219 281
392 1010
31 821
970 217
541 559
542 515
355 1044
804 167
218 645
282 1121
334 506
457 946
813 526
373 512
806 350
906 237
593 222
264 221
949 747
937 138
213 374
964 419
1022 541
967 720
949 18
973 445
973 35
411 288
575 731
684 345
244 907
235 124
735 54
89 502
783 718
150 527
723 547
265 205
993 926
772 669
647 789
100 1102
196 212
635 535
571 433
608 223
430 996
1012 588
392 679
1123 224
662 283
505 464
95 1100
788 841
179 242
155 395
838 977
124 921
717 456
164 544
361 633
335 778
762 900
589 455
406 236
491 433
755 475
389 227
449 539
394 606
100 655
889 621
257 265
770 64
735 296
917 447
293 696
1007 194
554 781
626 596
756 717
1041 368
812 160
482 501
997 389
245 755
516 975
1031 959
928 289
639 780
434 679
607 30
635 247
454 751
356 981
230 860
766 352
71 599
1099 434
1006 635
296 788
732 882
603 292
70 427
803 481
379 497
270 972
535 933
240 640
607 634
1058 258
645 618
744 1068
682 245
86 458
468 734
672 369
200 1091
585 1011
647 173
262 63
637 1017
363 864
868 701
1066 539
914 1098
458 175
440 574
342 748
739 780
535 126
1016 901
330 754
510 780
590 355
619 152
733 908
711 382
1106 511
557 202
278 557
497 695
142 301
656 864
436 1007
110 113
181 536
718 216
15 576
171 632
891 897
923 606
120 583
847 838
281 466
156 475
857 289
525 553
973 686
670 96
995 221
979 556
727 751
152 831
673 820
502 556
822 1101
421 371
1100 914
372 608
889 257
856 435
665 829
216 665
751 930
993 739
137 862
517 696
1031 768
163 803
634 226
354 49
952 272
266 830
499 923
359 792
875 767
360 700
932 778
11 239
580 849
792 593
155 179
590 220
972 286
293 830
816 376
63 337
930 347
370 317
954 819
642 409
53 510
747 862
592 1008
815 529
756 316
696 501
438 689
669 878
686 71
1023 947
317 664
204 657
954 138
396 152
486 857
211 438
673 69
328 738
523 983
460 745
487 383
220 271
260 225
669 271
821 1101
481 732
312 702
471 506
202 525
920 758
93 943
739 854
901 627
700 265
528 423
502 95
837 890
854 39
107 573
821 936
969 424
938 430
637 161
808 981
128 587
164 159
397 996
826 610
251 656
922 134
167 519
572 857
382 580
99 333
861 372
226 288
851 160
779 746
760 745