1023 403
636 540
733 435
11 684
169 215
570 75
344 888
16 303
340 403
673 892
694 453
174 533
284 748
563 1066
862 106
219 906
342 931
1091 1117
105 765
505 549
433 1088
716 963
455 527
392 466
407 416
665 251
407 58
580 453
875 783
158 982
342 804
830 610
120 119
422 553
551 760
290 591
629 543
898 712
1060 896
810 1098
1110 855
1040 776
529 606
716 541
773 845
914 574
550 388
254 130
311 523
187 878
1054 441
129 692
890 892
262 797
355 283
498 830
794 95
887 654
138 909
411 426
665 438
215 393
287 883
104 500
290 1075
308 65
599 966
999 293
331 235
830 206
901 762
373 343
874 866
756 183
166 848
618 303
961 562
565 993
108 1112
961 383
569 760
368 970
217 132
281 423
964 424
596 1109
915 1106
565 783
241 4
920 455
526 547
765 627
359 609
372 876
1011 1089
687 747
763 707
366 355
538 861
99 262
363 699
239 46
661 293
192 408
720 881
531 523
429 987
456 558
478 261
1117 595
625 692
864 190
158 348
152 924
808 1117
997 1094
203 671
663 178
984 1101
144 417
246 974
710 105
1005 500
1044 486
995 811
182 702
751 722
54 68
681 568
149 937
151 253
1096 921
790 1051
660 489
402 321
699 589
139 261
551 521
141 853
807 438
150 987
1017 745
116 588
219 993
599 196
437 38
623 634
286 713
169 517
334 42
926 653
232 1014
464 765
1120 886
223 573
94 869
101 121
876 564
787 168
654 1
537 227
544 148
715 999
357 657
651 358
301 877
190 654
626 180
915 159
519 433
803 1043
198 674
39 265
1081 378
693 423
566 1031
654 688
846 679
893 91
807 830
197 438
57 320
505 568
143 320
412 210
366 515
103 575
481 119
572 981
1062 740
715 602
281 928
396 1011
167 392
276 542
874 596
10 448
122 742
1112 76
230 896
690 831
340 59
431 554
229 426
211 396
413 773
373 1092
642 402
666 851
708 95
770 687
284 677
225 222
760 241
616 679
215 204
154 140
152 351
262 774
793 581
845 309
741 196
408 50
781 932
595 216
531 903
753 154
547 1019
1097 901
700 515
160 444
142 974
418 484
420 238
1044 218
569 917
729 148
534 308
157 354
258 575
264 251
1077 655
156 419
454 113
360 124
972 582
153 346
1007 923
778 363
1055 222
507 624
560 525
306 436
296 861
1111 358
681 201
585 162
867 56
390 544
845 315
733 985
561 581
470 202
234 670
353 333
369 204
909 591
420 779
633 968
674 627
367 1090
586 782
714 295
771 630
971 933
512 1064
665 677
724 703
351 697
295 415
463 912
578 514
393 105
124 872
1053 696
238 272
160 65
558 979
771 162
751 114
705 494
295 57
837 793
283 956
1083 668
259 1106
119 188
962 972
922 263
696 237
762 618
404 469
809 101
327 802
636 1017
501 935
625 437
110 963
180 1022
208 589
883 220
404 357
833 954
321 819
1067 145
768 1063
1117 713
266 713
17 666
358 577
190 22
855 68
565 897
821 591
163 104
122 215
1038 480
471 506
155 432
903 184
225 259
280 985
904 954
745 797
610 1092
160 472
287 481
524 105
400 522
72 599
1017 353
928 709
923 323
985 1005
393 713
861 136
354 178
973 458
215 221
633 805
939 369
315 272
956 114
379 237
555 359
1003 931
736 547
716 625
399 469
992 213
915 170
65 969
666 665
313 1064
253 269
547 94
1026 426
385 1073
903 495
190 457
273 199
627 848
575 699
229 983
133 392
210 491
36 1021
108 932
560 641
677 1047
459 393
685 934
729 48
952 516
60 608
260 941
217 333
342 913
476 364
275 304
255 443
801 20
223 937
1031 638
556 263
346 531
455 567
320 773
589 206
554 622
430 1008
277 58
394 841
905 45
217 267
478 643
10 863
747 985
847 181
488 101
919 916
670 455
915 769
1061 876
1061 493
798 730
638 102
953 452
813 896
113 59
665 570
1102 1060
668 210
475 982
252 941
321 605
884 911
955 730
356 1079
450 804
171 500
303 527
938 663
1040 712
1020 346
852 835
349 423
619 601
465 148
1081 702
877 469
728 400
1042 364
503 243
508 135
401 470
134 936
427 404
880 383
986 115
360 61
892 767
885 229
1021 700
680 602
588 138
43 309
879 804
690 368
488 955
1064 275
217 1065
156 91
981 595
249 740
384 999
528 1016
1072 190
1035 561
1069 585
556 192
1118 996
189 248
701 1061
802 497
752 730
517 346
626 880
654 907
417 946
329 559
864 249
1115 707
699 551
656 660
161 723
713 39
694 321
938 451
234 149
39 491
457 504
576 324
899 467
418 640
343 26
1095 1078
227 721
668 310
1115 227
654 576
834 88
341 714
412 1100
896 833
846 734
969 688
970 189
866 186
214 302
885 491
307 50
896 483
858 150
656 408
611 819
566 211
825 15
49 274
981 461
192 600
849 1066
500 1086
735 720
812 931
1058 139
784 105
693 164
873 12
1003 369
942 103
699 237
230 589
1004 454
659 870
563 490
1012 1008
851 415
777 414
708 987
633 488
815 305
900 429
710 1045
541 540
896 574
510 176
703 242
412 150
709 421
200 558
115 220
677 624
644 867
690 342
717 900
383 216
565 403
956 919
584 976
877 648
575 349
185 951
519 233
125 406
362 334
984 467
1121 569
1017 579
588 516
349 474
542 989
907 811
941 984
808 528
116 476
664 812
530 265
593 397
1035 636
854 822
517 122
1063 489
582 877
157 270
547 649
684 881
111 795
805 1001
221 191
999 127
911 769
148 171
440 729
984 122
831 472
533 861
413 635
172 337
324 318
756 27
561 851
582 1018
24 1009
727 243
926 676
479 597
139 775
232 783
152 684
971 189
395 1080
740 218
826 462
1050 507
205 226
230 50
1038 81
953 508
466 380
294 79
776 229
633 300
902 853
797 978
932 754
139 898
272 355
790 737
387 711
335 288
803 772
1054 218
395 105
904 233
755 256
157 192
1044 426
393 442
574 148
698 841
891 756
683 1073
312 497
819 525
162 381
1019 216
788 699
1026 794
878 390
1085 244
104 321
962 995
760 794
950 667
433 459
250 654
901 560
566 590
424 360
962 866
894 882
1017 462
766 990
539 926
641 647
991 827
218 418
285 418
782 490
199 670
242 133
1102 648
722 888
324 362
1041 604
322 197
639 208
1035 396
655 613
1009 649
906 732
341 518
215 1003
823 1101
380 458
988 1034
400 1062
711 1055
994 530
473 168
602 977
88 1056
429 445
766 832
554 762
779 262
851 748
1036 477
73 424
152 146
1036 259
100 746
449 1112
484 587
405 302
415 566
482 915
421 858
209 610
137 139
703 613
242 315
675 989
325 775
430 157
385 828
293 691
127 187
1120 996
388 53
540 319
913 300
631 543
280 483
945 743
773 707
978 762
813 1108
793 187
1104 813
944 617
845 207
254 982
158 819
429 527
207 628
77 673
561 838
860 764
1106 244
150 883
437 738
751 999
837 757
687 261
364 331
478 573
811 558
993 577
395 1005
356 709
264 193
889 226
733 792
768 863
579 853
873 821
743 919
246 462
931 199
36 686
233 694
32 15
726 1058
405 281
439 926
461 489
746 914
609 312
1021 863
393 355
394 284
336 425
758 87
1107 732
811 370
712 916
490 596
962 943
623 759
690 392
65 224
304 617
508 65
995 573
290 430
226 144
238 850
532 728
592 253
334 774
682 190
971 681
537 109
520 198
127 1017
416 523
484 874
470 295
455 151
689 550
714 450
103 802
150 713
638 276
792 1021
619 723
356 1013
909 202
859 74
730 500
660 662
999 757
991 792
517 175
353 616
241 655
862 1107
944 224
1005 638
853 1055
578 167
91 512
321 541
566 491
1055 360
120 400
329 469
687 1005
314 308
402 969
422 431
989 441
674 430
889 326
866 890
864 1059
629 578
192 431
172 445
478 555
421 155
830 412
710 529
433 262
358 267
142 251
203 931
116 684
943 470
106 929
704 438
777 139
200 431
776 909
206 384
1006 721
828 808
116 447
871 967
947 520
183 194
491 716
694 862
710 470
654 862
56 334
751 1018
439 86
155 734
525 446
712 522
92 431
292 345
494 41
991 202
254 315
129 706
967 616
806 773
450 281
838 141
985 14
426 228
658 401
354 264
901 238
137 776
233 836
236 22
849 232
511 719
43 893
255 370
236 947
364 1041
1034 10
526 801
102 392
207 422
898 255
648 152
146 1088
887 1118
606 923
764 860
903 136
1101 223
16 235
410 826
800 504
291 90
261 996
113 931
380 621
232 783
559 246
895 320
290 529
187 20
385 633
693 893
313 246
337 915
631 940
495 358
521 254
576 506
451 406
198 420
581 757
634 673
449 881
266 387
340 807
634 821
228 300
488 35
248 962
910 947
294 489
967 436
85 974
770 597
708 640
789 583
523 816
528 887
512 1019
1072 572
15 41
509 392
1014 536
406 158
727 150
376 502
487 458
136 728
999 1004
233 1112
233 427
951 442
976 991
506 583
244 472
928 780
841 414
395 658
222 937
714 600
209 792
432 354
336 482
348 367
103 292
466 503
96 102
447 377
646 350
780 470
773 991
879 841
413 131
335 159
942 801
908 749
532 200
703 221
171 792
810 811
533 445
467 826
954 741
554 527
20 123
953 675
284 904
408 493
499 762