637 67
743 432
507 474
992 448
600 343
1001 567
196 363
301 692
643 187
338 640
689 703
317 23
487 711
35 866
95 403
811 378
789 937
1067 461
83 1001
124 298
372 476
409 781
548 177
478 607
314 283
852 715
169 1112
183 982
652 636
420 666
328 692
252 921
851 960
414 681
236 153
416 945
688 250
475 432
932 199
800 605
523 946
761 829
720 634
1070 738
580 784
25 649
315 345
775 398
476 849
863 33
263 627
439 314
775 469
838 969
1100 531
829 1041
31 694
929 395
1060 554
789 318
400 619
843 786
735 440
684 638
151 322
408 326
626 669
875 304
41 308
305 866
803 674
200 871
122 783
588 260
807 510
847 991
128 605
386 905
683 1086
1047 755
115 124
992 669
498 704
703 165
501 293
982 897
904 825
593 326
1013 421
611 195
486 560
266 850
254 280
679 52
568 384
912 550
913 584
927 113
849 730
575 1111
962 499
44 953
896 577
396 597
537 865
396 380
182 140
225 985
562 1082
992 147
265 487
351 557
986 623
845 1091
821 829
146 171
952 162
331 583
790 419
470 991
443 298
1073 433
559 122
200 849
279 450
791 172
300 909
460 481
122 532
786 860
323 987
650 140
458 638
267 52
753 320
621 167
1000 1001
304 305
839 354
803 813
567 923
690 721
892 449
288 1001
534 485
190 1037
396 168
1050 652
474 757
292 904
14 588
58 825
853 133
843 407
317 648
826 820
260 881
475 844
40 517
701 751
665 423
505 178
1039 768
650 595
625 270
526 180
394 738
269 924
907 998
209 280
739 1021
1109 765
328 985
312 180
401 480
404 296
678 418
307 959
217 1025
215 905
535 291
402 514
622 822
763 631
1042 756
497 437
850 164
444 528
754 662
307 194
1068 321
42 656
72 989
980 370
496 360
811 469
697 948
374 462
450 612
254 116
131 201
1037 393
659 747
443 423
556 1076
307 956
672 156
265 124
260 98
469 152
348 158
1003 599
174 168
899 374
653 478
792 794
1073 906
652 630
763 975
627 394
991 1072
1120 988
708 705
787 884
647 762
860 564
294 779
767 618
175 999
690 621
674 299
559 176
683 831
958 900
425 984
138 182
977 1004
162 669
760 842
302 466
505 681
386 277
628 533
488 980
421 346
313 740
170 717
361 863
932 292
739 917
924 857
405 893
289 336
929 341
881 672
396 653
411 570
432 578
499 806
844 610
684 944
994 293
12 1037
253 975
661 461
667 676
83 788
1037 424
320 578
133 126
381 1047
784 555
446 501
220 703
484 933
689 418
491 633
243 247
261 184
451 1095
775 915
342 133
566 625
904 909
1101 883
1078 498
549 477
514 360
259 482
816 629
150 250
801 982
470 501
566 738
670 179
614 145
304 863
364 104
776 414
964 973
697 924
796 441
203 935
942 216
338 390
187 330
172 1017
1018 194
272 750
961 409
329 614
976 563
653 135
261 192
740 536
360 407
845 269
959 101
873 17
335 261
729 910
765 1071
336 915
643 1029
647 921
1006 57
857 1082
592 949
414 373
730 181
465 108
807 509
124 966
680 574
531 233
383 264
956 157
541 512
137 1040
399 327
912 488
132 522
375 345
186 834
898 800
593 881
984 94
507 829
356 797
861 385
1076 304
438 390
101 190
13 177
1119 719
452 1072
140 449
283 1044
990 483
342 189
143 625
187 142
256 254
763 223
384 26
359 567
894 623
394 954
121 632
108 541
731 599
217 103
625 230
699 159
1015 648
621 115
766 1120
833 474
608 433
1055 598
249 440
367 951
665 788
372 108
130 917
442 726
517 335
806 319
1100 439
540 265
789 237
581 809
578 852
713 983
964 479
383 1062
216 549
667 762
611 403
584 258
901 601
903 996
450 396
343 867
927 419
662 858
481 890
123 745
505 852
213 314
97 239
531 666
292 386
981 653
577 713
714 276
657 113
579 777
641 148
532 992
223 698
321 1028
406 152
859 1080
330 827
204 1054
63 585
431 337
314 781
196 663
912 41
327 219
935 832
1047 397
996 687
877 889
430 59
101 697
926 433
190 993
761 510
325 721
729 698
571 977
589 209
303 509
771 194
1017 592
722 208
529 864
402 444
330 275
505 1034
443 418
1098 1061
730 298
751 934
106 342
883 380
660 46
743 299
864 180
107 988
378 201
409 299
226 739
793 279
824 491
413 1043
937 60
68 806
693 188
248 988
178 691
870 549
80 875
397 292
926 785
206 665
676 350
389 887
339 348
58 552
653 403
103 231
552 869
658 722
1013 384
617 247
125 779
699 696
232 445
615 206
369 655
270 596
609 697
604 668
1066 410
453 578
258 1016
794 622
209 293
851 218
540 764
125 241
635 441
378 670
337 746
288 998
129 132
678 335
132 896
747 355
560 321
891 781
752 125
938 145
890 994
248 993
325 185
421 382
132 484
408 195
749 522
798 270
502 325
582 273
456 604
498 147
102 379
261 433
1 737
254 824
1005 689
459 593
951 863
1010 697
192 694
289 293
618 674
137 556
184 283
205 60
279 996
834 339
747 1041
464 183
735 52
434 576
65 78
957 657
956 980
228 619
751 853
44 77
294 904
499 299
879 927
914 491
864 898
989 461
814 68
797 612
921 173
565 430
125 205
620 778
923 739
1112 936
377 746
819 497
751 312
1009 1008
644 461
898 596
587 300
717 809
449 773
1084 270
534 509
681 334
987 490
405 134
412 211
374 604
191 874
231 805
780 786
777 76
477 798
422 631
948 957
150 526
803 819
270 945
228 972
199 274
818 269
758 263
307 45
146 492
39 918
679 1061
992 903
1113 696
291 921
448 547
591 217
231 131
908 705
765 927
346 450
320 224
794 1088
406 248
292 310
103 721
778 764
731 262
865 847
863 675
191 1041
387 161
64 265
1060 787
156 333
1042 961
304 902
558 162
651 712
104 706
551 632
878 726
913 230
275 771
554 562
278 751
215 206
919 158
463 375
981 389
795 33
597 938
190 193
632 631
685 314
191 204
149 635
300 1118
314 947
464 305
227 1007
520 664
405 974
217 930
837 746
518 671
153 649
973 192
688 1043
1012 928
392 210
836 316
36 8
300 883
535 256
888 421
252 1048
423 683
703 414
375 592
460 10
792 105
902 397
643 1122
642 60
477 685
388 803
307 834
557 101
756 510
983 1025
464 740
793 628
647 874
31 613
632 706
769 349
246 559
770 433
127 941
968 460
795 332
169 106
1011 125
361 538
524 310
321 228
639 86
167 986
57 874
988 589
1119 352
253 782
491 629
781 799
325 1119
230 371
969 870
1055 305
984 565
890 49
528 1077
287 754
484 354
640 978
187 371
670 215
453 767
1018 692
700 835
440 379
614 266
520 728
406 228
223 894
395 764
1034 1039
591 335
568 1005
944 1045
601 143
52 729
1004 27
475 718
1094 759
335 996
601 596
928 288
555 955
867 430
687 888
840 272
483 800
603 1023
852 239
350 1000
342 813
324 255
272 593
769 513
551 111
784 990
482 690
226 233
353 1078
741 129
217 330
630 441
223 873
486 765
827 922
259 51
704 822
944 460
337 899
364 436
487 324
296 537
113 884
913 911
636 529
798 505
179 763
618 1030
617 882
106 993
181 757
126 829
97 315
407 809
119 550
133 1077
265 685
569 382
768 522
728 184
622 760
661 733
871 1084
246 1083
956 645
366 977
738 868
975 260
503 1018
362 765
298 143
831 376
1057 834
530 244
717 219
344 173
641 144
978 996
699 854
471 192
802 424
122 711
250 45
901 528
596 763
958 816
659 570
67 217
550 620
950 867
162 269
482 651
175 470
420 21
281 871
499 1021
738 388
279 25
253 594
672 1049
574 695
378 426
280 635
934 794
270 548
46 948
326 940
183 271
1062 156
449 266
200 875
747 1115
912 705
955 561
508 802
544 1079
252 287
37 571
290 974
867 815
640 272
259 719
968 185
802 460
1097 920
1032 162
752 823
431 260
956 488
561 728
485 952
441 755
470 985
841 277
1018 646
545 384
248 474
219 409
386 673
873 426
256 1106
298 847
553 1083
680 536
794 1021
930 755
1113 827
581 675
1044 142
279 125
998 32
791 457
1039 25
483 574
987 650
247 657
406 227
519 390
875 939
639 1095
1010 333
799 650
193 212
1097 219
765 230
238 126
303 437
287 632
223 1011
253 483
907 827
1077 777
337 875
590 537
990 548
495 310
705 158
167 263
755 504
364 722
863 648
457 757
670 845
736 494
533 419
660 947
498 259
804 153
24 914
729 238
394 580
55 400
133 503
239 226
961 661
443 721
1013 798
977 803
762 127
375 321
277 975
462 979
985 575
1045 662
344 256
363 495
727 840
169 920
667 992
466 1011
498 435
588 917
984 615
207 753
970 515
241 216
208 688
856 685
782 354
681 764
1075 294
466 91
461 194
366 149
952 324
532 736
77 820
806 780
802 961
1034 1094
920 296
977 283
456 63
883 1033
874 970
779 338
146 889
707 970
916 154
620 1016
222 262
412 434
412 607
82 919
636 799
426 266
107 532
688 626
139 673
621 684
597 233
161 247
513 387
1055 285
805 996
269 862
967 1074
552 483
166 758
471 943
58 1040
152 806
683 234
191 825
147 641
907 579
520 284
150 733
900 156
661 453
278 860
290 855
969 400