691 208
1060 949
271 303
837 785
348 532
883 76
795 995
420 556
808 167
249 607
870 932
251 622
880 784
1063 20
663 82
684 388
1017 43
370 110
1019 701
350 767
759 326
724 929
505 680
380 1090
222 74
17 444
681 695
439 752
1114 740
1107 183
858 875
956 538
1 177
431 121
408 100
911 909
1047 913
46 412
217 405
607 866
482 91
309 127
1112 454
175 363
368 161
109 805
511 390
1026 317
106 167
507 347
1079 876
800 96
49 1023
841 976
68 787
659 210
275 674
11 464
741 348
111 360
124 140
1083 788
135 512
123 724
799 534
446 805
279 1010
269 858
550 746
333 635
449 140
1121 826
113 965
869 214
863 200
627 354
197 176
807 286
1019 973
13 312
107 455
929 1045
775 862
22 381
267 280
386 1071
558 706
530 836
633 1022
178 187
473 335
211 286
488 874
536 332
355 839
621 785
787 899
338 372
623 793
739 277
143 920
1121 41
828 766
492 693
1122 611
146 165
1018 765
136 1013
216 636
278 941
453 612
276 630
253 301
58 209
562 139
793 916
825 694
944 509
192 717
325 152
901 478
829 957
783 912
996 263
297 371
1065 140
594 210
277 961
917 243
210 817
505 282
622 345
460 884
313 998
587 439
320 949
501 807
1075 318
384 886
208 507
962 325
825 993
420 141
627 1001
610 986
832 886
113 635
296 318
571 599
706 1007
476 156
328 977
175 470
260 22
400 534
937 122
416 204
174 514
778 507
376 549
748 1000
86 787
987 479
569 266
361 445
901 755
408 876
583 727
362 704
456 251
281 947
673 115
746 1099
304 435
907 390
591 286
28 361
210 262
646 153
191 588
1028 399
328 742
362 431
384 622
256 737
167 775
1060 607
350 928
53 425
487 513
48 963
152 523
151 867
726 664
435 18
824 709
545 436
309 655
356 744
427 61
52 1024
513 1007
583 1123
807 457
531 86
987 682
122 146
827 789
870 191
593 215
177 433
1102 62
187 532
147 130
141 1118
364 620
750 387
190 463
223 503
839 810
385 395
917 346
516 1103
236 262
530 100
731 203
961 179
4 484
697 663
218 933
494 930
407 837
763 579
479 859
493 435
480 528
421 599
1083 822
1021 1019
903 497
547 731
476 531
819 631
230 985
786 806
978 578
142 208
116 1102
899 809
194 430
302 478
349 511
288 162
694 270
198 972
500 274
1118 554
459 290
582 665
976 414
991 936
835 117
886 666
75 722
407 779
1073 125
25 529
610 586
482 846
431 811
143 476
99 817
1007 763
810 440
587 460
521 729
291 463
245 1095
429 164
920 404
968 261
186 997
456 387
159 352
660 1008
332 102
465 909
124 1026
381 1013
705 1056
419 835
219 819
358 911
688 873
572 343
8 800
790 971
975 581
574 637
408 417
777 912
375 699
821 666
544 290
754 672
830 991
569 837
186 596
597 251
572 240
1066 793
753 893
272 869
278 677
629 1015
473 652
968 745
407 226
880 876
1081 742
241 710
946 707
434 859
360 941
1101 850
913 770
640 343
780 371
1000 398
761 233
631 457
222 875
346 194
1075 553
477 619
784 968
355 364
709 467
187 205
434 906
219 629
487 968
1094 880
510 841
921 43
727 87
695 820
192 412
71 433
469 696
291 1021
750 765
566 411
1063 400
794 994
1088 240
648 595
391 362
985 723
877 1032
939 470
24 478
502 930
601 166
684 376
356 178
863 153
1049 672
169 572
321 969
726 387
182 956
53 380
567 709
886 778
551 568
933 742
20 275
387 635
790 222
518 421
72 745
1017 1068
731 391
524 501
529 708
729 428
513 224
861 688
400 994
922 1044
515 546
784 853
731 817
777 805
576 1094
1106 299
297 224
618 908
891 603
160 656
1065 936
393 615
219 210
943 648
363 124
846 419
824 140
371 727
621 474
82 655
797 428
34 335
815 702
328 799
893 117
181 982
695 930
941 571
654 281
774 355
911 126
409 664
672 606
599 472
1002 936
966 914
247 971
994 483
994 172
963 847
400 123
394 844
645 975
14 411
140 529
1098 307
19 35
206 1083
742 66
498 814
962 965
811 547
788 324
0 431
202 951
736 132
862 614
624 762
1114 353
278 56
743 695
470 877
769 510
535 984
242 734
655 736
389 343
664 140
190 328
838 528
272 925
1060 805
582 222
712 524
253 352
813 892
1010 692
467 1122
400 515
483 249
712 731
1092 856
1019 84
535 266
824 783
39 378
858 10
448 922
304 1113
893 293
752 974
888 164
245 825
884 273
391 633
339 220
544 256
667 606
709 937
432 38
241 611
449 763
273 296
607 587
972 531
820 80
618 499
415 407
651 850
252 405
736 648
524 54
606 598
281 616
1049 493
153 1078
979 472
217 124
990 184
603 929
962 545
28 532
915 1119
751 595
1026 836
242 140
210 109
375 804
22 774
841 720
865 582
335 718
985 240
143 732
39 589
285 950
371 267
791 346
411 210
553 812
433 300
709 478
949 188
231 212
964 950
835 942
115 400
356 938
919 338
597 794
86 266
984 985
905 699
142 394
738 148
284 711
68 956
587 372
801 177
261 939
617 624
843 489
377 474
641 863
657 495
585 9
369 279
622 1022
589 231
936 10
912 51
393 889
611 1002
189 821
911 788
855 880
351 122
842 858
937 600
580 680
1039 152
1041 150
834 667
489 85
3 169
720 260
181 183
575 681
466 830
260 946
645 132
508 627
751 1115
907 534
621 934
798 281
857 338
982 683
496 772
846 345
476 342
815 255
250 126
1023 757
714 401
827 802
620 807
218 976
686 927
294 473
852 503
1098 111
188 1040
1057 48
35 336
936 880
314 233
998 515
709 891
1015 549
429 173
785 140
988 977
688 761
298 268
402 106
606 955
541 829
114 154
889 779
706 391
1021 772
459 921
228 1018
343 145
654 437
1040 646
359 522
462 500
848 850
525 745
85 175
491 58
950 1018
916 901
518 294
311 635
379 553
426 1038
399 648
849 233
616 142
828 1006
1010 316
760 962
867 835
194 351
777 962
195 757
518 239
1051 852
881 1121
1065 430
703 65
842 239
878 632
377 270
815 313
139 140
947 722
948 218
80 309
620 278
932 650
118 699
200 468
541 852
289 698
192 879
817 934
913 229
396 529
153 513
494 1084
511 513
313 89
904 771
85 911
97 596
611 414
884 1062
978 229
504 640
851 316
357 250
906 219
710 664
588 60
608 430
426 236
574 165
800 1054
1006 250
633 185
604 805
536 233
357 620
961 55
662 160
656 43
318 600
379 360
305 545
918 162
741 507
521 686
14 578
469 716
893 104
452 796
585 814
684 673
177 142
918 773
833 137
864 404
852 96
861 570
318 468
408 583
698 471
825 461
825 1059
993 878
396 586
713 286
716 792
555 223
1 475
590 104
832 453
468 185
687 229
115 968
525 174
118 822
678 30
379 271
617 1099
325 731
357 114
1010 298
909 907
714 970
699 411
416 653
475 389
832 168
760 997
779 235
746 996
666 181
881 710
287 498
65 132
374 852
719 520
228 421
1100 623
1042 872
640 1019
101 920
149 846
983 766
149 151
896 281
153 543
937 847
483 937
356 1118
173 515
859 192
530 288
798 124
497 171
394 503
977 1029
560 703
352 627
33 443
944 772
576 479
842 88
395 715
708 445
923 731
597 1016
1041 208
502 257
423 368
460 681
845 856
372 422
894 791
547 354
165 711
111 382
84 648
737 579
941 495
532 223
515 240
957 259
198 530
51 542
946 525
50 815
926 680
563 403
391 694
922 453
492 977
700 967
708 434
139 381
336 707
267 600
749 498
1053 999
1025 721
321 671
969 1046
873 197
614 701
213 987
80 996
222 322
125 877
509 521
663 699
486 716
451 147
977 1013
920 989
589 304
1099 186
185 171
475 731
846 85
1009 272
649 856
995 698
9 386
225 862
188 106
214 150
475 855
327 483
534 704
853 259
281 401
197 726
753 96
530 484
546 197
870 776
737 257
986 245
452 1069
278 791
896 952
648 928
987 727
555 444
443 185
612 397
810 176
554 1022
802 519
279 878
203 286
9 125
988 450
390 973
639 292
727 680
305 49
182 473
396 355
402 102
126 844
594 845
34 1101
297 369
325 604
294 524
539 41
406 230
474 305
888 970
863 868
589 1105
247 322
104 201
912 341
356 106
688 222
677 940
442 459
675 1089
368 883
934 326
441 364
915 383
395 630
162 319
938 831
843 744
346 786
677 146
114 419
716 943
642 381
104 453
75 791
583 218
493 402
1004 732
944 624
392 555
1023 184
701 627
301 126
196 885
866 934
118 400
437 903
880 159
282 557
447 484
651 441
496 671
290 770
970 1048
134 379
766 261
350 628
927 575
777 887
831 371
279 403
738 695
523 422
59 926
610 699
594 898
1024 522
96 79
217 417
765 392
110 602
1066 982
536 714
487 155
485 715
837 208
577 430
332 758
535 826
143 535
121 423
139 885
144 467
100 380
569 887
619 687
1092 367
651 946
1109 406
775 872
468 34
349 885
520 243
429 979
545 317
828 979
903 58
339 515
873 1121
947 786
649 363
949 602
1096 295
161 340
790 717
312 534
848 842
528 354
533 218
28 800
437 466
2 151
803 837
688 884
1006 439
556 734
323 144
971 650
354 742