1003 828
731 851
41 643
365 177
517 1114
183 398
883 636
573 801
1098 558
555 143
259 476
332 702
46 929
895 726
246 393
546 279
594 818
8 1117
181 156
946 362
868 369
865 480
155 599
930 111
483 644
405 537
170 152
107 1035
899 958
278 64
347 404
614 317
318 421
9 1004
504 941
495 879
1019 679
1016 748
319 289
242 969
288 685
182 55
430 1111
929 703
638 760
927 174
522 627
924 1109
1070 893
261 297
686 626
597 444
765 526
996 746
141 956
540 408
905 624
7 154
536 926
659 971
936 893
224 1074
662 1061
503 390
563 419
244 297
845 101
294 415
241 874
749 681
288 368
199 341
679 467
774 1098
1007 97
298 933
392 84
531 960
936 604
201 376
862 254
630 153
1008 525
428 1011
1110 430
219 591
70 191
593 422
1026 608
637 1096
316 402
624 989
685 448
686 201
358 182
953 820
920 37
1107 643
667 572
813 1089
487 618
662 640
777 644
493 308
131 477
819 478
840 398
491 180
435 846
123 939
441 579
19 1086
365 756
340 20
327 827
311 1091
461 901
710 270
200 609
63 678
909 980
495 539
952 884
898 11
193 7
912 1007
691 652
282 1122
4 862
1087 622
394 647
580 327
219 744
467 1020
896 476
435 887
205 1037
891 575
563 512
608 295
716 388
599 603
979 82
196 616
336 159
989 358
708 173
110 720
388 634
294 882
479 710
549 474
618 591
158 914
840 709
95 1035
565 421
615 313
703 221
556 373
352 715
542 36
420 278
172 249
80 988
997 156
895 787
173 236
205 162
544 417
633 683
522 639
555 218
440 944
22 222
287 757
948 718
603 578
981 808
22 911
124 459
249 148
777 1053
967 130
923 910
337 435
877 922
573 367
1033 368
690 744
457 754
607 1004
172 623
930 163
225 589
164 143
623 1108
235 657
531 807
767 836
188 733
777 238
467 719
576 744
734 234
269 692
897 233
865 228
220 612
189 656
542 493
622 897
456 186
833 438
508 422
729 988
795 211
176 123
524 862
859 686
44 680
161 273
487 588
961 645
574 967
114 1012
917 367
108 23
654 464
101 555
1012 1024
746 240
993 251
894 293
1027 429
726 868
102 657
982 168
641 697
576 375
855 1120
1027 231
672 1083
626 495
1054 607
830 1020
951 882
552 923
367 861
923 298
447 1061
505 722
303 310
132 436
472 865
964 610
1039 213
615 144
848 441
616 145
769 572
755 233
356 490
392 257
662 1089
695 384
329 644
376 837
270 718
884 703
148 972
338 620
113 352
958 585
822 338
810 528
72 623
942 248
518 586
691 427
535 366
1019 257
169 348
739 447
1042 585
1004 806
178 1021
631 193
933 744
719 162
81 621
109 937
734 556
118 65
233 537
291 834
475 234
437 895
292 31
547 1056
48 911
229 273
720 315
26 326
305 740
876 207
864 114
339 125
233 950
339 764
1091 569
114 671
272 898
726 514
38 789
182 528
131 864
280 659
223 468
842 740
250 144
300 364
714 741
201 826
656 800
109 307
1007 498
699 616
501 602
1063 716
279 872
346 823
1010 597
219 530
564 337
125 899
527 640
255 173
212 343
812 628
990 819
748 859
661 454
742 326
857 795
622 804
508 702
1121 325
346 717
584 376
887 880
506 523
548 269
1029 45
856 528
686 303
472 1092
952 334
848 656
930 481
611 399
629 410
546 619
497 818
265 176
726 717
995 322
521 866
193 288
375 802
11 778
757 1054
221 1076
377 788
393 498
665 82
440 1019
259 1009
811 981
116 845
390 999
236 835
224 1100
753 1107
367 15
339 550
492 896
620 777
373 235
152 388
313 370
774 959
97 104
952 850
191 667
660 278
346 89
724 557
825 346
764 293
950 68
170 366
524 651
754 517
945 57
251 626
273 372
897 175
999 223
211 360
459 390
992 176
134 728
677 519
990 938
113 97
797 903
876 149
710 179
533 155
379 1104
587 473
683 320
486 606
465 903
574 465
695 155
748 327
293 793
599 433
312 1009
909 589
1023 590
826 209
335 267
344 901
324 885
241 654
174 706
285 1008
936 650
408 832
68 783
255 101
870 1101
802 817
986 77
462 529
877 499
890 188
550 474
335 651
342 434
755 909
688 900
1019 273
594 1004
865 600
963 586
631 139
170 147
862 378
715 489
1105 86
870 1087
6 728
459 986
114 707
418 742
475 975
530 232
1082 485
186 1081
97 837
917 1031
851 647
807 454
163 723
276 813
522 611
671 774
940 557
1101 288
501 109
967 25
527 993
202 564
423 1030
935 565
352 550
867 166
572 993
1066 173
185 999
445 642
829 771
243 308
310 746
126 50
960 307
267 989
953 1002
229 811
134 61
160 301
559 366
1018 686
320 380
758 190
360 240
867 332
1079 187
244 813
875 706
377 986
883 699
310 879
576 19
742 424
520 944
302 68
676 635
157 583
436 452
996 258
120 132
962 922
478 915
817 222
971 518
948 1112
438 686
957 983
395 133
358 653
399 743
730 166
40 191
244 537
84 579
37 571
962 648
1092 242
152 52
683 426
245 1020
58 216
734 122
294 911
356 357
988 878
201 908
777 793
244 151
554 172
96 570
1048 1005
220 143
186 629
143 839
799 637
723 582
372 637
1121 731
506 263
978 734
982 179
977 614
869 485
422 948
965 711
129 110
1006 229
448 728
463 599
685 369
950 444
164 403
1012 410
309 407
704 551
477 279
603 708
702 413
467 1010
943 443
975 191
901 746
262 933
36 330
326 434
577 1116
225 338
264 478
841 118
188 876
1 110
525 55
116 797
1102 439
831 1065
936 980
77 911
342 372
657 915
466 1102
876 633
671 434
177 244
623 763
421 490
576 237
1114 763
202 226
808 95
872 863
369 80
760 457
842 897
562 429
751 372
144 554
1073 51
386 854
165 156
170 524
259 690
263 713
530 640
317 234
896 467
252 1004
494 690
798 218
716 945
375 351
79 704
552 616
307 611
364 565
668 305
375 1088
761 712
1115 289
1010 333
972 594
643 344
690 517
355 725
772 536
1117 338
108 981
428 638
1105 707
441 592
248 307
684 923
1015 1042
740 696
899 561
739 865
352 322
980 479
102 644
1008 704
465 8
896 662
484 668
493 114
259 678
739 712
622 60
846 1009
539 727
375 491
454 781
11 92
34 481
358 688
716 383
869 957
213 977
195 81
645 503
521 30
1030 1047
544 560
34 820
519 399
305 303
299 968
622 741
521 110
184 701
482 266
520 1071
69 404
512 608
141 767
1030 628
735 1104
1010 841
379 753
1081 262
702 745
610 440
791 210
194 855
420 872
523 207
484 203
610 779
120 588
114 1013
832 713
703 341
32 853
815 644
411 341
745 152
274 441
607 676
1049 288
1034 547
771 817
388 147
211 103
998 189
745 109
803 732
686 598
860 798
940 413
213 145
893 95
267 467
515 917
503 483
48 327
498 916
913 433
746 1117
618 184
629 765
606 191
571 1085
215 495
857 814
50 7
348 758
137 342
587 158
799 856
617 701
667 61
474 301
957 209
516 936
1112 609
245 432
1121 202
978 765
965 285
1022 301
845 749
764 1021
338 904
806 996
155 1015
687 306
591 742
106 571
168 632
572 782
1016 438
151 351
154 1112
888 553
385 805
512 491
638 207
893 514
778 794
482 521
605 428
560 864
231 429
343 539
449 935
761 663
907 179
772 244
45 558
686 714
368 1105
97 543
78 381
168 99
187 629
757 407
1074 350
4 294
358 237
407 142
298 252
195 597
608 249
794 310
741 342
938 896
386 1022
686 850
234 685
275 328
362 35
545 406
879 1013
594 397
373 866
895 827
336 425
866 656
685 464
583 781
135 855
270 1017
982 202
912 229
489 656
967 728
1058 678
32 207
335 602
788 868
657 643
248 211
341 118
670 518
593 998
210 592
576 793
928 477
22 102
489 709
170 271
125 829
1001 42
329 774
1091 372
433 222
315 607
736 999
671 250
575 227
482 196
574 759
312 900
1010 1110
46 860
114 133
612 530
908 456
157 790
936 456
234 474
154 236
337 825
837 892
363 884
301 848
655 920
317 428
624 897
1114 642
836 253
176 459
319 383
699 236
709 1071
36 987
282 887
885 724
314 486
365 350
578 463
528 373
442 516
114 454
313 697
1098 726
862 839
982 375
1006 832
116 348
128 195
207 454
1114 129
171 773
634 508
382 521
428 887
688 821
861 347
585 702
756 1072
353 686
647 141
811 396
756 828
238 320
576 504
412 146
562 480
156 135
333 310
1063 263
1072 449
725 993
550 519
482 249
394 496
407 251
615 502
1017 974
862 114
897 703
290 248
935 774
797 125
689 700
263 553
848 905
448 368
680 190
946 355
649 145
393 322
275 709
994 971
219 1120
713 765
708 439
206 995
188 556
159 431
576 235
244 587
344 276
1009 1040
207 498
897 252
134 46
176 686
751 397
674 788
337 265
860 891
817 818
706 361
928 203
849 270
90 131
893 767
745 251
939 607
564 363
667 1045
1057 632
813 283
146 668
1106 408
1027 664
268 926
15 746
1040 303
1017 425
554 131
968 141
467 1074
946 773
1001 1021
829 514
522 547
991 102
553 498
444 1091
855 843
885 151
705 497
646 1011
458 413
712 849
502 709
849 872
725 995
411 394
490 723
148 302
723 511
338 161