412 424
638 190
196 540
711 588
374 312
283 626
553 950
606 437
560 280
126 961
902 275
790 797
909 314
389 354
806 81
437 1010
1097 547
792 680
940 1021
916 1081
924 196
239 118
941 999
88 272
311 582
1054 222
85 474
989 713
951 1008
0 1035
1089 1074
711 408
139 222
833 504
291 580
764 718
856 1054
115 866
929 248
39 909
40 1034
186 306
1014 316
308 441
369 661
512 901
309 13
994 981
1001 740
962 129
239 602
936 601
819 818
528 554
98 911
373 691
598 890
401 882
624 672
908 266
14 785
1069 1061
31 703
688 845
974 602
969 704
281 1052
232 588
436 145
959 758
45 860
512 201
848 896
115 1069
926 809
203 751
22 756
175 870
103 872
975 1082
540 298
111 193
139 934
369 260
356 1060
198 514
895 763
690 1016
791 485
784 190
515 271
914 815
528 824
846 670
384 734
553 533
1024 796
797 584
678 898
649 516
177 776
495 825
353 830
730 232
168 605
328 1101
858 234
782 136
645 675
978 1058
1068 667
557 900
801 247
201 168
315 225
378 274
624 282
528 981
516 105
544 65
812 340
643 686
377 834
801 838
1042 84
515 182
372 321
387 833
104 194
693 571
331 1035
906 824
219 278
323 363
1085 228
463 233
981 431
281 785
683 751
321 237
254 253
873 359
6 536
971 960
633 519
424 374
639 906
515 315
661 742
334 55
542 794
301 204
128 217
154 1001
345 900
357 592
18 871
812 499
1016 207
1040 687
830 46
914 949
773 932
960 254
652 954
1019 962
686 363
993 718
85 182
903 94
564 701
420 349
567 551
1013 519
834 1114
856 97
419 542
450 489
796 204
960 73
533 928
513 104
246 583
791 762
153 946
382 365
155 815
476 957
809 510
394 197
329 289
951 752
458 703
994 282
850 107
173 786
401 738
1112 82
1021 1044
563 23
6 291
616 311
547 79
632 945
453 212
948 357
787 909
935 1043
94 570
993 713
558 765
458 736
304 176
408 424
226 700
458 268
547 272
646 534
725 103
540 278
958 409
540 256
174 952
529 325
743 949
807 674
440 864
611 143
363 984
41 1053
96 1054
598 1090
633 740
318 819
697 181
508 863
541 799
232 926
530 772
297 603
106 603
172 461
537 29
788 732
298 1092
403 312
992 366
216 801
542 277
170 867
264 997
272 922
233 42
898 593
28 301
843 988
502 593
152 463
756 933
293 368
266 722
78 962
1003 201
684 593
1007 139
753 980
390 351
624 881
895 110
273 379
127 666
356 421
842 961
1020 697
793 171
554 443
819 988
498 450
521 863
539 634
492 191
778 909
334 806
532 515
616 313
1020 326
146 640
954 856
823 818
854 486
969 461
647 524
510 1067
456 288
789 342
363 1091
166 743
279 306
726 210
533 142
556 908
173 472
666 845
595 34
636 684
719 841
172 424
757 1005
668 180
1094 69
537 276
274 822
797 925
519 9
809 411
333 349
956 5
875 863
483 650
733 166
264 376
448 1000
945 708
202 908
966 520
821 313
541 259
210 409
224 169
554 577
176 521
101 911
610 1071
958 856
163 709
126 801
3 285
791 838
24 979
243 442
671 1039
1118 558
274 907
357 917
496 434
704 719
509 596
846 419
997 967
334 461
187 576
289 264
942 131
245 682
816 286
557 543
917 690
391 1014
323 786
802 209
842 368
817 218
141 276
874 746
109 982
323 782
705 642
33 260
727 1044
83 868
826 1090
446 602
387 880
122 186
630 837
1044 151
23 122
917 223
712 721
359 20
78 781
645 479
540 698
692 445
679 563
112 634
645 968
796 45
183 353
846 727
530 706
665 493
219 699
532 510
33 1123
1119 680
110 435
956 616
295 137
641 475
128 590
1051 813
436 864
598 1117
372 335
730 363
683 955
100 380
687 617
934 896
310 349
968 376
268 465
337 209
529 325
708 214
818 457
518 139
497 287
959 758
686 550
472 638
628 852
377 621
283 108
364 787
110 374
393 75
708 685
810 322
59 341
209 741
891 911
272 796
417 621
161 444
198 435
447 193
203 696
912 966
937 429
852 959
718 337
449 320
542 850
336 994
725 289
592 178
588 1061
1017 7
1008 176
579 955
235 513
1111 638
491 1030
513 1038
268 899
183 933
510 412
734 392
750 349
780 218
62 274
481 83
203 213
529 566
327 338
33 511
121 579
536 977
851 496
388 785
659 390
958 527
392 724
39 754
773 471
420 1106
428 399
620 161
570 933
1072 493
522 443
1019 954
407 609
586 707
532 1021
574 917
721 415
543 348
983 519
352 808
845 402
994 407
648 768
610 67
747 927
958 114
480 849
121 149
895 728
533 731
793 304
129 576
337 645
836 809
955 630
1017 977
642 851
140 999
140 65
645 210
539 139
987 1014
246 894
703 53
1032 197
321 428
466 883
266 957
409 63
900 682
627 53
150 685
514 676
428 302
13 608
798 39
797 239
759 154
850 937
57 636
346 237
566 883
200 1067
710 724
867 1015
878 122
614 396
164 147
254 331
73 593
250 286
118 487
558 21
634 933
380 315
547 620
104 830
316 709
813 870
1035 457
437 886
460 667
729 947
1 267
650 980
1003 325
500 624
723 525
417 453
605 356
505 112
593 81
149 389
876 732
864 173
659 936
116 225
357 835
805 65
854 1039
911 442
793 607
822 703
639 353
692 485
710 701
279 561
1044 436
1038 719
956 1
615 286
704 760
814 433
505 408
897 825
211 973
979 1120
861 949
662 709
1092 200
695 672
207 216
535 101
542 687
560 843
694 1086
97 749
1084 2
345 958
872 195
874 4
189 495
629 429
542 204
891 677
736 204
909 763
478 576
838 416
441 1121
291 739
560 132
181 538
786 139
527 290
866 1003
865 910
222 116
230 906
964 1007
768 697
38 6
672 255
749 1014
1003 841
1067 634
800 277
1012 581
929 815
965 1054
403 402
951 397
324 176
244 1018
303 677
1047 728
538 502
986 283
375 534
314 836
335 958
702 137
727 252
456 479
44 241
651 961
799 279
167 201
808 1062
977 820
515 440
736 259
1074 842
579 54
411 677
399 313
949 391
876 280
809 863
374 624
712 174
1087 318
572 107
810 379
277 490
863 489
1001 907
997 452
955 523
939 974
369 181
179 789
746 288
759 876
454 628
197 756
576 495
289 603
626 163
681 920
789 648
889 600
480 693
623 1010
504 672
925 105
1000 1104
877 162
855 562
1030 904
519 1068
109 405
900 693
537 416
840 665
274 526
992 452
439 402
932 1014
967 980
1008 100
149 435
290 922
495 487
542 699
1001 587
559 999
822 196
765 364
1003 1046
71 195
14 996
1082 687
853 711
348 311
883 233
684 570
556 897
456 894
712 944
1038 1058
647 860
396 807
584 180
340 760
847 135
580 843
1030 509
190 913
250 920
221 1119
540 766
820 873
380 123
866 965
248 164
1000 282
142 525
83 113
491 312
846 103
158 950
588 1017
416 340
97 803
988 449
24 701
747 278
885 882
366 843
889 691
167 748
891 810
993 532
862 911
535 120
566 321
910 912
276 675
238 190
816 381
342 400
918 1028
679 712
454 818
406 663
307 980
582 168
136 423
405 249
112 519
484 465
692 969
376 505
549 323
415 361
577 801
341 135
788 1106
23 231
646 28
237 265
317 751
1019 1099
478 653
752 415
855 1020
810 608
173 73
169 989
825 417
634 202
411 888
799 499
377 551
613 812
998 319
101 792
506 937
727 819
192 46
315 841
712 564
929 35
449 297
519 928
851 243
585 520
327 488
249 305
239 82
56 824
325 483
424 811
338 814
906 335
214 392
818 901
286 423
962 322
738 210
1016 971
603 420
979 799
254 640
851 457
711 334
632 307
26 311
916 457
240 931
733 389
843 1123
21 638
922 742
339 997
375 427
166 872
991 1034
480 1073
901 697
338 526
905 392
1101 327
1010 623
275 847
1082 242
14 253
136 840
449 262
651 686
461 542
555 540
251 319
773 43
848 134
644 973
480 1027
916 740
799 923
977 500
503 176
185 770
127 223
494 988
360 1052
269 612
633 598
193 142
890 277
977 548
675 895
966 1111
479 1052
996 860
854 1110
718 832
570 629
375 573
150 594
334 1014
924 345
327 523
126 628
92 549
986 214
556 857
745 695
385 1028
501 545
183 197
922 929
539 386
755 857
215 263
277 803
103 783
67 286
979 1008
419 129
106 274
513 613
499 692
722 369
958 570
852 655
605 269
723 137
536 558
794 497
516 715
26 655
680 146
811 986
296 191
82 836
779 1013
406 910
601 155
446 691
759 611
190 177
429 150
201 647
244 801
199 918
645 849
623 936
120 774
791 772
878 713
722 337
806 1045
729 793
88 968
174 492
111 481
381 781
909 476
325 626
528 1083
498 702
995 607
291 886
858 157
1006 1060
472 269
587 483
633 771
690 555
887 819
48 466
641 135
444 1005
803 562
13 145
482 529
435 677
707 512
38 407
926 43
754 380
847 559
900 581
11 1022
497 559
831 963
630 896
308 156
987 726
603 1120
426 99
977 268
258 352
852 506
280 641
131 1068
714 466
617 859
231 914
719 978
1086 395
645 113
582 406
927 441
130 795
324 317
389 496
337 838
1015 456
120 1109
1057 398
858 713
1094 816
133 921
443 1011
1049 259
166 169