583 155
564 262
1060 532
666 445
167 400
451 696
664 279
276 193
392 621
846 352
589 59
135 438
140 992
1078 523
267 340
205 126
316 945
289 471
164 1033
173 181
1028 256
935 413
675 924
718 484
692 867
494 41
465 108
896 464
256 115
63 438
15 693
470 424
256 448
534 332
814 850
1063 859
944 817
5 590
853 220
142 960
369 693
361 955
350 16
654 115
646 845
932 572
248 297
442 864
698 433
474 197
1027 54
998 815
461 550
436 999
951 922
240 765
89 510
1056 1003
254 659
552 692
817 599
398 842
149 926
488 637
653 106
748 306
110 765
117 203
532 679
204 8
123 480
572 1091
445 372
377 436
183 756
998 718
747 817
70 1026
167 348
420 167
585 726
238 634
631 262
984 270
310 107
789 183
884 535
698 1081
302 911
709 823
145 442
320 1098
35 498
274 924
739 933
311 612
623 153
327 451
579 216
450 927
1043 633
423 828
331 291
414 554
683 294
1093 720
419 1052
717 674
804 929
827 817
497 596
231 222
905 608
759 55
895 613
145 976
832 821
90 1067
709 501
621 729
197 419
351 935
952 947
775 413
479 632
906 1006
684 989
253 302
800 718
550 1023
112 928
592 590
229 1034
118 235
771 620
221 51
123 894
389 228
519 813
801 218
1011 319
230 507
835 285
165 267
700 367
813 734
799 999
900 444
375 2
627 655
373 628
583 221
268 143
94 700
490 44
448 1034
987 781
950 410
1047 903
892 93
418 585
882 1118
403 1112
19 537
990 1056
185 467
676 369
356 863
878 747
1105 304
882 515
554 758
278 233
388 676
413 554
920 938
511 68
174 198
599 174
554 780
1077 230
912 289
824 724
470 195
314 590
8 654
670 760
172 948
182 525
1111 747
534 481
823 782
251 584
961 997
143 382
929 1087
555 57
529 949
303 1021
371 335
962 686
746 242
547 1035
870 517
420 137
823 619
651 789
163 812
1017 830
476 536
994 569
432 344
673 737
306 291
494 598
641 460
664 244
671 900
988 521
769 1016
592 156
556 351
1027 557
1062 577
225 525
653 784
445 808
304 329
274 41
380 934
268 71
842 738
442 518
911 364
603 115
783 774
517 287
1086 974
398 914
518 275
224 382
982 981
647 295
1111 479
302 351
344 329
814 57
533 1080
952 718
610 799
303 733
654 760
437 176
501 521
517 152
653 1112
286 215
477 869
323 705
767 156
212 239
77 743
851 848
297 377
403 133
552 650
88 106
548 36
510 512
729 724
664 877
514 700
668 451
532 438
1088 858
1118 481
218 482
898 628
737 538
720 73
218 798
265 708
103 837
327 530
858 161
690 316
79 409
425 724
171 486
673 674
1057 968
846 340
431 657
433 695
258 32
485 817
910 1031
869 755
92 238
785 436
500 209
1000 186
683 1036
726 505
906 395
622 315
141 593
922 711
885 964
417 580
551 35
756 60
301 291
1061 575
820 492
1068 400
734 919
996 970
839 825
897 673
394 123
90 518
113 829
93 359
351 113
682 1025
794 558
213 687
222 526
1095 978
678 951
1003 1008
768 806
460 703
339 508
606 119
1002 411
805 333
627 1003
397 342
944 929
819 568
588 390
692 594
38 30
813 723
697 935
394 1113
290 450
649 790
814 970
277 338
1019 980
919 148
124 738
109 94
240 214
406 496
710 509
653 975
926 588
645 617
886 809
85 542
907 888
196 1000
264 126
1030 555
159 752
544 289
239 201
585 842
652 660
154 742
912 145
629 972
719 845
1121 368
1015 288
1040 942
560 1060
163 317
349 121
989 104
63 436
344 326
411 885
457 158
602 168
504 1069
944 718
506 913
206 573
1087 1015
781 644
555 873
406 206
528 1063
524 324
1023 144
100 585
679 863
643 609
17 546
917 414
550 131
561 795
593 808
552 227
513 63
328 360
142 206
894 561
114 776
709 1005
858 127
661 920
389 412
944 502
653 524
479 808
749 143
431 992
855 824
467 998
726 444
796 419
693 807
204 923
1008 334
292 1077
116 938
91 136
539 263
811 1009
634 268
959 300
261 79
625 546
842 104
872 381
589 459
448 633
696 249
426 1037
52 504
145 1041
915 665
829 769
511 928
602 443
286 716
836 916
358 491
576 115
744 865
570 658
616 460
319 849
399 598
769 549
421 267
255 1002
613 391
226 236
666 688
298 582
962 754
99 583
681 907
142 750
119 268
518 1037
654 123
414 915
83 776
151 789
555 193
278 1063
260 392
632 560
1005 261
958 602
943 295
1021 5
932 322
101 967
45 334
579 963
599 749
744 141
670 1002
395 421
878 818
877 305
906 806
480 213
734 580
191 586
1047 105
424 1072
401 886
449 766
653 147
522 977
179 642
291 380
282 880
324 467
150 650
356 879
494 1097
133 483
719 919
275 786
395 605
913 821
998 530
200 474
846 575
416 1004
106 216
549 744
665 354
1001 169
651 754
1008 841
327 425
140 292
254 194
554 251
1012 325
1088 29
701 337
27 140
86 1020
63 26
444 814
142 740
661 854
527 622
1013 146
634 762
143 350
610 541
565 1102
322 654
465 943
574 320
109 967
576 947
696 882
572 903
778 141
461 951
641 212
583 299
317 914
763 933
477 959
1036 791
827 897
427 700
457 774
1043 873
702 602
276 251
624 329
419 1018
898 612
1055 927
576 750
282 38
1097 25
1060 804
809 453
533 475
800 812
328 461
482 210
1094 395
135 544
329 715
382 553
413 201
117 404
905 713
0 681
422 618
706 332
398 479
907 58
992 241
980 938
961 427
851 344
352 825
658 1054
180 908
190 698
942 735
676 177
1046 158
604 977
870 571
977 1019
482 236
383 514
854 95
246 430
611 828
756 932
489 561
662 392
1021 421
632 931
623 160
749 741
460 416
492 99
643 173
860 111
694 760
146 1014
581 494
688 987
1007 19
17 230
104 214
603 763
992 411
245 397
727 1016
570 854
179 866
684 999
272 1006
205 897
131 376
266 192
494 232
210 858
564 1006
338 199
607 813
937 789
452 895
295 288
36 413
177 301
212 1067
936 855
224 1056
1098 813
498 213
76 1014
668 50
282 339
821 810
775 134
361 897
1096 274
563 17
223 965
551 406
452 645
567 697
228 634
634 1111
573 43
94 584
845 370
470 631
681 305
665 79
356 774
950 214
561 135
692 923
50 993
200 927
922 831
369 249
884 551
445 790
973 644
816 246
423 217
771 859
111 338
269 389
433 179
165 633
426 868
37 290
358 991
550 459
562 676
847 596
212 703
165 581
1057 559
769 439
647 343
1038 265
1028 424
761 883
311 927
359 621
460 669
1079 373
153 292
321 501
246 118
646 561
429 490
751 970
291 896
770 245
722 32
544 681
825 280
638 281
316 905
603 254
96 1114
501 27
905 285
424 404
397 463
799 1016
1069 438
291 822
762 1011
403 791
251 446
283 355
332 202
108 967
777 980
946 817
892 727
100 787
820 555
270 993
71 593
275 813
573 926
971 386
142 929
233 134
797 170
1068 317
247 486
901 369
999 452
230 593
1018 372
995 530
684 956
236 883
844 259
679 742
190 274
876 990
583 694
82 661
230 265
123 64
664 404
406 606
528 732
222 203
800 567
675 179
899 151
203 163
1044 246
387 951
442 952
123 49
845 347
216 885
697 886
109 693
993 414
98 236
454 890
16 423
616 968
559 426
352 1
737 1111
519 348
580 920
567 312
905 316
585 952
986 171
390 840
490 931
233 324
853 569
431 839
791 832
265 571
631 404
559 131
377 1000
446 722
1003 618
72 949
299 213
257 432
341 859
757 807
286 499
575 919
341 375
925 491
629 605
202 844
676 548
1096 423
681 752
935 89
373 920
100 835
605 5
830 660
1015 863
550 491
557 141
101 415
107 217
771 782
823 501
101 99
776 953
355 565
507 212
651 294
331 1068
37 677
581 837
201 686
672 287
613 315
674 1015
914 763
1121 816
297 600
84 271
673 318
227 702
740 627
966 526
299 723
1072 673
258 232
901 517
360 277
39 260
1018 415
197 378
1006 603
474 763
395 880
684 773
854 241
174 412
115 393
287 102
613 304
191 845
915 896
10 556
228 769
1012 885
137 1089
123 1023
593 101
127 792
725 937
212 159
76 619
980 698
284 1055
1026 578
803 625
767 1012
592 73
641 1083
6 186
544 218
642 1080
45 1004
35 577
1117 610
223 695
244 107
731 1015
871 1086
440 736
919 252
907 50
762 1020
209 902
975 648
885 382
161 412
682 1067
257 908
668 698
375 579
737 652
897 939
715 370
601 343
381 625
529 650
391 180
181 660
654 733
627 1013
600 825
391 545
327 707
357 228
484 527
884 141
511 719
867 807
1109 227
947 935
580 346
1101 168
62 876
712 826
543 1015
659 617
185 719
472 724
674 633
604 575
468 307
769 563
545 1025
181 717
319 562
637 115
762 677
373 313
991 436
511 377
1021 124
835 691
543 402
668 135
772 435
369 98
282 772
134 892
211 835
294 104
834 456
446 139
1113 951
202 681
660 239
783 188
446 987
982 519
434 453
220 605
1048 249
12 760
127 337
742 337
794 218
919 773
807 429
127 886
439 444
566 845
924 984
467 104
219 614
212 679
794 912
889 433
505 677
1039 486
324 291
457 942
220 338
387 726
532 1043
455 307
567 889