29 381
732 575
735 815
500 655
845 31
374 383
428 474
1040 869
149 361
161 865
859 376
148 29
482 42
774 971
344 136
293 385
788 233
898 846
411 567
170 804
568 769
471 132
100 463
280 810
855 1005
370 1109
495 58
381 253
881 601
195 62
869 133
810 534
421 288
768 137
650 1123
11 248
654 198
738 656
789 711
479 825
30 208
910 443
334 548
961 112
206 174
909 599
244 984
132 856
863 489
540 997
730 272
856 925
254 342
397 458
196 338
279 633
59 103
732 1103
993 244
681 132
320 180
748 557
135 930
557 559
513 73
416 1022
14 711
314 766
163 962
609 1093
124 248
266 113
329 699
158 825
57 277
382 430
655 559
872 8
299 696
664 801
604 236
938 543
48 888
127 638
638 632
311 1098
57 665
819 169
719 309
59 749
981 620
10 713
217 531
521 960
444 387
876 714
178 1015
252 917
106 25
272 999
798 324
982 330
759 549
62 874
740 332
460 347
235 752
367 862
143 806
1015 850
873 106
679 479
76 660
380 196
672 527
346 196
287 433
1029 419
543 385
14 637
358 1001
1023 406
898 179
595 576
582 424
474 631
916 937
480 601
369 939
852 725
632 345
52 729
680 114
702 115
1092 789
589 583
1108 388
413 711
930 142
204 882
656 297
538 380
177 96
911 736
366 546
363 211
1059 468
469 965
276 549
584 695
922 330
902 691
62 387
806 22
341 707
337 962
500 90
543 136
512 473
588 490
260 226
745 573
897 989
931 697
402 141
971 662
806 330
657 168
1061 704
571 171
161 1120
378 1074
400 731
370 192
140 565
1011 802
515 308
437 484
508 872
389 194
131 815
990 569
498 88
166 527
921 545
706 544
398 290
702 502
43 194
985 756
347 718
752 848
748 928
505 207
414 294
763 1058
220 173
379 969
796 955
414 972
665 640
764 344
37 401
787 733
15 792
766 877
635 154
231 1097
423 781
156 734
618 170
449 250
940 7
857 247
362 129
431 587
950 836
138 335
109 964
220 142
547 687
263 260
484 501
73 392
289 611
510 389
113 946
799 1017
891 291
832 330
1060 562
606 84
98 567
563 298
623 80
965 179
292 588
894 437
941 1118
472 707
544 171
584 195
946 667
93 534
938 244
937 600
575 785
851 813
214 77
582 1044
389 43
814 267
314 928
298 56
987 351
481 675
555 107
136 547
1082 898
707 216
1076 71
538 91
705 101
271 895
154 609
861 417
306 568
960 621
311 373
626 987
1017 25
161 976
749 1102
831 1001
397 154
921 836
712 541
252 488
179 572
300 112
823 572
231 382
689 229
813 826
518 840
576 198
486 872
174 35
394 505
333 1000
151 534
40 421
961 343
727 742
626 604
544 813
53 562
428 481
521 650
622 737
971 1059
155 801
334 960
230 177
971 534
891 634
767 456
354 877
608 477
932 413
571 812
697 920
841 815
116 498
881 926
668 436
295 677
971 788
275 271
179 933
824 908
535 1044
717 281
1112 68
302 917
297 534
139 788
673 158
960 681
6 748
116 133
849 441
9 462
24 1026
170 1066
187 677
346 323
1019 17
266 368
243 809
664 617
160 12
107 125
791 802
193 344
613 446
891 555
310 442
1042 1006
330 97
699 653
365 554
953 675
653 996
987 394
305 438
373 681
527 660
524 462
343 274
657 1060
174 968
650 142
800 188
1095 126
809 646
609 729
653 765
122 278
263 496
553 965
912 434
1023 268
992 107
249 367
52 1104
106 5
850 1044
922 55
202 370
775 582
381 264
773 1111
359 772
844 576
912 862
155 831
342 139
215 153
234 311
290 457
1108 168
673 36
481 130
692 732
1023 298
217 675
878 490
794 691
822 407
110 206
727 342
477 298
569 1060
646 746
500 1016
944 422
418 1121
835 792
731 91
991 406
9 871
976 546
805 339
329 228
660 352
561 868
958 899
180 909
60 581
1049 478
312 128
331 776
474 4
375 458
697 652
804 146
47 1092
982 390
680 114
430 850
861 884
469 939
772 900
808 957
151 740
647 350
429 1013
561 823
836 150
1007 914
225 428
952 825
1013 757
858 604
449 707
944 611
507 815
487 139
369 521
835 437
34 977
687 337
283 108
967 5
1064 609
779 517
517 225
296 525
495 841
381 863
1078 20
969 641
531 646
237 524
373 440
780 457
277 268
296 361
442 812
868 653
719 557
863 783
771 852
202 673
537 744
942 563
465 872
682 39
473 512
112 952
736 953
682 246
840 313
288 922
2 637
430 4
383 515
115 870
837 45
471 828
895 889
526 644
56 464
621 898
197 858
504 981
858 215
516 655
499 258
286 503
443 572
993 296
641 809
464 1026
801 391
1043 215
361 677
268 231
597 945
275 309
112 551
334 106
587 404
805 763
1006 955
613 959
1022 115
252 580
138 72
766 826
193 835
154 329
763 910
457 152
751 630
933 711
848 193
309 930
52 823
913 334
369 994
846 138
545 775
145 605
156 519
900 377
36 171
881 731
741 71
810 440
461 286
912 667
955 159
506 290
315 403
726 751
736 1040
656 290
989 781
9 578
581 272
746 693
730 382
241 650
299 148
345 374
345 945
171 1016
855 875
198 755
81 258
181 443
464 526
594 436
507 652
213 378
863 968
186 983
779 729
1077 291
986 643
999 397
314 614
342 287
66 507
829 479
23 505
510 464
699 274
527 481
417 950
788 647
564 411
121 726
663 93
576 527
492 909
958 204
696 656
966 492
239 760
232 747
523 822
368 364
334 333
374 426
281 554
311 690
471 876
836 1050
614 607
672 181
891 290
484 281
411 173
868 449
577 266
462 417
759 1030
442 502
110 1117
616 246
345 644
391 456
983 809
349 938
248 6
391 344
225 675
632 94
651 148
803 549
130 729
1020 232
929 236
513 214
557 7
443 942
123 770
503 430
618 629
684 866
301 110
159 208
268 141
491 347
689 590
517 295
765 781
819 743
211 440
78 224
981 470
406 866
854 1079
549 719
107 762
382 933
461 742
739 687
1054 556
263 487
115 690
666 393
238 1102
578 616
852 397
1067 261
577 851
238 584
689 266
460 1006
614 352
1001 814
416 930
725 687
713 476
179 802
58 312
342 1087
937 323
748 819
1004 534
699 953
1021 161
36 872
710 654
682 594
819 591
372 966
151 529
645 789
756 806
171 756
334 490
281 434
114 149
1018 48
867 535
934 983
268 237
103 358
188 384
969 173
510 302
424 594
512 1005
883 604
315 708
462 837
1016 509
404 584
913 989
757 902
640 153
601 895
804 7
76 366
795 1012
46 410
943 454
1036 235
1053 1120
174 218
566 645
164 510
638 139
167 619
334 833
195 604
437 611
828 313
908 408
308 648
75 305
740 234
407 736
1065 121
140 656
694 216
993 362
436 621
426 412
487 642
950 841
209 348
922 705
626 138
896 1087
341 655
356 426
753 549
8 130
504 148
703 851
412 1106
840 456
113 581
547 710
387 758
451 670
608 1102
405 280
486 189
108 598
726 321
46 700
423 747
959 308
940 805
900 983
1074 919
623 834
879 932
784 708
130 1070
270 521
125 889
799 658
928 89
884 476
434 304
753 239
923 879
937 960
597 356
517 803
31 527
106 1029
574 913
731 412
1005 658
16 688
1071 228
56 825
423 902
493 632
766 583
630 1035
373 48
540 364
114 55
625 424
450 28
181 332
735 607
491 326
613 651
351 76
767 411
752 907
353 535
145 605
105 107
515 600
304 58
166 738
532 1113
792 325
204 912
1017 735
780 211
648 27
37 115
629 756
594 960
672 381
1019 392
589 895
212 1123
353 180
1077 500
45 265
652 831
954 400
742 691
100 954
750 31
58 547
220 300
744 786
1040 385
1078 430
251 706
710 871
442 893
217 295
301 966
983 872
373 1107
591 433
909 542
571 298
1070 274
169 436
620 1022
726 365
356 2
124 713
362 515
974 408
688 59
817 162
895 310
271 134
708 1068
375 386
852 9
199 13
563 302
765 201
872 875
294 187
1012 748
624 498
587 861
687 478
485 764
435 366
872 529
188 528
184 291
1018 359
533 700
690 930
826 199
766 749
826 449
136 919
172 521
332 1116
493 1080
131 451
481 937
550 820
1009 479
548 937
34 45
808 166
983 558
350 632
406 232
692 73
572 584
675 713
747 926
311 804
401 358
792 1119
229 465
721 667
396 35
1022 251
235 118
921 942
163 413
370 900
112 1025
807 704
547 738
181 677
610 533
1032 915
261 869
196 891
588 612
110 491
770 647
162 557
287 965
885 391
128 545
925 801
825 344
735 419
600 637
529 601
309 1109
369 633
782 521
577 461
837 811
628 108
324 688
668 393
243 577
605 960
197 67
457 217
379 1016
261 1079
21 853
1119 647
974 421
721 52
374 856
402 453
907 940
123 732
187 1068
712 471
706 1009
1079 908
189 788
597 509
1053 894
127 263
777 637
576 348
784 977
808 372
226 132
619 781
517 690
731 98
528 644
90 156
413 272
325 904
991 220
489 139
902 243
503 210
276 677
830 124
971 1019
862 221
252 760
532 331
976 705
92 775
510 377
727 610
387 386
237 489
836 84
1077 1034
95 809
147 928
973 321
930 353
832 338
155 155
971 25
969 287
788 573
582 125
494 596
841 624