390 229
82 653
348 427
1017 464
605 727
336 894
463 388
625 689
164 784
336 1079
748 677
216 563
199 901
788 1000
960 71
837 870
690 56
418 234
261 158
480 698
71 830
130 775
945 456
659 529
959 780
2 420
109 733
777 567
1020 865
626 889
951 608
135 888
476 1078
873 600
834 682
630 3
310 977
510 757
574 178
638 124
205 963
783 75
949 705
831 935
839 229
861 992
841 456
687 357
46 323
622 676
764 65
277 338
1042 848
906 786
865 719
124 184
81 49
319 818
867 102
240 256
841 88
254 125
895 565
592 345
263 202
899 779
218 428
371 903
752 330
752 358
300 933
360 844
565 140
1010 937
631 775
402 397
1010 963
955 379
352 576
276 456
1048 660
127 159
778 659
1110 124
304 687
519 483
678 411
386 833
916 444
553 484
640 957
264 980
737 620
125 769
501 954
538 365
901 613
713 485
459 542
817 112
138 607
343 720
301 988
434 319
880 378
626 850
383 785
382 230
412 862
780 571
768 151
686 349
214 489
667 4
427 147
844 779
970 155
520 855
201 648
712 685
345 173
254 826
515 19
339 1011
76 221
817 680
858 561
405 1027
86 708
1052 1001
306 253
494 1012
376 330
674 436
407 590
344 501
0 877
150 543
1023 270
469 668
923 758
178 1104
569 382
765 551
839 194
636 881
615 803
1121 637
823 84
509 635
522 697
939 1020
480 675
0 27
283 184
587 503
248 901
857 389
1004 218
143 302
504 809
27 782
847 246
480 852
577 779
481 744
874 712
7 686
641 822
862 400
148 810
509 68
132 460
749 1034
379 55
839 418
938 226
313 37
501 469
471 281
325 283
1046 143
607 965
297 176
792 285
367 658
828 683
52 812
485 945
821 1003
839 755
190 860
940 211
671 989
708 328
875 974
803 848
660 278
720 253
914 171
547 1043
154 990
559 697
1042 735
322 798
923 419
75 1
874 513
97 839
275 864
156 972
642 67
396 120
419 710
605 661
732 965
547 509
905 1044
370 226
1096 148
293 738
262 263
822 958
485 189
434 771
166 980
845 308
681 676
730 899
620 317
501 758
337 299
808 326
971 638
350 141
702 22
1045 558
542 608
745 29
265 196
838 784
177 133
858 647
312 533
79 1113
133 312
569 170
311 768
177 722
144 699
271 290
981 506
496 840
843 454
788 634
580 657
74 247
666 245
845 1037
796 94
114 739
1079 223
280 432
216 973
463 253
184 871
375 549
983 455
871 571
693 882
406 278
476 202
162 897
963 620
43 677
783 501
945 575
443 228
829 445
839 284
147 733
707 696
63 807
393 952
133 76
900 901
800 378
855 536
563 882
146 568
771 214
603 618
233 176
520 250
335 108
531 595
230 427
1049 584
933 843
1116 476
591 646
896 941
715 583
356 291
781 501
689 189
726 787
582 359
104 963
821 873
981 718
882 795
678 846
986 346
808 191
567 756
292 518
177 899
922 665
427 802
752 305
390 804
687 781
26 457
181 641
332 442
1113 617
575 573
260 862
366 756
984 667
697 470
309 980
383 3
26 726
396 784
172 591
147 661
788 1123
394 404
1112 460
900 692
268 419
774 383
250 707
358 953
713 667
652 521
919 324
594 769
40 725
307 784
513 502
951 56
658 478
665 652
853 146
692 1097
333 743
459 873
530 613
192 707
416 248
1055 392
156 793
627 120
811 964
132 1086
218 557
954 308
683 900
469 957
286 1123
934 600
801 154
566 582
767 700
733 201
638 571
346 386
203 903
552 930
510 809
243 866
355 704
356 691
746 135
25 563
469 295
193 488
681 294
179 121
450 1009
366 823
851 410
733 408
387 92
475 588
209 373
760 593
638 435
293 574
343 775
685 887
745 710
333 694
596 725
358 623
728 973
641 278
217 554
212 736
201 537
1010 158
541 777
359 134
533 911
205 981
983 671
729 44
560 448
738 427
323 102
164 749
84 373
576 629
793 550
647 225
702 788
887 704
965 760
489 439
819 795
516 457
217 473
273 662
521 1079
841 206
741 142
807 828
6 994
538 648
713 871
830 880
263 559
49 756
374 428
540 141
411 931
826 223
413 508
281 376
164 984
536 850
453 235
369 4
470 875
1078 382
486 474
1053 655
973 472
487 787
1095 703
233 944
26 74
471 289
752 346
445 880
354 940
936 896
277 41
104 492
484 684
662 209
643 232
980 779
922 610
995 404
919 148
449 249
885 572
468 146
314 753
422 689
371 652
833 415
988 747
114 414
799 217
161 938
583 339
75 487
861 146
876 133
733 613
231 14
402 575
239 157
158 20
1058 303
311 320
172 619
601 228
709 895
369 506
1023 305
593 45
483 344
438 409
714 168
935 154
806 375
989 602
1010 935
266 683
282 115
221 575
1071 527
775 819
295 251
984 843
280 635
402 959
322 1067
150 585
293 913
758 923
736 430
989 87
931 801
741 764
79 855
479 144
148 519
69 513
830 757
724 352
148 233
453 449
670 99
925 135
421 865
1022 702
448 393
794 1023
660 999
818 680
859 921
806 118
801 933
580 952
1036 250
258 658
899 534
192 111
81 596
955 573
178 966
418 419
553 417
637 438
795 492
254 297
904 76
846 885
416 348
143 796
1004 464
394 985
661 311
206 675
841 390
398 1067
820 830
656 935
269 301
361 743
674 592
178 852
541 731
126 689
904 372
428 380
294 221
511 94
146 891
1112 328
716 238
265 1064
243 22
734 956
1043 598
907 859
224 574
48 1103
97 851
427 753
528 853
770 508
514 141
753 696
67 42
15 969
548 231
340 827
440 630
132 576
603 949
778 727
949 734
839 1006
298 888
444 812
770 1000
252 967
1012 580
593 976
110 562
516 395
152 564
193 407
329 645
743 295
305 385
80 772
1000 344
377 57
455 597
424 754
37 371
265 765
960 1069
1032 765
989 155
950 504
428 482
986 384
560 519
51 286
857 673
768 393
715 723
1105 375
492 761
590 2
657 768
842 1101
306 271
19 471
342 307
324 402
1012 869
506 771
979 142
510 290
424 1006
932 561
309 120
469 646
737 746
1093 191
654 470
558 351
306 432
755 583
987 124
4 113
488 832
809 867
668 317
426 411
20 1118
965 66
854 879
1042 1092
494 451
437 663
1044 61
214 731
849 1020
695 435
394 382
1021 807
800 776
903 940
817 705
810 751
210 669
649 198
527 224
267 1048
815 332
1079 145
235 531
615 1122
705 471
818 774
469 347
649 173
600 106
698 35
380 434
489 181
395 256
603 1025
214 944
714 874
880 498
507 775
732 1012
481 551
351 1036
1100 676
739 237
813 843
92 271
1087 723
420 782
600 461
121 1
100 1022
980 975
854 930
265 960
253 706
701 9
585 681
364 354
34 73
179 811
291 568
880 888
296 768
592 844
700 39
1077 213
456 965
345 926
533 553
178 124
668 183
295 122
681 756
974 737
934 1003
215 980
192 434
489 763
1120 951
778 629
1051 253
412 40
109 541
166 99
246 1009
964 839
777 1006
483 879
521 332
855 783
148 626
374 5
849 461
1 696
87 827
793 858
893 612
917 285
900 269
89 237
825 941
809 490
414 235
311 763
602 130
942 344
625 472
112 882
830 963
517 89
86 408
741 581
1009 957
79 1040
331 576
316 579
557 420
395 218
617 560
493 1039
753 435
734 928
200 977
685 233
714 559
830 388
336 19
214 818
109 869
372 458
531 476
989 870
821 31
108 417
1011 291
699 543
928 207
877 210
429 120
685 263
975 409
398 994
972 950
756 943
464 335
227 221
637 488
662 933
504 933
218 151
670 640
203 904
878 350
910 404
254 933
848 767
598 17
107 1026
137 417
840 255
459 171
388 376
436 687
718 198
1093 490
379 701
867 986
932 872
505 738
541 878
188 575
711 467
615 380
972 726
962 729
1080 948
61 191
171 15
319 438
868 1009
732 85
1057 994
1011 29
925 967
766 263
934 107
375 302
416 210
375 838
456 701
416 154
557 22
983 507
80 297
421 263
778 721
490 78
179 819
1069 278
640 939
59 882
769 495
558 347
220 836
837 713
61 829
1037 427
111 98
889 487
907 2
883 905
143 261
21 179
797 213
194 208
484 682
183 210
858 1061
626 1054
996 969
1058 379
978 938
558 714
839 262
722 528
728 958
300 1061
187 768
840 652
515 1094
971 638
721 1001
869 840
685 468
756 268
358 255
439 420
283 1
44 1025
795 554
962 441
287 9
346 450
174 130
999 928
568 726
1073 520
1023 433
408 1051
782 451
47 608
524 357
738 1021
656 290
26 662
341 209
762 618
660 696
258 840
864 470
443 1080
250 60
970 853
822 202
1017 348
14 475
426 483
828 433
212 670
969 183
737 860
1052 525
346 592
916 355
819 927
249 1060
717 188
949 617
245 589
750 189
964 296
735 1027
750 890
280 509
136 9
386 102
764 832
983 549
823 1038
777 578
940 432
137 81
194 808
907 315
482 47
735 976
502 687
458 294
899 813
159 666
517 779
647 607
148 933
1040 728
128 504
316 384
318 257
145 362
713 465
101 142
653 223
466 99
1057 1047
972 1063
752 359
152 391
340 995
545 693
1075 8
334 1071
982 10
50 994
168 670
1007 121
290 945
835 927
597 1097
13 124
602 393
271 244