604 534
957 973
629 158
825 485
37 94
487 905
79 886
903 1045
159 672
402 302
352 704
656 719
764 1051
312 250
399 673
257 759
116 900
30 758
629 137
713 436
243 431
236 347
479 853
1084 243
955 1024
568 791
730 661
1053 1004
314 753
539 591
347 387
739 1004
945 144
714 727
544 416
818 182
323 965
766 188
144 195
735 827
121 976
581 699
917 447
351 637
191 553
734 199
1011 340
600 882
741 544
737 647
827 504
282 147
414 339
261 752
869 418
180 233
194 603
984 320
210 787
572 272
600 30
1115 651
327 348
423 305
809 286
1123 300
878 204
883 754
652 680
553 206
869 315
235 979
193 710
955 434
480 386
886 743
444 407
857 450
758 418
792 82
5 625
537 802
1046 816
36 381
148 429
531 1065
409 142
300 275
157 571
693 1043
674 340
40 398
714 162
800 1089
583 243
543 506
1040 49
713 970
820 956
616 474
212 73
1097 255
78 875
499 223
478 130
758 205
704 1000
410 331
217 769
936 301
161 728
908 596
424 839
324 622
855 182
405 793
531 101
85 647
993 619
728 688
523 737
270 266
391 218
736 681
214 380
857 667
921 1103
499 902
205 379
1083 397
384 671
914 685
881 1000
701 655
954 1093
759 733
684 1090
421 397
440 402
990 148
612 896
379 978
480 268
977 570
891 386
84 247
557 641
955 282
851 851
523 538
268 102
312 336
331 908
491 421
256 804
844 414
189 369
822 794
597 238
720 630
107 632
929 583
965 966
324 498
760 195
965 569
640 87
816 720
975 936
304 602
390 1
942 262
438 1046
1106 80
564 318
1097 706
885 819
1097 165
698 469
533 229
434 965
373 822
715 294
981 724
734 892
1084 1002
435 220
824 943
702 60
263 531
740 588
757 9
811 156
323 933
684 1046
974 788
937 540
834 717
328 455
541 821
130 498
983 104
618 797
454 5
604 304
45 148
185 151
118 687
1036 458
505 298
622 498
540 661
80 1108
211 263
568 554
362 394
579 241
202 855
729 770
228 913
793 245
1117 987
262 360
118 543
334 277
346 206
957 43
1121 297
453 491
658 502
676 406
518 125
454 962
371 515
165 1000
491 407
982 983
349 892
9 111
447 702
586 870
518 966
347 979
206 735
633 999
614 637
442 76
187 693
119 557
467 299
471 88
965 545
526 1028
887 434
61 715
535 504
787 564
869 174
738 334
332 553
949 837
503 707
533 552
71 729
895 599
723 963
118 1016
283 867
368 844
225 787
779 453
1009 945
569 567
647 442
1115 3
1077 997
108 714
109 279
259 140
321 67
258 1003
409 679
941 156
638 251
983 407
149 1028
605 109
404 212
186 518
1004 133
924 858
291 852
293 718
688 693
910 255
800 904
585 690
247 458
541 203
981 683
1067 196
681 153
418 130
190 519
41 380
764 593
752 897
908 542
159 88
297 139
699 912
634 212
411 242
604 265
309 206
927 312
199 727
807 762
100 845
1006 722
644 254
79 550
589 501
522 882
191 476
766 704
917 820
210 667
803 274
656 344
474 77
134 645
1082 412
838 335
844 731
12 703
330 327
598 166
591 835
792 98
176 669
728 473
802 729
436 920
10 508
602 403
951 580
141 721
267 773
206 447
1024 692
124 181
176 844
175 748
1015 723
862 499
346 494
127 235
618 187
512 224
210 663
644 650
1006 893
63 452
285 761
391 628
745 759
618 157
1086 1015
403 1055
450 201
719 1009
568 318
956 305
336 320
546 463
714 139
845 388
364 404
582 773
35 352
648 681
176 1110
466 347
560 1088
107 873
950 886
9 1120
883 630
1077 689
78 287
447 90
724 642
365 522
152 828
133 487
262 546
1051 328
538 117
252 860
136 654
269 573
475 291
947 524
532 1046
788 957
249 965
837 185
347 929
268 799
411 936
936 542
924 296
568 908
114 0
561 516
814 743
75 221
264 973
417 689
780 116
192 538
383 584
377 645
999 1041
666 523
1114 298
599 924
286 848
1013 779
170 311
835 1022
687 1064
236 344
393 1020
331 473
762 114
864 495
746 271
164 806
445 699
824 735
124 703
675 1087
815 413
859 1023
863 103
68 18
563 693
439 136
453 615
330 885
463 126
1118 168
954 130
560 869
266 646
228 758
816 582
990 268
86 148
162 253
727 1016
550 644
189 584
374 407
879 35
792 522
298 978
33 324
137 669
830 424
243 602
943 578
182 581
849 965
162 512
403 321
733 654
263 834
565 728
200 939
228 363
862 995
915 126
81 971
136 257
695 631
769 288
650 460
349 678
580 887
942 357
804 788
227 474
433 111
1019 333
997 493
699 664
1101 134
303 706
86 783
534 329
782 556
188 447
411 275
101 570
308 559
931 615
478 126
1008 120
1022 148
524 656
565 882
251 1048
1063 317
426 372
1016 146
356 989
606 621
333 799
115 197
542 970
971 373
1114 460
42 624
781 313
856 1082
763 904
712 922
941 338
697 653
618 822
255 162
1004 294
913 435
343 680
123 521
749 72
239 236
778 909
398 1119
322 934
765 458
966 285
1054 342
729 649
448 777
940 494
1107 761
85 395
314 694
839 964
234 518
185 284
690 64
1025 696
900 113
406 606
308 490
509 55
415 991
216 148
527 352
505 686
668 785
508 372
341 1053
70 216
991 485
808 580
274 250
454 398
163 206
785 403
945 101
929 447
123 971
815 776
617 826
387 486
578 1086
1096 279
714 146
533 1005
548 235
616 360
206 285
738 241
67 661
188 710
708 125
1072 974
275 1019
901 412
540 535
861 757
813 857
366 225
1101 748
515 780
128 489
698 944
257 502
854 975
427 782
415 513
833 1088
721 951
717 990
409 662
1123 1046
111 155
262 168
22 602
854 321
311 92
955 315
684 354
757 1014
317 302
213 319
193 650
356 308
265 616
258 699
746 113
598 616
896 359
51 939
155 101
1017 716
854 709
157 401
677 905
1009 123
198 147
40 881
321 49
409 161
881 1109
195 788
407 899
493 213
944 84
702 104
875 585
314 516
746 529
918 913
778 1003
317 521
850 130
748 653
484 1013
1080 334
402 391
782 185
246 399
956 117
622 400
557 305
399 391
293 401
378 261
830 99
932 636
1069 365
17 198
585 975
501 798
1102 452
641 166
861 751
576 510
327 207
987 829
778 592
15 367
923 1050
1069 459
741 722
636 152
273 152
572 1004
344 1023
102 222
705 522
797 140
279 743
487 55
794 437
413 662
284 605
332 328
902 186
366 393
851 864
409 968
541 818
188 252
607 295
1086 464
310 235
408 542
723 21
252 776
177 812
987 560
458 595
577 704
303 149
614 106
296 567
130 340
153 227
940 986
279 311
507 936
486 555
473 119
699 979
511 685
36 807
799 954
126 172
414 973
667 1076
1078 1043
421 129
197 686
462 713
187 114
1016 803
923 454
935 309
927 491
878 900
767 597
619 366
1008 979
1119 368
507 213
732 977
205 653
688 868
227 318
770 40
624 460
203 275
643 369
679 622
617 501
212 483
381 803
987 253
630 58
277 726
515 662
880 131
339 674
115 1033
132 129
690 964
910 322
342 302
586 890
481 929
406 606
21 536
663 359
602 802
644 250
776 561
1098 303
830 720
1033 855
124 919
1112 342
159 768
494 925
867 414
917 993
924 149
187 907
537 664
180 486
1094 1119
259 753
672 473
561 1002
378 340
445 566
53 821
668 580
879 922
199 210
40 350
355 1005
546 82
723 981
776 336
472 8
465 328
686 806
485 658
173 615
895 691
1079 261
724 367
609 179
328 165
615 499
367 589
282 1068
954 1118
271 1061
202 330
1022 1016
229 421
484 812
159 358
807 1026
55 936
62 527
131 846
1037 522
481 597
341 743
399 520
996 39
24 422
334 977
287 979
814 822
288 466
812 321
502 534
1042 944
721 553
407 217
497 561
386 211
913 563
948 918
575 695
562 572
320 909
934 323
880 493
879 585
812 196
153 132
1043 169
535 95
433 224
910 876
1022 396
657 789
390 610
183 255
377 1068
292 415
446 124
656 370
427 671
536 260
376 264
533 806
252 816
523 343
899 627
105 786
721 443
762 546
443 14
839 966
772 986
607 911
622 285
191 952
881 922
839 617
552 1095
197 570
122 911
297 135
743 636
433 592
388 817
908 504
324 266
191 238
376 756
844 341
408 534
322 425
43 381
1018 197
296 34
210 124
598 494
537 963
874 208
912 753
382 942
776 747
241 339
840 452
941 535
319 1022
388 528
812 306
943 414
964 721
344 597
837 909
343 629
208 883
398 745
553 825
439 381
829 928
170 909
790 586
475 1036
222 208
123 948
215 775
1063 805
675 714
452 117
271 341
548 977
873 115
232 401
868 691
600 454
558 620
687 508
784 206
970 911
872 212
79 230
888 1057
714 314
296 707
436 1071
921 996
999 639
997 465
112 571
1009 296
111 878
898 587
348 812
589 84
675 179
579 651
165 660
397 360
767 772
452 504
112 812
118 172
263 649
845 641
575 195
1038 925
125 613
104 999
357 905
710 477
428 320
314 937
618 929
407 916
416 992
946 643
320 1005
932 753
491 319
680 115
143 497
523 27
682 393
962 358
1114 294
478 563
350 894
316 395
644 279
934 1055
212 603
839 400
877 456
840 263
61 741
325 749
430 363