658 304
490 220
749 182
725 159
830 766
228 187
829 932
1065 253
999 206
365 624
1007 237
537 406
117 299
614 543
897 262
546 843
76 1040
43 231
954 95
860 1015
249 416
191 889
107 648
162 420
413 945
245 680
638 525
183 1116
315 388
1096 930
239 135
751 1068
409 816
428 824
434 399
1095 988
465 477
42 1036
158 615
1001 1098
871 585
656 682
848 743
710 325
496 838
399 910
406 272
425 707
231 442
667 281
928 429
139 1011
161 925
319 154
508 116
481 633
484 463
686 102
205 739
592 609
829 312
739 132
602 181
430 437
373 757
330 278
907 279
834 638
913 712
452 897
112 715
452 826
59 1066
799 751
186 677
671 624
394 919
364 1111
998 991
485 957
660 426
120 245
26 745
750 522
342 240
1027 991
161 925
361 819
511 353
780 1025
305 483
761 977
361 111
914 778
473 756
382 209
421 191
988 478
378 994
566 516
626 1098
691 688
589 627
776 398
686 990
931 1086
935 433
676 847
867 798
1086 196
766 753
545 972
403 798
856 249
910 362
286 893
1010 991
60 542
729 335
377 337
125 361
53 705
809 587
1039 294
150 612
822 431
96 645
174 705
772 942
947 657
960 231
221 820
205 593
870 666
1051 154
1000 259
757 632
907 62
542 966
290 223
125 1066
1091 598
991 975
913 989
549 344
437 612
1047 963
1049 834
483 164
9 876
699 702
1105 112
591 101
387 549
267 632
637 500
1046 598
334 435
752 89
110 196
472 546
550 772
154 689
697 369
457 1060
1005 296
383 575
253 606
144 249
415 969
170 170
76 723
757 58
957 285
58 389
438 673
1030 278
662 378
342 310
201 108
429 214
218 266
944 235
1074 724
416 857
493 83
258 1112
471 479
129 902
410 219
1043 665
271 1050
859 475
861 901
12 680
417 215
242 1020
152 166
502 424
453 795
604 909
151 746
714 466
614 659
301 601
940 904
1079 133
1050 345
188 283
235 691
907 365
249 121
76 606
703 55
462 733
859 441
196 703
764 587
1023 280
797 60
193 307
698 542
843 208
448 515
468 122
1033 328
148 665
662 714
828 1075
663 71
160 86
990 1082
343 135
1027 278
691 963
432 350
1061 508
526 791
200 477
367 324
964 35
53 276
759 915
746 336
977 130
649 563
469 1104
1036 356
829 413
430 872
144 779
792 69
896 995
751 635
908 742
209 592
93 318
528 663
309 451
830 847
422 238
139 878
734 897
823 894
551 231
1116 244
736 888
935 525
370 252
933 796
839 83
132 930
351 755
771 793
759 658
527 212
740 933
566 63
986 776
133 177
294 383
725 827
537 834
930 825
448 772
856 124
468 473
882 992
1015 871
948 1035
488 870
263 16
383 942
499 174
826 1067
353 676
75 923
993 603
580 380
594 278
649 769
304 709
475 231
522 435
460 455
597 584
625 425
0 162
1118 227
841 921
327 698
774 160
895 997
584 948
411 829
609 671
574 424
405 418
689 772
500 963
967 855
820 802
629 952
560 739
541 1036
863 808
682 572
958 367
334 1062
210 90
399 717
237 924
938 533
367 914
785 1088
719 184
331 543
795 607
413 27
445 156
229 672
447 494
735 564
464 405
223 370
944 886
190 326
873 105
275 458
999 738
540 909
937 105
295 331
425 264
660 846
654 835
938 934
192 989
963 1001
900 28
1060 949
440 48
402 100
956 468
672 686
803 1044
577 329
201 959
798 382
798 799
33 293
302 1120
339 1017
282 828
94 748
590 459
815 805
59 431
268 697
804 536
421 752
300 315
924 872
631 899
279 612
354 494
1038 797
931 845
893 982
404 747
900 125
754 748
381 968
1018 797
215 958
756 190
779 931
779 672
698 663
888 667
639 226
21 516
284 798
416 465
80 337
8 517
710 482
316 485
545 476
235 928
125 725
112 320
824 140
230 314
163 544
1018 480
126 482
863 703
154 944
109 611
165 468
573 1086
719 1067
533 800
42 322
688 1044
614 870
736 1037
459 925
487 390
608 388
422 1018
823 1099
472 401
205 603
338 652
178 964
507 839
707 157
267 867
899 616
695 648
663 218
1008 716
949 357
244 471
249 413
1116 912
147 229
232 122
958 625
407 163
966 223
267 362
322 415
339 503
776 49
346 560
696 664
956 319
405 973
631 427
207 782
265 843
765 249
7 772
470 92
568 627
105 269
259 302
979 409
310 899
185 376
192 936
710 366
220 61
690 565
1015 1108
221 862
1011 467
926 271
861 601
634 1121
353 881
290 55
300 81
990 598
762 177
789 981
417 752
724 147
204 36
682 307
508 79
978 861
288 464
921 557
131 28
1012 75
887 292
756 557
1006 314
716 985
701 838
850 512
316 785
137 1093
537 614
622 464
1037 496
143 254
418 345
697 829
327 476
905 288
524 208
850 165
530 497
324 873
329 142
247 878
603 698
306 152
9 444
328 453
372 334
746 1008
627 201
196 229
234 990
678 809
617 130
293 464
110 170
173 983
612 142
909 635
965 415
822 710
486 493
256 986
888 1003
586 891
517 276
741 239
549 685
434 910
471 450
905 407
204 939
1116 803
437 719
668 573
778 988
218 362
758 951
433 525
481 497
458 33
514 707
580 419
342 327
721 843
412 553
165 377
898 191
1058 983
999 1016
426 924
666 548
966 268
643 870
998 559
344 267
95 560
1097 640
327 487
1071 930
751 436
214 536
749 151
602 619
446 696
224 179
1090 370
406 903
581 956
399 919
1007 562
771 952
370 196
710 275
789 359
711 219
1042 198
516 510
772 503
955 355
1046 276
947 422
796 612
868 481
704 351
780 978
758 628
331 580
252 67
449 208
1047 806
430 1054
1090 724
865 809
472 228
492 707
595 628
604 890
555 939
149 1111
634 865
221 809
226 397
152 820
430 132
386 180
1079 302
427 659
392 730
451 805
324 1100
775 982
286 217
731 246
140 863
553 577
974 193
813 673
475 132
1075 152
289 936
593 389
157 200
904 574
42 930
633 287
535 821
211 342
636 396
1036 803
359 729
897 972
1009 843
94 518
1066 787
930 597
510 777
242 554
1068 636
1036 434
915 947
823 231
19 251
280 344
632 218
1079 203
464 657
587 1023
624 386
279 341
661 1027
399 145
987 490
1081 380
786 530
1023 172
554 767
89 550
529 614
1038 803
441 616
369 177
963 573
609 637
673 381
264 1046
572 592
544 665
23 467
30 113
500 975
1065 888
536 463
479 132
833 363
45 810
316 225
840 353
616 711
657 225
445 977
437 834
654 775
319 941
169 241
442 710
602 351
874 411
834 128
837 832
516 274
829 713
30 648
357 419
1010 278
421 595
54 313
614 675
856 1091
594 980
248 186
3 526
528 552
315 293
433 303
467 829
976 1118
1111 800
466 164
693 475
319 385
612 506
797 174
135 781
136 782
387 415
377 777
275 675
504 914
410 884
878 527
1085 958
716 1053
481 565
684 836
398 119
374 676
918 205
132 446
1017 738
584 674
505 178
211 83
736 813
1018 133
664 1018
641 851
1043 968
947 853
628 16
851 494
894 729
987 947
986 139
965 976
354 969
385 453
252 826
221 870
800 963
421 1002
293 788
559 323
234 289
820 35
473 1093
516 451
363 622
1112 552
626 593
276 7
951 467
943 566
212 848
465 989
889 703
122 168
482 310
996 486
1032 768
618 547
518 762
828 628
635 410
488 984
429 467
1010 155
241 632
719 1024
457 810
592 365
589 454
517 967
77 799
264 954
202 749
87 319
1061 633
270 164
741 201
270 736
947 991
239 548
674 297
372 1025
931 236
866 664
327 516
1097 464
304 534
928 487
305 641
898 455
940 649
653 701
896 862
102 756
508 786
997 298
848 837
1009 121
842 68
470 428
714 541
1012 1034
1082 846
439 1002
952 902
627 617
613 946
98 806
902 774
966 1038
361 159
221 960
645 841
249 848
294 713
866 965
204 716
558 124
386 996
339 663
422 560
947 71
407 167
883 1096
570 647
695 789
192 392
365 968
703 522
276 501
959 375
1120 329
452 520
696 594
626 289
124 276
689 1032
560 736
1033 912
351 237
400 807
193 241
714 796
96 175
1041 846
201 956
1054 457
528 674
1098 632
995 559
257 982
733 778
616 817
965 261
517 233
365 791
164 241
93 651
591 630
365 462
99 820
822 360
1097 202
381 56
1082 86
751 30
343 94
346 770
351 215
667 484
290 913
314 305
834 875
784 202
536 586
366 669
592 390
984 134
1033 1087
941 625
124 407
617 999
516 815
380 429
273 717
614 1096
824 401
975 1057
322 480
193 133
467 8
229 355
626 1097
429 217
807 893
174 439
485 487
889 176
944 518
332 851
832 272
525 694
639 78
1085 727
733 275
271 727
346 694
381 863
196 751
316 237
105 600
350 607
107 283
581 291
395 815
721 915
659 827
620 248
879 732
921 240
917 400
875 293
379 100
832 829
82 649
782 447
665 1097
290 149
579 715
788 265
229 978
978 745
858 790
428 148
976 708
724 287
787 350
958 602
256 338
151 101
100 189
116 1073
830 407
176 272
786 416
881 167
382 279
796 296
458 727
129 429
186 588
653 1024
580 292
134 731
584 138
261 218
1055 173
921 177
223 698
688 362
798 67
703 517
270 834
368 835
809 302
466 265
390 979
128 996
202 269