792 1028
172 1078
635 934
70 175
122 387
832 949
117 101
439 914
668 1031
603 308
856 137
263 797
849 153
982 925
463 421
829 148
445 696
895 145
273 850
20 494
172 860
342 736
407 566
228 891
956 532
905 274
904 1024
696 144
941 216
840 993
1023 493
2 155
96 343
649 442
222 642
634 341
163 649
597 540
804 300
924 906
578 254
97 643
370 729
293 636
992 284
326 378
342 991
638 158
1060 677
658 482
422 413
192 881
32 144
5 326
956 819
37 106
1022 429
717 936
460 124
594 106
138 242
634 768
556 706
423 726
954 495
346 231
981 781
47 718
242 573
734 765
742 431
200 708
266 120
500 175
659 1105
339 213
752 406
843 556
620 1092
918 828
863 600
154 956
980 994
889 687
820 18
1033 359
522 174
130 192
221 1019
517 226
584 449
672 170
826 297
673 836
801 494
136 806
356 11
120 316
36 1115
931 162
149 500
140 685
315 502
849 642
835 874
338 512
762 398
978 401
189 404
132 647
337 365
867 428
751 721
1101 825
278 981
485 233
1014 170
1024 246
1004 1006
275 375
867 1086
674 294
508 783
803 308
683 190
827 1020
990 485
157 903
482 495
386 699
490 217
484 17
722 683
478 620
292 897
507 932
336 79
189 1013
744 985
317 562
395 662
784 508
579 1064
173 991
876 334
885 516
1007 781
370 861
216 455
732 310
1004 626
344 913
922 439
419 372
435 546
594 930
486 855
971 638
790 160
358 893
181 86
1112 606
648 410
473 603
1001 381
324 891
843 331
724 744
831 474
628 519
667 781
192 197
601 143
594 272
388 295
114 758
190 848
401 243
348 1021
51 845
731 753
301 303
586 628
814 335
640 933
928 743
289 515
369 1066
299 38
334 474
662 460
108 773
918 516
162 422
1082 778
590 504
1051 294
958 900
1009 86
846 335
131 268
848 829
597 619
943 196
293 125
135 703
973 388
876 417
612 889
410 361
994 487
641 505
562 872
593 972
957 245
312 753
589 328
130 766
182 946
705 751
816 1067
965 785
196 829
874 369
77 438
1065 791
641 104
1015 760
801 676
797 1073
852 799
888 890
695 112
671 280
597 214
494 564
114 55
305 791
1009 575
894 286
825 517
431 899
127 149
346 159
605 620
282 729
856 604
758 181
632 480
848 146
177 421
128 845
212 437
689 592
187 121
548 848
341 1070
163 947
160 693
441 734
717 679
352 770
972 815
706 167
397 1019
995 591
731 390
446 514
319 103
879 137
924 882
580 768
899 568
903 392
47 422
252 129
168 829
1079 917
539 735
644 476
777 174
586 843
613 994
240 1040
174 731
913 197
325 140
531 483
940 554
491 628
373 582
803 524
462 686
407 505
301 382
829 441
723 348
675 600
246 506
350 777
842 526
161 1046
662 899
263 676
734 112
1061 212
697 508
726 327
532 284
840 833
114 294
467 230
376 241
944 167
730 424
780 695
934 735
869 734
484 190
693 616
794 621
926 795
320 155
473 103
233 564
834 41
117 525
599 1037
1006 977
64 319
635 637
746 1006
853 824
167 652
286 882
930 731
107 908
526 906
982 1098
101 543
878 840
461 795
478 690
114 854
444 489
450 654
794 567
737 567
735 488
686 540
331 929
20 850
598 693
85 871
65 435
732 396
728 86
514 510
680 1115
590 966
92 668
768 841
532 873
811 453
609 359
802 407
884 1061
953 230
106 558
828 612
332 978
723 1033
526 257
215 101
1084 152
837 998
852 726
441 511
413 207
541 539
855 127
299 307
123 546
815 589
553 706
273 605
697 1040
402 862
679 375
646 120
835 753
14 384
59 525
997 504
833 1022
416 397
448 524
561 582
473 797
772 691
796 405
518 582
213 980
118 1
28 191
613 467
292 294
460 860
266 761
236 661
855 300
658 996
548 770
668 330
1087 634
699 1069
204 82
833 762
231 134
137 890
342 284
414 277
28 129
469 798
139 561
230 369
536 892
769 372
244 751
276 148
710 896
260 356
862 706
172 972
246 910
849 907
715 1052
503 123
820 819
624 51
148 928
643 450
330 283
1007 734
709 148
193 928
23 240
903 255
129 811
614 450
779 597
181 450
858 622
474 152
372 985
485 768
480 269
140 34
772 291
1102 460
127 847
171 519
583 167
383 424
406 500
150 543
688 578
372 976
180 1021
382 83
483 544
560 878
371 173
455 198
191 842
513 1035
541 913
347 977
183 645
390 566
392 518
726 686
264 189
172 468
696 174
1083 191
820 428
637 612
820 540
253 796
388 473
1104 919
1117 1060
599 783
662 18
276 81
252 170
1013 371
443 815
592 529
535 107
169 666
826 303
548 140
386 687
247 622
958 141
642 54
786 453
1064 10
799 49
59 127
863 616
187 257
1048 490
368 403
234 795
832 779
648 711
753 813
1116 849
403 315
765 211
993 966
16 902
567 896
1012 553
512 1002
311 551
496 277
735 224
736 484
820 733
440 144
539 956
460 270
595 152
139 928
959 398
824 274
1086 406
234 158
540 360
111 427
141 719
1116 760
957 1114
988 668
643 396
601 891
752 476
581 25
216 428
157 1022
109 913
323 985
601 477
235 775
870 887
872 104
454 873
199 824
795 181
464 388
76 1007
571 1088
36 1037
401 244
38 389
147 349
203 350
982 929
959 1053
33 113
301 356
472 828
779 1084
1017 732
157 1038
480 264
42 380
182 144
298 441
502 550
965 122
820 926
1010 606
694 741
247 1067
596 886
864 752
1029 843
451 688
699 296
620 974
1012 525
260 316
914 138
598 930
626 700
828 295
143 1086
601 503
297 660
275 1064
715 196
160 420
569 286
985 172
139 229
656 348
408 601
817 520
152 970
249 212
771 1048
546 704
918 611
267 915
632 1110
872 509
720 635
296 800
854 239
630 1052
522 793
786 939
977 506
874 287
398 1112
338 950
903 870
980 333
496 451
671 666
687 875
222 913
618 725
168 770
978 981
892 163
161 341
506 898
645 380
152 618
61 637
476 1069
580 973
1107 522
493 991
796 1111
111 178
218 211
897 1002
249 431
36 598
954 268
78 757
589 310
374 716
496 464
478 576
1024 328
388 501
558 218
637 390
651 645
738 668
765 509
637 449
195 913
227 605
496 288
315 362
504 450
842 891
333 825
488 427
423 654
826 230
614 553
704 338
244 864
338 242
54 159
806 877
861 924
393 178
496 323
727 443
544 123
595 967
407 150
114 814
578 158
682 551
650 220
118 121
606 250
706 330
294 377
772 1105
295 190
681 827
887 736
841 619
560 710
631 404
297 862
678 274
1009 938
288 385
974 606
520 1020
722 657
837 420
1042 610
320 730
983 589
455 337
344 448
675 165
10 237
120 1062
556 993
459 703
803 725
900 445
297 147
468 298
599 317
853 465
291 634
128 1120
723 835
811 411
851 424
148 401
475 953
369 896
1113 799
345 286
675 138
102 511
549 279
835 843
936 300
421 969
1091 1008
141 988
1042 1103
797 305
562 160
484 307
73 164
682 129
263 305
791 629
738 814
878 116
586 433
430 652
694 640
1113 700
663 983
304 404
276 403
485 878
894 115
859 1054
349 644
363 720
606 182
207 462
745 299
540 994
621 1014
827 740
928 907
696 75
798 237
559 642
737 150
971 502
541 295
25 1039
799 288
763 447
310 406
1096 112
447 232
344 785
923 466
420 300
206 661
1036 563
873 57
852 802
873 679
280 501
250 195
478 591
918 190
164 260
194 291
842 206
621 206
178 135
650 1019
423 884
579 888
925 191
461 821
645 77
255 955
530 287
318 402
122 876
269 446
942 144
864 530
238 271
1018 835
979 1103
705 873
918 240
423 751
177 909
817 209
300 522
864 813
770 622
908 859
341 110
808 679
351 578
135 875
826 498
773 689
825 304
968 627
416 974
903 499
657 549
466 756
368 49
683 702
49 697
461 804
551 150
398 417
620 797
606 786
615 467
468 384
974 754
296 388
805 856
185 530
393 666
334 902
633 827
81 1015
485 234
492 502
977 301
973 852
101 228
928 778
61 699
1072 534
1012 1051
91 611
908 845
246 526
469 496
662 112
911 821
1062 645
104 457
274 698
897 484
422 584
818 699
252 534
437 721
908 733
229 503
786 134
807 573
305 830
458 1011
244 498
185 738
100 479
0 571
226 534
592 346
263 324
288 801
397 470
773 61
751 573
611 746
684 582
821 899
136 823
938 415
559 738
481 665
430 478
667 539
838 437
423 1082
341 157
625 103
596 762
903 638
88 895
1048 607
592 700
1110 582
354 436
703 214
623 73
366 557
242 248
916 350
295 445
580 425
153 334
783 66
993 376
1121 954
707 935
687 700
579 800
338 432
401 841
947 832
519 416
809 923
331 891
1027 704
589 53
249 215
218 684
356 1084
205 88
861 485
589 416
896 171
959 345
242 244
422 494
420 364
426 431
728 951
456 130
483 214
1088 167
813 228
899 28
74 54
392 926
946 561
510 976
471 210
281 366
508 788
275 1002
1028 77
480 588
740 824
880 1091
30 248
425 731
152 251
503 948
908 885
154 790
808 1009
223 161
668 986
367 457
385 863
1041 891
189 575
816 153
181 613
998 958
359 414
429 663
281 449
991 174
466 1020
138 690
118 332
418 634
819 75