1023 497
961 476
4 519
1043 668
192 681
901 843
1013 1011
880 448
593 979
981 346
768 636
1025 643
638 348
738 476
294 309
569 174
389 990
729 547
374 133
451 257
482 1028
650 869
990 475
574 494
331 779
772 284
560 1022
836 71
845 846
247 978
926 834
131 400
148 700
896 711
872 484
619 283
677 825
96 622
112 333
477 493
863 505
710 747
720 975
720 972
668 978
768 668
889 249
522 1046
301 594
1062 141
284 172
227 428
119 276
160 770
576 637
150 1091
799 179
986 388
363 210
543 20
338 171
135 576
314 873
327 698
313 553
603 156
481 260
1015 341
633 608
928 341
502 490
1022 636
284 803
426 340
216 373
842 711
270 613
403 182
890 365
211 994
678 587
744 417
665 705
452 956
358 551
169 537
567 672
163 637
1110 175
845 62
286 16
841 397
600 126
652 594
362 891
548 1045
661 989
659 57
749 862
828 627
403 523
180 737
932 774
559 304
92 210
499 328
582 863
821 116
779 1110
282 144
361 467
212 959
750 457
669 534
73 965
368 176
297 1082
551 1001
1068 769
1057 539
225 577
636 321
87 247
260 497
475 476
69 392
943 1106
254 934
128 216
615 1088
18 1074
565 164
540 955
588 284
634 416
864 966
350 663
360 607
876 782
208 735
732 331
277 324
391 1112
393 817
397 462
1056 952
81 184
721 503
845 209
585 948
1119 807
382 378
348 762
1055 572
393 1004
243 711
757 49
690 601
1077 506
779 744
862 693
1047 455
591 702
142 231
836 778
1000 891
410 510
546 513
273 865
961 539
167 1104
603 867
109 118
964 412
621 883
123 565
892 791
790 572
591 793
179 856
209 278
1120 526
423 144
972 479
506 182
950 258
207 294
810 513
526 123
1043 8
848 947
973 783
1100 698
188 570
30 527
135 695
525 404
376 160
493 317
868 30
426 175
727 916
374 470
534 548
585 727
744 792
333 154
681 1053
189 869
768 364
644 19
968 533
425 1095
1002 55
727 629
1102 388
762 456
842 280
425 547
1046 288
422 145
393 983
314 944
495 409
240 290
676 662
902 515
1121 282
389 180
173 30
468 670
962 797
672 853
840 446
765 101
638 638
174 701
895 623
374 133
135 376
719 633
111 766
302 508
810 804
539 893
601 880
239 1055
408 943
156 367
570 377
109 276
658 433
1001 285
339 774
561 12
673 789
37 306
721 791
390 646
603 270
1026 417
854 481
207 835
520 514
364 845
1070 293
572 185
922 829
724 422
395 160
204 180
546 903
566 1043
410 190
177 724
460 160
353 114
300 290
155 780
491 509
800 922
678 804
325 37
834 180
278 231
913 1102
631 569
564 134
332 292
650 315
666 813
181 720
980 924
259 584
828 870
119 904
825 1053
265 702
400 987
422 966
25 198
844 602
913 1071
120 904
750 433
458 606
742 175
494 751
392 834
147 889
965 696
1009 364
711 748
494 609
946 168
314 539
365 813
131 128
209 1092
251 569
643 574
264 302
708 483
431 165
121 1069
437 723
180 875
334 627
1097 1009
895 276
120 715
738 347
275 285
128 713
517 0
959 701
1016 211
37 940
278 762
464 784
521 850
895 1012
4 997
168 929
975 100
603 1082
585 880
486 871
197 817
650 327
52 262
474 448
142 348
842 801
581 967
906 907
192 322
954 921
798 621
961 448
685 74
882 795
1002 511
399 213
172 158
745 66
1088 669
66 613
979 892
909 603
1114 455
127 990
804 486
127 981
405 467
896 983
200 463
212 312
757 481
199 300
155 1067
997 631
414 372
785 265
332 1022
256 767
90 473
152 127
422 92
676 782
284 820
616 881
705 8
329 685
351 637
112 768
379 367
326 20
784 786
770 626
4 298
161 1079
50 473
470 757
282 126
883 1114
400 963
647 1009
406 992
921 1069
358 22
304 782
1031 369
724 957
867 537
737 839
606 487
426 292
775 59
180 924
443 789
179 574
558 412
196 260
727 1069
516 200
221 900
637 222
104 747
87 551
590 420
758 385
901 478
569 1080
738 836
965 881
42 405
171 770
244 753
815 368
439 919
386 601
364 702
882 355
881 166
408 747
944 540
357 967
256 437
792 720
458 895
111 582
341 594
533 774
233 230
368 123
816 550
820 1032
478 591
182 800
405 285
221 952
570 1000
226 146
854 663
342 1120
456 329
873 840
794 72
856 166
192 166
391 529
471 1107
776 298
1002 518
415 297
860 862
623 180
203 637
741 906
562 1097
227 102
228 147
522 386
581 915
876 1108
588 883
592 854
11 772
1103 1120
617 1069
360 838
515 429
407 521
788 285
898 647
701 1044
863 44
293 806
524 954
350 209
745 579
544 537
531 724
459 915
50 344
480 321
861 333
1009 1045
379 989
495 342
445 1073
219 0
330 545
148 523
966 593
750 1002
55 187
835 767
740 787
424 969
919 859
777 459
710 31
975 986
837 600
285 624
930 815
757 407
1076 549
312 1053
496 784
630 199
110 602
190 142
84 891
275 377
512 170
491 667
747 355
646 463
891 287
621 781
45 828
660 287
653 803
860 710
994 644
914 1112
518 92
408 138
521 885
1013 160
724 97
828 566
788 707
657 189
487 1027
826 347
243 971
319 607
637 578
577 984
341 825
949 874
311 1110
219 836
752 869
666 629
170 1075
906 873
649 485
367 256
592 1030
749 162
922 649
1117 225
788 172
312 891
523 114
111 257
970 1080
770 315
354 441
41 528
756 113
314 876
398 409
561 523
126 337
441 739
324 203
473 172
443 516
291 1111
633 308
1096 484
901 587
693 379
789 180
999 454
121 97
417 982
120 17
45 1006
920 1036
583 763
571 792
732 394
784 985
425 244
59 348
546 969
257 877
148 1096
111 800
397 274
249 562
891 751
189 620
658 144
328 1119
205 93
713 973
266 639
1029 819
55 4
210 476
943 738
407 421
654 1008
279 421
164 684
620 236
304 822
758 297
960 473
149 822
810 921
913 140
586 1079
512 596
308 27
740 810
1012 77
893 348
846 281
588 490
179 1068
882 381
243 305
412 409
701 330
647 619
1012 265
258 642
904 216
963 646
709 1013
503 726
381 1101
429 420
892 365
248 824
465 103
635 328
724 949
225 620
402 826
583 1019
603 930
198 100
494 617
1052 243
145 252
321 289
743 102
62 773
595 395
234 664
649 600
479 851
676 263
619 66
296 176
59 412
446 594
636 555
219 821
125 705
615 149
744 291
671 357
519 1074
315 423
822 465
722 968
967 385
523 679
385 283
443 1056
908 857
148 674
304 639
802 705
429 281
136 726
319 636
813 278
978 72
649 321
548 553
326 1053
745 589
983 289
878 670
882 205
866 40
387 608
298 7
385 279
556 672
669 249
397 212
661 363
982 228
143 416
1020 908
808 1070
686 780
621 57
368 629
929 522
934 353
167 896
690 364
742 381
561 739
916 233
284 978
73 450
827 1039
650 595
762 477
819 628
103 1003
660 768
218 429
123 326
190 370
361 690
528 101
440 126
350 748
142 908
307 873
817 373
313 508
737 737
394 361
572 809
314 225
228 958
752 953
350 867
692 131
317 752
744 621
895 481
122 763
308 629
794 525
106 387
664 240
307 780
1028 246
994 562
473 276
357 945
762 287
325 502
270 700
714 162
939 857
450 108
77 89
369 353
525 327
539 469
816 908
113 1052
544 810
293 168
106 941
238 866
676 554
879 1088
54 69
812 958
795 944
521 1096
392 823
364 698
76 474
186 594
1049 983
901 835
195 881
916 869
943 979
285 738
522 630
302 81
594 352
461 305
901 846
478 1118
577 880
812 124
51 595
812 738
795 919
790 284
915 591
303 479
631 579
1123 122
964 773
170 923
204 161
799 336
1098 936
711 564
993 506
316 249
778 354
399 878
510 342
224 1016
542 590
117 333
561 413
507 865
335 166
204 354
395 590
458 131
148 326
78 469
608 306
30 602
166 688
913 966
123 113
930 925
826 950
668 1050
423 1022
570 816
849 851
442 1018
439 673
1003 819
173 466
502 614
383 132
863 230
681 486
532 23
856 1115
612 661
33 783
811 667
928 793
1087 559
1019 723
703 977
312 432
271 26
599 532
270 721
908 85
133 188
716 682
144 5
879 859
45 735
169 257
861 490
764 604
251 757
310 517
416 712
598 256
575 859
964 224
983 479
185 179
668 1047
340 507
696 910
646 889
6 48
1088 821
419 750
571 209
1065 320
992 346
646 733
729 183
131 848
667 178
673 1108
612 678
965 1122
551 894
618 259
615 403
1057 870
545 847
14 574
109 728
415 200
519 155
474 283
137 254
796 238
188 594
525 859
975 332
939 13
947 373
599 282
216 924
849 457
148 189
368 438
954 955
936 534
753 350
1091 454
366 226
101 803
1042 934
326 475
969 794
184 716
539 421
792 133
931 710
424 168
481 770
738 440
131 998
173 635
488 810
574 746
656 33
653 837
231 309
177 92
1065 364
852 230
434 427
917 994
639 345
165 906
1104 808
730 563
430 303
497 1087
559 315
990 972
120 707
399 443
574 28
317 231
601 950
164 292
54 184
428 245
116 242
68 113
553 471
23 648
356 701
463 188
565 855
781 887
684 478
717 749
1067 142
268 419
656 595
530 259
742 987
899 832
1050 923
34 968
960 629