683 404
915 202
855 239
971 734
609 303
119 678
666 323
539 992
1068 280
582 528
1003 953
1035 493
1040 1115
864 930
1019 602
56 773
777 625
300 207
187 259
494 254
1109 807
993 1038
755 650
844 519
326 345
405 277
1113 937
589 701
1096 1082
1090 975
122 788
228 841
766 590
180 730
911 1000
993 424
666 754
876 127
795 657
626 559
709 959
648 228
788 477
131 216
326 1002
904 585
744 853
114 191
685 981
443 52
1082 635
748 935
1118 918
720 705
1009 960
826 416
148 882
301 198
251 746
89 158
347 336
412 968
764 960
174 533
1023 719
177 363
673 549
387 132
770 312
133 402
762 477
764 802
829 362
942 220
804 454
303 910
370 637
356 970
783 110
481 734
351 960
694 324
205 697
438 801
129 901
595 921
599 1077
1029 317
488 655
362 449
406 186
941 242
965 227
522 417
268 151
813 372
468 1011
1010 230
199 295
877 1005
1008 972
515 725
494 592
495 632
393 970
328 888
90 765
903 40
124 735
949 293
510 678
1096 846
741 816
509 253
151 228
936 247
888 503
347 1047
124 49
772 509
1083 49
842 263
887 205
921 183
748 562
365 670
747 562
524 534
1021 861
680 41
580 972
272 488
140 101
548 721
266 834
394 945
854 687
727 657
200 643
140 347
71 620
826 906
181 501
487 674
704 677
697 536
244 510
999 799
79 919
631 312
671 360
971 640
610 266
903 881
734 165
590 737
234 128
1060 693
215 863
636 924
277 556
82 114
597 437
614 886
814 531
154 370
334 661
1038 79
231 249
898 27
330 588
713 755
466 432
691 1060
1025 226
58 603
1000 926
1073 94
716 1116
882 684
1030 315
391 126
1067 935
583 6
619 743
488 978
12 816
951 823
828 977
111 108
786 861
203 902
769 706
808 934
766 99
754 104
255 463
772 56
295 905
581 653
971 938
161 419
353 986
494 341
379 426
736 1122
865 110
202 932
295 285
670 205
599 1043
177 284
786 950
523 681
842 673
946 976
151 730
726 215
832 1024
853 880
355 665
814 257
475 364
43 434
1055 347
586 766
319 447
885 533
598 545
227 962
19 764
793 689
352 46
437 1103
432 699
459 412
869 784
130 1055
905 702
150 3
309 33
598 865
313 1123
805 223
242 797
420 376
894 351
126 796
293 337
871 890
186 569
734 668
159 30
802 438
370 204
747 801
175 282
689 798
661 340
256 446
603 110
582 497
296 1074
405 568
677 921
557 415
101 155
1041 381
984 772
791 257
378 338
530 101
1046 812
899 860
116 141
484 756
690 690
1 619
1028 478
167 651
263 1006
341 320
428 283
504 441
858 928
874 971
536 625
223 371
404 94
436 225
638 610
792 586
870 465
925 68
859 202
1070 673
592 824
209 634
210 847
779 794
790 484
290 791
1022 388
843 456
202 954
620 510
195 891
484 622
339 285
866 857
542 930
471 479
615 945
703 511
178 998
738 828
171 95
582 126
838 756
620 281
295 231
891 271
835 42
912 1024
454 843
104 668
749 1027
134 942
555 318
1113 990
340 583
569 1002
350 250
224 211
1009 1108
315 528
912 718
337 69
422 471
945 203
2 524
519 470
439 289
592 662
974 1000
670 865
333 474
988 297
250 277
503 460
910 648
685 851
432 951
183 452
153 287
533 283
1120 329
247 398
678 641
379 671
823 23
1109 615
252 771
1039 965
103 45
146 781
1016 489
104 907
168 361
299 694
131 161
817 635
919 233
577 802
781 612
81 911
1074 917
1096 141
608 568
807 194
352 662
347 707
152 122
1002 351
585 139
230 100
392 345
161 793
884 331
379 1029
500 381
1036 178
535 328
70 916
1034 909
862 594
452 791
185 620
290 962
69 889
20 1031
137 593
915 176
998 125
640 970
111 125
376 616
1070 13
107 1095
511 644
762 1087
349 63
538 653
948 527
1079 996
895 464
917 709
218 452
12 600
442 385
860 612
227 288
864 503
414 1064
697 203
539 767
685 230
725 413
746 901
212 511
198 1062
479 794
719 42
675 1040
251 216
871 1004
61 257
161 595
716 109
575 1100
1017 894
426 927
395 522
584 501
190 506
417 645
490 697
401 498
624 419
683 562
938 121
607 694
997 906
959 607
993 1077
331 834
349 565
725 910
263 446
836 769
486 464
931 541
177 847
565 943
1118 211
449 371
89 964
872 558
219 398
279 205
1031 948
517 401
196 474
1018 351
561 585
360 527
396 236
515 207
671 133
690 760
323 103
151 708
729 426
77 509
526 326
368 612
403 340
609 576
342 645
1026 705
904 489
347 201
801 799
871 404
486 700
958 168
65 258
12 900
494 627
949 459
345 160
1042 363
727 892
167 534
356 1117
277 232
107 294
399 526
197 155
920 190
488 316
721 210
835 592
224 542
928 894
754 1111
395 765
756 268
784 149
799 352
127 873
292 881
833 787
1063 117
925 253
287 971
212 500
897 178
117 1014
1123 953
505 850
491 3
299 479
976 623
165 137
805 640
344 979
597 41
413 503
271 895
679 334
898 978
838 696
583 272
535 957
877 382
766 150
332 445
706 970
109 985
831 311
454 995
984 867
610 914
509 140
419 378
621 1120
971 219
395 3
1015 928
123 368
558 915
732 884
761 781
978 802
260 1003
433 979
984 750
828 320
521 97
918 744
379 866
885 817
544 639
486 517
569 784
734 625
390 550
306 627
1030 589
206 174
347 481
771 285
264 266
855 369
412 177
962 851
1039 253
785 711
747 373
266 560
686 130
593 750
501 278
625 218
367 325
857 827
667 333
572 351
575 191
1041 289
946 721
661 331
1015 425
876 151
851 780
416 918
60 978
1017 875
139 115
767 254
352 874
506 534
796 1058
474 769
459 148
373 534
443 756
10 345
428 562
1013 766
640 197
387 380
665 456
253 241
689 449
862 473
1086 582
192 811
22 168
987 169
386 947
684 632
1110 183
652 499
708 924
823 955
602 696
610 786
671 377
835 617
773 553
797 311
923 817
416 779
690 957
218 996
938 513
825 448
197 334
221 813
184 435
612 607
776 952
324 479
444 272
1079 121
120 918
962 413
1012 171
949 630
886 894
716 58
653 201
773 963
879 853
165 607
33 371
473 988
1108 1022
819 518
1079 388
864 204
115 1098
1110 180
246 261
486 517
204 157
258 651
934 466
685 158
252 589
451 587
1017 613
669 784
518 939
308 480
599 859
968 904
948 911
766 79
387 1003
266 23
202 717
39 10
928 451
818 437
124 1002
55 382
234 899
185 258
196 109
81 613
102 832
624 469
781 654
865 245
389 619
347 148
234 1057
191 723
609 325
209 1
1048 853
144 497
1058 149
224 325
375 194
492 595
683 506
681 667
493 624
1004 90
199 528
448 270
915 705
234 795
764 34
692 443
198 950
576 737
907 112
1008 413
487 247
510 904
842 480
468 195
284 1115
901 997
524 1123
496 113
781 970
911 1021
953 413
202 251
935 360
753 354
256 670
366 638
1116 911
824 631
247 491
732 819
353 375
51 255
318 510
458 138
367 218
534 173
736 418
563 488
171 1018
428 430
308 80
890 687
287 416
122 508
298 741
841 821
542 971
448 270
584 447
165 869
179 429
594 327
697 344
535 250
803 556
220 987
1101 267
133 750
1078 511
371 1081
891 946
992 336
458 35
240 380
974 409
878 10
864 343
214 125
396 837
391 264
333 501
259 63
54 539
729 838
651 483
765 693
98 218
111 334
229 806
270 944
440 0
456 275
990 831
671 470
418 502
642 380
203 635
731 291
1099 1028
615 251
900 404
961 722
120 1018
951 883
55 506
644 275
6 637
999 841
949 78
212 1042
321 205
958 1055
267 314
315 94
960 785
952 281
715 971
1045 985
819 197
392 364
624 456
310 780
564 979
396 88
1037 448
1119 320
294 118
194 485
735 852
961 686
125 200
137 446
838 542
88 694
556 54
483 668
425 1018
204 664
982 143
320 611
159 298
487 999
62 952
278 938
774 16
734 935
35 115
791 874
447 402
833 449
988 290
689 269
880 241
115 406
848 353
240 490
321 124
434 623
43 603
85 820
928 798
59 259
856 151
906 748
381 754
670 351
729 628
480 201
142 668
269 653
206 499
121 189
780 682
396 258
195 741
465 683
884 689
661 1021
653 326
309 376
104 637
816 493
513 610
174 406
460 481
579 868
845 1026
424 146
249 476
228 191
832 162
281 535
84 498
877 866
742 586
257 336
168 927
171 1017
190 918
172 635
1008 1000
385 751
19 242
774 411
910 1081
475 343
804 407
480 689
1007 9
466 664
940 375
595 138
517 642
440 120
858 519
862 579
964 828
44 939
106 518
820 246
165 864
565 879
342 1100
927 95
749 208
599 265
681 598
725 594
1095 295
845 452
856 284
463 307
526 219
367 875
408 707
109 742
516 1005
572 368
953 1034
621 316
694 344
676 248
923 922
347 146
534 550
643 608
332 366
610 565
176 536
813 183
275 239
353 239
373 1001
483 357
251 474
214 797
755 736
260 314
408 480
619 1034
90 595
515 980
305 421
578 754
288 694
271 832
745 194
239 53
191 27
1073 718
515 610
719 748
882 113
366 357
154 809
653 657
571 682
482 270
497 105
758 525
608 990
323 112
772 491
200 54
441 11
166 757
801 716