980 655
625 137
779 1034
666 723
174 1026
655 520
128 900
294 157
842 254
217 446
239 931
197 753
666 309
774 574
500 201
126 117
7 895
286 258
744 1071
198 785
525 761
8 235
603 607
382 703
541 222
281 194
280 443
362 12
1081 179
556 864
172 245
408 81
233 922
221 475
145 405
13 673
505 896
845 895
753 362
748 446
468 974
481 927
478 725
186 956
191 445
339 186
35 821
240 350
728 746
479 1095
201 934
953 812
517 775
999 490
113 1074
616 1090
310 922
720 895
813 930
403 652
692 58
211 149
332 646
171 546
134 408
749 740
313 740
621 602
794 621
639 85
113 1018
1034 243
879 1094
598 1003
358 106
316 449
953 988
996 474
378 188
819 297
473 365
717 996
429 871
349 466
317 689
316 744
80 567
970 633
422 986
67 998
598 204
253 231
2 663
238 453
896 348
709 984
928 572
417 228
346 998
485 133
143 678
997 459
4 847
705 891
478 705
599 184
960 847
842 578
338 638
617 489
540 1031
425 920
687 755
160 279
72 235
173 555
181 275
580 320
759 127
997 275
870 672
947 626
117 826
487 94
561 889
414 644
307 493
552 720
192 1014
713 686
499 813
713 276
302 85
128 986
411 232
335 103
639 193
285 850
437 1046
269 638
652 805
339 541
613 819
648 1003
216 255
742 290
10 958
178 744
780 479
320 481
562 358
316 816
376 491
862 161
808 108
286 560
576 1095
465 18
675 578
831 1100
735 982
958 202
238 568
538 335
312 121
366 915
453 109
658 901
884 424
935 528
701 941
515 927
282 610
945 651
855 385
795 799
50 865
289 978
306 155
234 394
472 570
113 248
385 491
323 448
603 252
782 379
662 546
521 1108
989 1091
969 943
1042 987
434 812
210 186
679 322
211 565
963 366
278 1059
753 930
509 181
758 728
250 178
421 627
860 243
390 466
611 109
339 1075
989 787
127 313
444 535
632 702
531 581
975 132
771 641
1046 984
153 71
774 851
529 786
106 1021
1014 284
820 485
987 67
453 967
448 112
642 973
167 115
524 224
716 120
88 454
138 208
72 729
74 834
681 988
370 771
663 995
977 497
149 896
127 133
825 127
888 547
534 244
621 164
1091 719
182 367
164 995
495 254
111 173
121 194
902 969
28 877
586 168
46 730
403 384
824 282
725 131
1003 716
241 1107
671 688
845 948
716 227
217 252
1106 244
596 555
287 301
765 661
1018 825
885 375
1117 489
748 489
956 490
1011 507
580 945
866 659
188 260
955 695
546 492
426 333
922 689
1085 715
83 237
314 164
246 335
431 888
157 134
842 520
490 966
714 782
725 931
273 1115
1003 660
947 767
96 696
243 1002
1007 398
531 663
707 887
545 529
854 565
968 979
892 26
1020 868
627 988
82 922
731 551
970 918
432 187
807 323
932 361
287 514
740 656
63 708
592 695
930 657
163 1011
0 943
355 801
234 610
881 247
931 169
723 1086
870 295
501 286
805 1026
479 310
376 822
353 179
743 620
110 644
193 846
775 821
695 1077
694 121
192 1092
971 868
661 500
538 440
1103 380
598 887
175 857
971 440
449 156
612 37
565 188
224 838
455 865
547 670
285 653
830 683
854 151
343 556
736 658
953 474
878 856
979 859
827 1020
369 925
874 443
808 718
527 342
372 982
762 369
455 954
154 991
706 40
996 415
848 616
252 521
696 781
263 324
939 424
683 506
729 588
792 591
1080 663
799 1038
223 325
167 150
437 592
942 339
528 419
910 543
158 567
129 672
542 187
979 521
212 703
454 155
1034 457
1041 542
196 224
1068 298
770 851
559 503
153 5
362 1040
105 133
936 181
348 386
456 193
243 935
372 113
725 654
851 908
269 937
414 102
342 575
254 937
243 1014
632 333
923 517
820 956
373 564
379 267
825 537
1047 936
747 279
448 384
296 1097
580 259
489 295
747 882
223 630
189 408
536 904
152 319
1086 629
837 521
291 656
589 711
278 434
823 926
983 667
497 959
851 361
1008 40
725 715
917 97
511 876
848 954
552 747
521 119
977 831
574 916
691 436
871 402
168 127
289 192
332 312
885 248
315 727
103 566
348 229
50 697
123 777
257 928
963 538
437 1098
55 586
229 776
884 554
38 444
215 615
763 448
837 852
675 242
495 378
425 207
999 58
827 693
124 822
407 404
472 107
719 675
856 512
4 396
713 291
648 253
126 850
207 806
491 668
903 1108
149 570
302 826
584 49
229 29
107 160
219 722
898 382
691 74
321 709
97 1103
923 743
267 68
453 288
692 646
806 849
636 393
607 512
606 665
270 51
723 135
185 516
211 867
464 176
73 948
435 516
718 814
657 661
1089 827
865 466
929 135
264 700
824 1012
300 34
106 1052
826 935
1100 891
645 551
488 985
457 243
741 653
893 804
290 826
599 692
912 392
1082 495
464 881
784 746
958 385
274 778
504 776
457 506
670 1074
320 929
130 123
118 677
127 760
610 270
197 379
852 375
943 724
555 87
392 225
314 672
666 247
408 128
409 1057
114 555
488 629
778 818
490 905
920 954
459 1041
1098 682
494 912
682 804
674 710
1027 468
97 662
237 1095
180 670
281 762
894 245
828 1029
722 219
594 361
422 878
522 396
749 431
160 1055
199 553
840 710
1053 264
900 731
899 694
958 968
285 925
678 466
621 203
560 755
1008 738
867 1082
1088 142
1020 350
45 634
490 148
551 1004
404 35
360 320
391 573
710 874
596 231
891 158
208 288
360 1029
341 981
318 732
804 232
62 315
487 165
467 282
434 820
887 513
917 303
971 791
578 995
882 773
982 815
207 583
776 284
653 146
999 420
868 123
316 583
266 444
628 58
779 1078
381 35
469 307
852 849
866 565
260 171
847 504
740 263
629 128
905 187
334 173
423 627
402 322
788 836
458 684
766 814
374 232
279 910
170 516
315 1009
173 578
783 239
213 653
877 468
694 530
475 361
978 893
945 382
432 773
405 834
232 261
372 116
1018 86
356 505
670 443
42 429
596 444
342 815
60 800
924 263
984 582
883 316
536 1068
525 986
666 396
837 958
1099 668
631 508
521 776
1100 110
353 1067
1012 589
859 967
706 850
845 783
24 1085
1061 450
1054 59
906 781
272 285
1028 45
579 777
283 877
508 781
485 680
348 467
708 977
281 845
847 168
750 713
766 130
797 1030
239 303
771 336
199 962
519 842
983 623
255 404
768 945
645 488
984 1021
596 721
909 697
548 897
10 416
457 1035
985 395
811 871
840 726
999 307
335 250
858 458
177 199
667 319
482 879
281 284
41 303
611 275
134 679
284 358
705 462
1013 744
68 147
1106 201
931 893
689 203
690 508
844 4
828 528
122 417
1065 763
678 773
799 708
689 827
629 750
232 719
249 741
427 840
601 897
422 659
71 427
558 256
264 184
901 352
74 467
711 961
413 278
132 10
260 888
1087 982
548 651
947 825
488 624
961 275
910 147
282 813
894 813
389 172
633 65
164 1036
853 457
586 818
454 489
874 148
291 480
606 684
1114 711
486 886
104 563
96 649
589 1116
437 770
1059 101
1097 628
870 960
539 800
975 444
755 1073
972 412
515 265
696 643
333 96
694 659
228 463
68 973
226 140
221 717
247 626
706 960
778 608
693 605
1059 1112
926 488
611 992
88 507
40 467
1115 638
861 544
818 203
1016 183
1060 623
630 289
102 475
729 177
863 674
199 538
655 787
531 1005
521 152
1056 621
720 326
324 858
1000 627
462 527
501 64
872 777
683 527
727 522
384 353
197 473
942 309
273 875
733 400
520 941
28 1002
263 748
29 899
777 177
971 414
301 793
911 505
641 741
967 637
237 998
115 382
1103 157
503 418
153 487
197 119
501 767
979 351
416 287
744 522
32 136
424 630
674 36
168 569
518 723
543 442
749 102
631 175
1065 132
183 143
840 891
305 795
898 199
326 670
629 917
599 980
356 596
436 339
594 665
424 332
414 600
55 862
695 385
500 284
816 1101
236 518
490 394
71 165
1004 506
977 152
757 328
308 232
573 635
869 221
549 477
1079 1111
374 202
539 306
764 839
690 440
672 522
499 845
934 15
1009 60
692 116
1052 773
749 834
70 767
865 359
80 523
134 541
709 66
403 1060
627 418
854 416
9 436
888 1087
533 268
782 65
854 266
233 186
791 430
587 245
84 176
885 690
762 902
670 636
739 26
640 699
932 188
838 44
689 857
192 341
920 1005
161 777
677 104
157 101
934 681
687 702
168 516
88 300
937 1014
400 805
343 867
865 906
612 1090
219 941
931 752
383 373
198 949
903 334
1032 954
890 173
246 951
778 1118
809 274
438 725
1035 881
807 320
746 873
671 997
12 344
10 935
373 128
190 448
997 879
881 361
950 582
668 538
673 639
70 958
63 174
151 226
58 611
235 1013
221 235
579 436
905 454
436 743
336 1084
622 487
831 578
958 769
279 890
771 255
320 171
842 710
530 979
516 955
172 402
193 361
486 378
338 317
405 514
393 697
525 960
484 368
999 214
1027 541
315 608
1088 931
464 993
275 860
970 599
773 220
776 948
918 328
103 541
731 715
134 916
360 549
243 726
967 540
876 978
827 440
162 857
595 516
247 458
990 874
303 687
219 742
302 885