280 476
1021 633
944 117
794 234
1011 139
678 839
766 274
805 702
868 850
1065 528
880 263
509 122
289 130
935 374
767 629
685 3
336 209
692 187
304 416
673 121
312 785
938 62
930 999
244 801
236 680
597 127
1020 1073
28 811
327 526
743 528
111 366
494 509
279 258
70 674
262 1032
327 392
237 349
698 453
155 101
312 1008
184 655
856 937
900 434
776 628
447 774
105 771
181 689
77 330
74 872
755 855
961 763
246 483
896 546
767 4
68 379
495 434
783 302
689 369
272 91
719 794
768 424
740 472
695 112
109 591
540 572
795 515
211 891
553 521
443 429
897 803
594 124
512 659
1052 945
626 742
297 801
967 256
408 910
288 342
20 974
136 245
903 613
495 459
120 538
755 384
135 513
840 421
558 466
1055 857
1030 700
1098 141
603 585
823 613
392 384
868 879
445 505
885 4
18 204
701 474
516 288
1114 381
928 627
509 160
459 728
452 428
311 87
257 909
103 819
615 753
581 172
330 2
81 269
1121 964
628 600
78 740
195 775
421 27
995 11
6 745
978 283
647 259
850 1101
351 272
1052 102
671 148
695 948
681 811
471 957
326 699
170 1009
363 873
556 266
540 732
472 701
397 892
223 990
389 6
1087 963
644 572
58 468
58 1053
1017 865
953 755
428 400
57 885
967 639
786 902
344 707
139 526
275 613
696 338
1113 662
420 351
747 484
872 829
659 965
826 278
51 574
754 736
771 392
202 184
37 747
357 1007
282 222
530 685
251 1092
849 115
821 28
121 675
126 725
587 50
806 664
795 451
768 400
365 136
687 401
46 265
249 540
467 179
688 766
857 127
515 579
798 661
372 84
256 318
345 255
765 910
414 213
291 233
656 543
640 912
346 18
171 821
705 251
235 281
783 986
884 91
329 585
1097 781
1055 645
546 549
1067 203
302 402
677 673
667 294
578 982
1012 577
189 884
318 130
1022 672
1071 209
466 135
732 457
947 574
889 87
675 286
401 818
537 289
1031 900
513 679
203 170
839 666
929 57
408 541
532 407
206 305
534 737
508 667
835 764
362 1035
918 204
797 435
199 377
172 232
982 790
125 483
167 899
510 819
1104 896
445 631
912 862
134 182
520 876
264 1118
462 887
952 407
520 116
245 255
727 311
302 841
517 231
189 937
832 573
664 1045
695 584
981 746
837 349
687 858
437 973
766 618
874 136
610 721
375 422
932 804
360 818
386 617
498 930
362 926
124 540
629 74
160 867
593 761
177 540
610 563
253 811
996 757
625 689
401 1012
267 1077
448 875
472 544
913 500
7 107
141 921
873 674
196 939
833 251
81 439
723 837
996 122
928 176
403 1095
637 575
408 967
300 542
691 372
318 156
872 143
490 466
1069 542
861 560
997 769
532 875
506 226
658 126
623 1045
750 898
679 602
772 975
864 864
258 282
724 156
658 1021
10 998
781 221
241 887
198 108
521 961
304 572
180 454
512 369
394 670
895 714
545 104
380 353
206 967
405 305
988 981
1004 444
862 667
215 719
263 844
587 808
656 572
748 567
724 615
196 708
427 460
964 637
400 909
456 159
899 567
366 436
305 528
648 1037
83 476
903 240
592 153
892 282
681 881
274 419
684 403
10 318
159 1048
859 860
423 1011
815 502
623 375
531 488
13 392
946 925
1064 877
263 1008
1078 1064
236 970
693 891
361 861
889 723
810 300
398 217
125 757
223 447
251 698
1073 414
845 88
1057 848
558 912
46 664
382 368
737 917
997 337
938 801
617 643
440 292
497 240
572 1063
659 933
833 834
627 239
400 683
229 451
845 536
556 914
327 867
468 281
508 1096
430 975
943 977
858 712
710 602
325 248
289 747
371 146
213 709
99 864
425 495
930 854
806 853
400 888
346 345
105 1044
492 938
387 748
1022 1004
356 478
982 506
183 166
854 523
495 229
418 580
1003 275
495 797
75 313
788 992
163 730
788 158
381 998
598 802
720 185
840 1084
415 215
444 584
891 677
357 625
326 210
432 1038
435 441
245 632
426 915
973 925
431 496
346 351
737 605
523 643
185 419
807 1079
644 477
905 910
986 447
1092 628
727 713
265 907
719 930
932 147
646 328
369 774
753 228
437 1056
107 925
457 703
659 140
642 300
313 790
955 52
718 568
892 637
212 464
544 796
952 118
1016 285
678 591
264 241
702 126
942 745
900 1106
702 1055
420 693
310 773
711 0
79 736
1113 282
135 643
908 843
438 150
516 477
536 510
116 769
481 139
700 979
170 422
717 795
339 395
821 964
362 425
199 377
483 287
597 749
278 878
455 640
328 505
812 383
334 888
983 870
561 265
909 285
657 1018
308 937
330 768
963 866
211 257
175 392
616 633
760 1113
648 824
589 733
1001 659
969 259
866 1121
343 981
985 723
24 294
654 657
715 772
1010 209
780 992
115 43
313 289
41 974
401 775
626 582
286 876
1065 542
593 107
111 856
892 70
905 594
204 161
457 401
144 558
686 1018
954 234
721 362
171 949
534 270
884 155
1117 160
346 142
944 945
250 13
256 583
174 583
544 864
851 1066
326 546
677 785
293 708
1051 549
629 588
207 877
1048 1054
744 194
291 561
369 381
204 402
426 138
357 572
981 795
335 992
844 136
82 812
632 726
452 589
357 142
1070 472
955 6
727 362
567 801
1109 302
907 719
368 321
223 785
626 939
186 852
245 792
451 227
816 311
371 194
881 455
114 974
946 241
985 745
528 335
860 738
370 947
609 562
422 837
172 731
154 495
419 825
809 376
444 449
46 588
397 934
981 313
68 790
224 411
192 764
897 1089
387 778
929 786
345 730
552 881
761 945
101 531
633 517
153 917
743 718
140 146
390 769
980 877
898 882
105 1059
568 648
561 674
528 868
916 1081
965 612
232 1036
1121 400
602 807
101 306
588 808
872 479
217 753
174 26
761 1023
316 368
103 437
137 428
297 607
172 1013
93 395
995 432
3 404
730 452
769 241
333 533
1092 162
903 412
411 307
989 355
330 930
582 594
961 345
235 621
378 854
97 841
634 324
853 954
719 145
75 554
986 867
667 298
950 100
909 175
219 924
323 952
690 478
1000 156
851 234
342 640
15 632
520 38
905 985
393 343
647 470
468 585
648 268
597 329
842 1012
164 447
765 985
424 362
344 507
62 534
108 38
914 247
526 683
217 274
691 294
849 949
751 997
1054 477
632 981
645 97
437 822
109 996
557 334
468 897
934 641
968 246
590 757
359 1017
222 598
685 760
700 462
364 476
430 551
1047 172
826 421
658 851
728 369
465 116
975 356
656 318
637 920
302 492
492 320
430 932
585 325
622 190
907 1036
833 58
803 2
936 205
716 381
740 882
355 167
62 874
465 771
162 365
267 274
513 537
559 215
749 1089
833 437
262 590
236 199
1002 388
767 224
269 0
747 507
291 769
52 947
1018 764
372 627
211 311
247 110
551 190
690 999
589 652
813 569
1079 974
567 231
398 585
747 41
351 598
373 81
118 552
766 521
463 468
1093 573
1004 767
73 125
493 489
414 317
1111 686
696 982
719 966
675 580
13 465
114 808
56 327
283 334
871 270
927 56
123 1001
877 553
691 723
264 957
920 801
231 860
737 547
155 242
745 704
677 760
1103 381
509 285
197 156
498 731
765 514
174 668
465 1009
272 893
42 442
317 342
782 523
878 528
805 575
279 1015
633 290
75 103
724 744
400 948
591 242
715 1047
321 699
344 1065
405 152
789 996
623 218
561 976
145 82
955 734
746 937
636 751
334 343
277 382
124 327
210 598
985 21
47 834
1081 465
256 974
275 627
489 963
244 671
39 734
891 896
87 743
855 522
862 346
786 706
532 1073
1040 311
194 5
374 130
677 492
238 908
537 222
391 219
913 290
288 104
749 711
898 918
1072 758
438 95
102 136
592 847
456 136
158 745
991 339
420 921
694 735
488 324
486 963
581 631
406 1037
819 425
328 85
681 994
155 789
382 634
826 830
268 484
334 254
1047 508
1082 137
1006 458
896 439
176 498
180 229
657 496
98 680
276 993
258 258
552 491
339 777
583 388
1091 997
762 811
975 632
36 931
1060 542
924 976
126 1024
972 887
736 1021
1079 494
920 797
749 87
222 697
675 22
320 368
105 164
532 227
375 970
1116 1121
531 396
326 849
850 368
175 120
678 508
978 892
755 281
962 658
421 282
556 1
750 846
151 507
684 88
948 162
397 620
756 1103
1038 179
875 440
704 963
154 191
676 425
419 470
861 616
618 945
925 559
333 610
581 37
50 673
600 712
514 973
1045 436
702 585
51 1088
459 477
362 592
434 133
912 677
74 997
977 132
691 33
275 1121
556 303
744 986
468 617
997 230
644 514
71 1102
575 57
108 859
445 406
664 208
650 130
496 255
980 588
316 54
779 652
984 1074
721 207
819 903
331 429
395 486
857 885
104 257
913 999
888 920
711 476
438 403
181 519
846 302
708 658
704 676
154 662
412 972
322 395
986 970
332 749
274 14
242 834
1054 1044
571 649
374 218
657 1085
416 794
187 533
433 778
333 794
1043 391
132 364
575 214
906 299
621 1100
50 528
563 424
110 219
407 369
454 650
856 398
550 891
522 130
803 512
385 731
978 286
527 903