543 743
680 352
968 976
402 449
251 1016
341 905
485 1014
441 266
244 301
256 351
117 1020
479 946
639 1054
987 857
821 481
631 855
566 280
859 199
493 23
279 356
144 716
553 1045
898 44
764 113
1009 546
1010 441
912 685
935 858
926 297
391 479
637 487
49 667
253 297
318 797
509 857
961 683
603 58
415 553
761 832
832 346
872 283
503 1091
522 537
348 549
450 566
408 972
511 418
402 851
323 37
279 320
485 478
910 292
735 45
509 14
434 956
803 908
735 787
471 14
495 643
660 988
318 320
694 329
98 518
709 535
47 467
944 639
202 516
252 122
694 650
349 930
640 613
868 397
478 751
602 89
854 507
269 533
763 1067
1034 638
259 514
102 946
804 952
464 160
181 596
669 567
597 827
22 130
373 652
235 1064
288 649
585 410
697 715
146 1111
734 220
506 846
207 745
141 841
975 543
870 203
942 447
471 92
587 551
1007 214
410 433
956 932
151 632
106 761
347 299
106 478
648 292
879 176
361 293
630 355
857 209
964 171
956 696
865 173
287 1056
450 709
589 991
399 650
864 933
606 881
229 344
991 823
383 821
145 759
197 286
365 427
293 690
297 770
743 1053
831 847
692 593
550 708
969 1113
444 991
164 872
606 291
884 170
116 164
160 173
841 827
612 141
566 504
990 686
957 279
824 758
805 521
387 904
355 259
887 754
527 654
550 342
976 108
521 142
701 507
926 658
701 452
84 995
257 242
268 140
176 348
695 266
1114 423
317 585
577 854
682 168
932 893
975 938
654 191
290 108
306 28
386 800
1047 144
140 404
886 321
566 786
98 173
909 589
1064 438
188 607
632 996
523 707
368 149
618 732
358 523
500 904
775 1016
1107 287
990 44
806 634
146 396
229 105
275 766
415 38
983 227
961 599
640 12
726 117
949 638
288 979
802 612
986 440
548 327
56 931
153 730
1059 312
491 124
606 890
659 110
246 1021
609 181
212 994
497 234
626 860
300 480
643 1032
649 135
599 656
517 1113
348 950
466 626
274 853
506 186
240 812
147 295
923 624
647 49
485 745
1044 637
681 548
1070 481
802 689
610 225
788 973
195 726
165 427
912 201
974 820
276 235
348 616
569 595
918 838
613 930
839 851
847 918
108 368
625 942
496 569
375 341
206 679
852 159
976 253
571 979
960 1052
223 954
395 371
366 280
750 1022
751 634
349 264
411 92
91 720
847 809
678 246
655 374
216 935
525 177
431 694
891 987
706 507
509 974
683 729
603 671
940 382
310 97
85 711
145 741
101 460
895 926
283 511
650 639
715 258
727 862
1005 975
600 926
259 422
761 287
763 610
486 684
983 1029
780 255
399 1012
519 747
43 36
856 211
1004 574
488 353
688 851
1036 1046
496 888
986 803
996 902
1050 611
841 210
881 658
376 250
175 1020
1090 252
823 900
371 802
744 467
908 74
529 718
605 801
482 58
502 920
809 381
148 1026
966 565
349 51
802 846
662 453
605 255
662 229
488 309
602 851
650 482
821 1020
1061 484
29 639
507 583
133 535
173 527
461 342
1008 349
700 719
267 877
314 975
884 232
830 436
113 690
488 1085
498 905
622 442
909 962
998 847
929 784
552 222
910 838
569 623
784 768
241 971
979 1044
1001 74
315 401
291 1004
156 791
806 1095
804 594
429 574
727 62
450 249
31 604
869 467
756 543
1100 963
122 936
386 1106
482 622
400 361
249 825
544 345
320 431
710 473
984 261
703 640
44 1106
439 742
176 386
558 736
712 676
928 1070
470 765
217 553
888 639
725 882
164 625
94 384
805 895
667 127
870 167
506 472
885 431
973 961
682 163
25 493
880 421
734 975
64 456
667 154
53 215
929 133
843 1061
912 812
1027 443
312 822
646 35
741 475
472 244
13 294
1012 366
821 225
278 875
924 48
812 47
850 938
649 212
1113 809
962 698
671 171
418 256
420 436
400 1118
265 708
7 887
912 73
490 374
770 420
736 207
825 691
1091 697
515 614
268 1000
164 230
325 237
615 620
458 1047
190 917
61 836
1006 604
720 96
603 884
36 631
806 542
408 973
742 785
127 803
957 147
294 1042
241 772
832 208
271 1113
579 134
1036 908
995 890
365 136
253 458
534 356
350 532
1089 56
5 312
770 225
885 655
641 633
591 223
225 11
139 719
145 433
261 514
429 565
719 904
536 994
341 516
844 1030
576 122
408 473
334 200
68 771
718 217
602 896
647 659
159 547
499 760
1029 1109
841 689
529 481
490 120
640 336
671 270
102 446
379 740
713 233
413 1056
531 468
868 408
717 656
662 379
563 500
914 781
400 564
869 188
260 598
450 657
919 1003
933 798
103 93
245 281
199 1034
345 877
682 839
237 5
873 658
837 125
738 635
689 562
681 991
962 587
811 507
269 1113
790 526
550 207
714 555
271 1048
732 337
1066 45
478 184
652 276
494 44
738 193
763 288
357 559
112 531
873 389
773 955
550 923
724 539
2 240
932 423
626 299
759 454
504 616
793 795
136 289
393 296
1095 722
317 919
656 209
365 364
896 148
237 118
792 798
476 847
233 437
724 856
848 215
195 419
299 660
370 992
811 245
866 335
162 945
889 614
480 923
41 72
1041 115
792 351
617 137
855 801
171 185
90 528
675 431
273 120
619 774
539 449
672 308
478 773
189 331
176 226
507 747
812 665
898 716
782 146
960 838
969 104
392 318
627 1048
897 891
106 44
672 1109
462 340
899 983
39 630
855 387
139 624
755 819
253 43
685 582
341 579
413 954
793 571
993 588
904 749
264 152
853 289
914 644
818 581
456 904
965 296
39 843
437 858
282 448
37 257
601 564
460 1010
156 81
101 133
668 133
220 284
995 465
721 492
266 442
702 395
467 700
316 289
783 382
151 617
558 30
433 250
462 189
805 743
773 80
687 683
994 772
202 525
630 1067
516 334
718 294
524 129
1104 286
285 335
574 530
83 279
538 378
830 1023
260 447
819 686
800 575
178 295
932 241
135 996
692 883
909 303
168 991
157 519
91 133
488 339
580 737
440 847
898 420
441 544
947 580
671 846
545 487
409 449
752 96
928 471
315 426
563 888
606 226
889 794
872 490
551 475
969 638
903 1102
826 668
197 715
307 517
1070 785
396 529
723 735
712 0
363 896
566 1094
541 528
698 1027
655 527
799 691
868 394
1021 495
877 293
650 1020
150 458
668 494
811 182
282 707
627 138
842 729
801 357
137 782
416 678
162 697
565 786
636 871
706 525
560 759
467 72
910 803
237 428
438 827
648 591
545 645
585 924
608 282
308 864
868 382
109 974
448 870
1060 941
792 483
688 262
34 733
604 617
710 898
82 1058
761 19
332 608
858 1057
623 267
201 227
182 258
652 874
1123 708
891 376
639 974
653 457
1073 291
908 916
819 1062
730 143
181 274
157 671
1014 181
798 221
605 221
493 779
36 260
327 449
520 144
186 1005
590 1002
965 582
208 776
844 377
608 1052
347 977
617 637
107 434
299 334
759 580
476 702
227 907
991 429
734 100
485 941
551 717
152 719
110 654
531 607
43 504
808 840
559 675
465 637
41 371
1109 373
975 601
22 118
733 646
588 187
862 591
812 649
489 79
613 965
430 811
324 718
754 886
759 787
727 388
795 472
1009 523
776 507
201 9
207 664
186 343
498 695
961 208
614 261
232 651
196 890
972 837
72 800
271 868
567 814
16 1052
961 253
665 385
320 733
540 824
897 609
562 805
137 818
32 105
529 799
908 944
171 887
467 756
263 795
796 672
777 205
1068 539
678 846
219 904
803 168
78 624
1089 409
685 794
999 116
728 430
211 169
989 996
819 234
961 241
1068 1095
360 628
1114 835
381 633
632 907
557 616
850 544
914 953
411 563
508 617
684 827
144 103
276 107
420 619
351 885
553 945
736 877
186 684
1072 140
821 700
402 411
809 426
444 148
560 188
696 413
477 385
981 16
1079 240
959 962
167 983
1078 619
655 526
6 786
180 110
273 134
50 191
541 687
294 533
909 808
624 542
394 442
441 874
98 900
435 574
206 827
175 202
193 201
315 673
391 835
405 226
908 398
255 193
978 724
604 497
362 263
666 107
544 247
896 902
699 992
1099 23
105 850
804 627
845 830
629 1040
783 452
173 303
865 408
928 617
866 599
450 102
913 592
234 167
717 55
723 399
932 225
779 274
732 617
751 489
55 316
1033 501
771 158
868 578
351 106
969 353
428 571
114 668
874 312
736 796
888 725
560 175
196 783
495 183
532 614
150 553
493 673
435 118
747 635
626 504
1097 269
982 248
609 972
691 102
575 189
920 659
302 665
41 1036
761 641
907 319
435 154
675 775
144 462
72 1050
1104 511
511 195
966 1119
467 476
865 783
126 961
767 107
7 434
164 682
1068 719
374 497
867 628
681 184
668 638
987 73
650 670
186 693
635 8
3 966
280 281
859 838
233 138
148 1030
623 801
355 1024
1115 300
821 939
3 465
406 731
523 329
381 291
710 917
432 165
526 817
359 173
273 883
303 313
509 864
529 732
285 427
293 243
949 403
203 435
743 675
447 13
791 179
721 540
825 345
187 694
928 159
855 121
250 245
655 726
226 617
638 117
250 404