419 868
877 962
754 1011
189 565
379 642
419 556
923 489
475 1016
959 983
7 295
844 141
772 469
357 383
162 253
137 712
417 410
178 550
714 856
126 802
955 654
502 637
903 874
888 199
897 430
80 617
286 1050
663 895
701 130
167 150
409 743
616 376
270 807
939 960
925 686
815 965
141 1086
922 66
211 510
411 1017
1032 93
531 537
489 162
304 1000
837 288
368 277
846 587
153 1038
538 865
118 1021
720 976
269 5
1027 270
602 1076
610 636
271 143
937 652
141 413
462 565
680 775
1018 635
456 892
999 599
273 747
719 239
513 676
195 967
1058 135
517 180
286 449
617 1099
218 529
1000 228
841 351
743 788
474 355
115 918
463 488
206 685
1002 293
554 635
271 795
412 690
50 416
211 289
131 1008
353 637
442 541
110 13
379 70
738 603
718 723
365 550
811 998
298 262
974 803
447 796
877 397
884 705
425 183
789 564
689 795
146 977
300 996
441 174
879 810
545 445
395 747
434 632
857 825
258 1017
598 128
19 1064
508 127
947 254
622 618
815 752
155 962
980 174
526 395
358 496
1085 981
675 395
648 99
391 565
363 109
864 52
749 926
364 203
681 762
593 873
136 641
474 929
298 460
64 81
871 379
490 252
860 155
1016 478
130 386
320 773
182 768
75 479
389 953
888 58
762 326
271 878
513 3
108 953
1017 289
204 590
778 62
531 504
128 616
848 479
204 1030
794 40
108 1017
523 290
672 229
594 764
181 492
1083 882
222 292
466 407
817 723
513 224
138 467
395 781
697 690
883 675
270 120
351 636
746 82
968 548
845 132
621 1084
263 180
687 899
555 842
181 190
198 846
584 18
922 780
93 482
647 384
809 216
805 1006
213 206
301 826
170 271
130 516
687 1042
406 740
921 165
746 308
419 250
921 501
440 703
833 1069
781 448
647 461
402 50
323 1057
234 473
860 979
281 644
798 173
863 291
843 551
219 2
553 75
178 981
562 913
968 219
648 926
322 369
655 638
486 986
355 606
836 293
1090 819
1085 1110
210 877
197 395
393 33
1012 704
1102 501
809 816
864 493
738 813
119 967
746 1112
552 877
549 760
909 526
809 814
974 608
799 716
503 410
845 414
1021 894
971 491
704 634
995 592
217 1112
317 1097
139 785
168 226
218 610
351 999
968 665
487 954
299 662
69 742
976 558
723 135
206 740
322 770
711 675
482 312
502 211
1072 874
106 996
548 115
556 690
389 521
875 960
185 33
683 739
728 431
683 472
623 124
388 91
280 1016
681 1005
801 431
250 940
1109 1062
128 457
798 118
423 729
61 280
449 151
183 130
907 648
129 236
739 186
157 517
616 107
157 683
468 299
180 164
307 486
35 930
860 324
915 849
722 158
497 299
577 869
125 653
50 867
390 1069
992 91
233 669
862 734
169 525
173 548
127 33
956 205
850 434
1023 924
917 877
310 616
895 238
243 360
567 980
329 1023
433 661
957 522
923 616
591 633
364 763
313 801
314 1003
701 463
442 125
397 671
1033 562
716 62
425 791
272 809
713 861
163 346
680 723
938 329
536 256
73 869
942 454
387 126
573 677
683 764
116 866
678 470
39 265
967 10
189 449
266 638
167 217
711 1107
661 356
6 927
846 815
267 139
1079 307
916 603
756 1102
622 1084
374 232
209 706
564 598
311 916
749 205
641 764
1005 17
916 724
639 916
770 763
962 537
324 210
976 617
370 232
519 141
545 376
505 716
236 527
802 262
941 18
920 951
584 344
323 578
262 708
1006 743
920 977
957 582
540 34
1015 657
967 89
634 780
371 663
581 546
510 608
783 254
259 1007
550 424
1052 823
765 440
730 339
873 879
552 753
745 499
788 451
741 246
182 245
986 858
325 504
755 934
986 360
953 296
195 15
1007 83
703 1094
344 502
408 659
122 1039
957 501
488 1091
380 830
195 87
557 731
205 357
274 1055
217 385
531 582
522 266
192 991
771 826
985 769
250 74
499 584
936 947
349 659
325 400
917 860
103 69
147 146
56 143
138 911
817 442
604 803
133 45
411 834
554 299
841 1010
25 310
1023 767
1019 602
1041 331
327 1010
431 352
771 456
747 844
456 674
396 1044
881 1029
956 617
738 727
1106 595
644 707
271 491
427 846
164 891
156 402
678 620
596 34
107 760
118 1022
900 92
504 658
238 818
947 680
1010 220
260 725
291 731
841 808
872 109
202 602
1116 623
1073 385
121 318
347 661
756 649
567 537
769 299
859 489
799 438
286 812
634 462
513 938
517 895
121 752
188 327
145 303
936 675
803 522
241 368
480 246
721 122
112 830
652 800
855 680
679 876
777 847
817 1114
980 991
914 71
220 969
593 694
423 855
664 686
730 38
579 1014
367 363
395 949
696 280
1068 931
675 541
525 1094
190 121
288 241
125 927
781 430
827 232
460 744
866 714
640 336
639 812
464 312
232 269
967 384
631 617
39 29
663 463
986 1067
564 614
280 796
228 717
1119 266
604 999
636 324
825 184
916 281
952 907
161 754
695 436
436 423
173 571
491 501
234 547
976 730
803 831
196 984
26 950
389 610
1009 425
469 77
452 713
815 257
207 932
958 837
128 89
402 332
490 340
477 659
502 1115
200 182
739 300
659 760
453 288
914 210
520 297
991 405
379 1022
857 979
650 457
788 908
632 176
814 285
1118 517
2 949
114 763
248 452
764 128
422 961
742 945
621 782
1059 399
469 869
402 499
796 994
403 447
960 48
21 1110
847 190
745 1101
679 440
738 971
431 838
150 428
364 154
729 725
675 286
545 515
891 181
685 629
864 568
976 940
975 709
752 928
892 218
259 439
881 697
303 312
373 859
314 613
112 238
999 272
860 44
713 538
1002 193
1044 257
608 718
875 767
964 249
386 264
318 630
684 135
518 1056
535 1060
721 565
574 209
484 383
1110 621
923 513
229 385
921 931
271 287
442 851
267 692
568 84
609 756
540 922
501 656
850 854
951 600
198 736
347 793
37 918
668 689
827 241
828 622
325 482
203 258
503 104
1080 217
674 646
775 125
927 913
564 44
958 451
855 994
109 424
138 869
1082 192
391 296
451 119
150 9
623 144
738 455
927 971
570 405
106 687
646 74
785 481
210 781
494 205
576 332
503 914
353 988
578 514
193 1078
700 843
419 909
52 17
585 757
355 911
889 274
771 600
648 948
691 370
304 727
393 41
440 986
708 488
586 680
420 453
393 326
429 596
59 668
235 972
613 199
856 737
1117 886
815 226
812 163
726 174
380 180
124 605
777 794
521 282
715 708
967 435
283 800
685 203
646 976
718 809
636 844
613 939
750 357
503 776
858 975
697 282
520 109
1004 701
889 334
532 45
1038 986
54 526
586 840
1096 151
580 96
928 401
472 837
209 980
308 406
521 863
262 991
618 190
923 834
836 838
82 259
296 294
713 657
375 33
808 683
421 848
837 331
892 720
228 904
955 446
919 418
769 406
679 893
1009 710
469 580
1000 640
327 381
671 465
454 1084
241 597
860 1069
968 685
946 173
471 292
891 373
660 1022
768 401
1093 820
727 896
212 470
685 1016
383 755
91 703
936 311
604 343
783 590
230 985
666 297
1025 873
446 278
1107 693
892 853
405 121
972 987
370 1022
381 1014
589 390
821 391
540 657
1022 1017
755 268
374 190
162 118
935 937
403 19
408 251
339 240
920 427
1023 916
60 551
738 803
719 432
836 21
913 271
357 552
649 327
147 407
933 1088
217 235
534 391
817 466
760 334
631 462
785 233
295 687
811 639
880 740
410 1004
146 206
157 1031
618 782
894 1007
1012 908
173 136
977 929
346 731
873 975
366 663
595 759
752 758
627 498
507 312
928 969
157 530
919 476
636 68
955 219
189 987
734 1106
419 306
979 512
273 140
85 389
249 972
107 857
38 897
397 768
159 641
774 908
327 392
283 350
281 844
620 751
541 489
457 561
888 243
807 176
98 115
420 1046
553 769
1031 201
28 837
348 426
808 993
155 851
191 695
751 456
636 359
889 698
780 796
621 582
310 873
130 122
991 165
541 1116
881 525
111 194
101 265
167 245
1045 122
629 759
456 8
705 344
172 116
270 651
171 578
675 655
344 477
230 418
25 271
138 334
1035 564
496 934
393 355
824 940
3 916
722 528
175 868
114 219
433 762
260 1004
437 610
913 991
134 283
993 308
514 276
946 683
76 733
680 796
933 348
214 521
102 593
152 982
187 848
963 375
916 107
145 779
729 406
208 424
1066 138
845 504
385 559
341 771
385 880
516 206
1077 262
265 1058
166 524
953 305
310 468
378 914
379 250
142 185
818 166
601 562
235 658
352 884
917 280
875 414
530 854
845 873
824 37
313 892
574 263
56 504
609 186
608 825
273 528
820 501
424 713
338 218
390 409
361 1072
591 694
660 476
1090 502
325 809
310 941
462 98
452 201
800 212
778 971
830 374
703 105
89 610
784 368
821 638
867 1033
783 886
408 1009
408 347
441 477
194 979
695 612
144 654
101 129
595 109
760 362
451 521
806 879
267 428
458 120
457 273
341 1097
416 1100
334 434
967 858
196 261
894 768
11 355
775 380
810 419
184 875
947 454
1022 572
279 284
677 549
589 998
597 858
878 194
607 859