477 703
509 397
842 348
74 448
1001 288
779 265
308 238
815 253
519 123
1120 983
759 804
742 994
260 674
540 557
1005 784
495 267
382 858
613 331
107 763
609 228
273 84
532 571
142 635
3 773
914 616
583 1013
637 905
816 579
304 975
541 548
1112 291
143 304
374 436
637 364
509 971
603 557
841 245
719 843
578 903
640 1039
1045 940
449 158
454 243
301 1111
716 499
259 39
854 515
657 1017
1001 250
323 867
255 756
302 285
192 880
611 194
951 636
608 738
793 427
318 108
264 283
907 207
128 448
950 373
497 1075
676 511
544 624
497 403
130 1012
1012 894
984 215
663 615
962 450
250 261
1062 865
790 150
159 135
868 303
746 890
222 763
302 872
626 633
420 735
174 293
236 924
123 388
836 273
165 471
779 959
922 866
501 260
729 392
922 139
558 197
506 301
1092 668
536 572
822 610
1020 304
553 804
929 224
902 184
493 1030
596 1095
215 733
220 222
632 685
775 792
761 878
464 1004
219 542
430 846
794 638
68 989
943 1098
396 271
74 1032
649 829
430 693
363 701
583 387
564 357
719 130
1049 576
292 1071
617 558
479 344
837 620
269 546
224 518
842 789
190 951
469 624
543 342
176 450
388 204
256 247
114 218
845 652
373 177
735 853
163 1091
397 288
434 1020
297 645
726 421
142 824
863 1059
355 674
406 913
678 1113
758 177
129 776
42 906
893 244
181 541
465 818
785 507
835 647
987 854
535 154
483 736
425 863
1007 51
671 144
1073 816
403 331
249 373
987 213
472 59
375 387
967 673
454 526
431 253
511 1111
554 1102
178 720
669 496
320 686
510 88
366 555
472 183
261 129
901 245
505 911
637 756
895 862
373 670
501 488
905 428
253 685
869 224
808 111
125 380
830 335
484 410
575 221
203 494
113 729
435 1059
513 340
883 573
976 653
133 553
952 268
999 924
197 275
278 452
477 614
283 45
70 552
529 568
593 525
870 834
370 173
393 563
346 599
879 223
959 715
857 106
800 738
493 598
480 712
356 771
322 573
752 730
577 1059
294 805
115 804
754 917
751 710
832 363
1112 279
194 420
858 509
680 187
446 723
1100 788
351 212
887 148
2 193
146 109
284 552
609 831
269 393
181 1064
831 560
160 1045
932 672
318 400
454 189
474 127
323 1094
774 357
557 431
310 715
55 1000
891 430
1018 637
1043 120
576 793
504 138
705 430
882 1080
378 345
1057 812
649 354
319 113
298 675
40 649
698 1059
779 447
329 864
190 914
645 493
301 173
220 1010
4 1010
422 521
380 1030
833 938
234 1090
395 486
535 934
392 339
595 88
549 780
797 439
179 626
94 452
162 412
973 722
931 669
1035 656
333 429
504 425
836 793
948 922
472 686
970 383
572 957
557 177
479 862
148 654
805 413
677 794
830 182
237 453
320 928
671 14
749 102
236 839
115 883
713 825
663 962
624 919
838 329
808 900
497 992
313 185
952 447
986 1052
542 641
180 719
220 592
466 18
174 962
194 777
365 64
112 362
76 269
185 304
309 667
230 932
836 424
786 129
367 76
841 421
714 261
305 447
991 530
750 582
323 112
593 172
696 259
753 723
736 197
517 703
778 260
469 397
446 1080
808 351
727 849
46 41
1006 363
486 923
941 817
717 551
303 603
608 409
51 357
148 412
369 978
853 159
596 199
976 162
648 374
515 462
973 684
989 1074
172 1114
762 994
913 115
113 1103
761 127
1081 182
230 977
929 496
766 494
311 607
276 753
111 649
500 403
812 548
255 463
1022 360
974 985
93 359
977 854
641 648
298 760
931 76
984 684
108 946
792 1021
476 306
473 833
749 235
321 73
809 886
1102 682
941 419
539 115
943 877
984 685
577 519
271 653
230 121
18 96
793 464
446 522
13 201
662 803
664 368
939 1119
900 525
52 272
770 907
865 495
280 798
525 63
253 1107
965 116
314 954
677 852
1044 300
385 813
656 106
242 379
819 447
345 875
323 194
72 895
501 455
607 787
816 163
119 1108
337 263
634 950
663 610
166 430
70 1106
864 204
47 4
557 794
558 898
160 629
624 267
184 662
187 18
742 520
863 447
287 843
945 386
143 364
533 227
263 669
1009 522
236 466
1065 428
278 584
370 95
615 568
273 818
651 415
250 592
247 1014
285 1020
524 940
993 308
697 949
445 388
613 962
866 217
87 820
989 137
201 643
669 646
917 379
144 430
714 378
531 219
635 422
146 417
327 412
173 917
991 707
693 175
262 968
898 841
392 812
565 504
444 84
600 817
84 212
212 764
1046 644
307 603
351 736
855 762
378 966
50 180
990 418
518 416
523 850
223 643
61 673
304 646
250 396
275 1007
395 332
421 880
612 701
672 376
710 906
722 237
710 806
866 593
221 158
841 160
740 1008
803 620
970 266
302 872
282 558
183 616
769 245
267 289
566 941
676 217
90 463
772 162
281 784
130 134
1111 485
1092 460
154 679
461 496
1045 146
247 333
1046 419
994 316
511 396
1038 913
153 374
390 470
1024 723
214 164
220 372
991 283
507 126
705 982
982 477
760 499
956 591
851 1071
1073 215
829 898
878 946
310 271
106 865
909 602
676 578
934 500
785 669
787 445
938 67
134 838
916 1020
238 96
960 809
690 997
787 675
569 123
1033 23
235 850
272 923
799 810
367 706
182 476
710 230
916 887
20 1011
861 432
497 876
502 797
432 1018
364 398
859 767
633 463
559 372
597 242
742 941
559 702
773 827
213 363
767 878
548 471
536 800
573 848
501 659
1112 499
703 470
785 455
635 972
836 294
615 537
476 567
1051 183
857 705
112 662
475 510
329 871
765 142
871 1023
877 943
563 62
604 810
487 376
618 196
538 117
996 590
314 518
1001 30
16 516
389 903
822 443
303 777
710 728
1014 836
858 409
1047 212
191 427
374 874
957 984
789 545
325 1028
644 834
154 145
34 689
500 946
711 810
226 304
779 231
737 651
583 417
52 7
722 1000
576 911
630 858
462 1101
339 670
611 756
388 817
208 1051
432 293
770 626
23 865
1080 1086
782 1038
929 1052
660 771
322 488
150 765
285 132
496 932
143 128
629 324
775 640
396 963
973 916
1020 148
482 317
397 423
101 462
936 571
780 574
197 1007
929 749
539 464
255 65
1120 238
905 118
105 438
705 1090
588 672
570 309
876 555
879 126
742 465
1038 199
169 442
272 633
218 1063
639 932
697 842
655 607
711 993
579 556
849 826
194 741
840 40
490 966
714 529
786 1063
776 102
797 497
953 16
531 533
79 591
1123 847
568 679
851 753
523 486
1094 133
492 497
1029 14
780 1011
868 606
925 112
382 296
744 722
1014 662
329 333
855 303
108 613
982 694
768 891
980 635
573 353
844 237
777 633
145 116
788 391
817 893
108 1065
726 981
547 475
358 827
703 946
939 303
633 1043
505 528
586 953
324 869
82 192
600 329
26 260
220 559
376 543
334 267
449 308
135 554
995 694
1072 233
20 1032
886 681
958 904
1 100
92 423
685 1048
100 70
837 563
446 303
500 620
276 329
888 56
131 997
174 456
270 529
1088 649
265 341
219 270
388 722
213 972
463 547
586 798
1077 189
968 372
1069 699
109 147
341 175
471 278
986 1107
729 74
402 768
252 770
612 810
456 167
477 820
978 488
892 844
388 761
192 717
814 415
719 176
79 1036
385 240
62 866
78 709
15 536
793 522
399 347
238 1094
418 668
922 973
261 872
809 468
258 242
280 541
158 497
180 176
419 187
226 291
928 446
231 790
344 923
254 282
667 1056
312 1011
626 148
432 590
759 473
672 65
153 537
719 599
93 992
516 853
113 370
346 649
132 529
205 832
503 455
1113 743
653 661
409 696
575 727
826 1091
1072 894
936 1064
517 557
24 290
933 582
303 982
786 119
1051 714
883 362
680 765
160 862
34 537
332 899
888 932
628 495
1027 880
241 288
8 453
1068 122
827 260
203 55
1117 671
664 229
999 789
331 451
737 597
628 570
76 343
1119 466
439 503
117 599
613 372
47 427
394 939
175 259
640 392
749 110
143 697
149 626
1032 636
519 460
734 153
124 574
641 892
335 107
773 892
1001 440
791 503
587 515
261 280
126 348
771 917
510 180
299 946
774 450
965 317
463 876
552 782
262 242
829 556
420 149
562 567
446 667
880 906
116 101
785 851
514 193
132 978
486 381
978 704
428 572
42 378
568 140
136 474
327 310
658 225
935 728
382 187
310 710
298 281
1029 188
678 890
462 1023
1003 745
1008 565
261 637
749 840
471 216
1066 786
452 747
799 596
553 579
666 541
417 709
926 834
392 776
525 749
236 832
224 410
700 384
691 704
906 286
781 211
372 937
426 897
422 282
832 461
1058 249
588 331
707 161
825 749
114 534
526 738
91 1111
1116 931
175 929
439 907
723 63
949 220
213 927
451 1014
1012 477
449 123
869 668
899 842
316 468
18 825
40 596
123 130
523 263
741 218
169 658
131 618
823 545
305 1002
182 573
348 1019
440 382
332 980
743 261
966 771
628 43
660 365
262 559
247 949
340 621
105 646
188 763
671 870
733 460
118 336
447 720
690 207
345 628
893 435
286 985
192 702
35 461
545 787
85 650
521 173
1023 135
275 182
998 1029