820 1017
449 390
0 685
971 465
723 762
405 776
756 826
248 390
1106 725
401 529
283 1121
481 337
812 229
830 551
164 378
822 403
532 724
313 658
401 228
144 1024
910 53
244 277
573 1049
225 155
119 256
755 997
301 539
757 44
429 268
960 822
794 152
614 896
700 232
768 1017
586 238
509 806
906 131
12 452
472 563
1015 328
713 1032
385 771
791 784
1102 208
20 955
928 740
834 470
972 855
1021 285
750 462
398 479
347 996
553 973
181 892
537 272
123 405
983 1011
1026 472
933 86
2 337
139 729
837 346
964 698
445 69
152 858
620 279
773 285
1008 617
155 483
520 378
593 179
298 842
147 109
870 71
318 552
238 690
1019 918
759 709
699 232
479 894
88 907
1048 116
158 19
773 195
832 754
459 850
191 646
854 369
231 830
1021 995
679 223
638 193
42 516
510 830
949 506
212 381
771 339
348 918
409 1083
175 1077
582 455
456 831
990 110
1061 722
1052 1034
750 980
378 233
1019 384
97 487
418 763
437 934
807 232
870 381
734 901
579 629
956 647
784 229
965 471
279 605
974 51
349 396
292 836
940 552
1063 957
403 460
939 582
981 856
287 104
452 593
264 323
773 328
802 367
722 431
1052 383
893 1006
809 1052
890 91
708 345
891 659
984 634
1117 118
481 603
266 807
802 148
358 471
384 535
128 294
507 989
475 228
147 1099
259 981
365 150
3 95
439 304
698 771
200 618
262 152
524 552
189 891
543 214
659 404
944 275
547 600
713 177
108 621
100 1123
177 687
992 329
249 866
293 534
899 614
929 855
87 641
500 400
743 187
958 292
374 1077
791 374
1109 187
966 494
377 378
342 739
4 972
629 733
474 201
574 781
843 1060
274 341
707 1075
738 393
415 994
799 89
566 604
917 267
1083 727
456 344
358 25
545 363
675 692
884 987
461 157
83 841
465 931
543 1006
360 842
1052 617
402 927
810 136
602 535
857 249
381 916
882 786
351 661
396 950
759 169
293 136
599 1080
546 500
148 776
527 986
779 506
299 325
969 871
339 990
45 811
757 618
872 453
176 666
1018 539
881 216
403 631
741 15
17 510
653 839
677 164
1068 226
717 528
184 614
332 789
530 592
753 703
784 644
189 817
830 322
946 892
1031 56
382 645
958 789
644 987
66 818
132 703
833 27
541 374
489 165
1084 285
60 534
757 1022
218 877
809 1057
112 705
104 824
343 234
449 761
309 582
311 820
531 617
576 856
110 271
6 589
936 376
596 206
147 474
988 814
444 435
211 242
150 261
166 881
455 426
356 607
754 583
947 756
830 8
858 699
416 911
367 938
924 297
323 369
864 66
975 597
300 606
1060 44
920 1008
567 468
304 800
878 830
994 416
334 1041
293 451
225 1105
541 928
149 661
812 559
100 180
1040 1015
1077 416
851 460
511 503
54 644
313 362
842 853
93 1022
603 474
549 657
1015 437
231 123
554 526
416 584
450 610
606 138
381 112
763 692
457 495
402 251
141 269
858 757
637 763
728 200
1003 221
299 544
476 448
278 269
539 989
995 722
645 1029
334 349
349 855
354 568
503 940
130 565
483 276
892 505
194 90
585 701
108 914
583 134
532 377
696 1103
873 216
656 629
285 677
706 999
211 371
248 725
987 43
442 781
1101 691
849 26
351 891
1089 398
20 478
120 598
263 539
1077 189
262 773
560 526
498 255
961 920
38 236
740 597
263 503
155 823
668 946
478 853
286 25
969 193
870 45
1085 382
661 328
960 737
219 302
843 1063
364 322
339 738
612 584
330 253
737 527
758 313
450 445
431 1022
581 329
1001 535
538 68
1077 866
550 410
361 397
521 600
616 191
691 1039
130 675
904 579
374 439
163 102
460 349
733 633
315 191
238 455
936 161
531 619
1077 748
530 570
175 578
379 79
16 950
559 825
173 636
298 369
237 875
620 217
552 702
107 940
795 614
576 423
164 994
763 554
966 531
129 445
674 207
340 790
801 636
777 195
1099 1012
486 813
314 255
555 1116
529 657
682 164
465 703
899 432
666 679
861 908
624 1039
1067 260
598 876
582 418
918 586
999 121
156 877
1000 541
995 349
890 459
912 733
737 749
999 211
798 41
754 753
317 1013
684 248
121 382
368 598
568 953
407 559
562 918
494 802
888 235
624 876
808 503
235 105
772 715
995 323
987 1010
949 812
79 208
813 1064
697 627
1041 416
906 1010
367 19
915 916
888 892
858 573
936 854
373 487
397 447
547 201
77 831
913 785
234 1084
732 131
1104 1044
813 1123
553 929
740 462
996 479
112 397
794 226
1122 187
695 63
793 478
477 390
38 556
148 405
8 750
1006 815
350 888
318 196
371 875
626 673
378 756
1043 378
819 393
617 956
648 862
196 210
372 1063
994 997
269 887
403 1071
776 668
500 330
898 629
59 227
765 1087
451 159
168 597
645 773
770 153
915 114
740 206
564 694
334 490
487 870
596 1033
666 1003
601 932
976 921
672 195
896 568
665 507
104 546
278 450
962 407
327 802
930 666
627 868
816 149
119 1103
911 847
323 339
232 291
916 76
553 154
369 778
1123 362
881 191
342 993
984 320
1105 944
41 330
278 994
319 919
799 531
160 125
131 810
654 714
371 599
511 767
837 513
919 497
259 639
108 917
552 753
618 411
186 31
336 826
1059 1085
914 974
494 347
239 926
1105 382
965 504
413 855
531 759
751 363
744 832
594 757
394 266
559 744
856 983
496 351
803 282
882 1045
590 289
222 405
949 181
696 445
209 30
404 80
409 968
463 907
426 66
521 798
299 224
1020 526
491 1063
829 990
332 119
350 977
1001 585
318 424
603 852
137 1071
816 1025
748 1038
519 923
608 896
571 859
945 1045
535 524
142 765
361 594
614 388
274 14
336 653
218 447
754 124
919 569
131 510
415 260
290 479
167 182
257 659
474 1014
319 16
478 616
886 368
152 790
916 58
61 1001
636 937
244 601
991 250
915 177
119 208
115 238
796 203
15 953
996 145
367 122
754 1034
752 600
180 507
74 703
816 486
149 157
905 623
509 159
533 298
957 831
548 238
975 695
337 1002
521 735
146 258
573 335
586 216
109 290
215 347
573 1002
427 332
931 767
980 416
832 1019
662 657
575 245
249 373
874 997
90 605
92 81
913 358
914 987
804 532
597 456
736 392
792 543
974 1087
1005 965
708 791
1017 309
107 988
296 274
987 802
522 636
185 11
703 566
586 880
597 1033
918 166
880 921
1118 271
910 112
642 994
508 404
500 840
704 129
285 431
552 222
117 392
918 969
248 454
300 611
721 895
1002 161
810 675
647 477
1028 856
153 795
237 99
441 919
148 514
369 763
564 530
159 999
489 911
1017 339
925 185
874 584
461 731
893 168
567 360
608 820
587 647
848 65
248 380
586 334
477 654
632 363
117 399
397 820
262 10
13 310
816 905
529 46
933 342
503 777
466 856
173 572
828 237
427 913
908 253
792 703
881 332
541 422
780 1007
386 677
655 373
521 911
288 766
505 371
1016 1035
166 169
1014 687
892 372
973 211
962 837
932 870
140 573
319 683
741 807
673 1015
486 942
589 505
453 1031
584 419
346 1055
439 47
991 1043
860 994
759 997
315 1078
241 804
639 782
877 15
99 499
382 420
185 977
1009 171
585 31
633 687
210 454
1020 163
460 127
1118 334
906 987
140 688
600 926
480 710
878 724
642 181
1092 1043
913 966
801 162
971 1040
138 302
766 445
367 276
312 329
222 581
676 803
58 1043
205 178
575 450
419 298
326 297
565 1077
477 659
347 1077
664 823
292 539
151 685
542 696
931 659
452 632
169 399
919 982
113 958
313 734
358 951
950 1017
889 608
365 994
990 1088
370 409
367 853
805 409
1022 806
502 709
502 776
681 877
493 1056
925 852
1047 328
1096 759
651 787
166 218
1060 827
50 4
294 784
336 299
234 227
948 909
320 127
890 550
662 503
592 113
633 1122
1004 386
649 405
354 394
766 542
757 990
781 328
652 537
357 1118
7 479
595 459
762 710
231 397
955 360
279 257
959 907
250 189
1118 329
968 257
31 1010
106 370
56 637
853 579
611 749
630 108
925 530
1005 1012
648 744
253 789
671 462
758 551
175 431
989 919
606 912
612 162
679 166
153 202
744 1063
1122 718
1055 682
283 941
89 650
520 583
964 285
613 354
552 742
787 441
745 291
581 669
807 993
859 352
538 229
961 479
823 573
113 208
904 374
603 651
643 989
837 939
488 651
656 719
208 603
1053 613
52 401
86 529
259 834
64 35
1120 448
491 511
783 828
1035 856
550 890
831 833
611 567
207 776
283 415
700 486
993 439
41 246
295 821
526 828
933 604
579 468
825 784
401 144
527 1015
952 96
801 221
84 752
64 12
267 935
820 950
569 461
782 722
561 825
780 408
631 1061
861 471
333 859
525 203
868 248
222 53
1023 689
417 457
375 224
936 485
744 335
413 449
746 557
90 884
287 799
74 278
576 921
767 603
539 414
717 478
707 683
210 333
360 487
1007 351
341 306
790 877
648 519
141 202
119 399
83 684
487 145
937 985
885 1022
211 144
1070 1016
279 224
324 447
806 865
454 911
849 728
977 150
159 121
466 602
932 654
1069 953
468 188
361 333
769 754
1030 954
801 958