574 393
223 290
756 1106
899 854
312 521
784 276
222 402
148 407
139 216
812 1003
491 841
596 603
29 657
884 948
532 69
241 135
210 352
1021 669
178 1006
656 1123
943 527
384 1042
367 767
911 446
442 477
179 1011
957 521
833 928
359 2
733 849
462 1007
593 293
940 540
782 706
624 365
944 820
940 605
309 472
769 641
339 459
648 1004
192 38
872 792
498 1004
724 254
208 159
790 866
880 523
139 870
770 339
391 869
556 742
32 259
855 659
194 652
194 646
88 491
660 633
173 989
11 287
605 199
275 455
862 226
1013 417
750 774
1065 876
512 77
333 940
1013 1000
910 961
236 782
838 212
274 131
208 395
1116 449
837 737
794 834
928 261
707 701
863 433
486 163
939 174
995 619
181 596
1042 237
450 46
1058 399
901 144
483 351
738 676
566 554
994 899
1011 89
413 748
2 124
664 259
498 757
624 366
823 255
533 135
382 527
603 990
876 370
690 431
1011 801
356 785
262 643
216 186
447 604
788 186
131 476
387 315
945 740
760 550
1028 949
854 422
66 1115
1 873
407 510
1064 220
421 887
676 988
401 806
321 377
184 514
619 54
793 1009
856 455
248 345
171 505
1 502
915 839
273 237
476 646
512 545
721 735
226 5
876 901
580 158
927 157
383 594
124 872
108 576
495 554
336 827
185 706
442 196
355 242
200 206
756 386
1038 817
1024 524
759 885
347 853
517 305
557 1025
669 1071
526 313
451 298
895 878
1089 65
898 630
260 177
320 441
868 311
594 738
348 552
429 351
165 622
617 540
637 850
446 484
665 646
617 785
1000 994
738 1113
338 230
111 982
488 609
193 673
269 823
1020 955
608 681
752 528
955 152
702 56
144 106
932 493
1020 96
389 172
898 645
836 824
1036 640
718 1022
832 314
350 221
1036 1039
1019 738
423 1018
1093 709
700 220
746 88
999 757
402 966
1043 278
794 51
248 963
671 621
168 279
969 398
398 396
267 53
594 925
824 399
57 203
149 550
50 320
1005 902
560 284
208 190
1019 369
640 974
499 804
828 614
153 19
1094 911
637 146
556 102
894 108
281 226
799 144
590 142
420 206
495 447
460 903
666 899
476 869
207 421
796 938
867 486
380 1005
967 528
535 726
1033 258
129 320
328 262
865 549
793 162
155 813
864 760
612 637
1116 184
553 508
127 991
1017 670
745 567
552 396
434 850
883 105
814 467
506 973
684 6
518 363
151 858
604 838
616 847
198 903
826 604
132 400
456 166
681 80
476 479
549 617
569 604
1034 46
315 941
986 730
525 930
23 221
210 863
310 0
495 753
433 1004
136 831
733 670
626 1067
924 319
817 618
268 1003
699 466
911 147
728 537
587 484
690 992
1077 337
1043 1064
488 67
981 385
245 288
399 400
391 272
1094 630
157 119
261 670
560 490
672 461
607 1008
89 272
564 1016
645 728
597 487
675 495
609 409
475 177
595 767
917 89
229 206
266 976
596 572
279 129
288 334
832 374
785 700
823 92
859 857
941 706
287 1019
69 459
969 774
199 288
667 424
279 936
235 446
647 576
1062 220
78 862
399 1007
171 482
428 832
8 216
226 538
786 109
808 129
716 403
3 853
355 22
910 930
962 430
961 659
646 559
190 992
508 509
868 822
425 958
587 820
326 337
54 875
284 474
465 470
562 1008
248 718
117 739
213 884
120 530
930 729
718 900
196 73
456 611
222 666
258 705
192 943
803 132
868 620
243 540
527 634
910 889
693 377
431 648
989 114
847 276
830 221
294 1096
883 863
254 219
719 757
758 529
328 762
905 505
849 1075
319 379
843 1013
472 920
61 731
296 398
487 153
578 152
302 843
856 322
201 628
373 523
286 347
485 215
588 658
534 163
486 577
617 949
1016 874
808 580
887 320
367 315
704 625
124 992
1013 299
811 507
975 163
359 539
233 440
183 366
125 772
884 222
587 639
471 210
345 1056
186 548
850 111
262 608
721 130
355 752
672 855
343 719
311 1117
727 821
305 881
405 824
826 19
246 877
722 724
274 1000
117 569
986 481
269 238
908 635
766 63
394 911
550 527
163 487
778 1031
366 319
692 255
621 380
24 210
1044 502
5 297
995 561
597 783
208 276
823 518
617 726
750 495
569 684
870 867
569 1110
825 522
682 131
153 1069
593 189
530 904
194 545
617 868
496 890
1025 920
832 914
760 959
157 381
590 443
184 680
529 193
496 899
365 688
424 968
595 429
1087 712
89 751
232 408
649 726
867 1003
870 559
350 726
115 419
592 630
389 587
591 332
769 138
896 642
591 252
176 436
498 493
601 742
766 797
422 514
234 818
450 295
731 598
675 150
401 504
1010 745
54 998
794 293
285 127
1042 730
869 564
523 242
245 193
14 311
385 149
932 749
333 148
663 740
703 193
673 492
767 709
675 1021
304 938
997 758
891 136
300 1085
718 425
107 1064
570 194
901 601
241 703
1014 77
492 381
9 445
969 472
477 1022
800 565
100 959
438 341
628 134
23 724
311 212
250 893
545 1024
234 729
376 587
975 260
24 166
613 981
960 93
454 919
228 133
987 236
507 172
1042 376
315 652
80 114
699 711
779 477
726 288
599 1005
806 1047
120 880
663 523
939 388
1059 744
889 428
816 553
733 502
49 185
393 904
983 657
689 429
737 755
622 999
1097 1073
528 230
855 618
341 961
697 170
264 115
284 404
150 312
471 913
334 729
975 450
618 970
966 1014
902 691
559 886
560 975
865 475
1046 412
187 248
234 613
967 557
1089 650
818 439
446 272
640 871
273 637
1091 699
630 873
966 1023
5 651
783 972
758 917
880 710
760 553
298 991
222 830
134 659
383 431
237 934
1017 176
135 81
400 971
607 642
342 11
285 570
527 271
263 542
959 450
457 921
951 1090
116 638
829 286
456 563
299 147
982 549
1104 697
259 743
85 426
970 609
631 504
277 233
634 776
401 148
167 193
179 254
657 481
217 991
624 589
775 430
950 495
435 65
971 582
498 4
419 770
499 359
636 1103
576 464
435 491
628 961
1056 244
632 923
379 92
697 847
905 1098
950 683
489 531
1101 440
882 909
1119 843
715 284
580 724
268 407
624 654
579 1033
376 919
128 718
275 1049
271 846
837 976
389 925
440 763
173 766
876 658
945 763
846 953
138 959
764 1008
182 3
280 715
43 330
100 605
620 1002
944 800
659 237
459 150
717 22
315 975
958 1033
825 997
865 537
623 532
977 659
515 875
314 985
212 559
736 407
258 318
546 253
423 343
702 433
268 830
338 698
158 837
835 402
602 235
442 967
874 594
454 320
897 803
901 825
751 682
329 174
281 628
288 162
945 9
283 642
1001 917
819 752
813 734
273 387
441 428
1118 847
1019 31
428 112
1030 522
1024 171
963 692
413 297
625 660
622 653
496 506
304 1096
840 976
966 166
48 744
527 810
444 122
829 1054
759 926
978 711
450 253
684 863
507 979
444 104
610 730
274 669
185 276
645 1004
851 395
1092 435
751 1119
250 1
781 280
682 330
516 893
888 464
381 1008
920 938
275 203
891 594
4 217
609 702
200 511
1105 868
497 775
287 784
366 752
815 248
914 402
1122 525
703 335
942 340
247 703
811 755
596 552
258 376
976 206
643 343
266 833
785 986
993 953
873 928
157 957
311 879
373 936
778 393
29 413
409 600
488 890
584 675
772 157
685 456
1020 835
489 208
981 614
345 230
837 712
305 462
864 220
548 739
349 5
129 775
384 849
608 741
817 423
29 758
108 976
303 269
609 574
434 463
695 564
782 832
780 1072
34 666
228 14
735 609
722 205
1069 423
150 162
1001 579
408 622
591 213
896 385
691 596
152 305
132 4
394 177
959 463
390 1043
390 652
195 762
910 44
796 54
1000 709
510 552
866 1084
486 759
969 551
337 458
235 166
151 614
969 142
132 201
657 938
499 972
467 985
499 593
91 1104
387 918
1001 674
1091 185
780 757
228 461
1004 384
945 627
729 869
904 314
969 182
756 609
1017 266
755 643
274 796
602 676
343 938
463 322
920 711
235 208
823 408
857 1010
137 412
1002 297
774 766
225 948
586 1097
130 1024
659 234
758 863
842 221
438 760
877 124
680 387
488 1122
677 804
644 364
244 685
863 218
834 910
1056 634
188 1095
181 719
493 946
565 541
84 393
215 1009
797 512
790 469
246 727
988 788
533 605
732 120
463 784
831 448
951 875
130 986
368 315
52 971
31 61
616 173
309 1065
826 1107
649 899
723 429
129 907
513 102
935 1012
908 391
849 602
106 887
520 566
699 933
180 504
310 231
871 743
692 564
1106 615
176 655
529 448
810 181
402 967
718 550
635 541
87 1120
881 1110
1067 467
848 768
338 932
402 444
645 139
877 955
402 744
273 408
652 617
684 456
163 141
623 685
290 585
377 389
519 488
601 556
200 729
389 369
554 861
625 1049
149 1020
1021 575
135 720
715 490
239 754
372 715
274 331
801 885
468 553
657 577
547 779
800 320
910 723
1002 231
246 882
937 567
619 905
240 797
890 534
145 849
969 626
1120 618
584 1016
689 883
1100 700
711 298
913 174
214 929
832 490
183 486
159 171
2 606
786 697
176 763
888 642
353 681
194 551
904 610
570 870
549 510
675 605
551 311