104 1107
942 662
409 517
489 308
711 952
543 748
328 488
807 882
699 961
556 712
420 696
576 378
438 377
1029 641
682 519
581 262
178 248
160 903
397 488
183 227
640 110
630 635
1021 714
786 43
233 915
748 1031
132 115
689 245
935 382
972 957
894 398
836 241
641 369
169 888
191 609
657 944
165 1021
846 621
1032 728
259 436
589 298
200 942
906 323
1006 485
994 714
519 1035
411 747
701 898
860 289
834 647
213 216
391 748
1055 817
560 236
634 860
163 660
719 367
79 880
437 188
496 151
410 207
544 511
804 118
1041 816
204 530
145 510
634 694
385 789
419 655
114 553
977 100
892 472
636 889
769 926
260 403
717 692
345 721
126 479
289 660
550 610
1111 335
559 940
534 1079
1035 336
274 505
989 556
693 375
104 451
124 368
893 894
556 530
894 483
932 989
873 485
153 418
686 48
905 250
389 1041
972 580
554 968
705 686
266 137
963 948
157 287
82 205
181 319
310 434
1111 359
602 654
1065 1063
186 641
715 339
1061 768
657 117
108 708
656 1030
159 448
335 891
4 716
481 243
409 630
696 1001
553 429
413 788
44 488
806 1066
1051 301
711 243
761 809
741 585
439 75
155 396
307 612
742 920
468 583
987 202
1094 676
78 285
270 670
282 627
302 55
200 532
566 524
745 808
584 696
999 616
120 405
585 1056
768 930
197 538
59 808
310 616
664 1106
63 37
493 269
652 638
586 560
791 526
492 1045
889 683
859 570
953 200
694 12
536 355
160 669
774 715
396 695
984 536
353 610
716 45
205 778
197 765
452 22
1051 293
1094 9
450 354
121 694
449 646
280 426
154 799
136 602
432 840
1114 576
872 128
136 578
235 939
1065 735
431 710
614 1014
220 210
465 502
806 981
461 786
897 206
460 197
309 712
327 219
490 195
335 234
626 456
537 262
517 455
178 713
809 825
281 275
995 1004
260 292
652 749
128 568
728 581
273 132
160 486
222 745
430 69
526 479
974 26
318 695
819 425
455 758
191 198
409 633
694 698
376 705
932 482
1013 783
142 632
823 440
51 190
872 943
659 277
771 319
168 669
888 687
163 632
253 717
500 1063
707 965
990 187
470 259
659 77
215 449
499 686
353 224
421 531
276 508
625 316
704 317
252 983
868 850
1078 861
605 438
350 299
287 249
740 444
948 1105
1091 515
524 1107
991 624
823 218
1084 1095
835 1050
896 940
67 216
223 596
135 220
877 897
769 148
760 378
311 867
974 192
907 275
725 48
257 334
642 958
164 641
991 538
293 636
568 685
689 923
991 218
1018 275
943 522
954 58
874 700
123 694
934 729
318 36
1045 136
857 377
700 652
529 330
718 413
1011 265
1121 541
244 1007
305 1007
153 750
795 544
966 751
485 664
383 823
371 105
468 359
584 916
763 544
5 248
802 123
870 829
336 937
836 1027
949 312
690 1117
100 985
283 128
398 1073
1067 695
300 376
925 735
220 343
960 382
54 967
93 303
1024 617
601 476
297 581
423 583
314 743
1004 365
475 488
830 970
1110 398
389 193
381 1089
1035 311
49 90
631 782
969 118
981 1111
691 527
312 835
469 219
979 850
674 665
953 678
35 756
388 839
375 621
799 663
667 233
999 890
828 730
543 1002
419 888
347 921
130 310
1003 384
947 782
401 300
148 257
847 1038
706 997
588 293
250 566
346 206
976 720
728 478
471 318
1122 138
298 148
281 858
443 636
1011 284
756 482
631 540
397 187
628 752
416 147
72 108
743 1106
220 752
737 990
198 126
1073 316
506 920
391 1007
1013 779
285 914
10 519
785 676
238 693
416 153
411 532
969 615
335 11
837 163
986 309
1005 99
537 864
964 851
701 265
222 182
849 394
121 257
378 977
755 961
127 351
182 735
351 895
100 809
906 181
540 288
689 870
869 784
377 407
372 1121
1106 392
635 780
619 196
720 541
949 184
310 1096
593 1069
576 501
270 380
675 191
695 392
885 675
76 792
478 44
526 134
582 519
601 477
995 604
1045 668
813 588
717 983
1 1059
491 327
968 1092
639 400
919 818
167 1078
856 1048
206 78
1002 839
1089 1109
203 460
478 301
383 14
766 33
534 470
681 758
175 825
935 458
895 662
926 838
448 541
898 732
826 738
233 174
646 786
120 300
221 18
485 1025
59 777
590 603
630 345
468 203
757 371
572 851
195 1066
1063 900
1083 947
961 90
730 121
644 482
216 372
508 818
810 276
542 405
343 565
1004 1035
181 862
424 455
930 46
162 417
978 657
610 756
351 1022
202 327
952 239
571 759
385 85
86 656
187 1000
1073 267
548 955
378 635
406 427
988 840
631 710
545 730
529 465
899 572
179 807
54 201
1008 158
166 872
839 414
556 878
664 238
474 527
388 193
799 951
103 148
436 554
591 58
273 178
215 1105
219 519
448 838
502 521
731 459
961 764
839 463
680 281
456 149
945 199
350 497
683 200
365 193
792 51
352 986
666 218
244 189
528 601
1037 658
209 642
127 593
152 11
522 831
144 719
653 549
303 717
193 755
455 880
243 632
372 497
247 851
468 615
806 178
879 124
803 244
1030 611
1079 747
303 564
1047 205
494 151
413 352
998 119
942 111
737 314
570 730
492 550
87 881
823 20
340 867
317 758
700 770
247 864
20 658
630 935
161 1123
969 261
280 1058
384 63
1038 10
906 106
529 108
105 883
115 185
252 588
286 88
620 212
457 422
979 916
423 212
849 414
700 1001
297 95
108 842
215 139
972 752
138 335
224 866
629 382
1076 245
233 244
713 462
326 89
104 455
746 225
161 280
776 424
847 325
534 740
438 111
261 115
17 487
682 241
394 398
361 473
821 940
503 415
958 600
773 1038
497 732
508 732
683 129
424 364
983 520
215 0
1117 75
900 176
641 823
688 15
154 622
765 954
927 935
607 631
912 382
811 445
489 784
769 173
834 866
1067 909
123 292
438 989
982 769
830 443
259 456
190 58
277 298
906 338
843 565
887 279
744 256
979 46
877 889
153 380
761 1026
1063 710
335 887
122 673
713 983
162 106
131 131
458 634
522 702
454 585
362 605
617 330
491 363
836 773
845 255
396 112
888 607
898 868
295 520
524 117
81 253
343 342
554 591
510 656
122 638
311 733
1116 323
844 917
826 295
968 1007
967 124
810 178
860 967
926 747
703 913
722 385
381 1019
255 950
346 851
361 453
368 466
452 242
662 403
103 577
709 663
934 434
210 771
163 362
421 929
290 166
1021 730
501 936
852 498
641 133
227 601
690 266
755 204
664 501
577 597
644 427
555 46
882 404
502 338
1111 448
851 341
705 795
642 97
669 572
377 554
845 23
387 297
67 827
780 212
397 247
790 99
234 989
178 903
444 928
428 302
647 687
26 1099
373 859
318 817
787 127
480 465
267 757
555 682
451 296
1 712
814 183
454 1021
401 508
1018 343
568 669
377 270
1 485
2 1004
657 150
26 399
157 666
816 624
603 122
1 774
154 987
317 432
599 919
618 819
561 541
243 444
814 370
324 1117
375 5
518 186
857 116
1022 902
645 181
517 629
550 586
1095 1090
368 916
807 339
80 732
773 828
146 391
231 993
742 648
538 177
911 1045
617 72
789 157
242 755
401 760
456 84
670 401
847 102
885 412
966 933
609 778
805 135
236 642
157 1003
253 168
802 529
947 37
518 220
269 696
788 222
171 395
563 348
544 3
696 989
17 641
291 525
466 486
575 1013
775 950
306 780
1073 1111
737 856
393 118
915 311
137 110
724 475
57 149
411 214
917 154
687 76
964 843
325 904
1079 425
820 480
1035 353
431 479
363 607
319 234
891 1039
923 478
209 872
509 294
357 1087
495 112
335 510
185 765
375 827
565 500
500 986
281 782
832 533
284 536
432 394
583 692
232 353
757 618
301 331
374 736
470 178
977 1053
395 422
609 953
264 922
157 986
309 786
925 119
287 271
298 340
138 732
290 25
784 798
424 531
714 962
870 242
340 536
377 1095
818 316
301 260
568 503
670 172
163 282
929 291
62 483
228 70
739 799
339 517
451 611
957 353
834 13
695 322
935 498
666 341
563 406
227 809
856 660
265 155
128 479
160 618
1015 716
569 394
458 763
707 733
177 740
302 140
814 1
1104 450
151 780
274 611
657 175
688 303
150 511
927 198
774 196
1071 77
784 469
468 213
434 535
527 140
130 188
1086 679
263 384
312 1090
492 360
402 958
150 491
956 415
852 822
299 714
11 912
119 691
67 260
92 773
825 956
1080 199
670 846
661 494
767 121
376 904
366 414
819 489
137 996
618 960
952 556
948 1060
713 978
530 398
182 716
270 773
426 692
718 392
549 416
210 117
188 959
451 582
229 130
248 665
438 977
163 602
980 702
481 573
866 843
373 595
803 992
488 830
585 1122
976 37
791 405
615 377
169 975
673 204
889 784
366 616
381 172
658 1110
807 1021
605 71
556 923
201 10
593 616
891 535
266 178
974 1081
644 936
909 525
161 1072
153 282
851 795
268 293
1034 204
352 155
473 622
401 585
226 1011
833 909
408 139
988 821
777 620
699 1017
389 769
923 622
574 733
51 646
121 412
363 977
321 183
113 529
322 604
671 408
880 72
966 796
864 115
380 550
530 469