978 206
503 631
835 955
224 148
924 646
373 804
670 785
678 883
501 219
290 471
792 214
836 592
270 910
807 434
344 307
1052 769
662 278
321 540
171 21
233 718
883 323
594 623
898 547
166 532
391 843
655 211
234 816
988 1060
61 231
208 1121
792 863
1100 450
857 711
66 528
230 51
226 688
207 946
184 140
42 860
537 608
217 1032
574 546
465 619
788 492
667 247
133 997
894 576
838 513
1053 681
939 737
925 615
335 711
1099 1054
623 770
1029 969
565 764
884 1034
769 268
605 497
264 871
974 384
688 187
1085 844
1019 612
495 580
138 852
926 25
612 982
341 564
272 387
927 488
723 657
786 1081
1023 401
257 298
1068 364
851 222
120 50
306 401
1041 404
504 2
392 144
424 689
361 932
631 253
993 557
925 1034
556 581
164 333
871 514
869 129
616 92
572 132
260 971
272 491
101 569
858 712
269 834
395 109
282 608
566 850
331 158
167 440
322 325
58 751
395 421
660 246
477 422
884 827
574 921
111 193
1040 763
995 384
706 519
776 170
184 788
797 507
535 734
1063 528
959 436
342 743
306 1052
805 785
501 1027
289 191
141 995
465 635
9 626
342 338
13 145
13 518
541 133
946 70
795 799
708 838
290 956
773 220
316 1046
288 802
597 829
832 284
537 164
575 897
707 709
735 580
408 132
1023 488
659 190
637 893
545 563
1093 858
390 771
458 213
41 909
140 883
306 616
612 816
10 598
679 60
292 814
1061 992
913 778
1033 440
620 398
519 528
239 280
970 915
821 725
577 892
865 427
419 1026
742 269
758 826
552 211
1118 275
855 594
17 269
866 329
204 734
462 484
216 772
255 428
888 546
118 504
576 666
516 406
984 341
1051 230
413 805
124 1059
1055 668
504 363
1030 179
138 941
439 46
803 161
375 181
264 503
183 422
913 466
642 212
1043 996
1083 192
960 321
640 605
524 216
145 182
251 674
723 442
280 888
432 718
169 925
7 161
977 491
82 459
794 590
761 867
1108 579
331 645
952 929
692 542
481 826
401 82
196 653
571 779
702 629
702 658
935 160
955 922
180 890
825 566
117 564
948 95
696 955
103 946
49 545
801 886
3 390
973 427
411 981
1061 492
219 460
745 247
1041 185
214 715
584 206
523 627
218 458
1076 177
664 621
292 703
906 142
834 935
123 42
294 980
968 290
192 744
111 676
58 208
811 115
165 258
597 802
697 524
781 919
726 16
258 419
125 232
619 236
1046 901
591 393
784 381
915 284
750 229
610 550
699 996
812 698
1093 652
51 864
748 223
694 550
561 868
760 956
694 321
132 518
548 691
649 1013
334 46
776 28
280 332
788 378
621 551
1018 544
478 473
250 238
887 989
214 222
460 918
152 168
680 519
857 738
223 793
816 950
430 532
292 950
101 931
197 37
863 245
169 484
483 456
802 534
280 655
595 808
386 397
972 942
1116 274
562 330
1040 196
587 868
741 466
893 23
832 948
837 1013
406 364
51 799
828 348
739 863
436 371
830 906
23 561
955 721
615 591
1111 323
254 944
836 183
212 444
140 228
688 261
581 782
795 533
709 923
519 282
790 146
747 574
652 524
388 156
844 606
406 546
21 921
977 396
514 851
554 462
746 533
62 162
931 1053
502 501
707 12
105 717
577 1013
260 650
599 856
338 755
129 415
1104 604
906 336
988 62
429 354
456 950
369 484
335 846
904 994
46 216
21 507
895 386
93 614
669 781
1121 20
822 688
953 563
346 769
863 155
81 521
1005 101
388 744
911 233
971 787
901 934
174 856
60 715
887 65
387 4
701 611
933 328
559 424
956 694
1101 887
297 1096
911 969
970 1123
197 832
395 329
221 924
920 217
473 298
1010 105
459 933
137 896
887 347
310 638
700 504
26 171
306 808
862 601
156 1035
588 978
166 544
232 62
555 907
547 89
122 895
129 102
350 13
553 355
693 1084
762 381
892 260
235 965
1041 672
408 875
386 715
667 140
540 271
572 112
319 142
1004 536
854 426
859 617
184 351
474 831
156 365
924 652
919 438
1111 289
159 473
845 330
241 1002
863 894
143 1053
386 278
736 72
453 500
572 425
146 539
608 901
1075 444
660 855
664 307
158 116
855 671
360 1038
499 1018
458 337
1120 651
629 572
418 810
723 358
93 222
365 857
13 251
325 943
638 801
754 196
130 381
1039 504
337 904
214 600
881 621
401 230
230 169
628 605
12 210
870 652
148 437
146 323
599 931
700 211
1074 270
1032 950
1002 175
275 1035
1078 156
313 320
258 819
976 147
570 558
354 699
616 696
473 450
658 329
665 1100
202 754
806 643
791 318
275 665
120 146
302 914
935 876
79 982
960 1012
699 576
674 559
416 956
466 242
893 212
231 161
705 607
337 655
690 166
245 474
656 592
940 461
1095 166
546 593
129 101
582 593
429 219
648 304
612 535
446 1032
308 228
1083 414
601 515
936 461
475 860
916 266
486 462
622 776
509 638
569 116
256 419
704 864
174 823
82 126
1019 333
17 995
871 160
958 175
934 619
279 343
643 125
188 289
512 175
79 397
848 790
858 253
477 937
118 680
990 24
810 210
878 683
1013 572
317 428
192 732
243 489
1042 570
1111 211
565 656
516 422
129 36
893 337
935 33
1002 190
876 997
739 779
119 450
452 379
263 42
867 691
1033 614
897 890
681 770
621 980
455 268
239 82
333 339
428 11
647 481
206 763
182 356
314 467
704 919
384 874
352 724
538 857
609 861
543 253
197 610
1063 719
75 688
595 350
944 929
720 266
209 88
342 1053
205 423
875 252
1039 682
725 110
758 706
945 457
144 837
309 462
496 887
1080 453
599 795
582 819
468 858
761 630
175 571
55 860
867 3
617 516
875 754
550 238
383 559
361 460
759 362
740 736
899 901
203 1113
948 1109
567 56
543 836
422 968
600 537
378 389
609 1026
382 498
156 850
160 338
30 1086
146 679
524 139
1021 741
823 153
344 909
91 164
583 725
1080 325
488 486
332 845
280 540
104 796
623 448
874 695
225 514
190 331
875 610
849 57
1089 625
334 740
399 998
370 158
303 371
554 199
1086 442
1107 588
342 1079
542 705
347 1078
413 286
564 634
897 878
194 905
908 888
857 747
434 1029
331 555
771 381
1114 310
207 1075
327 987
565 259
1038 911
89 153
713 626
477 656
419 488
818 862
448 575
111 882
880 177
717 1109
334 787
804 214
336 79
862 1071
43 49
442 648
757 173
211 869
780 806
850 964
144 494
277 400
967 688
9 144
397 735
889 413
31 421
927 336
1025 858
943 356
429 245
275 150
266 226
858 386
759 674
260 1038
366 18
638 737
133 610
257 562
951 1023
1004 298
685 891
75 574
526 12
1018 763
437 1087
206 668
204 113
817 955
765 717
892 489
742 184
681 998
1054 860
521 840
921 579
396 255
77 116
432 540
189 1025
67 537
529 869
788 891
922 706
712 590
1084 840
480 176
276 27
226 729
255 137
136 441
535 497
64 740
352 121
198 532
373 200
1074 42
276 737
974 571
265 830
578 196
559 1065
474 206
863 334
369 943
520 397
382 110
698 297
904 453
219 922
853 334
459 491
327 50
585 123
314 682
290 332
233 660
469 882
432 167
65 769
506 963
9 789
379 939
907 808
524 518
231 782
805 410
614 840
106 186
309 744
250 765
1005 218
392 905
703 113
556 434
849 169
237 989
582 581
687 182
657 340
604 102
190 475
398 291
67 464
300 780
355 661
468 803
369 959
219 504
834 160
1012 579
1015 287
1010 674
774 294
1018 449
915 290
908 246
565 285
424 325
202 268
191 496
601 613
658 855
264 757
506 385
783 239
562 1008
742 372
166 156
914 769
988 679
764 984
152 547
884 412
1003 797
36 378
768 1004
977 820
99 704
568 348
222 973
687 702
845 770
711 360
507 499
565 764
358 1118
309 971
428 208
369 835
383 681
56 207
560 264
191 151
727 597
678 355
153 644
1056 675
812 631
374 753
411 1087
948 322
838 448
192 1014
161 708
785 503
861 529
621 165
821 494
318 841
21 981
865 354
788 277
903 1120
409 92
602 630
612 551
471 409
581 194
810 1058
685 502
77 759
27 893
663 911
225 836
120 191
1031 93
718 1045
1004 569
462 476
603 372
845 178
964 597
550 776
932 832
1017 237
169 311
573 553
227 768
586 658
199 435
561 338
980 929
386 785
531 442
520 774
314 21
134 455
606 879
648 90
537 1070
311 520
206 47
995 887
1019 395
386 759
302 482
593 716
300 444
761 140
882 595
189 946
510 1045
365 254
357 1054
1001 468
6 106
233 508
754 645
968 817
973 146
101 450
96 538
931 2
567 17
873 718
810 81
139 675
111 1001
245 132
83 778
1038 608
282 318
282 29
591 122
154 526
543 573
222 1082
1048 548
335 1005
558 422
732 661
482 312
492 869
534 986
1057 1039
191 731
128 230
356 630
306 465
263 294
110 702
331 180
916 942
66 614
232 710
119 1118
969 207
941 474
267 956
537 934
1016 1029
325 265
488 76
910 283
787 811
368 594
677 992
776 788
975 834
822 329
1004 372
931 897
886 227
261 1064
762 1077
801 852
387 867
205 508
105 381
1095 684
654 403
837 299
110 590
334 166
684 350
896 1076