652 105
237 1105
1022 246
565 445
853 636
272 644
480 647
632 221
694 386
804 642
1038 512
592 192
612 518
946 295
671 132
763 1024
439 967
375 702
782 332
209 650
487 155
452 872
655 240
346 88
588 115
950 639
418 562
175 417
1104 79
686 107
501 838
1081 135
1076 645
977 315
874 627
646 581
592 638
697 1045
311 894
338 627
917 825
714 832
437 62
227 288
97 992
366 822
1009 265
957 416
81 462
194 676
603 1044
639 1023
657 238
55 969
833 976
308 406
945 701
753 564
518 818
279 1087
1003 86
1019 695
886 277
875 615
846 871
274 236
489 1066
868 631
709 791
517 534
694 663
828 810
456 998
596 789
20 902
999 715
287 484
606 1029
1074 172
695 691
954 665
257 436
1053 1055
121 15
994 965
877 1060
925 625
470 759
235 941
233 506
752 630
326 712
134 90
925 600
255 860
537 381
701 589
751 165
765 347
265 437
244 380
198 454
851 302
806 967
939 711
594 399
794 411
798 770
413 415
194 211
929 128
614 43
122 233
524 485
150 751
958 241
896 672
824 292
225 599
724 414
776 417
1021 221
161 931
655 636
801 923
979 926
285 1038
324 836
730 729
936 421
747 324
232 1053
286 239
988 101
846 393
929 773
575 1039
580 531
1111 560
899 771
313 55
730 709
638 755
1108 676
650 385
139 961
1030 706
185 824
325 81
248 435
419 1015
627 742
120 170
846 337
855 148
323 155
698 723
734 7
201 388
639 960
971 745
381 300
494 807
122 490
898 760
853 809
744 454
1104 1063
184 1115
979 417
425 19
531 823
140 1029
359 529
367 1066
819 800
236 795
1023 195
9 986
743 99
606 496
571 785
206 348
194 977
217 1033
826 400
852 185
71 671
212 214
413 267
1092 843
182 767
814 319
583 599
1094 579
832 154
1120 389
163 551
608 291
179 173
98 157
733 224
1121 1092
344 873
562 767
807 952
936 850
466 640
542 60
126 752
485 949
866 864
1041 700
323 659
675 899
305 160
732 765
227 665
216 829
568 284
663 328
847 938
972 164
233 512
742 762
725 208
307 472
127 93
530 535
485 980
768 965
690 789
974 1043
972 1116
192 186
1101 588
429 431
988 296
528 702
422 916
549 98
682 834
665 639
29 303
153 501
447 16
651 749
893 723
335 117
256 710
1007 116
65 509
69 518
887 369
931 206
1105 485
941 636
1063 877
696 295
838 923
101 574
587 315
821 579
846 865
491 511
40 253
772 756
886 507
798 60
326 882
230 117
557 923
128 910
347 634
255 674
856 1123
582 731
208 540
156 787
165 425
919 276
938 554
255 1008
438 586
542 178
82 851
1032 828
620 861
935 1025
454 942
83 314
518 875
498 947
550 60
637 644
1054 144
475 416
999 373
879 124
583 949
622 511
291 315
106 388
693 980
683 702
327 343
701 863
852 635
840 175
884 418
576 448
301 1
1089 776
71 518
85 815
124 634
96 298
738 340
641 661
900 826
788 685
528 346
581 1008
461 392
761 437
388 961
440 743
662 291
590 567
35 145
878 594
461 545
125 327
821 964
220 1118
238 386
423 692
176 673
212 1013
591 540
485 729
701 461
398 43
549 797
909 930
137 920
561 381
1070 29
845 785
646 751
131 102
153 1032
400 445
551 268
719 309
781 696
954 901
615 491
135 654
194 665
21 849
635 747
952 109
391 587
343 555
571 76
919 508
738 482
887 687
469 780
1023 1016
663 801
853 903
538 27
494 853
337 220
557 1007
367 1058
724 949
660 1074
804 125
126 559
979 674
225 715
323 81
130 6
43 157
213 99
118 98
926 261
181 435
383 178
525 835
327 373
1046 76
621 423
316 1005
437 558
396 268
399 679
857 46
511 357
1056 321
583 834
236 738
188 228
889 838
966 638
829 355
202 228
637 277
814 549
380 613
362 333
177 213
990 511
100 525
506 903
159 21
42 160
210 908
826 589
1014 342
444 813
308 8
704 701
7 377
131 309
106 461
932 948
585 96
820 957
399 692
596 482
376 333
1104 583
471 1067
225 124
747 629
1007 164
944 252
536 796
798 223
437 265
657 338
363 912
861 742
983 535
60 812
822 208
300 304
522 1090
642 972
890 773
864 702
789 908
560 436
44 438
644 244
522 704
803 777
647 607
245 209
661 951
533 831
558 515
868 989
1037 469
348 375
795 36
326 101
372 46
1043 649
803 1036
467 594
807 480
125 694
992 238
1042 649
552 148
257 274
997 287
459 986
435 200
262 144
526 108
232 135
342 848
129 325
693 749
276 815
321 765
422 842
478 868
463 117
102 868
492 975
652 849
936 945
254 711
956 388
697 1093
12 87
258 474
956 782
586 416
1103 174
846 212
167 911
937 613
801 394
758 723
509 924
906 438
580 691
104 375
1105 354
150 504
1049 497
704 118
257 987
59 328
907 765
1060 749
617 154
1001 168
278 649
376 1029
985 164
86 707
482 585
315 670
309 107
236 160
569 391
216 681
164 150
22 639
720 920
426 450
807 884
774 966
184 898
760 166
137 621
282 951
465 698
189 947
138 385
642 584
851 671
838 127
964 550
1116 583
406 783
447 282
384 341
745 875
423 591
958 266
660 766
365 474
594 164
56 574
387 402
690 1014
805 635
1034 829
352 372
389 468
408 290
269 276
508 264
312 700
285 101
430 843
136 929
543 186
1011 517
415 641
611 1069
531 317
128 169
12 171
567 871
242 195
299 229
903 378
290 672
604 649
715 947
696 288
1060 734
880 411
795 303
1026 834
632 316
797 837
783 179
368 722
702 214
361 1012
501 442
969 1104
165 544
606 795
145 448
132 4
918 636
960 422
45 201
841 738
732 167
280 86
311 602
110 571
272 299
380 688
212 778
1023 267
398 214
964 624
4 1006
366 1051
389 195
887 515
248 253
884 810
442 236
300 782
567 742
478 940
880 559
834 312
457 59
269 185
206 629
504 143
851 505
655 16
475 860
1085 893
829 82
511 679
900 805
113 372
353 905
365 429
455 967
226 411
18 636
359 257
974 834
225 332
735 72
225 889
315 1005
378 83
459 122
126 540
477 881
351 337
222 993
917 775
659 508
446 179
676 998
261 908
33 328
70 237
419 528
114 175
398 960
942 149
485 136
705 848
844 1026
47 300
148 154
1004 771
613 359
189 426
794 303
251 731
453 971
1009 972
692 447
392 297
192 669
954 458
819 485
829 625
602 483
679 782
835 1111
768 583
293 831
7 211
197 1018
334 580
735 287
585 480
961 222
265 657
1015 618
716 827
736 504
396 675
398 355
656 286
1008 203
123 957
51 765
899 93
100 1012
8 231
601 1035
822 881
427 507
739 430
792 338
118 936
341 554
815 428
311 899
515 367
422 146
967 330
908 118
115 829
108 950
970 110
284 869
832 828
494 523
796 343
753 1114
350 516
1011 919
719 345
650 401
838 959
874 635
522 601
1073 967
886 155
230 888
449 639
1060 462
751 331
311 873
703 694
579 395
494 304
139 136
250 815
873 505
195 800
71 528
747 336
328 677
853 926
524 605
976 195
920 303
459 563
674 662
967 641
221 302
740 626
220 121
966 244
167 973
65 538
141 495
438 729
515 775
862 866
847 656
362 969
13 662
924 713
305 282
202 689
640 586
106 410
85 63
813 736
110 756
535 757
720 1098
943 699
883 582
194 457
334 812
429 131
619 1022
715 9
881 997
331 284
507 968
1111 459
475 544
1117 674
434 854
15 526
953 581
126 1084
1048 1020
553 846
624 999
320 375
685 21
190 966
473 874
726 735
1039 143
1114 176
887 143
185 1113
858 219
1008 452
836 267
847 359
783 910
764 793
954 778
886 239
401 195
158 510
841 888
487 45
425 296
317 490
243 245
41 865
93 227
946 648
270 479
390 259
687 487
217 1105
723 1106
909 624
747 1008
1044 488
880 171
534 128
816 729
319 40
754 462
1017 823
411 752
477 930
32 394
715 152
639 363
809 544
840 300
208 838
140 901
358 909
46 874
640 640
556 140
280 17
285 504
365 302
424 848
217 422
897 631
554 684
666 85
1021 1017
111 256
771 333
862 361
350 319
564 29
523 212
166 679
240 462
863 1020
109 250
437 265
446 1019
570 712
295 1003
323 797
892 1054
897 786
1018 1039
541 900
194 704
412 813
360 550
673 918
288 801
991 576
825 141
1096 311
772 233
851 269
875 569
611 682
789 427
1090 824
113 836
551 408
284 1082
269 257
572 171
810 700
782 340
262 408
557 965
1002 162
787 248
467 970
372 641
632 118
242 595
92 263
272 828
1027 1
243 467
548 513
205 95
874 547
155 599
951 641
657 423
956 894
292 1008
844 714
223 937
1025 948
786 52
1066 820
136 415
707 562
207 948
1097 661
936 663
132 726
375 261
800 205
569 638
243 702
381 25
810 528
1013 411
797 770
221 301
865 356
219 590
444 59
919 10
949 819
430 620
67 409
371 851
936 507
118 979
630 586
695 593
16 262
253 1084
801 692
1019 212
888 767
338 479
470 3
693 238
574 968
586 645
109 116
341 480
1011 753
1018 777
988 223
507 160
873 913
42 727
918 709
699 593
648 875
310 210
630 882
496 347
851 298
543 1082
463 786
487 855
685 569
526 525
644 482
399 1015
381 192
206 52