162 273
877 828
358 662
417 254
934 394
780 337
130 863
613 790
641 543
386 773
842 673
449 796
220 146
1072 620
836 823
490 630
73 406
362 883
638 512
1024 102
375 999
203 201
508 321
327 206
163 659
952 1078
586 722
185 203
553 297
984 1101
272 948
934 132
759 1008
283 34
313 124
124 646
876 396
400 366
1052 504
111 94
1058 14
653 214
479 678
386 633
468 356
490 224
1086 188
844 700
361 473
542 554
1002 579
752 115
367 534
289 120
639 223
649 616
360 572
704 848
1041 614
543 973
448 161
509 619
673 181
792 998
498 452
181 147
78 875
1028 499
168 785
520 868
677 387
565 281
342 514
283 264
745 282
632 1064
416 570
105 1016
226 904
138 742
811 783
326 299
476 303
424 740
316 66
971 843
156 295
604 614
188 361
613 13
111 318
825 1122
1117 814
1014 718
966 791
138 552
157 462
123 116
430 676
1088 529
1079 1076
884 1077
322 320
304 647
603 890
558 100
136 167
582 827
461 870
492 309
622 147
1021 787
463 747
954 374
149 991
788 313
415 427
297 441
1020 564
554 277
929 477
207 728
865 219
903 1115
809 713
19 779
1097 538
537 591
1016 1086
293 608
463 357
176 994
412 1076
148 143
385 109
739 888
883 825
942 1003
354 141
968 874
857 319
180 599
483 991
183 165
406 621
35 850
965 670
692 135
769 402
284 193
118 1106
757 633
380 822
132 455
364 293
205 1039
277 689
149 268
107 97
196 601
826 385
579 854
41 1013
716 752
832 824
936 927
596 588
329 126
222 1020
49 531
847 225
638 637
692 774
767 1053
747 172
806 857
204 291
431 972
344 618
605 570
632 1007
66 370
505 706
912 527
389 180
894 126
716 798
28 191
801 943
747 434
929 807
931 456
940 795
854 368
1001 645
917 663
623 460
817 594
827 540
881 917
730 69
185 741
179 634
1101 1049
438 1018
783 1011
1010 570
774 1071
393 511
352 855
982 123
93 977
622 464
701 317
387 194
423 473
5 376
20 216
963 167
503 594
155 104
965 263
895 875
362 791
992 954
589 558
336 743
406 675
872 484
174 554
1003 797
520 66
811 276
749 350
683 727
976 793
517 859
803 791
312 647
281 330
197 432
901 940
53 593
998 858
484 1006
716 290
360 404
599 853
563 1089
366 413
466 605
862 888
694 184
755 1099
956 790
742 587
22 221
1064 759
750 910
707 890
619 256
800 1015
265 99
480 1008
716 294
942 702
733 823
135 254
891 530
380 96
763 154
225 998
262 776
1079 824
653 564
548 590
388 785
688 753
591 170
515 438
309 238
572 489
758 322
121 346
625 414
373 948
150 703
766 610
143 919
192 202
527 1022
32 604
1070 235
133 361
879 582
424 929
959 1087
410 201
1060 774
151 52
1093 846
1112 1102
381 1005
601 72
568 659
436 783
811 897
661 693
399 483
1095 1109
785 172
227 634
139 288
871 544
111 502
201 589
896 776
956 930
1049 871
690 478
184 229
180 334
488 888
554 802
912 603
607 1022
618 795
1072 295
386 28
267 821
510 324
603 446
995 141
169 225
275 381
241 588
346 1109
294 247
833 604
207 889
794 832
211 290
596 804
283 1072
626 250
814 634
639 600
420 78
1097 1088
1095 564
294 467
666 571
693 841
740 272
890 181
232 833
562 359
301 750
376 546
1004 895
668 640
768 974
1107 752
338 171
744 397
158 450
443 721
870 595
1104 795
188 425
364 891
445 886
249 973
980 394
1068 123
236 714
1001 694
489 540
803 884
1037 993
269 892
22 437
934 899
171 123
436 178
496 501
462 193
986 990
276 337
239 285
1065 665
1121 186
262 807
617 585
858 480
995 691
506 272
183 200
910 362
290 893
667 101
375 549
669 94
699 471
1026 100
1000 464
914 432
880 969
598 922
873 866
353 958
553 518
677 791
938 870
815 818
624 544
502 671
696 383
492 155
121 852
213 345
294 807
468 962
394 809
448 213
1039 625
1116 617
923 279
499 152
501 372
1010 833
1083 364
996 295
165 454
788 629
522 484
118 939
593 305
198 938
753 905
241 993
172 19
692 215
805 376
989 822
513 133
737 1
1093 40
908 740
229 903
542 186
135 815
779 189
209 212
712 137
1007 509
335 136
681 189
626 972
416 607
321 1013
295 707
491 986
393 860
179 749
456 522
287 235
909 469
189 125
846 764
1033 999
111 780
1121 720
356 970
667 339
322 509
463 345
413 457
955 306
282 913
832 379
374 690
484 1057
582 237
918 806
240 934
1028 295
144 338
817 191
783 688
284 1011
485 1018
872 961
461 567
547 627
138 304
370 393
359 620
725 1044
152 952
668 582
831 731
352 259
828 900
195 962
1016 620
794 30
659 1021
226 284
894 72
224 516
12 223
201 490
635 130
437 333
1013 990
1067 670
515 621
889 529
354 411
100 1085
225 395
670 541
502 742
100 738
983 549
216 587
124 104
802 680
227 499
670 386
379 775
206 396
260 676
319 1021
170 574
599 154
385 306
305 461
881 184
227 26
1058 256
822 440
102 272
147 556
813 1039
264 460
465 257
267 922
1034 125
952 446
240 486
488 447
512 9
598 396
559 192
326 135
982 482
162 682
462 738
165 575
898 541
1021 601
586 967
724 327
318 263
166 956
744 1083
349 246
78 704
605 704
218 134
810 942
187 1117
289 618
104 166
434 341
979 192
275 842
1120 801
959 244
646 104
740 432
1082 277
257 520
11 757
615 958
641 620
380 1114
153 686
702 324
636 320
381 713
582 421
837 756
1030 741
475 399
780 713
424 446
162 877
534 24
351 498
543 119
780 865
479 272
200 990
554 223
594 285
1007 690
149 456
452 924
804 667
168 491
1014 813
1113 814
245 247
235 597
26 1030
908 735
635 1012
135 49
1120 501
622 486
903 929
70 330
894 1022
367 285
730 501
738 773
974 678
1004 556
1013 336
803 769
484 909
117 93
586 357
1115 894
985 665
584 1015
101 56
595 389
459 373
174 1074
976 146
177 486
795 379
610 66
491 717
677 38
813 765
935 601
961 205
439 735
411 117
413 1091
817 871
510 208
683 930
914 111
794 504
232 647
868 1062
842 145
1092 1047
960 1006
901 945
613 572
917 717
709 131
495 399
663 751
224 949
852 318
757 428
940 652
305 59
111 944
691 291
1049 610
986 263
309 765
948 284
87 578
852 779
182 354
1003 1007
480 612
952 366
907 170
211 399
685 43
455 151
259 696
367 198
944 226
99 323
237 95
27 923
680 457
147 281
629 132
136 478
433 265
759 279
1020 139
388 506
574 180
1025 559
716 767
832 139
446 838
258 323
534 410
304 735
735 857
155 45
860 618
1103 376
885 457
520 250
698 1050
368 654
1002 912
716 681
413 621
814 454
37 502
510 1119
751 406
117 1008
771 154
198 463
403 410
790 231
637 615
322 476
194 829
631 928
8 939
642 942
617 337
577 242
914 347
929 819
582 828
688 975
285 863
546 418
847 886
679 593
884 365
691 583
317 527
601 87
722 478
345 301
439 806
641 489
801 476
534 1121
994 371
403 105
118 805
561 489
338 199
280 938
404 323
834 4
861 101
990 975
953 33
755 224
1094 474
438 920
378 994
505 21
653 803
813 929
691 190
221 305
105 770
835 548
581 81
403 888
49 698
311 343
974 598
666 655
593 463
776 482
568 979
830 710
1033 406
765 646
891 168
740 743
689 120
991 7
594 256
914 142
569 115
754 1008
400 490
921 591
1 385
544 1048
196 684
585 299
418 144
229 543
443 695
868 28
215 273
100 667
683 757
551 1069
149 409
528 719
606 475
528 937
682 579
740 644
786 796
866 493
929 957
788 304
475 101
932 399
356 557
618 669
441 223
1046 765
618 789
506 911
461 690
106 856
819 733
958 1085
969 834
597 195
78 705
162 706
156 413
236 345
735 846
761 546
1039 348
535 421
205 687
350 510
216 704
845 808
3 813
116 64
639 168
898 296
747 585
671 1023
333 412
368 323
235 761
201 227
682 1084
78 206
587 796
230 1105
177 969
616 196
185 805
208 390
149 669
465 241
840 248
467 525
51 371
960 259
956 248
306 503
689 263
784 129
89 201
672 36
359 344
931 652
860 397
152 1047
827 275
726 165
552 90
774 533
409 918
752 650
569 721
844 25
270 349
791 516
733 665
62 171
460 558
282 21
19 931
214 425
1066 571
398 432
278 628
768 318
290 1100
508 439
190 336
911 860
722 369
848 991
597 505
543 641
252 720
358 232
435 882
1009 214
389 143
223 263
441 401
650 463
249 372
932 612
219 247
803 381
124 451
532 923
341 764
579 476
764 215
253 575
292 343
464 587
1108 120
639 132
310 630
290 20
806 106
517 975
277 916
785 741
177 921
237 2
962 381
1041 809
549 379
376 425
1057 276
573 1067
484 605
996 315
347 205
873 278
750 662
613 417
81 171
447 412
731 131
953 791
252 243
307 433
914 324
1104 205
136 144
831 173
619 678
168 346
938 125
592 404
445 353
525 203
1031 774
567 489
932 390
683 1062
181 902
1016 757
568 618
539 590
268 954
766 489
970 264
230 980
524 367
829 130
251 561
582 451
999 299
415 1119
454 264
582 757
615 768
848 963
975 389
338 231
951 717
162 1001
689 5
585 306