1112 690
404 807
420 1061
1014 474
811 559
849 232
187 131
830 533
678 1075
413 372
1118 103
1113 926
358 726
634 635
809 46
967 97
966 330
749 1120
452 107
563 406
822 1085
1039 460
55 458
540 394
246 516
188 964
776 896
961 326
1087 380
215 336
151 496
521 472
88 786
365 722
543 562
399 431
494 44
189 851
348 4
11 527
874 125
1023 354
792 734
420 930
119 385
682 595
821 439
317 741
821 211
291 611
387 738
852 943
500 1025
933 1041
402 689
489 366
787 1
556 521
512 980
156 634
215 327
89 1083
306 1001
111 79
488 374
913 33
176 312
201 919
567 63
382 236
932 801
577 236
387 331
524 808
505 164
804 483
978 329
845 848
495 240
163 1100
503 994
222 276
887 668
193 812
12 691
448 335
130 1049
1003 117
403 338
616 416
90 1116
483 671
496 150
687 463
155 577
1005 504
520 862
610 730
346 119
994 377
814 735
563 757
149 292
31 814
716 255
1022 5
110 884
207 599
952 712
357 550
625 283
837 537
392 116
525 550
994 283
23 397
644 360
159 754
134 709
694 575
515 330
943 385
428 67
479 695
435 233
1016 125
537 348
707 213
415 12
767 1022
279 815
284 238
811 845
716 1080
282 38
998 593
1093 154
612 314
302 273
299 341
104 306
497 252
110 357
607 615
1006 269
48 610
225 135
581 576
843 478
642 314
924 944
820 683
584 758
412 601
965 440
427 1005
886 50
951 971
217 585
818 613
483 129
456 326
874 160
694 967
855 200
393 1055
180 970
1096 24
484 584
190 6
176 755
819 31
546 978
881 300
1037 114
566 568
168 684
215 713
282 483
475 582
568 46
425 422
1095 985
15 797
480 455
508 360
740 87
903 539
397 505
649 946
557 378
888 216
287 408
477 277
212 1035
605 900
1033 656
954 1078
127 846
223 450
546 653
1021 476
1020 665
756 795
294 936
358 256
166 964
833 542
818 1104
443 464
965 941
458 943
121 981
1109 439
176 966
114 464
631 238
81 1007
841 1027
436 686
783 381
432 323
847 138
627 431
106 408
415 172
599 58
11 468
527 997
624 113
789 465
542 591
518 470
287 214
394 595
540 635
363 682
655 148
136 52
900 1045
590 888
675 1093
811 507
877 181
852 680
116 641
557 247
689 103
148 938
73 813
308 527
533 1068
100 503
139 810
128 119
747 120
197 923
213 486
491 535
1074 949
233 7
938 497
862 763
582 448
922 1109
382 628
1122 715
505 359
14 763
172 295
151 469
319 929
573 165
255 223
131 568
579 158
777 1002
681 326
658 292
805 1025
673 315
143 437
280 719
1022 398
336 700
250 692
964 297
506 566
501 290
999 1070
859 942
481 251
100 576
744 586
826 419
545 723
305 856
66 29
253 18
966 567
167 1015
829 734
367 1045
943 191
830 218
79 1119
179 995
435 656
985 728
801 154
735 276
332 255
721 115
864 206
783 877
959 745
657 760
317 355
402 1004
1030 358
889 721
278 666
990 62
904 764
793 436
43 873
555 713
153 75
777 705
177 413
1122 290
456 697
917 450
706 1007
577 427
219 242
401 273
164 1031
282 551
842 368
515 691
814 445
193 585
292 288
354 175
470 434
846 154
649 681
933 938
917 684
743 244
326 377
556 644
312 462
757 775
228 482
328 446
193 224
269 436
685 741
356 799
261 679
265 316
561 646
86 273
1084 347
310 269
451 566
181 528
764 278
503 69
302 473
455 700
302 496
929 829
541 355
484 384
703 76
288 853
682 589
656 743
1057 340
982 166
314 416
596 669
799 677
551 1022
608 561
535 863
428 787
379 995
246 867
1007 947
917 291
744 1059
723 734
88 869
682 400
191 820
540 607
684 146
513 204
940 465
82 176
870 411
1075 156
917 305
753 235
571 550
414 1073
618 1108
952 298
463 283
929 535
1032 285
299 43
299 569
483 487
555 1082
784 484
1083 387
476 564
272 237
754 131
1103 956
769 667
768 906
861 258
155 495
397 159
92 414
692 634
694 859
659 106
629 268
758 88
985 86
173 1005
242 871
782 245
485 336
288 827
1069 279
215 484
568 836
405 962
718 984
756 807
214 412
962 432
970 110
696 635
665 428
735 399
206 286
575 264
514 634
738 312
922 836
928 856
817 432
739 904
1115 679
573 762
275 552
848 303
628 266
999 467
306 591
586 354
13 859
135 227
142 33
623 744
594 782
1121 913
630 242
862 520
867 639
569 409
214 453
358 833
442 359
533 955
369 1013
135 911
1056 462
448 431
276 158
695 633
702 834
331 530
338 756
302 534
788 846
902 907
451 699
794 408
1002 56
959 178
537 717
476 594
528 406
1076 660
779 920
969 755
367 356
672 41
436 932
1051 489
517 668
178 1020
357 529
638 984
709 452
166 265
259 705
275 435
646 1020
246 826
506 455
112 325
484 261
937 689
327 726
1005 931
406 697
516 769
324 210
1112 814
790 937
612 621
358 952
882 955
423 16
406 425
362 1043
881 546
645 840
943 236
732 845
108 877
700 920
480 852
743 420
650 183
930 356
623 489
362 914
115 274
532 913
583 552
53 869
269 667
277 1115
573 130
306 444
352 367
224 617
570 731
149 560
651 744
726 969
213 779
1032 168
637 350
957 968
339 352
798 787
572 502
829 342
754 161
132 114
817 465
629 165
393 238
633 381
858 797
282 457
1004 859
753 633
967 682
65 706
257 888
288 184
614 277
1114 1013
124 133
881 881
968 95
190 1059
615 518
698 915
1033 583
913 983
251 252
516 982
427 935
742 836
921 698
450 138
892 358
621 716
830 1012
641 526
811 596
195 529
588 860
736 953
647 366
483 721
158 283
664 1005
192 668
278 950
867 494
442 257
284 563
819 152
812 236
901 338
676 298
907 1013
206 262
820 954
628 531
352 447
545 319
922 393
894 659
632 4
443 665
264 756
688 1019
277 748
574 185
808 53
345 507
542 1088
778 908
922 187
592 994
199 104
476 579
915 760
413 211
383 1007
482 325
1066 894
1094 142
1111 389
776 991
729 386
884 500
389 358
940 648
125 487
427 768
485 789
123 743
5 832
357 975
883 192
190 666
304 853
520 820
466 246
882 681
931 908
635 316
712 180
24 945
869 867
221 926
637 46
166 720
355 646
158 739
252 260
32 639
1005 640
868 283
60 54
732 668
823 822
1016 1048
916 583
323 909
473 346
598 408
766 431
33 425
336 119
145 154
919 320
945 958
1097 553
644 951
35 40
530 773
372 238
626 280
390 339
419 24
354 752
735 481
844 493
952 66
953 610
1028 686
34 831
431 286
591 1049
1055 562
602 314
856 830
223 775
1008 480
1029 1095
910 167
389 592
1014 855
1041 782
903 848
123 72
832 905
420 833
772 935
821 164
925 645
748 964
258 722
922 581
892 664
332 695
170 595
465 674
980 457
1074 229
643 69
445 67
526 1000
806 470
882 479
645 326
598 864
478 642
137 19
18 476
285 872
305 862
409 978
456 270
282 576
855 218
238 896
762 1008
1028 477
943 515
967 401
374 692
626 119
827 777
643 260
403 148
987 119
289 939
322 928
243 441
822 922
811 1035
277 987
993 1026
908 604
850 561
234 131
15 472
625 153
777 399
362 537
271 513
1086 532
549 768
216 481
857 976
706 330
1047 192
661 797
595 517
44 939
290 199
106 863
936 1002
355 781
386 1116
880 794
781 813
462 1014
894 881
981 321
775 663
524 947
700 896
224 725
256 1094
862 937
456 464
497 652
631 721
504 757
538 362
1083 132
1100 938
20 693
992 358
976 85
256 215
478 1023
491 511
1032 397
129 881
745 499
1066 715
874 657
1019 660
912 237
478 398
785 298
178 317
918 665
501 328
357 933
811 376
983 852
612 420
1012 650
959 471
148 177
881 778
889 119
966 413
227 297
482 270
828 250
478 88
221 159
407 894
192 75
373 867
567 730
84 429
816 975
527 631
313 437
1007 532
454 230
447 437
346 837
974 244
1027 413
854 522
881 209
558 356
453 748
1059 384
742 734
609 513
447 804
300 364
367 626
174 300
29 837
69 961
1091 116
448 955
174 187
323 916
923 100
367 474
612 436
384 884
523 224
630 393
907 446
1021 852
382 539
179 284
598 861
855 969
992 852
425 670
133 501
591 461
929 173
252 1066
417 152
206 267
1080 554
757 141
595 719
927 23
46 728
255 105
170 1014
390 311
919 612
1091 311
596 609
1001 444
77 771
476 961
393 1056
604 524
925 520
395 681
179 246
570 775
823 166
694 225
155 281
67 468
386 602
101 12
727 575
562 219
582 941
478 949
506 6
363 476
256 991
673 604
799 653
871 729
961 1070
706 525
862 12
887 660
967 606
603 758
294 800
720 499
883 326
951 109
481 367
330 743
546 284
475 376
347 403
343 319
852 427
460 107
208 376
878 83
352 407
140 393
313 892
489 217
926 387
840 388
611 519
604 244
227 541
736 240
928 216
3 470
841 946
1050 431
635 131
847 215
108 354
573 635
548 796
1034 942
654 1032
832 349
306 1010
650 458
939 597
668 267
1104 276
718 890
358 383
715 886
869 377
621 584
987 588
277 1044
492 342
439 418
11 253
640 818
300 988
861 528
547 545
694 295
852 438
63 873
884 859
848 627
64 800