105 64
813 473
841 759
507 736
858 429
876 46
314 683
974 429
602 989
305 488
1123 751
1012 111
318 1093
391 306
368 516
741 510
134 615
306 563
408 726
563 586
742 673
300 741
863 238
625 949
166 475
569 680
444 1021
491 740
638 349
131 957
282 831
120 920
611 1016
286 289
510 823
503 129
573 750
277 1006
732 275
691 744
962 439
371 507
704 98
166 538
919 115
747 462
1062 175
85 989
707 89
153 940
228 133
903 552
820 185
239 400
111 463
454 1003
138 841
145 271
471 221
225 988
462 578
137 736
315 247
365 968
883 499
779 530
395 187
395 263
1011 431
514 1107
509 192
903 326
254 679
1010 747
647 255
837 936
580 536
708 397
368 414
578 511
340 303
797 614
836 355
979 148
368 287
790 500
295 146
387 515
432 955
406 563
629 646
388 262
105 477
131 642
37 263
798 299
595 502
821 430
591 260
584 223
778 266
132 903
562 939
656 105
399 444
268 557
1122 682
151 1008
604 890
624 994
207 633
427 1011
1044 716
148 173
57 784
980 936
754 906
482 275
646 594
1000 831
87 547
126 264
459 499
407 660
653 303
242 996
252 482
651 257
965 508
867 171
362 976
1052 594
188 357
250 715
207 344
354 909
478 470
483 953
977 180
634 917
583 985
561 160
431 202
1097 426
841 141
464 438
1096 1056
245 714
456 778
34 587
113 186
105 476
194 270
163 538
200 943
857 430
124 517
341 69
540 660
812 138
10 903
829 210
120 991
665 672
333 987
740 50
724 261
571 661
514 710
302 316
184 881
813 300
970 630
550 884
292 647
894 1093
911 403
977 460
875 117
330 382
371 664
614 189
899 253
287 31
988 465
165 1105
939 1011
201 684
629 184
109 1024
976 914
130 263
1055 1114
923 804
961 692
98 778
237 808
562 532
621 500
861 770
583 970
622 1014
422 114
532 46
416 655
1008 1004
685 827
360 627
485 639
29 518
164 451
919 749
676 371
175 362
308 773
829 580
989 615
282 1119
691 513
240 387
185 136
248 772
408 486
148 390
776 815
382 279
1053 374
632 207
1005 1098
885 966
197 868
775 687
751 851
937 296
730 312
232 163
480 799
461 643
830 731
590 373
1010 561
430 263
1076 981
409 878
297 731
123 187
450 80
259 141
782 484
388 785
757 1118
324 343
573 861
952 382
898 857
1122 474
70 907
213 948
752 530
578 303
845 1009
555 646
49 149
101 577
1081 770
65 292
903 1009
332 892
203 819
479 62
734 830
816 731
142 263
987 429
600 1098
719 765
130 528
1084 443
378 666
177 567
257 917
466 769
842 121
708 477
532 128
364 193
743 235
417 176
595 621
1000 1019
599 540
332 609
252 924
247 961
134 200
416 471
215 134
253 1009
789 713
796 569
906 76
709 782
460 486
839 754
187 290
204 1120
788 1027
573 30
930 595
882 735
197 739
20 454
502 700
140 289
134 867
248 1046
759 808
212 761
1006 531
795 378
561 339
1007 35
248 469
394 705
906 710
214 416
706 1081
950 687
998 433
838 411
526 789
964 495
74 1107
704 200
450 492
822 1005
444 900
305 596
872 129
499 977
1046 300
107 446
943 239
711 186
558 664
171 1023
744 539
604 908
291 213
817 890
393 1095
398 1094
228 190
579 118
524 892
916 490
627 117
682 1102
1001 817
1025 523
612 527
346 618
795 255
116 67
1033 991
783 796
658 1105
473 700
304 841
139 946
721 45
354 745
772 137
553 524
429 541
430 15
1046 618
317 655
688 211
1013 820
292 951
449 625
825 914
825 487
490 430
130 499
247 1042
927 631
503 337
497 288
610 868
532 298
618 147
379 1007
430 989
985 784
71 104
1009 778
235 556
924 158
247 949
593 536
464 83
132 1084
710 692
443 916
349 655
893 456
356 369
452 680
1054 472
950 616
613 208
711 268
176 635
801 11
1087 549
711 404
699 492
758 991
1114 154
845 1005
837 159
476 429
237 492
1088 876
470 475
1038 506
1051 303
169 546
914 230
176 723
463 773
675 709
867 49
263 627
809 739
1057 960
855 732
257 866
226 221
1064 345
883 871
623 334
432 877
192 203
662 470
1085 289
682 672
527 218
404 287
693 44
972 400
750 841
763 660
148 946
836 346
378 910
104 1099
631 342
1091 371
884 340
321 433
611 667
473 27
954 220
526 318
191 659
710 113
636 283
762 237
213 355
913 542
767 993
604 191
212 152
955 270
301 575
299 1102
848 619
229 160
643 586
256 235
461 459
292 651
546 1055
1092 785
384 410
1022 239
167 332
92 256
205 549
64 698
308 165
714 731
744 311
341 1015
660 791
722 26
130 256
477 643
74 230
891 579
221 132
230 693
459 499
207 614
998 454
869 319
783 856
391 734
669 297
178 870
772 289
69 892
664 5
464 389
507 409
674 970
308 1094
858 392
889 559
840 606
691 849
531 370
840 912
726 635
396 566
132 471
315 759
682 676
102 640
174 1122
1117 1120
282 180
205 395
491 593
123 297
854 1104
940 590
591 91
869 405
350 250
669 665
464 561
49 671
64 848
164 26
1111 922
376 312
531 1094
496 246
522 502
751 521
251 933
517 111
1082 884
976 1055
571 250
640 999
835 861
1038 321
278 488
682 123
890 70
949 1023
609 396
742 499
928 624
1039 772
370 964
610 825
67 941
879 684
215 172
734 908
516 641
747 1096
305 211
560 843
433 814
282 700
685 260
97 777
761 233
218 539
805 176
1035 640
907 749
364 142
554 650
1009 590
760 968
558 18
284 1113
763 264
640 64
720 866
179 768
179 64
810 808
352 924
344 1025
584 816
386 796
622 925
842 765
527 660
8 215
464 1044
1019 793
381 726
1010 327
479 228
474 323
898 350
956 851
185 931
434 751
70 301
1095 220
349 33
998 620
734 886
731 600
506 205
373 922
851 250
422 455
176 362
813 90
656 431
1078 739
268 344
338 1095
611 268
1024 489
353 1075
261 319
768 926
159 753
962 901
758 143
202 1022
392 868
153 796
667 711
707 824
1057 944
571 995
312 397
328 596
684 86
994 718
938 990
348 434
915 108
314 429
231 575
1060 463
570 28
100 918
719 179
161 129
772 803
301 620
225 983
678 409
211 850
328 493
239 690
293 938
134 658
352 33
74 584
331 1015
503 983
343 887
112 325
1077 820
104 772
523 1050
131 222
99 408
765 511
59 406
515 175
469 577
317 744
598 724
45 818
169 567
917 637
316 764
517 266
615 759
981 329
699 1046
121 496
925 473
432 665
419 924
417 663
1023 667
642 886
906 742
246 325
100 341
385 1015
602 184
430 904
327 884
4 860
614 245
583 628
747 726
801 813
328 514
746 580
295 611
1049 871
910 415
138 724
99 818
478 44
376 157
80 905
125 208
743 597
60 101
1062 461
708 86
98 279
883 148
743 44
217 959
80 864
809 976
695 774
933 1037
991 773
208 669
852 783
521 341
143 778
614 366
877 882
194 944
965 351
618 402
672 542
401 456
841 875
803 760
830 687
212 121
455 242
393 151
141 133
723 973
124 1012
290 562
871 701
604 108
138 280
566 871
66 864
355 1110
749 528
1092 1057
750 822
767 353
739 617
555 679
164 596
491 795
779 316
449 504
907 53
42 509
490 7
480 572
105 674
503 610
616 279
852 529
135 515
526 211
1104 571
398 331
84 739
761 941
211 171
620 879
243 1010
552 64
15 183
623 569
638 345
425 416
737 709
283 281
953 724
1037 410
316 1105
1002 682
262 600
765 229
974 532
666 332
112 647
866 700
1123 492
1034 901
571 94
402 429
603 198
609 917
167 518
84 936
1070 393
263 953
909 483
852 559
639 885
434 426
321 176
800 301
652 858
795 613
335 917
168 222
483 191
742 438
958 950
667 676
616 573
574 573
764 544
580 18
206 2
590 106
461 870
170 857
519 968
297 361
277 888
261 476
128 1018
98 928
1120 333
166 568
582 822
341 193
603 195
867 150
712 214
661 214
966 1079
840 638
860 179
699 565
975 112
227 128
443 831
766 637
215 861
234 522
245 384
549 672
177 873
275 385
419 581
807 685
318 650
1119 231
894 111
859 241
201 241
656 991
279 372
528 883
618 461
173 451
728 990
887 514
61 709
142 31
230 458
1003 780
947 386
541 538
439 451
656 810
610 233
974 548
996 964
770 939
645 902
312 267
29 793
1025 273
890 502
406 117
460 302
547 423
565 343
712 104
972 901
2 216
1024 813
115 245
1121 565
818 76
399 785
1000 906
548 614
29 499
977 581
981 267
88 214
623 665
325 284
422 923
476 702
217 633
216 1062
314 715
348 1102
722 640
429 415
699 232
30 205
849 1021
299 194
586 395
485 283
917 325
243 781
513 590
110 544
1021 607
913 1083
239 606
668 472
840 877
646 132
559 204
581 369
791 415
431 300
849 986
169 245
1118 190
190 319
355 589
981 495
1046 290
904 981
985 966
747 797
1046 60
647 955
215 735
896 256
309 909
859 203
306 229
751 909
762 45
438 748
878 23
314 1079
749 777
426 858
578 346
301 834
35 1016
536 239
130 713
492 458
357 1006
310 17
565 527
991 378
577 698
239 299
205 779
14 1110
456 879
768 820
113 580
74 881
591 675
698 796
166 169
566 952
926 236
585 860
162 961