830 349
1016 326
630 867
711 627
624 196
385 170
183 206
179 649
521 506
116 65
405 336
447 708
407 687
818 483
784 893
136 1095
652 298
665 983
878 818
90 1069
340 708
299 215
256 450
851 162
832 635
803 757
47 853
881 573
1001 799
996 347
121 282
512 234
369 345
657 816
591 327
168 902
931 798
918 878
280 665
1002 377
944 256
926 628
223 469
666 615
931 1015
122 1120
476 709
930 866
16 176
320 669
713 182
580 300
829 805
250 427
478 732
886 410
111 227
1035 518
726 1078
505 716
434 909
1054 826
795 1024
334 598
1106 856
879 806
256 485
575 555
1015 645
287 289
141 552
736 780
90 779
812 729
271 483
163 804
697 746
54 641
483 594
493 111
740 1082
748 780
350 424
482 839
1017 353
301 889
36 432
569 663
931 464
976 1013
913 577
657 447
678 896
844 818
977 938
685 1110
553 573
912 834
710 123
777 866
415 569
892 772
1077 252
295 3
69 411
870 1019
210 949
215 286
793 147
487 801
1101 746
244 481
522 1097
523 675
263 563
692 70
924 221
325 491
553 1097
940 183
456 1076
656 263
480 16
349 1118
665 119
239 581
400 408
108 1064
558 166
806 804
165 983
908 1022
449 378
942 598
881 1066
930 795
481 272
653 206
289 341
448 945
334 922
908 897
842 153
819 357
1025 477
935 868
1063 429
671 974
660 732
753 641
790 932
851 666
989 924
941 721
281 749
754 1000
779 996
582 450
342 485
956 607
776 981
432 171
149 149
962 724
695 1105
612 460
449 512
466 1048
337 620
736 479
881 964
601 258
185 215
37 261
604 723
942 972
203 375
511 70
765 790
1086 707
613 225
161 274
621 66
770 287
454 392
326 658
615 179
159 854
787 711
305 728
945 400
235 88
724 426
358 667
287 151
345 294
78 932
878 583
313 341
913 121
196 715
535 1043
378 945
806 620
632 920
306 867
528 932
350 295
1002 854
332 211
457 493
785 962
849 356
357 669
301 927
250 682
772 555
188 394
328 162
660 701
793 303
336 718
666 562
335 787
466 965
144 20
832 915
549 1076
287 1110
973 92
336 807
465 571
121 225
451 543
425 242
927 1082
641 374
308 320
600 276
962 693
472 700
484 521
298 818
317 429
785 108
1054 289
171 698
166 374
306 979
557 250
674 507
830 962
928 596
100 739
919 178
203 691
292 579
687 595
117 851
764 316
362 771
1056 757
581 702
289 481
175 1003
347 720
62 632
649 339
95 600
809 989
692 1058
354 438
859 549
361 929
99 444
284 291
689 887
74 288
273 410
194 199
336 528
531 545
885 226
888 569
423 125
492 87
29 964
415 614
613 104
570 765
577 705
1012 809
1109 656
598 168
88 438
166 235
571 890
231 778
377 449
547 760
381 906
787 340
217 7
831 874
431 787
754 100
116 778
572 508
44 729
1052 365
779 378
959 58
436 721
837 575
297 525
486 802
748 413
456 106
299 1076
296 125
219 113
849 971
673 745
844 680
149 673
178 609
969 1010
594 152
932 479
335 732
237 926
873 615
731 576
370 623
454 11
591 387
467 1097
119 269
409 966
144 497
960 233
17 693
644 671
172 752
1111 185
1028 769
726 610
924 488
561 825
152 280
339 155
301 726
739 64
813 288
156 575
177 185
271 254
369 701
867 44
103 937
756 842
883 440
117 698
103 955
280 1019
964 174
429 301
532 798
205 129
385 734
1012 540
177 576
431 229
299 1014
784 319
973 329
717 246
694 910
379 634
1003 872
119 147
477 367
573 224
330 626
348 213
100 25
744 217
457 24
515 234
725 830
657 392
560 731
884 681
1012 581
913 1002
914 322
458 747
75 712
221 358
921 812
597 64
1023 473
966 330
210 1067
569 527
1080 669
517 931
694 902
230 473
781 722
66 929
677 69
785 739
726 224
450 516
867 753
135 397
480 253
333 55
534 136
971 729
941 633
989 837
406 755
438 830
233 92
485 984
109 83
731 121
326 444
1108 317
595 573
564 133
881 760
44 146
1087 251
418 934
186 700
1123 844
935 198
738 367
520 525
130 434
48 788
917 895
131 1009
905 1004
717 470
165 396
720 203
202 185
367 628
602 616
729 931
62 163
919 109
680 1096
842 254
114 346
312 791
429 996
245 313
1120 901
448 1073
545 206
879 255
204 819
352 467
26 235
673 961
1108 435
225 875
255 43
224 639
826 1003
716 214
1005 1033
453 993
996 24
178 764
723 464
693 189
860 126
616 795
573 306
362 1021
464 128
461 202
129 263
344 708
787 800
559 575
830 645
409 16
129 236
814 1113
996 156
666 682
223 1091
321 1040
498 284
363 960
772 984
163 337
895 782
731 361
340 398
467 564
198 95
58 496
781 546
532 868
470 1049
838 886
129 125
834 725
922 283
414 273
813 544
939 330
696 187
338 814
328 683
987 690
110 683
369 834
195 106
465 1012
822 495
841 194
202 897
599 232
868 420
970 312
712 449
301 795
339 740
251 796
614 191
911 261
72 300
228 921
325 779
519 258
650 200
419 980
961 1014
296 412
459 393
551 830
818 290
318 814
341 677
376 214
456 643
443 266
222 469
701 829
410 371
295 1091
989 840
636 1019
874 942
57 412
439 839
701 299
414 684
192 585
279 177
55 930
881 15
283 257
693 878
610 363
400 184
217 337
915 795
556 668
533 50
406 501
963 771
677 880
736 197
748 756
464 516
1034 929
265 485
387 123
600 309
765 557
645 532
702 246
469 423
539 801
258 52
999 874
861 106
981 87
927 218
411 1016
510 242
944 772
656 877
183 496
77 956
757 344
990 169
444 86
44 243
553 206
896 285
764 224
425 203
662 583
545 941
771 158
1056 487
656 273
643 16
511 297
284 459
690 870
466 339
393 299
542 1035
1030 108
463 84
330 29
984 39
512 125
903 644
42 396
597 217
412 695
757 986
164 322
334 185
987 1119
193 120
923 395
824 434
387 257
894 950
619 792
815 152
780 653
321 786
182 875
498 545
635 767
355 68
688 624
289 396
410 122
473 643
264 467
314 1010
478 347
245 844
992 857
564 740
576 690
878 1011
1065 739
50 358
405 181
238 651
708 384
506 314
118 266
433 985
886 758
245 149
633 642
151 478
102 611
879 378
886 759
885 217
670 413
280 687
914 528
490 450
393 1051
900 260
887 616
451 465
775 46
683 865
898 375
525 947
323 515
361 444
484 55
702 677
604 415
141 678
474 170
95 256
622 418
678 703
677 218
752 664
646 530
1091 478
611 900
898 53
493 297
208 106
852 155
722 66
57 368
622 788
909 953
87 654
278 658
935 306
521 735
577 995
823 1036
876 724
667 117
351 351
294 693
1023 788
29 182
55 531
728 475
494 670
20 983
585 1001
203 446
848 955
521 196
579 590
74 530
391 715
785 880
264 389
808 129
287 1008
1014 878
1110 139
1061 424
7 637
1021 6
233 926
212 788
650 716
398 267
877 423
871 767
383 972
751 544
454 462
458 204
867 751
489 473
323 8
988 989
846 200
1097 845
405 880
348 887
123 301
193 456
159 994
366 230
219 1022
388 838
417 643
580 551
436 369
93 764
933 467
593 66
336 731
97 349
693 626
197 738
962 756
392 732
392 604
327 500
1123 395
704 44
674 172
826 894
679 760
90 523
1017 568
660 736
130 793
475 488
986 518
602 168
806 298
300 565
770 1109
454 542
832 631
875 734
207 528
148 309
925 977
152 419
412 223
1102 575
255 879
169 190
148 538
479 826
964 161
886 684
208 853
739 491
538 205
1101 101
1077 759
594 277
716 622
623 653
919 112
125 296
267 657
913 295
534 171
296 248
271 29
45 572
1018 396
211 280
633 724
70 224
661 971
796 936
385 694
423 901
828 652
638 225
222 888
469 324
346 577
241 375
410 811
792 928
391 109
312 312
484 1110
718 707
703 755
694 893
580 489
169 307
286 870
154 1010
977 635
620 433
615 403
482 953
248 910
609 734
774 468
92 724
484 600
1038 588
370 181
1004 983
57 927
955 917
485 538
279 357
512 5
190 673
326 950
432 653
945 466
687 329
1005 566
645 7
1024 738
84 583
476 220
218 577
145 162
1030 382
1081 477
575 896
620 477
954 945
76 229
309 493
994 373
906 292
794 96
353 373
419 992
225 953
420 622
713 233
657 798
803 789
183 237
868 268
164 745
266 674
152 889
478 416
337 894
570 663
1088 1008
266 856
175 310
478 1075
948 927
767 343
191 480
344 622
338 146
940 689
169 818
765 105
283 1019
756 645
800 231
807 654
311 152
410 634
593 717
545 785
623 469
177 613
393 564
367 975
177 702
845 534
376 210
131 225
894 508
313 870
700 121
697 740
168 219
460 575
1072 910
788 455
672 635
868 474
972 802
174 385
169 780
717 645
570 301
100 107
1023 671
899 840
1096 335
760 403
430 404
135 816
979 319
1006 339
590 1003
547 686
432 965
655 354
246 48
607 260
1057 816
737 592
541 333
396 222
50 31
940 85
344 55
961 182
707 555
214 1089
898 176
917 615
558 227
376 378
276 714
735 861
266 830
600 766
745 364
290 1007
324 942
1021 818
295 673
533 923
425 375
638 953
1092 272
396 736
861 876
947 443
738 1056
141 725