56 105
669 475
423 708
241 312
247 358
932 140
546 396
228 190
237 151
715 711
567 666
814 540
395 706
722 610
917 726
927 114
221 745
367 1024
909 344
550 205
856 697
442 543
304 245
373 57
945 11
321 394
620 510
1041 165
908 612
261 872
358 928
483 885
995 632
892 683
846 741
815 373
411 227
765 290
576 552
341 640
508 144
367 452
892 525
219 661
730 730
826 370
385 405
880 554
255 222
132 260
194 994
1121 624
510 372
405 600
468 108
335 1050
432 366
851 579
272 208
121 916
719 370
551 680
655 102
1056 23
816 447
639 32
123 661
930 406
1000 863
618 23
243 291
962 388
924 654
127 684
981 783
936 673
406 173
38 444
1015 921
42 709
757 470
213 173
504 574
847 621
761 998
484 90
651 679
604 913
514 726
1057 39
524 273
186 341
359 342
189 609
801 239
102 123
749 954
1014 607
367 138
769 1008
566 1047
811 807
442 238
356 714
558 15
771 638
516 64
513 529
243 1056
278 735
736 889
11 259
749 851
906 594
743 26
627 718
1022 53
231 593
485 295
290 521
611 132
492 753
254 662
687 123
723 21
184 596
988 701
243 483
638 218
865 469
616 578
588 807
643 468
897 987
265 204
478 244
498 952
123 628
585 617
1038 1084
393 1047
523 957
348 383
341 419
58 103
419 489
1020 329
322 826
334 955
223 913
826 69
992 132
155 438
170 995
550 736
473 645
1061 555
678 321
554 262
821 622
356 336
713 406
602 137
1100 1048
847 320
266 686
806 263
268 1010
808 357
672 15
291 1089
336 844
923 667
131 341
695 225
571 1063
183 527
1073 766
585 888
130 394
807 875
1035 684
470 257
214 725
1120 109
373 1023
453 407
283 1048
5 622
521 1065
34 788
1000 444
776 91
165 123
367 377
128 870
412 1072
232 224
82 519
950 339
879 663
657 1014
533 350
798 452
870 749
640 6
816 519
854 1039
1014 284
691 310
920 121
238 140
725 363
171 161
929 129
580 935
762 939
948 575
572 360
5 783
331 30
384 948
770 613
718 940
129 140
461 1111
813 631
416 1005
295 36
890 566
203 330
1016 358
748 270
198 95
477 307
632 522
594 1100
897 188
776 625
152 859
998 415
1041 262
1010 1018
526 858
580 278
255 570
1076 69
103 1020
1000 812
743 615
357 807
59 235
160 635
572 356
353 629
873 418
795 817
233 618
910 441
172 81
521 776
257 1122
212 186
19 47
505 460
576 661
317 461
390 313
299 504
119 1047
499 374
1091 264
955 776
300 890
718 201
606 602
764 656
456 247
449 277
906 102
164 692
287 438
487 555
701 400
341 198
139 698
893 1091
692 472
792 845
770 290
1049 192
620 367
936 368
923 55
170 237
426 441
888 1005
709 717
752 522
373 973
332 424
225 917
263 611
930 153
193 5
939 248
564 929
1055 344
319 822
452 911
624 764
349 722
502 0
859 169
193 1031
552 738
676 573
127 179
130 469
31 499
183 860
911 548
696 213
609 1002
1054 213
170 806
142 178
210 774
938 693
783 1105
445 470
151 156
704 823
799 462
57 590
978 654
1015 104
854 640
430 840
400 174
332 914
693 769
948 366
432 1088
537 211
835 198
175 1021
875 637
206 140
279 209
1010 873
871 883
426 17
528 285
748 979
322 87
232 318
269 560
193 839
501 840
717 898
1053 343
604 465
711 591
815 331
129 1015
970 986
705 999
596 831
621 314
189 819
241 386
867 971
27 535
358 677
52 147
846 426
943 970
147 333
278 70
18 949
932 361
713 1086
246 404
782 731
973 845
280 251
1040 951
476 919
773 733
386 34
533 252
1025 564
376 327
405 762
258 532
727 172
311 1113
1016 584
77 290
590 254
232 945
662 743
134 559
964 826
244 593
966 32
696 330
211 6
344 758
267 821
538 865
822 798
692 891
521 599
482 344
482 763
1023 456
572 907
629 378
677 372
561 687
786 487
261 804
748 523
383 290
995 498
753 235
853 154
434 864
261 435
373 832
1053 448
984 217
433 95
72 473
870 1069
706 1025
571 870
748 786
495 808
637 905
348 247
209 791
430 225
137 561
733 46
259 417
316 944
549 871
130 709
675 297
324 85
912 924
169 113
533 574
102 583
250 189
711 152
21 807
498 1110
513 651
314 739
722 833
832 696
700 396
279 550
310 566
102 37
260 122
913 368
161 959
987 974
350 707
645 380
201 168
762 612
866 311
197 708
471 524
532 395
111 426
883 526
489 188
801 614
997 807
213 715
374 845
467 520
873 707
641 1004
369 583
944 533
628 443
698 692
994 679
578 804
516 712
318 315
728 94
604 83
762 973
34 235
901 207
919 187
59 485
194 262
1090 396
295 963
944 609
22 544
156 443
704 986
989 202
773 922
119 706
1108 129
685 658
789 875
119 205
848 240
156 336
207 645
642 377
859 1003
1084 912
993 103
399 1007
809 22
689 297
816 399
174 401
679 159
613 762
892 280
362 354
553 172
341 945
1078 467
378 605
430 631
289 133
463 760
405 267
719 416
488 783
785 235
414 1081
476 332
330 796
606 1000
684 818
418 476
404 421
694 1111
626 446
680 847
504 393
743 349
216 91
321 862
978 418
310 1014
177 374
635 160
772 460
669 310
1023 104
841 35
746 222
287 357
691 951
207 898
135 696
284 536
598 1088
562 345
407 503
148 303
304 1045
823 411
1019 320
948 503
825 682
165 588
512 256
309 162
899 527
686 584
807 711
11 623
1110 552
394 250
231 190
721 285
992 447
538 550
151 925
57 408
81 802
704 159
828 821
959 314
288 638
721 785
353 571
381 373
203 633
389 440
914 253
505 951
1071 1052
19 1064
736 265
857 867
1119 134
155 515
1096 163
902 434
968 650
943 957
1116 222
728 326
763 474
934 123
96 472
35 983
7 1005
909 393
222 429
119 25
863 862
581 352
139 951
756 446
729 24
993 677
927 77
688 532
413 533
251 957
537 661
969 616
775 8
794 1073
921 432
396 405
56 164
229 511
388 462
751 368
518 147
489 840
404 688
313 765
777 240
1029 947
901 227
412 725
986 1012
833 521
409 316
329 440
92 174
158 422
861 985
802 517
850 780
81 398
978 558
376 625
459 243
211 502
877 969
941 131
742 741
138 319
103 380
839 791
782 1029
832 95
877 738
113 220
843 580
415 489
545 316
685 1017
703 808
440 1104
655 363
892 919
30 1120
564 398
969 496
265 539
539 273
650 178
796 105
101 913
204 157
289 677
377 1034
830 658
281 949
333 85
229 271
1048 610
542 437
165 707
873 670
919 733
481 154
170 390
802 1051
261 215
285 771
1012 271
770 225
715 1040
554 835
795 577
469 791
787 168
786 854
892 713
109 765
222 687
329 8
713 580
223 539
1118 993
914 520
64 297
820 649
1090 437
68 634
681 986
209 370
328 463
990 419
938 446
351 1000
507 386
999 994
745 626
259 666
115 769
123 747
926 321
983 960
656 491
432 707
896 24
1016 872
703 321
946 536
665 698
518 358
763 692
180 401
535 986
159 374
235 308
1036 143
62 91
563 152
603 540
183 643
758 100
585 250
895 614
1106 2
474 1085
457 520
231 312
162 1037
858 2
601 930
627 1112
909 567
27 449
33 729
490 778
927 37
278 676
654 67
511 165
523 485
363 278
402 535
1120 766
279 510
572 502
154 1017
371 971
1095 231
151 866
711 203
262 510
646 270
790 882
910 1016
842 870
279 468
777 121
360 460
347 845
601 668
573 121
778 112
206 244
468 616
58 70
446 151
87 133
810 683
128 293
281 309
457 529
971 918
658 769
403 318
602 531
822 719
750 982
154 934
782 295
641 493
395 238
255 100
603 420
629 861
651 439
735 942
13 15
16 522
141 434
91 180
100 216
525 622
979 788
344 582
315 522
679 938
248 992
64 633
120 964
950 658
318 397
392 562
917 1099
576 1018
387 625
392 1032
129 767
649 34
1015 188
526 884
1120 369
252 838
856 638
331 886
664 655
64 785
127 256
36 8
663 710
145 107
485 808
1026 311
955 834
244 130
1115 1045
667 611
576 995
774 104
229 401
407 353
1068 164
605 1118
730 776
355 1106
876 714
233 296
584 229
625 1016
701 567
657 760
80 999
638 749
583 425
504 496
134 229
171 769
702 1077
84 870
888 607
13 575
807 961
966 688
829 419
670 152
294 906
656 891
311 795
161 519
859 672
793 440
1111 966
737 481
757 200
1057 781
587 538
747 586
197 274
827 138
333 1065
1103 833
604 198
665 227
249 152
1067 652
807 336
947 392
642 56
512 93
205 415
964 350
866 274
195 923
509 129
1099 175
406 973
845 276
409 151
908 215
833 838
772 626
205 812
609 342
633 648
976 156
432 1096
37 289
784 1072
94 743
726 287
576 1103
915 407
673 741
436 627
81 991
118 717
716 915
284 870
675 681
804 994
537 199
815 77
360 987
494 1115
413 411
1099 79
773 779
877 379
625 821
533 999
956 374
706 982
939 130
214 870
801 605
416 846
51 774
1023 367
1018 1045
901 636
566 781
909 510
378 504
823 853
743 337
1007 593
453 881
584 904
881 581
933 234
619 568
21 679
934 940
764 314
193 793
860 553
403 613
173 1067
583 345
986 45
969 121
292 931
673 872