485 591
221 305
269 263
168 364
462 615
676 971
957 411
1037 551
716 356
726 944
881 185
976 928
585 863
284 668
57 287
393 1050
790 453
994 727
1048 522
739 318
487 771
409 922
1007 801
144 139
468 468
1016 238
656 371
104 415
660 273
358 203
139 846
998 879
1112 314
850 626
265 154
589 781
403 1047
1004 73
78 608
629 1019
562 581
401 688
761 584
560 844
604 519
370 1092
56 186
793 165
581 739
501 1118
733 329
196 749
345 258
771 512
634 966
544 800
622 193
753 106
123 896
739 321
136 545
151 1005
134 756
290 1123
302 601
364 41
843 608
991 929
449 132
615 481
429 219
1085 163
492 876
599 631
726 261
963 326
15 325
317 528
277 536
221 851
164 358
1013 777
301 923
278 719
670 133
481 292
190 815
876 810
661 305
357 906
761 722
887 144
778 861
444 713
212 91
894 700
166 431
225 171
261 389
605 1063
452 750
791 285
27 514
313 349
917 473
138 70
332 496
719 169
380 538
844 150
282 728
598 358
819 750
601 1035
126 562
412 482
1050 422
51 584
485 201
40 486
531 424
406 468
464 317
447 297
493 8
85 414
653 708
267 471
882 521
980 510
930 605
1011 970
839 662
699 761
982 607
234 876
628 587
74 348
148 543
611 880
740 883
335 214
617 569
606 731
1000 250
185 946
392 594
846 371
1002 932
57 198
928 980
289 263
671 357
204 6
413 513
903 750
560 863
898 515
429 365
204 758
175 232
314 1071
937 377
209 479
842 833
820 180
289 28
1083 990
193 577
717 476
374 584
900 795
134 720
439 955
491 223
667 563
316 364
1022 534
330 827
560 989
773 167
52 910
777 913
274 938
511 934
373 862
835 393
784 6
577 652
1092 312
652 920
577 1111
347 877
149 176
18 767
1123 871
930 995
545 910
1011 41
704 786
964 125
277 605
365 426
816 879
674 195
402 707
567 2
652 174
100 979
47 414
288 488
959 683
1012 824
610 714
646 914
703 192
948 1006
787 993
283 917
972 368
1016 789
762 123
361 514
806 317
476 903
404 892
371 558
554 851
420 898
193 199
351 456
925 858
950 511
721 556
1016 902
165 977
350 899
690 273
811 164
26 909
334 1057
708 971
138 740
134 773
546 949
261 427
998 542
733 216
56 185
637 646
621 741
1121 72
253 500
948 1081
644 1071
575 484
434 118
223 402
667 582
889 803
890 664
759 292
212 55
814 501
989 101
897 892
605 794
294 1116
367 1114
967 57
637 779
1091 15
908 898
85 1012
1023 617
121 554
658 321
157 203
474 879
310 981
141 203
852 212
881 249
683 497
227 1066
178 48
542 926
781 913
709 779
182 569
968 547
161 869
336 184
608 855
849 134
352 36
628 144
541 921
84 936
435 1099
698 108
79 794
110 181
161 884
361 841
202 322
758 956
152 819
341 568
168 272
994 260
716 261
696 736
886 973
973 720
948 877
35 506
805 801
117 81
907 127
671 468
858 638
1007 653
436 595
401 136
798 51
1123 139
710 404
478 898
1070 695
934 250
501 1078
217 276
44 694
263 955
167 764
1004 517
812 308
887 526
304 469
493 959
232 201
819 439
18 665
626 957
133 234
672 727
498 662
765 417
124 524
460 195
573 1010
311 195
546 724
553 417
88 307
849 989
368 612
130 316
737 1001
412 121
307 1059
522 506
363 347
280 851
1005 246
298 616
661 1000
543 168
442 177
1036 175
240 53
187 561
284 1063
203 648
217 688
898 29
608 686
41 545
252 265
434 693
567 412
608 498
1016 550
533 217
518 500
297 195
716 304
359 622
694 570
1008 688
475 162
107 788
100 435
840 937
793 252
120 780
130 858
117 496
172 887
852 591
300 184
392 158
356 941
679 217
772 169
760 752
208 584
928 771
167 602
168 687
390 680
455 119
134 187
626 742
762 95
818 865
550 843
446 197
812 551
678 516
624 1006
370 618
742 972
842 661
778 231
922 870
271 1113
300 732
267 889
863 828
631 872
442 122
275 483
1066 972
524 906
1097 414
481 646
212 503
386 502
658 368
315 425
94 513
1116 922
938 526
602 169
237 347
945 955
1059 865
187 749
637 1018
37 385
953 400
1023 199
1020 1038
1105 108
766 571
163 425
641 712
274 153
1114 963
265 594
551 973
594 317
966 764
238 434
608 781
225 435
1088 960
242 33
669 156
1010 949
984 992
835 931
620 471
27 222
877 554
498 699
530 276
453 730
694 852
348 435
351 371
905 455
973 530
930 187
661 631
844 765
355 358
169 654
384 440
1057 492
578 301
1099 975
269 860
813 631
496 466
997 446
481 659
870 870
513 640
631 663
123 280
917 1113
621 342
575 837
398 924
434 902
10 586
398 1011
543 969
564 764
157 1086
585 624
490 688
958 497
993 536
665 589
950 944
68 131
29 759
827 280
407 971
184 337
805 156
897 368
81 140
549 275
833 654
848 751
803 673
987 485
406 285
176 177
763 992
1005 1008
280 273
447 461
166 719
945 1098
450 833
1086 868
533 69
216 577
451 668
298 977
138 507
772 654
1098 803
804 634
241 764
532 75
837 653
442 652
194 291
327 67
834 362
556 716
446 670
133 146
833 255
103 1015
816 633
128 623
876 753
478 1007
373 511
1093 954
657 593
636 256
1012 667
265 1010
212 525
227 378
927 511
1028 843
700 368
816 765
368 688
921 981
134 989
132 848
308 139
864 854
834 840
941 200
642 180
395 967
51 51
43 226
703 208
141 243
964 214
371 534
849 22
466 580
129 584
895 163
311 828
589 1000
735 1112
692 599
953 577
1045 876
384 821
1100 842
573 503
504 342
778 824
66 991
220 243
283 271
451 802
216 320
384 198
992 837
914 104
1083 365
1116 265
258 222
836 988
14 412
724 641
125 826
265 946
611 730
775 645
984 1022
1003 164
533 32
552 682
469 231
254 994
370 850
1076 341
84 952
781 1052
185 275
451 436
417 678
215 935
504 954
783 378
437 173
256 349
960 331
1120 55
789 135
657 302
423 148
776 898
391 450
592 1032
21 837
1115 502
662 227
767 515
1079 666
116 313
530 209
607 822
416 631
135 905
658 316
304 498
667 504
323 536
481 361
168 223
106 983
711 692
421 119
681 955
138 971
1096 299
407 48
145 22
284 761
206 469
489 45
646 376
558 904
846 522
683 911
406 642
640 797
749 176
279 111
730 777
968 895
264 433
505 520
680 766
286 333
148 282
3 482
951 647
1040 840
939 202
441 510
931 224
416 660
394 304
774 782
890 259
65 339
789 836
1070 164
1015 652
429 455
848 41
654 662
652 681
426 638
681 960
687 682
342 649
400 613
423 452
576 733
1044 147
189 635
258 504
335 906
945 1099
721 483
656 668
688 364
141 226
762 1017
106 617
838 101
254 573
73 695
821 500
136 422
977 898
540 934
204 290
249 4
1075 1023
626 757
859 1065
1108 192
835 478
234 861
922 1007
980 727
464 149
756 465
639 157
389 561
692 388
1046 28
163 391
978 664
633 1077
248 376
211 847
922 346
180 963
160 471
574 1016
519 423
429 601
408 894
330 757
997 1058
24 773
619 458
151 655
176 983
195 944
267 838
436 236
333 975
395 152
238 132
609 717
133 278
837 1088
668 1091
255 792
395 743
901 746
619 455
42 101
777 112
353 803
915 103
939 628
439 218
753 999
827 150
167 757
864 773
375 250
218 723
1074 309
543 3
130 670
838 825
105 137
1107 525
295 342
953 365
789 450
251 626
969 280
102 789
956 238
639 226
602 111
281 344
788 115
481 511
663 5
932 124
982 903
629 596
648 711
803 671
305 842
973 367
508 786
729 1027
1033 1121
226 446
155 647
672 78
772 1020
441 774
334 395
534 241
129 200
682 40
162 641
346 573
778 219
521 888
23 1118
571 459
626 980
304 320
541 674
873 733
61 275
631 763
44 21
194 1109
1002 947
584 388
752 713
487 690
422 446
663 518
987 257
124 404
128 1019
687 713
659 578
299 557
574 641
175 204
700 782
138 462
558 203
822 949
410 176
336 1122
276 83
588 961
886 424
172 548
58 617
918 730
230 948
318 529
1048 689
221 860
132 603
540 722
437 1063
84 663
694 615
543 415
559 777
286 849
15 375
915 713
395 132
457 65
498 874
298 134
182 453
1026 661
268 615
586 930
644 604
586 436
20 470
474 689
805 411
322 1100
937 152
505 232
220 950
604 751
260 331
536 361
904 240
888 799
989 775
986 589
579 608
908 196
572 188
331 21
256 927
1120 1053
849 560
926 425
878 763
587 652
863 150
446 345
279 205
500 417
126 67
406 539
239 635
1042 912
269 376
313 468
575 1014
473 908
48 108
1123 563
16 765
963 703
502 815
741 636
661 941
455 709
633 646
581 748
667 487
501 853
642 150
1004 997
793 762
215 255
873 1008
686 819
136 695
154 818
946 793
997 763
97 281
663 817
339 919
647 93
160 58
555 607
708 728
427 668
564 673
420 254
199 966
552 361
927 893
93 907
648 791
599 254
385 82
550 333
708 747
924 930
309 887
777 970
285 883
448 528
492 1094
135 996
1040 373
450 737
1017 331
437 883
403 201
945 663
532 672
367 739
536 1007
468 855
471 748
724 800
892 302
146 963
944 222
35 677