515 118
166 365
375 451
839 142
352 413
600 1076
534 371
141 512
1079 257
188 31
898 820
614 414
636 598
924 261
442 785
548 886
647 159
469 812
803 976
96 671
206 209
1000 571
970 904
371 517
758 639
809 385
292 947
510 1043
794 683
915 747
1017 1049
1030 629
417 972
411 789
381 473
821 276
447 489
825 981
25 378
847 588
284 915
50 686
503 752
138 709
894 808
944 130
536 936
971 748
245 289
968 334
652 293
74 113
867 430
531 767
105 279
802 570
656 419
838 833
722 821
338 183
505 661
954 1056
327 494
89 654
80 679
540 610
89 829
427 638
1049 972
910 612
398 488
466 315
991 681
644 610
1 831
1114 951
64 1033
56 347
485 907
161 86
884 487
191 281
235 104
512 368
855 271
386 574
49 366
880 947
49 109
342 825
1003 918
694 967
559 516
596 122
169 519
296 281
783 328
353 666
717 336
429 721
173 1093
423 279
526 242
933 13
119 1110
147 237
469 717
482 436
450 622
949 124
352 964
632 962
583 691
995 12
291 27
734 450
672 1118
118 588
140 320
623 655
194 1084
139 980
870 811
647 699
802 631
35 361
275 1035
15 135
133 175
3 187
1110 156
1084 625
955 322
949 336
896 482
428 3
611 264
5 540
957 553
723 508
409 561
806 531
164 713
768 530
427 900
1043 1065
622 59
521 431
644 730
221 1109
913 215
931 877
757 655
483 698
971 260
267 288
790 352
326 705
396 391
846 777
650 569
745 926
373 97
639 804
387 268
679 418
892 238
871 346
511 238
476 214
843 719
252 464
826 248
907 882
98 934
323 533
868 473
495 618
880 458
128 111
833 346
490 769
168 110
650 1072
778 473
857 234
581 673
452 1017
756 960
797 1071
141 110
266 478
898 778
323 909
296 992
1014 850
32 740
269 762
490 865
179 87
413 345
176 550
192 707
593 341
741 718
164 711
194 672
831 268
811 180
79 80
263 520
171 347
723 176
234 573
1002 839
1122 821
1039 663
1034 574
709 178
710 430
764 810
648 832
936 76
982 792
650 1056
442 930
885 599
249 1042
579 704
1080 490
1005 467
563 181
108 554
615 129
1115 246
982 280
100 527
177 449
438 332
819 1078
454 277
1076 226
407 565
523 1041
453 477
351 926
701 161
110 446
475 251
816 55
217 865
635 797
1029 139
712 374
133 277
514 275
841 410
292 125
215 125
649 1079
788 818
806 352
718 323
347 57
271 1009
1027 1024
906 572
520 782
164 135
499 377
920 406
863 211
500 570
772 470
828 847
950 628
279 397
359 632
806 956
558 427
101 517
353 634
485 287
449 752
140 226
28 198
1015 675
190 209
663 700
507 765
205 307
972 320
235 882
489 890
717 602
55 158
774 413
987 548
772 834
114 398
164 155
937 817
399 695
515 1060
1011 869
985 501
407 430
686 545
184 172
628 973
162 985
799 442
708 706
392 948
746 711
727 494
659 190
932 561
381 1026
1114 371
472 481
583 999
859 22
880 882
1047 703
209 440
1066 751
816 423
220 590
23 837
657 790
8 449
760 397
980 525
462 292
356 984
71 981
171 506
232 615
859 762
126 974
710 454
1008 314
579 269
118 311
1002 184
514 764
545 343
452 413
0 320
773 933
7 121
297 1004
430 1083
385 755
949 49
893 89
268 956
156 1026
837 786
151 436
440 394
435 696
206 600
801 950
1010 580
341 487
949 783
617 972
952 170
368 483
455 157
921 560
155 483
211 1046
796 1025
295 222
193 225
1121 721
856 620
608 300
1041 366
871 819
532 578
334 1052
626 144
700 265
813 409
951 896
316 100
310 730
154 610
387 415
725 486
909 670
261 826
9 777
581 212
368 886
834 185
864 966
714 382
651 995
360 237
335 492
133 869
714 313
338 730
350 445
908 430
85 409
890 869
636 582
790 1019
338 902
854 286
456 434
554 1075
397 845
306 614
1015 884
1104 443
760 531
907 277
159 239
470 409
270 73
748 513
188 428
268 777
416 970
583 358
809 198
848 502
801 465
225 391
478 0
611 609
211 856
483 183
389 336
123 664
448 384
438 592
214 87
431 428
452 170
303 589
1008 715
270 343
564 214
707 23
358 886
136 822
1102 237
281 874
226 181
579 484
628 705
127 737
378 467
647 381
114 654
1033 104
516 523
211 537
204 452
706 900
392 361
438 471
775 314
533 726
463 8
142 678
420 986
861 1069
390 997
541 307
203 18
481 1086
748 524
870 328
367 803
413 986
1013 709
1061 886
185 680
731 931
194 865
532 211
147 772
203 1061
247 791
375 278
318 407
767 698
819 213
401 742
172 762
507 733
6 342
28 711
717 927
503 602
904 743
574 300
924 121
84 424
651 1000
670 867
673 344
939 165
572 849
179 58
517 531
302 921
164 298
821 603
790 645
1093 833
329 274
98 319
711 916
322 692
19 185
347 648
851 958
681 1010
496 614
972 471
289 757
797 209
810 328
663 1115
1063 452
249 896
279 714
682 85
538 961
568 156
867 120
372 685
900 304
205 1020
379 763
364 791
431 1095
116 146
679 75
650 751
253 422
355 960
384 838
660 285
416 484
106 975
623 504
435 1018
944 515
468 476
898 1019
763 108
494 563
791 672
157 761
374 20
191 746
300 169
505 305
50 669
351 242
720 500
210 1021
222 663
636 729
904 842
1008 1099
409 827
1071 832
1050 7
383 1034
467 936
524 69
670 739
616 594
818 772
352 769
130 180
469 571
127 710
160 781
46 43
294 725
174 171
1043 693
121 395
1077 646
234 946
619 341
1022 790
793 848
606 1032
568 845
376 816
662 889
797 96
886 403
539 729
979 287
187 713
323 742
608 824
887 517
145 549
698 710
577 616
291 1122
125 1014
180 744
711 894
507 308
319 988
422 90
837 508
286 564
486 917
171 507
564 721
412 872
497 1012
512 827
385 5
512 626
559 234
827 528
113 294
963 633
975 323
331 683
866 59
620 218
800 635
690 966
391 867
1001 1056
979 508
1040 1092
896 978
865 616
180 153
146 217
131 738
118 996
500 203
499 710
404 1103
871 345
778 163
508 453
214 946
228 673
157 603
125 230
292 184
677 298
92 644
608 125
414 121
155 637
54 655
167 827
549 352
406 696
458 978
820 288
994 458
251 501
409 141
250 903
243 926
354 241
847 711
132 919
104 681
197 638
413 698
623 849
348 55
255 514
1018 341
320 894
581 887
261 1118
1005 998
142 657
676 623
144 696
173 533
766 687
439 446
327 887
561 1008
82 310
869 378
592 766
1000 566
910 562
885 940
316 865
355 781
248 526
539 719
182 353
606 908
11 666
257 828
724 1064
507 744
947 626
220 802
686 1010
606 245
860 677
565 326
135 969
306 939
286 894
768 839
748 713
906 222
418 750
224 623
585 1007
1 827
139 1013
984 983
256 328
1059 190
635 574
700 585
259 355
289 701
1065 148
403 865
699 902
793 40
604 865
463 474
814 830
844 241
241 562
595 527
46 485
511 697
431 1082
740 2
861 823
1002 618
620 431
400 485
938 850
820 74
830 151
345 145
928 221
996 539
402 248
869 262
222 183
850 1037
769 131
312 737
542 352
84 220
292 1048
319 472
111 673
961 475
495 828
712 604
529 226
466 770
1105 227
4 992
831 351
660 33
120 511
660 1095
973 124
903 57
206 1051
468 549
600 223
770 1
750 974
703 785
417 86
508 100
674 167
421 585
401 938
1005 356
542 65
64 268
755 573
459 682
721 351
159 945
1017 417
93 408
460 725
238 568
181 370
204 366
1094 946
44 101
35 863
301 950
1015 178
900 761
536 151
280 130
24 655
500 263
332 240
492 687
356 329
729 202
886 766
745 451
780 282
197 974
565 996
1020 95
527 185
212 667
157 925
646 562
1043 329
656 558
214 934
349 391
620 258
968 657
119 568
890 793
425 326
269 333
793 930
962 301
108 339
576 693
822 823
29 515
331 449
349 495
689 552
786 405
737 493
772 232
161 434
649 11
888 977
1014 567
781 611
767 68
921 1119
944 485
205 770
774 1119
754 787
1 15
594 1120
962 1075
214 110
727 156
122 795
925 159
800 906
810 440
97 493
475 717
697 824
688 606
437 474
1095 128
1041 689
546 792
887 389
685 708
498 598
354 233
545 789
478 749
632 614
35 773
1110 70
943 531
1079 212
153 532
683 135
585 506
230 34
386 595
372 784
419 1027
898 494
845 754
444 860
820 456
992 531
635 150
121 1018
361 725
313 994
801 656
661 381
613 246
1004 488
775 966
992 487
60 261
508 434
557 93
331 1020
1063 873
903 653
589 964
594 209
979 1031
620 759
674 853
143 966
865 954
898 47
823 504
692 579
160 632
359 556
120 634
861 570
831 22
717 808
324 808
870 911
947 648
529 890
466 47
712 932
647 742
688 539
457 662
44 206
1095 16
459 557
456 1091
73 488
516 393
682 901
454 359
161 574
467 578
631 723
11 529
930 165
414 693
125 989
161 898
282 846
1041 246
817 1022
403 615
245 757
1086 830
643 768
454 828
167 104
762 1118
223 768
439 472
464 464
749 443
1009 532
211 425
359 107
710 82
1043 183
627 263
413 962
597 137
85 603
956 366
129 467
1007 545
279 937
788 351
1083 191
830 1001
927 521
603 1007