1018 262
842 949
242 154
1047 233
762 923
519 393
404 336
735 773
1123 378
754 741
285 420
614 897
433 499
468 685
737 930
270 468
562 971
563 397
250 947
330 222
485 999
88 1018
1015 124
783 627
71 505
928 758
732 436
946 612
874 484
907 585
687 631
111 628
813 62
624 1070
765 867
578 455
271 1025
935 652
198 519
1048 605
827 664
477 202
549 32
986 203
187 856
180 410
960 44
307 437
512 837
872 569
466 1001
529 258
1000 241
827 357
878 83
228 222
909 131
625 595
711 302
994 68
163 304
997 710
991 810
416 159
563 458
51 759
818 460
672 79
761 1003
252 691
524 681
133 666
614 125
549 153
131 458
343 762
1087 852
231 1013
948 949
1024 505
802 550
761 150
482 100
79 344
810 907
786 1011
558 246
121 444
423 209
447 798
839 493
735 959
957 723
1027 316
676 1051
665 620
220 236
434 11
380 323
363 202
441 722
613 303
213 195
935 1002
546 103
689 141
120 930
844 571
151 28
879 768
80 258
641 926
610 857
966 126
519 1063
314 825
193 937
861 220
309 369
638 413
534 676
969 526
543 709
644 533
438 762
549 1111
936 209
327 828
872 821
333 278
907 712
774 866
695 1015
290 212
562 584
196 909
877 245
969 549
579 969
201 759
438 763
60 1019
661 403
659 233
712 612
111 751
447 628
533 205
45 420
604 287
209 9
964 979
659 959
728 484
1103 609
373 446
772 806
443 406
447 714
229 814
327 240
548 1003
815 557
141 621
523 543
883 148
419 708
222 707
397 361
421 650
423 724
466 622
963 606
988 36
227 447
293 534
717 115
396 645
432 650
289 709
1102 188
463 263
130 448
762 346
230 221
858 351
916 491
179 84
806 400
102 890
959 320
483 773
23 291
368 18
331 453
941 35
436 574
153 627
28 555
1068 717
288 353
478 497
92 430
700 480
1046 1102
849 264
346 211
711 871
888 775
670 191
519 937
217 521
708 729
375 530
378 398
752 694
906 896
209 388
335 847
420 627
1006 639
805 791
189 252
337 415
905 585
456 131
735 188
824 451
1030 602
211 945
670 599
722 234
612 32
1115 932
300 747
177 741
445 66
586 773
249 229
617 538
979 769
916 1079
773 274
712 816
516 683
275 595
417 743
1051 739
512 553
788 851
448 460
470 502
773 219
584 730
249 179
415 1084
989 533
364 574
648 321
660 144
323 1005
353 778
633 1108
785 602
411 131
612 473
272 376
604 439
57 214
1095 775
995 757
552 688
816 352
758 211
232 63
673 906
792 308
612 568
310 773
505 501
136 535
451 839
295 162
905 661
763 828
511 470
798 1071
586 62
340 392
772 394
823 1108
1 455
597 906
227 1030
734 149
516 1117
294 813
818 248
1035 179
826 155
469 933
569 430
628 714
771 298
464 709
957 19
388 447
49 239
108 553
808 834
1043 467
216 363
352 650
703 734
964 786
623 535
210 731
843 460
44 300
637 354
45 511
449 161
378 428
985 625
486 798
730 39
202 180
499 1076
194 987
859 514
409 295
548 123
913 659
926 121
430 447
798 777
1010 1054
512 976
98 830
298 262
769 83
865 37
900 659
615 739
718 707
303 289
758 90
110 1060
56 255
571 977
653 878
120 585
758 523
650 111
181 685
522 383
248 944
357 867
330 434
990 797
783 1006
969 815
832 457
1051 1004
673 518
1096 137
124 790
213 969
470 173
551 177
139 780
727 987
1002 180
526 483
804 133
435 526
395 513
1115 781
930 956
1057 916
1027 807
831 593
643 493
636 51
403 236
503 564
438 882
451 696
1118 126
964 61
537 884
254 107
79 679
940 676
189 432
454 43
646 902
311 829
607 945
949 45
956 944
442 1066
200 552
628 713
733 665
431 554
818 698
182 45
796 900
123 797
354 119
596 288
221 974
647 373
758 427
860 96
900 482
832 816
190 171
1072 860
1007 202
1079 946
886 839
757 811
193 228
426 416
593 602
678 637
497 595
249 534
883 75
433 755
485 825
178 890
153 899
581 500
1051 923
965 1063
1006 251
434 590
511 654
416 722
951 460
327 518
925 529
356 701
1064 1008
924 560
372 1070
646 119
524 1063
1006 997
1001 979
1023 203
418 350
929 718
166 264
1029 577
508 424
913 713
688 804
96 809
594 261
493 926
144 536
37 366
290 684
579 849
994 930
1039 455
191 512
619 580
629 411
577 817
453 1038
367 904
433 554
565 619
600 624
1100 133
824 254
1088 225
481 872
480 480
142 466
859 835
481 980
970 214
60 591
252 814
698 902
157 168
809 779
427 1003
483 289
453 940
1021 1020
437 749
867 164
877 313
628 351
333 140
113 310
1111 780
188 174
358 314
198 832
623 1007
416 432
1034 700
454 248
816 923
81 453
838 497
123 1116
1114 589
263 853
395 224
553 539
906 911
965 221
231 669
528 913
821 491
119 512
794 412
265 828
570 1116
109 611
954 245
615 736
655 212
1040 1017
1087 555
862 478
760 695
278 775
759 360
258 480
291 350
98 652
291 157
585 62
969 662
985 913
472 74
540 48
940 151
214 477
624 150
1023 883
291 812
862 433
918 758
255 918
22 18
1099 907
749 380
834 125
739 113
542 818
106 1058
931 485
861 211
247 969
933 73
686 822
597 918
962 739
909 314
431 538
268 1074
1035 493
961 333
350 322
318 532
708 946
567 26
181 658
262 411
250 91
776 364
862 796
1080 302
971 137
522 314
769 724
686 203
461 410
869 1047
110 1050
564 233
338 870
519 499
1047 686
728 286
945 286
640 39
657 128
878 218
195 647
158 633
53 321
525 161
835 635
547 34
285 522
143 853
337 360
138 181
354 669
277 259
712 975
661 989
336 932
733 114
141 198
1010 574
920 576
251 279
879 430
561 342
548 379
313 706
584 494
920 335
141 843
775 844
418 374
463 223
649 252
759 494
274 686
109 473
113 88
194 1013
218 886
505 241
964 23
533 506
1102 418
345 116
470 913
856 79
640 398
150 1009
343 611
355 521
765 425
206 941
199 241
636 199
524 343
833 133
259 637
603 65
321 604
261 322
270 1067
806 916
946 5
979 315
713 1000
189 344
1077 540
319 227
675 222
1015 538
396 1054
819 185
595 225
335 1056
594 258
516 216
592 275
264 404
1122 829
844 810
1120 128
797 819
355 624
623 675
911 102
905 818
483 78
790 983
639 707
229 289
635 432
815 780
419 720
889 537
631 946
714 790
1105 134
447 580
682 909
901 533
780 977
492 1042
542 203
338 892
631 362
869 555
326 137
468 216
94 309
803 631
537 112
949 1016
323 763
495 928
759 605
619 388
424 265
291 642
986 604
175 356
730 101
791 998
568 407
692 1120
460 836
1077 720
913 276
246 945
621 533
625 675
177 966
704 625
972 244
226 951
318 375
772 675
943 440
579 410
554 276
688 1021
356 842
1011 211
933 416
819 559
681 494
885 241
352 176
772 136
476 986
901 228
805 237
652 160
596 971
817 1037
183 741
686 728
813 645
421 698
639 866
406 368
952 1000
735 949
269 898
1023 242
417 773
268 678
191 167
956 580
463 841
381 299
738 884
728 966
817 931
147 76
624 525
774 1
361 844
248 166
443 167
609 212
226 1018
755 449
107 387
429 406
373 629
1000 728
999 665
669 1013
711 523
841 776
1123 486
1002 521
279 263
518 699
119 452
827 345
621 772
718 193
415 987
439 458
472 662
748 479
188 746
1060 621
373 961
835 191
828 895
364 620
555 366
887 716
1096 35
779 709
769 510
109 304
1003 120
418 294
929 798
543 390
234 337
1063 412
227 853
665 1121
293 416
691 289
216 233
617 244
183 909
506 357
972 882
953 559
468 1103
327 500
885 423
527 344
491 228
997 1079
462 785
40 917
881 416
775 636
967 468
454 471
809 646
865 31
311 721
1008 1004
485 616
876 240
702 708
370 921
834 141
550 205
905 179
858 926
680 134
624 1017
302 272
1024 943
840 792
166 222
772 100
751 824
222 839
634 66
550 378
674 115
216 533
410 697
942 166
888 855
807 837
1014 433
230 486
401 837
249 750
811 641
642 339
491 274
179 367
954 873
103 1071
941 141
843 481
25 291
50 719
971 820
501 802
673 976
407 214
588 335
682 170
798 120
498 837
370 788
1101 579
1107 438
959 656
790 1072
921 1098
971 479
801 293
565 765
817 495
409 639
607 559
1012 118
925 729
489 809
609 909
922 773
34 642
604 465
129 827
785 293
515 569
112 1039
740 442
1000 72
844 411
838 486
585 268
723 481
799 322
778 768
214 553
425 1107
785 958
1055 355
471 613
486 977
125 260
984 79
141 359
715 790
784 647
560 557
218 419
816 618
661 748
363 317
218 193
125 737
715 227
611 361
1072 809
476 1055
930 789
1068 723
427 627
185 270
750 842
351 891
938 1121
339 679
997 479
1075 808
1008 124
789 238
815 958
111 10
1110 504
1042 758
181 564
778 823
241 568
844 160
878 676
220 757
815 718
488 321
925 866
330 884
166 46
365 546
238 603
573 879
755 823
1093 254
113 727
99 686
6 881
1019 287
281 805
109 363
504 634
911 224
64 0
216 1019
867 595
205 548
545 1003
900 448
128 335
862 734
427 600
328 233
631 151
186 648
119 965
988 806
269 88
305 637