965 821
265 740
275 103
305 708
57 475
982 416
1085 739
694 902
259 352
431 1109
953 715
686 436
939 928
163 1094
570 629
260 1051
634 390
248 105
449 29
659 1012
926 411
952 1000
1015 330
1059 1032
246 800
159 961
589 346
813 492
657 404
654 429
109 663
127 450
136 493
475 459
193 433
705 246
49 444
671 504
266 709
209 48
833 40
870 996
954 206
997 1122
992 898
1075 112
577 582
955 916
375 337
633 864
616 712
852 337
125 771
243 1021
845 957
626 787
437 1058
613 283
131 674
968 191
497 900
296 364
906 451
286 981
764 297
146 201
3 783
450 961
362 763
668 528
250 748
684 747
980 245
530 986
80 448
795 500
746 611
358 702
988 729
58 687
534 928
542 181
8 258
768 12
1075 360
706 813
690 117
993 129
901 138
1007 893
462 100
43 119
677 651
534 624
307 779
653 201
837 972
957 620
144 299
115 752
257 215
653 844
381 690
248 828
822 70
138 375
608 161
658 464
601 968
175 1074
651 553
194 717
805 742
479 302
927 385
709 768
39 11
101 1019
613 664
132 929
553 117
341 200
429 478
922 600
46 935
840 536
333 535
1073 416
225 228
596 1035
304 731
856 4
654 439
882 354
623 744
383 654
617 222
622 508
388 901
137 783
727 730
571 991
163 833
914 302
1033 928
220 587
331 451
503 210
114 554
700 937
678 383
512 934
289 136
1023 569
1062 29
681 925
317 511
847 485
882 104
316 732
1052 226
224 719
1015 714
485 202
624 870
331 338
1040 720
323 532
371 378
415 548
222 941
717 938
693 497
75 561
802 724
746 787
847 511
590 262
139 1081
632 405
272 192
712 886
251 439
560 526
553 254
182 333
1010 906
581 455
928 887
761 566
393 531
1009 635
299 996
711 55
594 461
747 219
37 833
1113 231
452 425
695 1052
204 924
580 186
175 666
709 809
755 775
624 60
844 430
542 443
311 244
436 741
949 243
998 587
387 481
456 162
467 641
477 953
740 58
817 76
984 112
169 345
445 937
136 300
820 358
653 379
910 875
291 221
248 142
281 1055
529 209
987 416
321 691
1000 265
504 451
165 626
310 714
1009 1009
896 673
761 109
137 644
902 614
627 959
150 360
244 369
1032 357
886 562
828 1000
318 399
517 695
913 829
648 1077
144 528
837 1104
981 370
572 274
573 917
850 608
545 728
1004 436
96 483
1019 992
283 831
786 307
556 303
465 601
310 815
1018 534
593 169
617 542
236 232
487 322
751 798
1079 597
544 559
492 200
967 354
606 100
1001 653
868 24
568 507
354 73
1102 227
291 1090
738 936
41 259
705 465
595 283
91 234
970 681
503 250
680 789
511 892
1038 634
102 740
828 160
197 91
689 1019
710 1057
924 991
197 843
673 815
179 285
696 59
1000 825
668 486
302 467
311 634
786 920
673 540
177 408
833 226
257 184
883 796
479 207
203 499
391 122
794 176
243 811
783 170
363 702
352 853
893 273
713 512
728 729
84 376
240 947
411 791
806 806
203 627
806 215
298 1039
401 818
422 530
731 342
286 154
629 533
605 347
1069 925
550 137
981 887
464 567
333 1064
818 838
471 1108
676 724
965 544
223 399
838 379
278 322
147 411
543 594
773 528
989 99
617 783
334 348
964 133
839 603
473 978
110 1000
540 182
288 187
477 915
700 998
881 477
607 967
80 1102
536 412
832 755
39 979
627 572
353 444
685 1087
947 639
361 244
119 724
252 551
806 240
698 312
103 370
1049 447
667 509
250 25
883 767
455 806
387 340
1075 1041
719 694
151 186
486 111
131 373
949 1043
294 182
422 488
162 341
330 866
485 651
76 426
236 545
567 195
288 276
568 654
502 241
960 1062
792 305
678 1073
943 709
336 636
687 293
584 637
738 596
740 703
896 712
537 69
591 813
923 838
690 896
144 170
740 200
749 513
400 696
314 182
492 1077
113 994
914 251
1068 328
571 282
789 907
945 125
518 854
220 564
633 740
145 945
934 686
64 762
956 821
508 486
233 143
758 581
862 67
631 986
570 640
125 661
524 1072
128 116
330 566
324 572
920 455
817 310
839 611
499 515
895 713
751 260
193 354
426 506
865 625
953 94
610 268
553 614
603 472
1012 1097
191 614
928 673
176 533
407 531
53 463
328 921
860 416
359 426
189 209
656 592
928 420
704 827
424 372
969 315
769 838
22 687
944 821
499 98
793 898
718 659
997 893
360 165
5 182
244 917
245 1009
828 526
69 548
193 1010
1048 929
101 568
1062 204
749 729
697 337
971 207
91 960
476 440
499 212
548 351
928 817
407 856
709 588
277 906
182 814
414 979
687 332
264 391
547 198
708 270
1102 454
157 917
750 993
383 878
172 636
269 188
871 1081
654 1002
725 435
142 934
1053 204
772 549
771 908
951 526
606 423
220 620
563 801
842 215
155 164
820 793
594 285
597 407
704 357
718 558
570 555
709 720
225 723
1034 457
177 904
599 695
656 432
134 689
161 745
743 350
1048 112
985 42
654 223
483 441
829 609
1010 397
362 935
810 859
873 445
937 174
674 761
217 873
921 426
164 836
1018 954
803 543
622 642
629 1
909 714
374 374
773 566
331 366
510 495
990 524
1023 402
138 541
488 1014
605 1037
682 155
221 397
467 858
645 939
310 290
529 997
946 356
607 585
776 915
362 382
366 408
775 533
490 649
227 86
513 729
203 73
849 532
384 735
681 439
464 490
566 623
158 679
656 25
135 234
342 556
334 87
175 293
204 581
626 186
141 822
888 327
754 201
568 369
590 226
570 564
221 197
824 144
369 356
421 205
761 576
495 208
136 559
291 995
312 541
863 1071
561 304
465 444
276 432
909 546
530 190
36 143
733 442
882 727
1115 335
412 522
876 819
1011 710
842 553
888 646
314 500
857 1016
804 800
955 254
280 1065
186 305
401 1008
429 113
10 996
174 1004
101 551
973 409
697 669
466 817
827 627
712 658
371 939
393 377
967 679
736 898
173 796
318 286
666 993
31 387
261 609
835 376
301 824
899 991
116 803
285 683
858 548
429 729
467 296
245 287
975 283
635 549
1042 367
808 277
492 963
193 875
701 1122
744 119
622 134
348 199
298 205
594 54
550 763
162 844
899 60
166 578
523 739
992 380
408 524
994 443
950 457
102 466
135 1012
679 702
487 930
927 793
207 326
786 729
432 302
1103 401
725 793
164 475
572 346
83 961
865 986
931 448
1120 569
1120 840
708 731
279 445
671 168
148 474
29 596
846 581
585 652
680 849
82 3
248 971
535 867
28 986
22 641
11 197
171 542
150 261
419 478
688 168
927 461
644 852
489 416
20 556
652 407
420 564
344 775
648 512
68 504
551 591
157 458
394 16
998 1012
712 568
927 564
298 540
1006 1068
897 592
832 815
614 683
879 103
349 315
1004 1025
190 851
414 385
721 778
101 764
496 752
632 482
414 650
928 588
717 183
661 183
624 884
728 766
610 118
253 947
202 699
793 1075
864 314
596 615
588 449
686 288
741 202
516 615
572 419
795 528
353 438
667 594
649 553
138 737
378 681
588 970
772 573
656 938
568 1023
877 574
577 286
645 125
977 777
345 853
1114 811
427 360
558 832
777 104
421 247
794 736
469 760
215 175
1025 571
730 475
269 350
364 487
749 967
241 794
861 238
954 415
956 928
721 1082
269 393
369 600
506 997
643 870
370 894
80 243
474 637
127 521
39 352
746 446
742 101
892 514
1007 962
369 396
215 38
278 135
804 152
316 404
654 700
589 570
955 541
711 57
363 1056
412 136
302 540
792 965
934 415
934 858
712 275
451 5
325 258
769 1010
828 182
273 419
775 197
557 209
847 618
396 1070
33 752
503 1055
394 459
86 387
64 543
706 333
137 806
540 262
647 702
737 166
958 512
365 263
211 6
290 903
430 909
1084 364
322 240
732 932
994 313
729 795
695 139
688 255
504 134
742 228
838 839
977 118
496 669
1123 265
1097 774
829 1059
616 353
733 552
24 237
826 32
865 619
1007 230
537 908
345 413
423 562
578 154
772 48
1018 736
620 182
262 185
289 882
103 971
493 1095
837 173
1001 420
434 268
396 113
161 476
1093 475
872 842
772 378
987 114
207 438
464 767
169 1086
1023 563
178 812
812 648
997 904
961 438
1023 438
702 599
1004 687
503 232
35 493
518 881
49 871
539 903
845 756
1082 410
1070 508
202 424
1098 802
691 276
697 1061
697 461
636 1106
646 489
265 913
371 916
263 365
22 378
341 315
488 835
484 905
341 926
853 377
324 574
644 694
238 339
199 58
222 387
534 650
149 964
491 114
685 942
1069 178
897 76
960 62
331 313
959 166
840 727
725 188
118 799
212 84
765 225
592 635
399 892
964 668
987 829
763 332
216 810
737 1090
724 719
946 1021
526 730
902 344
392 714
374 313
359 107
1022 163
5 787
37 3
610 612
218 169
65 349
543 245
594 696
999 648
658 300
203 386
212 110
1097 554
764 25
1120 310
800 85
975 74
795 229
988 136
862 697
832 608
687 1045
641 674
593 338
1043 76
163 362
379 682
326 211
220 11
193 909
875 530
178 1017
301 498
1082 777
927 36
139 259
470 507
813 325
327 668
293 864
801 755