631 128
295 925
597 140
338 936
310 347
979 458
728 874
482 566
265 142
734 723
166 572
616 60
666 444
960 893
870 929
1035 504
161 139
375 251
619 352
668 387
38 747
739 642
745 428
167 473
923 292
234 516
500 332
1042 540
892 564
885 532
642 847
619 189
938 659
778 655
238 578
405 850
318 955
912 414
992 743
271 427
95 217
942 33
971 462
192 745
384 214
892 42
855 728
300 293
889 1122
991 435
1009 952
38 627
260 378
322 541
497 394
636 769
317 984
888 563
345 584
371 968
471 877
219 967
847 939
664 52
972 76
864 759
283 918
139 166
409 529
801 524
892 809
668 243
964 841
393 218
775 164
293 740
224 262
811 274
571 815
245 180
1015 829
1068 911
395 479
793 917
365 960
212 558
946 127
393 1082
373 531
642 453
889 456
1003 454
658 467
485 543
432 972
121 940
913 683
963 1066
576 990
438 1005
927 349
709 1044
301 251
861 1022
1081 798
809 153
598 62
682 839
251 754
591 681
425 715
423 167
549 846
437 195
697 211
323 489
918 906
347 8
854 786
15 1111
126 212
72 643
685 652
780 296
668 166
259 666
293 304
55 776
825 957
626 129
350 325
461 408
911 1069
959 838
230 927
183 1005
387 186
397 160
573 251
955 632
489 116
968 1018
394 1090
384 573
597 995
418 154
928 1036
599 162
1043 305
151 700
910 580
337 360
855 921
786 34
629 681
377 166
459 893
101 912
2 336
60 969
976 1014
790 381
30 187
464 175
851 123
76 1101
935 135
233 880
801 1016
870 529
59 253
128 403
1016 323
148 229
254 894
270 565
438 1039
316 764
319 265
1054 870
218 476
198 751
986 716
967 172
6 483
849 1004
406 395
1075 383
1103 148
860 512
840 503
926 939
1084 899
733 533
342 831
136 937
558 390
526 760
66 1115
975 342
1006 799
922 935
142 312
294 250
1063 159
805 1109
849 219
940 850
445 206
706 118
544 980
598 15
556 790
1066 893
1096 627
753 867
580 755
267 736
270 495
213 316
424 1071
1095 277
1058 604
309 593
1020 422
713 466
518 290
372 22
349 654
548 199
352 165
725 639
398 360
707 736
888 567
256 971
197 456
506 222
194 920
75 338
372 165
116 1017
57 366
194 361
338 316
258 943
331 569
471 639
854 391
955 1016
889 323
579 1090
102 974
678 633
528 896
127 922
826 415
977 563
203 147
232 431
96 155
718 939
984 859
555 763
289 247
49 132
312 357
486 512
296 776
195 876
402 411
261 501
45 655
146 161
825 844
90 655
56 920
590 261
444 405
378 668
121 610
238 760
287 410
381 173
633 748
409 513
359 104
38 231
127 684
382 990
149 658
784 1081
185 406
684 1076
1106 725
510 10
264 717
226 402
656 652
364 1008
378 643
1008 148
512 568
40 762
1047 735
532 1005
863 750
542 192
105 18
655 272
577 912
525 188
1010 65
421 412
310 609
619 1019
230 143
545 643
806 721
297 118
706 480
758 980
500 561
876 353
359 534
383 993
864 148
845 604
256 518
160 709
765 353
467 709
364 148
450 502
385 154
1011 36
935 804
275 950
701 606
859 419
547 1089
772 192
527 297
608 433
1016 998
585 746
806 938
346 468
1005 566
77 276
633 638
76 394
651 263
635 731
1086 734
657 770
489 922
710 680
131 509
977 227
519 518
34 254
510 965
345 683
25 572
776 146
428 576
475 49
231 336
502 496
30 669
836 747
424 92
493 367
548 390
803 120
723 912
753 479
1006 739
137 793
975 563
797 1056
522 618
927 192
580 293
164 1023
155 409
106 775
513 334
65 783
942 1067
776 283
325 170
104 220
407 600
576 164
997 103
674 519
564 356
642 993
215 640
581 53
310 91
729 253
824 685
458 834
628 597
547 547
704 384
158 766
616 906
236 615
644 989
993 357
537 915
147 793
31 584
322 1095
767 665
119 752
535 645
752 528
871 106
736 567
241 917
1058 932
326 995
712 513
672 992
401 822
859 774
378 116
668 357
505 593
775 876
802 284
785 27
28 714
908 724
795 50
1023 243
958 447
988 203
284 675
800 629
538 335
743 837
823 342
93 191
979 263
759 257
909 460
686 193
148 442
680 507
492 551
596 132
721 820
782 285
987 67
417 999
116 288
809 400
166 489
227 319
545 1015
236 705
476 133
555 999
161 604
621 920
75 579
915 302
979 298
613 484
535 689
75 355
311 242
201 817
1039 247
829 443
801 619
729 814
1019 659
1006 108
652 638
388 1052
940 554
420 248
836 301
488 412
951 1006
785 497
315 430
653 280
955 324
1004 335
117 706
376 1120
326 121
921 336
795 803
482 507
1012 342
884 365
692 829
420 535
187 914
219 725
584 144
958 737
668 345
142 350
227 665
208 782
241 645
537 924
760 481
103 527
589 145
555 689
147 843
412 723
159 870
582 402
374 609
260 833
643 320
1016 483
701 291
234 963
928 594
731 918
330 910
709 462
84 846
554 816
777 377
375 1080
759 415
192 756
669 296
1094 723
793 415
484 166
154 657
91 462
703 873
709 976
120 479
217 787
254 826
544 689
255 782
100 207
916 967
874 896
373 728
430 489
668 161
343 221
489 553
897 116
810 477
605 786
236 120
956 595
941 426
820 505
83 87
675 926
604 767
889 257
103 612
483 9
502 842
555 290
372 430
528 449
634 235
964 1017
77 390
724 617
527 438
745 532
302 605
131 505
572 908
46 763
57 681
492 119
745 100
1045 460
762 429
430 302
745 435
800 1042
451 647
469 713
62 1047
655 648
289 162
325 456
13 177
984 1083
964 944
722 766
559 246
610 725
603 366
473 1016
288 230
152 801
982 898
872 2
596 326
7 573
210 465
822 412
517 909
429 525
1089 447
1096 516
747 139
167 162
327 596
804 306
340 789
567 944
910 203
131 624
780 537
314 28
627 785
703 1076
1022 968
908 889
295 586
43 1011
196 231
621 827
398 333
361 499
635 837
770 446
755 680
517 263
818 792
565 1069
874 395
451 1006
302 265
37 418
1085 889
258 818
124 148
654 651
504 416
175 958
875 1065
802 299
461 691
415 694
521 798
697 501
305 616
1003 849
111 761
601 822
413 884
237 554
762 1114
461 1113
334 956
254 508
231 783
875 992
997 488
938 720
707 160
627 960
711 718
868 335
504 320
984 828
942 1123
1115 834
578 770
1042 218
526 886
462 1050
566 890
196 427
257 538
719 82
775 598
652 852
244 354
529 603
300 902
129 655
1032 109
534 1055
12 914
541 426
985 456
218 367
390 702
83 703
650 838
996 734
337 745
615 826
1000 727
922 851
673 604
261 364
626 369
712 1104
944 145
875 143
160 99
933 185
370 100
185 352
873 678
1058 269
950 1040
687 184
563 263
332 831
978 759
382 958
822 630
212 859
250 108
783 801
649 998
587 907
658 998
998 674
1060 1088
561 918
824 757
586 471
725 133
488 486
639 736
1005 307
283 196
999 260
211 518
24 408
790 858
820 417
862 268
377 179
1093 908
520 506
32 96
1059 416
502 599
283 913
336 187
730 963
361 674
167 659
1053 329
227 621
597 289
613 912
878 555
377 379
50 354
449 390
410 758
355 988
1006 157
846 156
873 306
206 382
153 699
154 661
529 540
246 647
624 131
390 78
570 716
13 700
533 460
3 388
327 433
107 207
813 458
1060 295
130 921
407 588
225 692
481 399
244 840
423 718
710 385
290 191
566 739
10 1099
757 159
619 929
817 825
12 997
123 828
838 354
755 919
336 534
1034 226
98 332
108 1046
771 1116
575 617
528 334
1094 241
738 816
90 944
198 979
930 566
261 258
161 226
1090 598
885 211
546 218
988 875
730 524
123 13
50 342
218 644
1033 763
947 780
284 486
363 763
29 116
736 336
837 1043
101 418
727 459
266 758
806 178
544 119
82 130
763 372
183 452
513 0
466 659
963 354
832 219
466 340
376 1043
309 815
562 187
776 676
982 607
923 607
141 829
76 560
977 842
566 723
123 977
355 466
260 892
868 410
430 503
726 438
984 932
323 809
851 965
491 115
768 377
725 145
465 301
938 700
362 310
115 437
650 659
224 802
918 288
752 349
351 188
575 28
626 388
1088 474
1072 250
316 1040
1021 129
654 856
473 15
720 1093
262 461
1017 478
152 835
992 791
916 962
157 12
638 382
694 140
1005 422
419 1015
949 701
845 709
251 490
512 423
833 548
904 294
204 337
414 409
560 471
188 218
275 1079
1037 548
467 328
865 958
1024 871
772 520
833 124
733 94
766 1020
334 804
50 1078
105 745
698 781
881 396
728 954
258 551
142 122
942 632
932 138
841 330
260 390
255 775
133 923
716 484
400 266
203 888
928 122
202 841
865 362
358 991
811 1025
891 618
840 791
347 246
144 675
374 314
572 250
960 331
933 772
457 726
470 571
565 706
492 505
1013 860
300 719
453 732
108 390
751 135
924 887
683 640
287 595
401 163
501 555
811 235
553 414
318 516
888 611
375 1116
1093 203
481 988
394 421
202 1033
853 303
551 274
703 257
732 428
472 386
192 603
140 722
304 415
410 403
930 120
481 1022
873 964
1031 442
246 499
134 83
1013 177
880 999
257 818
304 797
661 1019
621 288
717 919
361 275
211 145