1021 504
160 678
271 179
326 120
977 864
448 534
496 701
166 1030
949 84
472 922
466 888
538 633
545 790
865 784
201 303
578 276
826 296
345 737
48 465
84 839
448 855
673 934
981 453
985 872
878 800
285 881
409 366
870 582
920 196
568 102
105 922
375 390
602 1032
861 856
351 157
619 42
247 622
415 688
453 114
609 165
121 1037
658 43
591 746
601 184
1093 525
671 1092
1004 778
173 313
132 300
372 729
813 290
1073 511
637 675
450 904
174 314
20 1094
190 674
766 830
759 511
717 849
171 112
32 543
412 797
986 213
139 237
614 174
834 934
636 1102
625 456
562 628
487 107
693 757
235 457
808 935
158 532
460 626
830 784
994 82
546 228
717 320
685 1076
252 1014
1003 253
195 209
378 677
343 782
554 333
400 378
549 937
466 687
941 1022
512 650
741 667
364 508
1123 482
302 837
223 87
1020 334
798 189
633 847
959 784
442 593
31 911
993 762
851 363
691 839
5 1080
312 231
855 353
808 25
907 129
829 428
956 960
119 951
226 161
392 992
715 1067
993 952
928 1061
764 1023
861 950
498 206
375 662
743 789
493 610
413 126
63 491
482 891
135 359
901 614
498 227
527 323
398 989
853 841
350 106
137 962
745 145
897 140
389 149
427 64
400 439
499 592
701 867
993 825
1018 562
855 757
785 522
182 648
497 1039
1119 573
607 833
932 360
550 135
255 846
982 264
719 498
923 1023
690 932
131 434
774 339
237 285
971 308
488 616
876 809
221 431
869 486
677 1009
449 157
1014 638
660 442
537 619
683 259
567 747
578 961
675 864
57 683
106 139
99 933
579 960
151 750
333 759
721 924
588 1019
708 821
706 991
528 1019
653 659
1003 828
408 265
443 794
518 568
779 461
409 471
813 334
649 379
995 44
128 630
457 801
839 1084
758 715
944 1072
283 560
899 251
311 298
383 923
741 982
978 289
174 385
767 488
475 849
812 768
874 620
765 1006
247 159
935 852
673 404
368 378
550 650
668 631
595 400
954 873
568 180
262 642
255 77
182 277
820 139
318 797
453 1065
1015 820
194 1084
113 920
294 908
98 999
663 813
897 79
523 565
103 97
220 539
170 195
575 184
563 969
512 1058
718 526
876 592
642 336
146 710
688 368
946 727
624 27
615 710
798 713
776 328
427 613
970 1011
453 16
340 781
834 971
222 108
825 770
503 649
901 189
910 630
874 325
651 400
321 802
855 498
474 721
236 467
163 692
408 132
864 391
1028 532
781 656
1032 778
645 353
931 638
124 1090
928 200
385 894
375 653
576 195
557 611
602 587
676 667
381 608
880 491
130 860
282 434
419 116
253 664
186 684
698 981
871 188
623 980
112 132
585 120
756 260
1115 288
839 385
237 258
435 158
40 562
830 399
689 850
407 830
645 330
481 631
646 144
725 183
803 456
231 190
957 503
103 367
175 813
392 528
537 713
1070 223
266 478
679 359
703 859
999 451
785 1038
514 777
589 261
797 760
388 840
965 148
670 435
252 235
211 464
840 640
78 767
868 258
396 185
870 789
135 53
721 752
623 558
210 92
277 981
293 49
923 777
699 110
562 595
478 608
1077 539
240 644
835 787
494 866
24 203
609 825
341 326
382 808
608 22
847 427
752 1071
723 690
622 1119
546 181
460 338
370 86
359 362
97 611
955 783
693 893
757 763
193 793
965 121
480 599
516 207
141 10
1112 805
456 635
134 456
163 464
680 227
679 214
744 174
364 743
812 576
782 316
571 689
216 390
331 181
6 179
1060 487
561 950
740 444
244 809
876 155
602 794
530 1059
701 936
240 239
915 394
561 560
858 271
482 427
486 226
683 673
881 179
398 33
1116 1030
1036 807
758 239
422 839
980 1059
718 743
1089 530
935 1003
1119 290
1046 248
968 323
114 530
100 282
945 392
816 834
755 880
766 389
964 814
148 925
669 557
537 555
432 40
441 254
997 564
473 374
1055 95
211 804
195 524
435 495
325 46
964 916
252 765
209 450
624 910
504 435
954 196
562 679
629 413
817 722
786 211
520 716
564 28
93 695
781 961
217 748
1100 637
202 85
272 496
478 775
856 473
137 391
676 999
609 627
3 496
266 1018
590 484
757 911
149 439
531 830
792 1062
296 634
112 285
793 603
726 881
557 1041
452 960
186 1019
578 898
1023 157
847 583
880 474
521 411
679 37
490 18
593 385
524 256
821 1021
558 149
107 287
288 680
595 360
288 745
937 758
350 631
317 25
722 635
457 634
939 28
807 930
663 924
167 878
817 228
936 900
975 495
963 471
533 700
797 415
1096 253
198 327
319 190
276 323
290 853
513 484
629 654
637 1090
200 612
532 743
240 441
806 210
921 656
266 750
597 425
832 600
753 989
668 361
973 683
557 528
953 122
861 832
77 538
688 355
806 1066
15 811
831 455
592 628
982 997
413 329
719 913
709 763
769 133
531 970
304 442
740 558
558 628
869 373
981 1000
456 418
499 264
382 844
359 791
43 617
697 496
815 833
405 956
435 753
885 329
144 594
80 515
166 230
668 956
324 875
651 288
463 691
893 1053
919 638
705 356
278 99
913 61
423 672
366 395
19 417
102 498
446 746
917 911
124 696
177 808
412 11
257 745
424 455
618 273
565 972
116 664
834 1024
520 883
324 58
891 665
493 408
558 283
622 690
263 369
423 1011
208 849
730 572
165 783
898 807
736 244
1088 589
1095 188
58 592
733 120
901 267
890 552
840 917
955 144
809 704
622 265
732 991
749 366
229 423
929 1045
963 495
841 1021
461 715
372 660
1006 217
760 1047
379 841
828 832
45 31
304 1111
204 28
402 711
706 555
932 122
614 753
220 292
975 169
483 948
573 891
450 428
391 101
681 280
422 988
233 643
821 461
828 353
734 1
571 936
310 971
477 664
642 838
822 868
753 860
1013 179
325 870
1001 1035
429 1075
708 160
803 638
546 825
357 216
741 1087
745 893
50 947
741 538
328 228
801 621
726 1023
367 858
371 473
270 676
736 215
158 248
401 730
283 931
725 399
822 782
882 663
468 978
1021 955
216 680
9 38
942 429
726 1051
692 161
928 717
1041 470
833 549
982 334
344 653
337 166
19 143
959 753
719 530
518 219
262 8
785 616
616 132
175 1006
1093 226
295 901
970 825
229 685
483 945
605 265
149 639
942 847
165 985
478 532
988 432
552 653
691 664
425 950
625 55
47 1048
803 890
719 171
152 972
434 798
254 612
828 875
245 156
254 709
850 265
708 665
833 784
803 887
206 883
465 647
800 486
658 275
169 268
437 104
602 276
529 826
267 1093
964 734
346 712
104 783
737 596
875 941
1070 995
882 383
478 79
322 265
522 58
513 456
501 636
992 36
837 412
50 64
848 285
138 457
985 495
176 344
540 442
988 361
139 1010
830 655
362 967
543 644
433 475
995 445
1016 445
475 325
819 170
887 532
662 371
192 660
699 244
465 870
970 908
141 645
56 339
785 424
892 646
367 249
607 369
547 253
1098 812
552 1034
945 968
147 162
805 677
707 936
70 739
865 865
691 784
1083 675
990 455
474 1054
123 688
1083 824
90 787
490 846
84 1077
278 976
535 827
433 754
918 731
922 876
440 645
235 337
663 629
103 299
623 757
569 763
79 635
432 136
112 283
220 1016
140 512
711 309
338 911
1097 606
271 551
868 1096
656 861
486 862
854 195
559 875
484 647
1014 305
544 2
108 408
256 303
130 259
284 82
487 415
1032 520
1009 230
474 242
392 904
233 1014
363 673
472 744
1018 795
598 458
300 5
278 368
980 732
241 121
739 760
666 120
123 291
447 562
728 626
237 803
579 557
697 506
1101 2
669 410
972 631
700 882
80 841
409 873
676 188
217 431
12 509
344 217
332 51
385 592
902 241
1042 248
158 290
835 844
28 103
269 1011
846 915
489 259
1066 453
145 959
50 371
943 202
958 892
541 990
1062 790
504 239
130 562
576 260
267 716
979 217
727 186
1112 789
268 428
163 456
170 215
295 117
997 548
907 113
422 830
136 714
457 426
243 339
1109 55
447 45
595 314
773 389
508 482
734 520
731 475
561 1095
881 752
385 435
1010 534
613 284
749 264
219 360
100 588
601 895
390 223
678 905
957 817
589 316
450 409
8 1070
886 166
474 714
879 801
520 928
955 631
853 630
1044 643
253 956
1119 613
876 315
670 156
703 978
688 791
623 994
433 595
292 321
929 102
744 367
835 850
165 202
365 208
851 1108
938 343
278 601
123 860
723 956
350 442
977 797
193 217
823 98
337 892
860 106
258 686
326 958
221 1123
158 554
670 834
631 431
1077 1069
526 153
519 996
350 52
673 445
932 689
673 56
397 418
1064 248
862 210
872 182
980 1009
233 1002
445 60
176 277
186 1007
828 557
269 750
840 816
757 834
407 363
400 257
303 191
258 554
449 995
508 415
313 196
414 790
310 296
488 340
918 747
818 923
170 893
507 701
583 391
772 425
889 892
349 362
422 215
200 709
1012 275
116 505
232 408
680 726
389 518
457 237
698 1055
216 141
290 838
768 880
877 1031
99 1069
815 929
372 265
773 743
808 1016
389 369
448 266
900 954
994 594
1040 754
455 605
656 933
673 618