765 730
689 604
186 239
93 202
441 626
590 1083
697 968
638 359
377 941
235 660
680 121
126 359
896 255
130 1049
538 562
883 725
1034 683
487 128
1004 100
766 843
533 782
245 638
661 491
1003 1013
819 1
560 139
241 831
194 252
1040 187
1057 337
173 520
825 287
237 637
221 587
427 85
291 145
444 540
62 682
684 551
391 357
160 333
672 557
1018 484
218 303
197 423
709 1040
756 1100
765 364
812 25
114 141
606 1002
692 159
7 118
768 604
271 947
57 189
736 755
908 149
1053 962
14 770
755 426
663 389
688 754
883 248
1103 614
358 199
243 873
240 317
991 604
515 926
616 971
198 132
283 880
954 631
144 915
481 425
203 340
381 300
700 682
191 984
161 398
265 63
651 477
693 855
672 949
943 949
819 316
996 807
276 122
268 322
222 750
233 236
428 925
673 723
590 699
809 660
356 181
651 872
721 781
330 338
625 106
844 822
216 138
492 392
326 762
256 588
879 396
289 481
145 694
809 381
435 659
761 199
743 775
76 1055
426 831
1027 244
902 458
514 903
105 454
662 404
313 982
936 186
278 3
817 1039
419 704
895 192
814 840
860 276
717 713
628 941
901 723
516 819
930 653
233 445
657 432
711 303
546 1016
810 951
273 329
585 817
683 719
649 343
882 532
1004 936
319 453
795 991
1027 80
773 866
333 612
585 659
202 399
657 291
639 729
640 1021
455 934
82 784
752 358
785 141
296 537
706 1064
420 738
466 447
847 478
351 296
782 309
746 105
125 213
753 185
209 429
457 1069
637 857
1062 448
666 340
606 998
555 671
539 445
1001 519
23 845
207 848
828 44
244 769
533 666
787 223
1000 151
822 736
973 611
140 398
862 770
146 458
600 884
42 200
221 415
817 639
35 1013
624 546
837 1070
244 874
704 846
509 759
605 935
213 711
852 84
1021 360
566 231
840 270
871 895
45 495
382 1109
356 464
543 28
596 317
651 145
1007 885
933 175
346 363
863 367
371 636
806 366
229 826
251 992
519 812
947 708
827 777
537 89
335 707
225 976
37 810
244 322
891 109
650 227
923 734
664 376
247 53
211 518
273 454
755 715
439 767
612 333
604 625
406 129
820 158
467 1048
238 111
910 465
965 191
681 831
991 765
179 105
928 237
115 323
695 116
872 304
788 401
322 943
212 168
648 341
606 491
275 184
948 854
431 127
853 893
456 563
77 521
404 811
750 905
182 591
1072 685
861 482
580 628
597 420
250 867
749 575
85 626
1043 758
895 250
785 100
180 142
273 627
739 846
226 646
702 371
100 80
655 573
449 350
116 877
1029 888
647 830
976 6
673 314
58 993
599 144
631 800
4 986
459 550
680 307
735 706
568 451
1021 623
867 861
126 811
392 262
699 944
225 1031
377 786
712 74
896 129
675 74
852 1115
120 329
606 886
590 861
114 616
674 126
290 934
173 585
947 125
574 447
445 1116
834 946
972 1001
597 236
165 919
337 110
754 678
595 571
402 574
939 126
1120 445
179 769
953 934
252 790
460 881
800 669
340 353
129 239
1085 999
718 744
760 1072
416 796
204 822
29 562
142 904
846 816
863 1004
1014 943
516 545
579 767
876 911
179 917
489 170
1030 773
489 769
443 868
939 783
734 732
910 317
835 946
925 784
1090 838
456 410
1008 196
873 743
553 281
969 785
897 131
482 273
490 354
950 879
1060 778
998 646
339 819
796 858
161 799
180 1002
355 72
679 883
954 693
514 915
187 890
474 261
764 623
73 1036
861 399
597 987
178 419
375 660
327 876
862 80
390 55
412 412
1005 119
741 540
48 621
893 845
1121 106
184 814
440 1005
549 485
193 877
874 634
144 884
207 128
508 526
212 227
122 738
1053 475
329 542
656 573
900 354
1084 425
812 2
1113 743
156 569
477 275
201 580
830 887
159 486
654 573
707 833
550 287
1028 850
511 194
459 578
337 767
416 252
574 599
795 250
978 548
420 603
859 19
326 21
1115 922
716 993
684 677
125 728
229 711
685 636
267 496
708 885
853 170
575 322
235 906
227 756
267 628
655 718
454 825
830 944
63 649
157 1102
338 941
724 986
163 232
854 872
775 877
115 466
1010 519
227 286
491 107
141 925
101 791
997 512
262 1
953 175
509 203
922 467
918 817
817 123
989 582
890 154
876 383
573 266
994 668
234 601
422 34
1043 372
42 484
557 978
1091 958
960 891
920 732
332 570
738 706
510 545
1088 1092
713 149
899 188
717 166
892 241
490 344
1020 650
440 256
932 612
496 986
677 750
629 872
1054 225
827 332
44 871
61 907
686 160
802 805
995 393
1012 612
632 1103
732 547
85 177
342 275
693 840
949 801
148 995
715 23
906 387
908 877
182 228
252 546
785 772
821 463
1027 1018
369 341
557 896
242 165
265 460
676 816
655 301
463 826
312 538
453 695
884 489
494 520
327 127
161 993
1000 790
413 436
877 567
1066 257
1001 776
317 677
1088 778
46 704
280 534
273 608
250 811
1008 196
632 958
450 132
678 810
273 796
986 680
322 927
120 616
328 43
583 368
573 88
178 947
1115 816
50 937
1006 950
64 709
963 677
706 293
241 458
997 580
538 719
237 112
889 643
235 265
371 222
699 227
1 857
672 136
382 983
872 912
750 362
1107 1033
30 463
154 715
807 194
755 788
830 964
1112 501
1021 499
96 325
179 384
533 133
522 768
208 676
550 883
514 728
664 143
188 560
470 1073
708 197
395 82
880 557
521 130
755 339
438 941
990 342
271 760
234 385
871 1093
756 682
852 919
840 245
587 234
545 593
1107 850
532 923
1 868
988 332
128 251
10 167
217 587
29 70
828 595
384 636
811 990
226 493
152 1023
642 451
258 262
684 409
432 148
582 823
756 352
255 701
652 376
57 675
838 662
741 1052
576 793
884 546
943 741
196 1001
291 869
148 204
742 481
1091 429
483 832
579 335
1004 939
905 936
86 597
200 61
212 835
511 641
291 234
390 792
124 561
344 448
1007 1045
174 456
448 129
80 579
249 1091
249 766
112 689
402 309
585 541
843 198
241 1027
769 540
750 1017
159 6
744 682
264 697
404 19
148 775
385 226
250 686
1019 1010
1041 919
999 216
131 936
837 756
38 997
548 191
68 235
543 710
781 406
272 313
819 694
109 756
910 561
83 690
1001 710
907 72
104 277
1085 265
82 848
794 176
389 324
368 350
272 961
177 602
678 397
500 709
281 1063
637 846
712 238
903 147
900 718
923 744
276 66
665 554
192 786
393 204
529 160
494 63
1118 197
1037 287
676 311
852 935
650 594
594 989
991 126
859 577
885 83
688 793
783 530
733 805
662 217
866 541
728 532
975 486
148 544
220 381
649 760
85 629
822 166
222 563
965 697
268 975
259 845
464 394
204 560
474 707
322 743
868 798
943 871
653 415
764 846
399 474
624 571
876 617
965 554
970 649
992 382
194 1030
1014 1044
516 175
814 193
592 71
406 644
62 248
479 593
271 219
188 633
325 861
161 358
309 250
415 495
340 2
886 189
743 827
1047 753
1107 99
611 608
14 351
313 736
277 296
687 449
497 898
1006 402
879 659
495 291
216 258
108 820
251 516
465 560
1001 847
300 891
454 648
774 612
725 112
914 984
852 642
870 353
418 980
521 459
407 773
256 313
488 294
508 623
861 606
568 414
149 945
766 686
234 615
815 69
1106 481
35 125
733 1015
334 174
68 874
580 633
100 273
11 879
995 671
703 1019
740 845
1010 799
465 437
341 5
412 109
538 1082
172 156
787 340
989 463
430 972
266 781
617 536
979 1003
788 589
496 900
1110 871
145 767
585 569
857 542
1018 651
137 546
687 749
362 487
442 680
700 1012
802 487
733 626
111 464
897 723
975 732
194 192
255 486
225 219
132 576
525 633
691 618
698 617
734 899
215 589
1032 55
1056 609
297 137
793 202
398 201
631 783
409 837
872 1050
292 808
744 1097
143 312
412 648
874 968
311 572
427 424
565 179
797 246
432 362
621 563
997 509
654 214
454 402
892 47
757 72
363 552
626 44
454 148
28 218
133 936
263 515
863 816
467 4
697 449
375 439
381 682
373 651
327 500
643 571
593 576
962 437
830 955
488 343
861 866
629 48
270 931
819 551
292 165
852 838
172 233
378 911
577 762
690 909
209 0
341 593
964 547
344 566
580 271
444 529
504 868
493 575
203 624
194 1084
151 879
159 256
358 819
964 1040
314 944
178 802
757 260
953 290
190 671
781 612
844 409
765 627
223 503
931 462
486 862
701 291
173 134
3 124
431 169
603 247
270 595
878 380
649 752
791 211
909 507
254 808
128 691
44 1082
858 270
775 602
262 494
555 203
200 451
575 386
264 460
839 941
846 7
585 912
534 13
728 973
987 33
556 361
127 448
422 158
178 113
570 54
275 563
21 624
662 716
322 1016
1039 142
463 410
994 273
880 1007
405 132
419 119
114 246
550 527
569 379
514 620
1069 182
940 555
309 116
861 550
561 1064
626 456
949 716
1089 1060
791 178
634 642
284 123
223 956
792 870
159 515
446 761
327 269
276 605
636 278
724 684
886 335
947 259
760 217
355 889
348 768
323 1033
225 815
757 711
993 124
576 854