398 727
1015 814
510 975
579 29
1077 854
899 678
11 519
984 227
545 431
1014 601
43 948
664 624
351 402
715 713
828 1039
308 565
410 840
773 410
507 710
626 690
855 368
368 378
931 702
958 798
802 799
143 948
556 867
550 280
919 880
939 542
237 598
995 438
240 370
291 494
577 81
1010 318
450 1076
886 857
34 619
575 464
38 957
98 343
118 1001
933 187
802 1102
265 786
451 329
235 307
991 189
79 616
913 952
909 395
463 683
861 620
144 127
417 868
48 112
417 486
164 650
495 1097
135 194
1068 462
396 740
821 918
806 1041
154 81
793 321
1004 964
175 942
222 219
672 661
46 33
808 544
627 890
519 685
185 418
80 654
92 634
779 200
114 278
150 438
245 312
320 1101
1119 781
283 1029
1007 899
348 318
44 653
156 580
24 316
350 954
492 453
770 320
481 318
499 573
965 1114
945 53
390 351
456 865
411 302
508 766
1065 130
691 2
997 532
511 775
736 596
286 282
130 508
253 459
771 262
743 1009
373 1036
0 885
822 340
257 113
230 669
621 483
357 852
582 960
415 921
110 895
955 489
336 441
148 293
839 372
906 428
751 1114
460 722
780 992
814 21
46 111
126 226
669 187
729 846
773 106
932 266
697 148
969 466
508 624
639 129
511 524
606 301
216 991
273 853
250 763
573 405
668 952
161 447
750 463
511 789
217 997
59 10
624 287
714 302
809 1019
746 440
406 389
551 1115
1023 744
908 429
889 911
458 244
651 726
1017 505
1113 37
238 701
106 151
428 803
710 54
654 813
224 495
1000 626
726 1085
845 1005
337 529
389 258
1002 133
183 349
843 580
1109 371
757 776
526 4
373 845
575 93
931 453
318 791
808 3
503 86
678 179
440 45
471 443
836 523
312 195
435 1016
285 940
296 501
233 358
486 82
354 837
784 768
722 302
120 986
700 728
674 469
194 57
273 855
665 302
273 881
1032 403
910 714
1105 404
956 885
426 206
416 867
516 308
991 403
892 863
1061 125
397 472
877 576
521 407
638 474
158 601
696 988
137 892
136 672
1032 453
344 451
345 257
627 1099
4 824
680 991
868 699
646 483
684 335
584 404
557 171
1001 988
238 272
501 500
251 359
345 32
1003 327
836 735
639 610
295 508
29 636
383 172
627 303
769 776
665 502
407 180
1079 1024
952 608
428 443
864 688
299 188
353 114
1031 675
700 876
682 244
916 702
910 360
1013 4
486 366
944 785
355 485
262 142
280 660
245 767
972 195
854 185
480 225
360 609
1119 1087
300 430
847 506
211 825
937 613
828 810
830 628
578 54
476 926
689 219
58 838
871 113
501 655
189 217
161 513
566 556
252 751
364 49
847 572
218 790
257 986
413 169
857 294
790 119
799 495
780 356
644 1024
725 514
452 903
1002 1123
759 832
187 483
999 1019
948 354
89 424
1010 155
62 716
533 521
332 622
46 1058
308 527
251 63
498 401
649 822
673 1044
726 644
619 458
328 656
646 213
477 337
590 521
835 1042
1032 1034
162 307
160 819
241 851
624 1084
966 244
1091 298
970 1055
126 143
151 624
128 613
283 208
198 346
369 935
477 620
406 567
252 795
290 717
174 748
775 306
1010 138
890 981
73 273
224 416
992 394
683 177
708 792
1118 280
713 424
281 12
999 473
929 285
35 1022
476 801
315 725
728 724
172 590
693 744
941 856
243 992
467 1014
1017 111
700 910
319 707
827 509
934 383
1025 235
958 269
984 616
279 1012
448 721
1092 410
581 978
545 247
992 815
811 301
308 561
241 450
496 493
232 839
1057 619
522 409
1114 0
515 77
806 500
285 208
596 251
779 626
713 1007
144 263
257 637
272 710
362 46
342 867
332 349
551 929
68 869
355 699
890 266
490 647
275 435
193 701
386 796
125 665
161 666
448 459
897 515
42 176
720 329
370 967
1071 198
614 282
880 156
48 852
1000 382
474 1015
529 302
167 901
627 584
306 162
735 541
599 145
127 799
769 453
795 580
432 456
364 784
348 163
487 943
280 690
1069 100
1034 38
235 806
775 236
793 619
851 572
640 181
775 220
876 66
542 984
794 531
492 1023
449 804
233 923
244 316
545 216
586 662
196 880
231 422
485 378
899 745
854 155
493 747
723 711
978 125
263 740
980 286
318 274
1052 73
316 842
733 969
982 909
602 221
975 1097
930 499
245 571
516 574
668 745
490 789
199 543
664 785
837 446
594 974
546 155
740 1096
231 1088
239 799
223 960
140 942
963 739
37 479
639 852
643 561
1006 76
783 428
223 225
763 211
353 866
150 650
897 704
579 71
745 474
493 583
524 978
577 530
888 785
376 104
203 880
525 888
474 416
85 824
431 660
290 868
482 201
979 461
969 953
604 752
874 137
928 967
837 396
943 842
182 763
673 282
886 659
970 638
634 244
248 689
287 749
866 172
47 507
1004 570
163 799
889 490
731 341
975 531
714 891
1059 220
661 201
757 603
202 6
573 551
1013 649
459 1007
843 878
674 660
882 686
488 792
943 602
226 30
602 192
741 989
835 43
224 916
798 674
156 661
672 1106
896 991
426 979
117 890
679 868
287 394
530 893
342 840
982 563
193 115
1000 17
201 654
276 735
1087 1012
647 676
1031 48
817 256
796 444
643 1071
853 997
283 339
631 993
502 787
17 807
202 272
62 466
917 920
549 909
245 293
247 970
665 109
255 463
339 215
679 406
639 253
106 722
200 846
923 606
72 404
968 167
5 889
732 962
186 568
476 183
63 831
303 1059
1101 517
44 258
820 542
428 1109
1022 390
581 1006
280 285
981 652
239 465
349 890
666 471
490 842
189 282
918 555
168 442
1122 814
1065 414
758 337
443 861
852 738
432 312
485 440
340 412
236 1064
787 335
1091 741
560 244
938 309
256 357
514 623
630 131
575 213
519 383
517 921
875 286
930 883
677 104
201 1084
197 920
766 58
476 1076
802 875
549 387
105 329
489 67
642 695
399 289
167 662
285 882
299 973
594 552
639 690
349 912
345 738
689 533
658 573
434 46
850 346
912 561
873 493
58 730
512 843
565 345
112 917
821 563
881 373
203 513
631 616
320 480
774 590
610 454
1019 248
957 214
304 1018
361 402
696 651
530 407
800 179
450 493
519 725
373 470
991 526
286 629
383 314
895 268
737 566
1019 626
1123 578
614 808
117 762
932 257
603 139
56 983
531 310
384 705
399 930
295 290
380 846
403 969
49 816
120 816
873 435
47 1112
943 827
531 248
135 846
1001 804
221 724
958 139
697 284
694 532
571 0
962 606
934 403
114 134
737 500
916 768
509 334
1016 450
519 459
621 577
160 593
792 677
192 495
147 189
187 452
344 630
756 435
734 106
667 550
1027 244
1098 734
44 407
562 23
109 206
256 129
669 472
113 403
925 554
851 803
87 42
870 437
681 726
591 345
211 332
982 340
378 58
741 725
846 408
17 1112
902 260
172 849
41 697
212 1108
796 522
888 118
818 357
378 406
227 318
429 731
105 1015
108 706
603 770
567 627
964 521
929 714
471 503
402 894
283 989
394 28
457 561
793 886
756 372
201 913
989 371
62 392
744 691
367 283
607 498
459 221
940 762
541 387
228 867
59 532
153 465
97 795
797 596
321 101
325 118
339 556
719 1048
1121 783
536 349
903 674
732 434
295 539
1088 684
841 774
1013 209
303 305
845 188
1041 708
170 285
435 333
397 225
704 796
146 812
71 403
625 511
155 417
651 203
979 1000
639 1062
204 544
594 188
245 341
414 200
119 38
245 306
828 600
629 16
1087 678
1008 383
847 401
284 649
587 128
965 583
362 602
632 985
883 11
835 1041
21 847
628 374
1094 541
71 316
671 42
611 374
689 149
914 320
560 755
799 495
390 997
64 905
304 329
797 932
1011 258
529 689
174 410
631 222
534 271
742 627
426 624
664 403
129 612
712 377
695 297
1043 600
749 896
854 445
734 413
781 797
551 862
514 923
1084 765
974 312
143 276
416 447
479 205
949 431
951 253
1095 239
877 385
881 494
111 112
978 1034
587 1087
432 364
147 397
4 800
742 85
867 851
584 727
724 247
201 1005
640 827
602 156
873 260
729 637
495 728
429 737
975 792
533 534
222 440
240 758
245 176
193 150
414 853
699 719
361 531
110 502
963 786
627 681
828 898
900 229
615 829
406 503
407 495
826 441
703 811
838 769
383 499
692 334
421 359
143 355
501 462
219 239
68 647
711 919
790 1012
1014 368
832 326
715 483
881 533
845 787
275 734
926 82
788 938
316 101
545 433
801 206
115 189
465 98
213 349
805 793
869 543
624 805
849 795
978 834
273 119
894 1003
939 545
910 58
722 171
128 1084
730 534
472 1024
971 569
543 951
549 189
975 321
100 969
589 926
868 984
530 967
711 120
712 118
245 296
481 252
868 125
405 874
792 488
745 876
177 696
646 982
860 462
108 844
230 543
322 931
704 712
501 465
871 129
178 591
146 354
256 512
17 596
717 758
644 105
438 225
157 485
500 325
458 442
40 665
573 838
376 610
861 240
237 971
313 507
499 831
707 534
220 687
35 589
869 667
1092 450
838 936
807 919
718 845
726 423
395 196
80 188
872 125
931 900
791 667
409 174