317 450
691 635
331 820
515 1106
342 901
41 154
611 1035
511 350
188 983
256 544
1111 1006
393 292
693 223
633 251
631 497
879 561
587 1117
145 563
286 884
888 510
748 736
393 58
762 144
375 404
149 1040
911 767
322 531
235 369
353 228
67 63
630 672
124 1021
384 238
1011 565
163 430
669 642
774 547
975 861
766 522
664 287
619 562
461 431
354 1106
217 394
780 173
758 725
205 445
891 849
936 778
1111 1053
993 331
126 371
461 932
130 789
42 850
95 678
966 294
290 856
126 295
915 530
791 33
266 1091
131 357
537 374
920 158
295 544
736 434
99 638
468 581
617 937
723 76
101 210
557 530
1038 292
867 613
373 266
381 465
232 574
161 459
316 788
216 734
250 683
56 742
404 709
686 116
1102 916
610 1087
288 540
843 448
378 797
340 1076
307 322
1005 500
726 748
1071 524
1001 849
753 692
831 661
1092 890
1109 94
227 644
632 336
368 301
741 441
68 759
836 836
667 614
978 879
584 913
1005 971
564 919
985 857
363 216
664 260
697 784
278 266
656 314
655 306
814 484
861 452
737 160
813 738
637 5
648 771
317 194
806 441
751 979
1123 784
973 1072
828 148
271 272
448 215
306 456
955 336
508 511
807 772
170 483
390 197
615 342
250 605
487 295
263 210
453 939
574 354
338 982
683 1063
348 227
845 570
240 758
132 500
521 307
206 929
808 710
125 501
704 825
253 256
839 167
874 832
353 223
452 564
619 177
941 772
383 885
851 437
479 1114
498 245
181 514
156 1057
1121 338
316 880
139 53
983 687
998 810
1045 809
917 185
768 623
297 937
178 622
376 927
1108 917
230 765
813 203
818 698
728 320
256 753
938 300
535 433
678 120
626 152
802 129
30 873
590 249
606 438
395 882
470 345
478 119
642 113
157 446
477 119
710 914
748 1032
494 1094
165 279
821 797
326 131
151 15
994 396
501 669
497 913
350 345
409 645
911 994
304 635
202 908
745 364
954 929
718 768
754 490
900 238
987 683
753 288
414 347
1036 114
1087 547
495 594
788 260
595 656
21 747
771 422
189 573
436 521
940 597
971 193
477 832
757 829
338 623
506 1121
46 196
750 931
883 657
383 719
429 994
513 212
695 973
335 694
220 231
366 227
848 743
970 566
151 367
902 345
241 218
68 420
1039 187
911 97
486 432
549 897
650 314
612 198
761 682
251 478
784 607
120 608
714 238
568 769
840 417
414 40
112 403
584 67
137 648
782 376
442 390
971 145
345 635
482 459
715 305
324 487
674 417
770 669
774 1087
411 239
728 665
416 317
39 67
951 317
500 308
560 335
348 671
525 968
556 251
191 464
657 245
327 973
856 934
389 764
608 520
890 838
423 934
347 1110
718 146
625 484
376 711
22 1036
436 1119
93 1099
641 991
164 173
403 946
631 611
796 763
995 822
781 1020
960 238
1013 557
722 464
233 552
587 484
45 232
1072 1084
147 369
676 787
1082 325
815 798
605 778
669 114
853 967
972 738
175 278
784 208
914 408
1038 51
684 740
366 521
1115 575
157 359
523 157
302 631
542 891
721 183
655 812
426 86
554 239
729 941
911 1020
373 820
558 299
792 423
351 672
205 289
715 202
461 236
101 551
272 738
573 641
307 821
721 338
455 898
709 616
117 397
1014 855
118 481
938 431
854 724
958 803
459 540
707 348
225 512
490 508
964 74
942 352
864 464
376 267
71 191
781 140
146 732
554 462
954 894
1068 554
499 578
266 612
149 226
12 871
639 225
225 1025
208 776
419 1082
961 341
702 920
360 546
810 866
472 124
249 538
173 757
205 362
117 675
1001 491
706 348
751 286
292 727
913 799
1049 434
739 618
231 328
752 981
655 172
516 835
222 437
286 692
118 814
758 119
488 1088
833 827
971 680
930 541
985 753
888 1085
174 898
878 101
81 191
211 143
871 173
3 38
798 1014
621 961
952 783
869 591
109 182
456 535
665 160
799 1070
208 182
321 326
437 576
188 24
103 78
313 202
193 215
1103 921
377 339
653 476
578 609
516 581
241 387
728 909
930 3
813 525
732 104
580 990
946 482
566 154
748 178
924 594
860 366
336 452
158 520
540 461
981 173
250 351
536 1037
551 1119
895 611
195 355
527 338
460 654
960 979
114 932
393 382
879 299
884 517
399 719
40 821
269 698
542 859
815 765
1040 446
527 113
281 501
1051 813
1000 477
195 224
1109 808
993 166
777 617
665 544
422 332
1042 317
896 183
264 347
582 339
898 528
700 553
955 514
587 450
380 402
1037 112
140 412
46 1001
547 640
469 22
316 367
634 298
322 799
154 758
649 89
944 378
181 927
902 702
467 930
996 483
174 263
797 884
1108 967
926 882
377 1084
688 494
451 672
451 737
776 190
759 600
296 875
263 509
535 302
117 690
870 1088
421 800
585 444
777 461
257 427
652 567
585 698
835 856
886 301
555 588
138 728
927 839
350 955
979 223
128 3
400 1058
330 486
899 687
805 506
378 108
1048 529
517 65
885 246
620 1090
537 901
535 864
754 373
923 1048
509 529
411 43
344 877
740 682
198 1113
352 770
378 94
793 749
337 255
190 394
99 536
348 680
796 8
432 172
678 423
185 247
174 274
902 585
959 721
562 212
1015 165
233 759
448 551
290 5
912 253
658 246
485 328
443 789
103 565
906 23
656 949
84 155
781 440
1023 672
798 854
487 998
423 910
635 401
319 230
252 338
234 213
531 864
186 429
22 1085
922 342
821 770
887 537
603 875
819 730
47 823
499 265
620 565
411 287
61 926
975 132
113 384
1113 846
976 657
770 625
725 571
97 1008
316 515
162 683
981 464
346 866
311 24
799 103
579 700
955 798
868 37
649 360
115 757
479 367
714 221
900 487
841 406
545 533
549 219
1019 432
459 1073
464 391
262 268
875 834
761 719
755 149
727 320
1123 410
105 504
610 449
656 816
18 574
49 421
972 911
633 282
937 169
799 841
88 481
196 344
805 674
246 618
28 1097
499 655
919 355
488 215
264 428
725 1007
603 107
515 1021
860 313
703 954
884 98
842 826
709 664
596 229
126 870
672 919
364 69
709 705
235 202
1013 1077
520 280
896 84
575 1097
216 1113
611 391
896 897
804 733
227 96
273 1074
926 668
727 767
924 562
701 88
982 463
825 473
411 636
486 652
862 551
894 742
130 845
715 65
857 199
641 813
791 431
623 858
178 356
599 977
347 932
793 369
904 199
663 309
662 438
213 466
406 862
873 388
320 405
498 765
711 876
340 410
751 1001
899 216
143 1061
781 773
637 191
478 826
212 1002
511 648
610 355
947 112
749 979
662 664
776 811
422 956
1095 224
867 925
370 232
149 977
288 359
635 422
556 170
703 816
363 209
952 206
734 723
703 238
605 541
814 125
481 150
302 37
492 603
1015 1037
579 655
305 206
337 819
640 950
625 782
959 494
166 1093
986 561
188 398
949 375
877 804
210 661
134 334
977 481
928 751
1113 556
667 883
567 890
610 337
844 636
340 628
364 315
200 369
45 215
463 435
221 304
724 977
368 154
954 171
217 512
978 129
719 547
849 845
1043 155
420 966
1015 651
762 909
673 518
286 803
633 745
170 375
128 321
143 284
25 438
1048 538
745 1017
419 1012
930 991
973 142
781 87
1017 831
489 416
785 1004
166 601
479 991
134 1050
1108 984
688 1106
945 364
918 271
424 638
433 1086
642 580
667 350
322 426
877 745
840 736
26 260
987 846
195 505
235 880
28 540
428 543
766 270
1058 1049
686 379
113 207
181 118
656 580
353 301
915 1006
664 999
159 178
714 232
868 29
64 905
535 858
771 822
494 729
274 345
190 282
40 795
810 229
829 97
572 701
539 910
967 676
892 811
514 510
705 875
946 1109
177 776
210 105
723 136
23 651
365 510
442 409
614 650
464 174
181 861
679 523
563 788
743 172
962 555
889 843
199 468
848 584
635 326
931 363
724 1048
815 768
937 452
764 814
359 1022
118 912
1018 349
832 417
912 354
506 611
71 367
138 418
237 114
703 244
596 762
909 359
367 665
576 59
60 435
579 704
147 484
117 245
190 496
553 911
506 677
79 444
189 817
738 841
545 1102
593 428
833 429
937 1024
874 926
281 934
744 1105
224 168
401 248
470 0
550 598
389 1045
313 91
66 614
718 663
486 714
773 231
323 88
503 192
40 355
414 334
103 806
123 266
110 141
203 1122
160 257
799 103
340 528
53 337
832 604
821 843
193 1005
279 904
231 318
976 32
131 354
836 840
398 458
272 450
116 295
1056 150
714 578
1027 937
552 628
854 393
593 519
649 370
407 503
289 897
893 682
473 343
413 380
1123 851
502 793
751 259
123 862
761 900
658 156
776 208
84 1031
452 411
638 462
1064 952
591 661
209 813
531 1045
407 550
510 201
786 44
810 853
1119 150
697 1051
804 1074
887 516
532 633
193 994
551 320
207 583
761 833
152 1068
1089 446
271 597
1085 27
627 1043
75 892
431 966
790 224
683 180
1122 496
649 607
421 1067
853 778
583 128
588 798
556 232
177 194
216 601
472 485
786 190
691 582
1093 576
357 222
791 77
995 915
539 242
586 276
978 251
431 724
492 81
1019 330
873 323