401 201
544 936
145 676
39 1002
310 509
486 519
960 365
461 337
634 610
224 834
378 768
500 220
815 210
544 239
819 364
3 980
562 443
747 1011
443 520
1009 831
326 919
171 759
591 974
305 761
820 913
508 536
459 985
511 523
530 958
95 680
11 848
785 337
1017 659
641 611
186 220
1074 1094
199 872
533 1092
369 182
187 822
940 875
398 197
116 311
777 1095
621 1046
886 777
379 665
1000 665
719 119
515 147
960 348
724 434
116 943
332 1003
560 429
179 176
742 885
376 1097
666 863
32 306
654 657
895 695
467 50
1094 303
145 865
855 438
201 413
242 263
118 894
696 933
823 149
352 527
47 439
816 493
582 220
1002 972
185 565
705 348
938 644
22 512
832 1080
422 764
986 116
1023 792
417 325
225 447
37 746
744 809
748 252
736 672
257 500
461 957
1093 159
499 255
816 1013
1020 1008
876 996
32 736
254 39
485 940
220 611
80 700
1120 275
698 234
258 777
1055 961
1008 751
244 173
747 660
895 681
452 752
928 747
1044 845
22 694
1082 27
991 737
845 991
747 434
476 133
26 24
258 618
957 666
637 300
859 813
720 835
1116 417
929 474
718 534
503 235
582 686
409 767
833 131
223 371
284 374
540 815
213 922
170 1122
506 954
687 583
586 114
113 375
978 261
560 797
350 1016
394 248
681 462
559 619
334 655
932 488
649 260
302 664
165 73
203 763
910 639
655 243
776 518
892 948
681 765
698 829
445 796
598 266
224 953
730 540
336 141
793 570
860 1072
1005 34
1059 283
1060 447
161 1115
1060 99
735 650
203 94
809 433
1072 1032
549 587
596 121
946 951
923 676
243 559
507 886
283 246
135 790
427 188
1059 211
419 845
309 745
791 1091
545 307
106 531
380 612
223 712
9 1069
486 489
944 193
1105 251
113 478
336 1065
6 1121
554 385
944 160
948 159
143 898
246 444
518 539
965 492
431 955
1076 831
399 270
686 747
384 7
515 59
336 519
642 385
233 395
486 996
626 240
764 862
755 1036
453 868
769 328
1008 974
839 208
618 213
1115 980
921 701
1104 299
641 845
522 697
696 327
871 867
229 587
400 136
460 145
399 784
344 705
923 943
996 417
747 745
1015 695
556 505
167 104
377 466
383 440
806 143
604 950
550 990
1081 318
752 786
970 251
202 116
339 302
1025 481
58 760
517 918
937 199
641 978
1080 1038
260 356
230 568
301 702
341 217
898 1111
864 279
448 629
608 484
840 781
675 115
912 967
456 506
1062 476
278 1105
697 633
275 247
774 839
852 410
124 1037
715 577
740 784
321 717
483 185
564 858
179 417
2 605
112 127
968 582
845 260
441 795
507 36
515 977
862 741
371 391
538 634
486 1040
896 637
783 407
707 103
944 97
534 291
454 632
730 588
944 419
416 207
573 463
794 381
885 592
574 715
21 352
550 983
558 623
1021 774
1064 30
487 198
914 547
308 496
573 775
382 690
922 718
446 1008
1020 275
596 604
962 912
927 240
248 699
327 748
811 107
1042 230
883 265
918 159
1020 265
377 146
669 462
830 213
988 880
919 263
429 178
720 825
122 372
906 146
194 288
1018 790
358 381
536 320
32 561
1019 728
221 115
459 388
1069 108
455 380
1072 401
204 958
424 624
128 585
101 833
518 201
1061 929
594 226
997 32
338 1006
983 175
63 602
461 850
981 623
1076 530
630 693
925 55
589 954
121 694
643 504
588 955
796 963
264 637
419 716
785 943
712 101
788 296
966 110
51 685
123 849
336 973
394 578
139 172
643 138
252 237
815 924
237 1021
1 231
459 314
542 477
211 1072
679 148
491 456
313 221
273 581
868 401
204 552
398 194
2 14
513 436
101 382
701 828
1090 679
66 696
790 331
76 270
1105 763
133 514
864 644
382 203
334 268
575 482
768 616
1006 998
186 1038
974 793
1081 335
672 1012
945 706
582 845
29 822
180 807
693 996
733 1022
955 996
898 868
530 991
877 887
676 26
640 572
123 606
755 493
898 745
232 807
172 688
225 827
60 838
245 638
133 231
87 1034
1065 418
1035 237
302 271
663 674
572 383
127 262
269 328
46 238
809 276
788 208
729 684
160 888
351 766
596 28
395 188
936 218
584 341
226 879
784 352
138 203
432 349
211 611
520 339
356 356
831 1079
514 695
778 586
503 588
718 427
498 883
398 876
177 726
258 899
748 947
129 508
137 859
961 594
919 572
693 583
703 192
874 701
219 18
174 314
654 241
977 170
180 224
214 585
135 505
965 584
19 385
585 9
734 653
649 654
756 120
394 620
232 159
984 746
753 891
613 431
290 253
944 899
707 1061
267 918
729 1011
727 583
478 864
713 176
400 450
849 8
93 136
800 672
229 436
991 839
1025 698
879 581
774 185
436 239
947 808
340 736
175 996
638 957
469 920
511 281
453 404
866 401
699 227
208 235
960 286
57 319
820 613
540 478
980 673
291 959
661 475
59 544
778 674
772 543
385 273
381 975
1068 440
2 721
298 144
208 574
543 777
317 438
141 103
348 961
897 831
327 498
1010 117
712 940
773 423
884 1046
744 692
681 467
1063 180
635 870
465 978
394 1037
769 476
758 663
1013 117
1015 305
587 356
358 1062
615 135
769 973
405 917
430 1098
535 872
189 786
350 476
1087 940
804 45
629 129
972 1116
590 904
842 664
181 827
1029 857
134 270
59 721
175 1052
547 391
413 212
529 852
992 879
926 813
532 361
1037 709
216 447
426 986
1000 786
139 505
246 443
201 667
698 113
654 177
922 848
680 435
871 217
991 420
193 1017
935 815
1072 1003
677 1121
909 743
268 883
944 318
310 303
882 985
158 946
121 142
207 153
1034 523
827 793
959 788
266 763
66 821
936 107
109 821
279 1016
683 406
188 603
866 849
117 291
106 189
219 534
861 630
286 337
488 119
649 904
29 154
1079 773
802 877
71 966
854 271
890 282
1018 904
353 463
326 981
969 699
172 795
203 286
161 345
492 751
1114 698
411 412
1049 982
211 679
553 549
365 811
967 686
513 390
322 465
888 156
932 658
797 755
466 99
727 341
401 728
601 373
842 253
627 444
44 319
6 715
543 774
892 982
500 324
292 982
187 867
94 297
197 594
525 637
458 488
561 74
373 8
980 561
542 872
810 80
296 813
499 471
972 825
1094 816
109 121
709 211
733 646
326 923
751 440
409 630
182 723
744 1095
917 812
872 214
736 547
241 449
466 311
131 1079
992 67
393 171
1094 1013
659 818
704 482
698 641
107 879
850 948
340 318
125 580
1013 490
710 425
86 341
39 419
119 903
99 846
115 1009
947 910
635 407
234 676
396 800
169 607
898 577
312 432
630 890
1023 24
901 491
631 316
426 620
387 420
849 450
1014 648
278 618
683 867
312 609
343 786
649 145
179 257
634 626
456 416
395 390
384 775
809 1022
633 830
771 449
108 441
250 788
291 457
655 1111
120 902
226 1049
611 122
32 1118
970 676
925 1005
568 30
819 620
682 632
14 86
135 593
201 843
215 62
588 178
407 93
319 635
998 234
351 480
239 639
791 868
651 1022
61 216
996 754
934 217
665 467
974 528
202 138
676 850
326 961
561 788
184 970
807 737
918 577
48 566
118 550
152 960
745 46
364 955
219 451
588 129
575 129
770 940
789 753
924 147
704 644
123 228
431 729
981 689
1076 31
1022 195
654 185
377 241
129 122
925 288
542 841
565 1077
837 489
167 122
91 449
697 829
589 763
292 200
673 208
179 272
166 1003
587 302
350 575
116 285
582 501
279 877
723 108
481 828
951 371
711 884
291 960
3 886
246 257
323 361
373 858
247 302
1113 782
37 138
384 257
767 621
726 93
36 843
894 533
184 182
938 648
172 841
556 519
898 642
963 677
976 1021
664 27
707 744
1008 750
1074 578
876 5
948 777
545 766
927 355
314 299
1002 979
806 143
413 416
945 1044
414 312
956 732
739 897
817 862
734 335
149 245
984 611
327 662
986 281
851 476
968 603
911 357
543 987
199 245
221 1059
475 977
320 784
333 660
116 535
613 236
600 363
1103 1120
66 689
584 697
473 708
785 965
391 188
274 831
704 955
398 696
450 120
510 805
558 1044
847 520
823 109
539 330
649 730
294 278
364 846
340 184
169 563
409 66
928 909
848 924
883 637
504 934
451 737
75 1016
1073 276
32 417
212 421
642 450
865 530
292 789
618 955
970 409
226 633
1107 1104
715 440
190 983
162 257
281 577
724 315
331 826
786 148
246 454
427 363
474 315
424 720
590 870
1036 926
694 680
236 765
147 962
812 1059
375 440
299 656
701 161
857 594
389 804
664 481
33 735
164 997
114 28
350 352
687 228
582 937
160 1000
479 723
809 477
280 184
844 102
120 792
27 893
766 482
386 582
618 56
480 738
852 684
493 208
955 746
522 260
608 105
1041 933
563 183
214 264
329 28
974 1000
735 174
141 864
291 909
457 1119
690 931
400 399
181 650
116 701
479 83
206 375
418 161
75 227
544 188
894 174
1089 217
303 505
650 525
548 766
624 387
739 327
727 690
484 194
724 210
400 843
146 168
223 646
340 751
423 751
126 159
844 401
922 505
872 687
1072 931
625 626
406 252
343 799
832 265
173 348
950 177