63 19
953 146
459 402
244 407
674 163
651 595
429 926
789 585
400 505
997 845
456 346
598 865
847 474
368 345
701 461
325 291
367 152
136 101
528 507
498 977
601 1014
751 703
302 979
821 508
692 490
730 956
825 412
623 864
312 846
835 611
375 1066
409 794
518 846
941 121
978 837
293 511
982 252
436 121
163 88
527 447
480 208
618 107
271 878
717 698
940 289
459 457
815 625
163 724
812 573
682 168
636 440
448 997
349 214
737 810
555 915
238 860
669 962
246 682
189 178
694 399
393 316
528 979
600 178
719 508
965 142
102 516
1008 988
670 843
581 180
944 463
568 1011
624 1048
115 683
356 890
1002 208
880 1015
84 876
666 476
411 199
829 696
439 743
1033 405
603 1038
1101 743
1095 909
760 655
487 986
8 1022
745 449
477 483
419 725
874 376
919 46
658 729
275 792
825 434
915 338
739 249
549 66
208 1089
392 240
385 915
682 432
646 470
694 892
82 1030
893 640
200 870
389 238
926 175
1065 14
391 527
791 920
604 166
1011 297
15 370
645 670
435 772
651 604
403 805
983 179
745 1088
115 829
886 958
380 655
552 841
1105 1117
763 891
626 221
212 1014
879 86
694 154
748 762
838 146
572 206
569 628
351 641
804 4
951 496
208 353
631 678
150 896
844 883
849 458
1097 1101
691 859
126 818
157 107
919 519
530 498
666 742
337 622
821 412
273 916
550 873
110 502
159 116
1010 850
233 729
370 151
548 1069
417 58
845 804
252 879
585 529
815 363
299 141
647 440
56 523
98 254
214 45
456 269
647 482
3 913
477 413
76 1047
397 646
262 510
482 809
683 620
394 709
149 26
16 298
708 763
616 906
886 287
834 932
886 289
450 862
240 315
899 691
392 582
1033 386
354 1000
710 1002
482 512
993 812
893 1021
953 46
86 734
596 1068
588 797
796 570
496 504
728 34
355 546
1052 11
515 328
803 453
734 833
635 911
773 466
349 520
45 487
1007 758
275 523
239 1019
1102 546
627 237
235 687
486 574
579 579
759 235
211 312
1121 603
104 954
144 490
509 395
409 733
622 1023
347 751
1077 296
1010 481
803 340
154 138
905 891
105 921
696 113
624 919
374 748
331 202
553 1010
651 100
72 211
132 334
393 110
632 510
318 222
742 933
795 987
825 122
183 34
606 539
1066 229
494 1000
119 269
874 1018
946 305
627 1049
144 850
704 347
580 315
175 18
277 468
338 763
606 558
557 158
342 354
87 325
769 997
139 321
541 580
456 1109
617 712
593 850
87 175
134 748
745 537
787 524
330 180
333 1106
612 909
424 752
880 462
682 565
485 688
319 297
690 839
358 864
392 786
44 662
727 509
134 487
318 283
589 727
16 611
693 651
662 774
851 385
1035 302
519 926
958 334
789 386
637 511
405 803
310 132
525 558
1074 880
860 991
861 105
323 726
1093 940
905 788
1058 629
442 911
534 600
758 461
84 150
792 405
930 755
950 617
842 605
508 962
190 698
391 777
413 555
404 1049
552 855
839 977
433 975
178 557
888 211
512 709
880 604
590 610
213 780
692 249
374 485
512 121
450 899
1048 621
694 137
1072 868
673 106
280 812
683 468
68 408
879 467
1091 475
216 667
121 709
1010 787
821 440
793 460
483 807
474 371
168 175
368 426
441 579
116 686
430 636
177 1045
120 483
786 220
314 880
86 141
628 563
869 765
358 913
683 435
616 307
133 488
1064 763
419 951
1052 310
366 553
24 456
809 472
582 869
1113 321
484 116
912 1082
373 570
210 1061
903 589
172 736
223 5
109 870
568 90
903 333
262 363
629 358
215 123
493 460
501 102
860 369
466 800
944 1012
969 546
110 418
489 177
484 162
903 347
1057 698
780 525
292 266
327 327
622 972
507 778
971 761
299 741
887 787
111 516
284 3
632 538
659 539
46 231
259 1025
623 402
693 364
615 410
402 245
413 820
145 515
341 336
909 398
903 873
338 977
864 774
702 767
652 214
558 170
1085 469
1058 316
511 711
806 150
535 973
665 215
1007 150
291 179
717 866
402 940
8 325
1 337
1060 905
349 486
267 702
904 677
1091 614
167 326
791 814
414 511
567 296
513 311
477 379
970 131
624 299
986 551
1087 703
768 21
834 778
1088 650
151 1083
743 821
360 383
979 127
394 461
130 607
240 400
387 1054
940 937
180 541
870 480
460 251
555 562
732 883
941 147
337 739
363 435
817 402
271 873
502 48
984 1016
870 293
859 580
485 254
709 938
67 551
306 393
274 1098
1117 21
731 139
687 707
247 824
348 913
216 52
226 685
121 487
426 918
915 506
367 810
1105 1033
465 381
545 235
879 354
531 367
980 201
582 1037
1037 154
1082 585
979 570
1018 450
618 787
530 614
941 240
99 134
314 44
781 734
55 215
909 814
530 511
175 914
1057 952
482 653
486 1025
418 577
1028 811
894 1076
941 481
291 756
34 419
228 103
317 410
131 537
564 339
367 475
858 441
78 474
324 73
130 781
193 735
407 841
208 261
1016 1076
342 194
347 542
534 55
152 505
1004 546
633 963
721 421
778 408
25 391
841 880
972 485
481 857
753 67
834 393
832 784
96 793
142 1051
721 237
144 244
693 1081
1003 742
841 270
640 621
792 782
872 148
302 893
698 1112
973 496
928 672
937 297
993 251
682 603
278 500
751 192
281 610
534 720
1061 174
186 65
10 241
572 612
445 168
126 499
925 480
905 49
179 852
341 593
298 442
314 1073
319 601
940 648
820 778
838 751
633 903
420 167
694 1026
1054 484
984 278
217 451
118 774
616 966
232 799
462 296
693 168
88 948
584 782
456 845
817 977
927 930
268 821
159 837
1003 805
126 277
8 91
48 500
770 543
424 597
200 1002
925 882
809 168
76 429
386 540
659 205
561 674
268 375
1115 127
674 335
318 734
857 831
234 1086
169 871
696 935
496 398
517 162
584 134
802 180
350 578
301 844
317 509
991 517
565 345
20 156
216 237
864 116
757 296
882 806
1022 357
177 35
116 771
690 900
473 349
521 308
982 427
408 614
750 953
578 298
926 986
273 658
326 1095
346 1017
411 188
734 281
405 988
242 652
656 442
162 284
855 132
920 542
1020 658
102 752
886 594
801 1115
127 569
277 646
261 389
563 903
403 991
175 245
456 468
629 245
48 893
914 852
649 573
548 1119
1053 925
448 692
325 141
743 800
1020 857
1006 892
477 718
650 1105
294 893
962 795
702 411
463 309
120 1105
617 396
825 609
924 383
627 420
815 153
291 116
379 193
509 637
81 629
166 587
165 636
666 633
833 840
119 871
351 405
797 1065
711 321
686 359
264 589
340 194
1080 135
145 1035
229 176
527 307
153 1083
505 548
419 110
1081 193
621 370
130 421
804 621
277 717
923 198
48 861
297 715
614 411
106 454
557 699
1006 202
820 934
519 251
204 129
555 180
1097 567
770 641
265 273
431 564
889 210
976 740
7 106
947 557
967 617
839 1056
864 429
315 280
545 680
234 86
984 906
186 464
276 1063
136 111
1027 211
498 819
998 450
1101 632
123 184
329 911
398 164
694 923
211 677
115 1047
51 480
632 790
230 358
89 264
429 344
647 929
216 351
404 167
902 46
537 524
852 1096
755 831
946 757
294 958
749 246
677 922
628 248
650 304
812 1086
825 879
932 881
788 31
504 165
673 792
419 795
317 102
378 946
440 305
845 531
470 82
621 925
400 798
618 557
1032 429
116 570
1071 800
672 476
187 468
780 440
898 153
387 828
674 56
853 970
583 193
602 996
725 224
373 806
163 885
328 155
336 143
485 791
845 80
143 31
677 757
634 961
443 881
624 991
557 466
365 396
693 177
485 242
330 305
204 185
1093 285
1001 520
135 602
199 1086
528 538
20 194
470 109
747 795
755 478
941 686
265 795
714 716
611 648
242 598
90 265
313 382
505 447
219 418
874 1009
897 149
117 239
515 1008
565 801
968 808
567 525
142 136
904 507
981 128
128 245
917 70
492 1044
238 669
77 343
1057 907
678 541
221 614
537 309
164 397
335 108
687 815
796 546
78 4
743 947
628 652
1095 877
586 842
559 503
770 890
936 56
419 836
88 298
178 696
517 213
851 995
409 499
777 435
427 339
571 675
397 282
1009 280
858 894
1017 733
5 635
133 647
621 777
801 115
128 612
200 211
832 916
285 443
668 880
743 641
492 826
412 180
547 464
18 881
422 643
787 803
341 362
575 160
585 1011
823 970
422 313
743 766
211 762
728 954
991 121
456 226
280 94
441 1001
124 900
705 213
72 229
318 438
204 553
784 22
933 372
813 575
377 176
392 281
1039 206
561 332
235 489
907 515
929 209
474 480
287 753
869 816
679 779
23 751
847 802
625 430
548 351
663 346
271 291
97 447
393 1117
17 725
378 36
762 238
665 886
804 545
149 734
133 871
312 554
659 372
615 1053
136 370
367 985
985 29
967 786
571 794
489 303
890 319
125 230
36 1091
1039 950
1093 486
219 712
555 879
1084 176
20 1005
923 479
750 358
626 184
799 726
600 1101
878 1019
810 839
506 852
517 502
505 1055
430 248
806 247
942 444
350 417
258 38
584 260
116 1045
372 755
404 375
870 247
655 650
915 137
1003 527
875 856