137 697
608 424
717 370
688 405
153 430
502 153
190 284
963 104
69 147
365 900
564 720
155 1013
679 1056
518 847
597 1040
76 471
487 290
326 167
962 773
148 814
119 203
102 465
301 1020
398 657
814 578
1004 1034
355 222
1102 152
1086 465
577 693
575 1060
835 751
97 851
314 156
170 828
304 901
936 75
304 400
106 802
772 642
937 879
575 131
1017 403
742 789
183 858
522 321
607 40
493 786
414 246
733 583
1009 767
544 579
741 927
1002 840
177 504
887 228
224 627
653 938
881 104
669 958
155 674
232 266
143 170
232 684
715 433
800 753
924 54
945 784
337 21
606 811
639 1123
1017 512
738 754
718 167
979 666
448 402
113 401
131 402
254 492
706 306
460 79
1041 679
691 371
1061 404
345 760
738 867
999 85
1073 923
176 246
418 674
276 828
276 112
715 528
1027 295
269 1121
254 333
8 277
634 624
802 30
870 383
474 181
400 747
1021 360
798 319
510 890
377 194
320 869
1031 584
1023 517
1104 387
433 116
1072 438
777 749
58 533
337 415
434 608
252 85
46 930
872 595
426 1012
596 352
548 561
622 350
1087 212
243 130
466 315
1016 93
848 226
277 895
712 1049
738 863
615 705
370 48
262 912
782 946
484 388
315 645
353 386
792 676
259 354
909 894
946 151
236 781
117 427
378 369
294 452
896 709
716 16
549 273
207 924
1050 818
884 947
333 383
593 919
129 964
410 412
366 451
278 151
403 247
409 219
1016 1005
27 999
951 270
40 981
240 491
497 217
820 631
902 234
219 823
740 478
772 129
50 97
1052 749
71 321
757 247
880 645
348 794
111 1025
839 36
113 595
1020 456
355 4
1121 563
382 658
886 773
627 1044
680 819
810 943
958 136
334 462
245 815
540 997
106 481
746 857
770 1026
746 589
962 1
447 71
428 257
260 115
975 655
12 351
886 1106
974 210
552 338
817 853
263 371
650 451
752 521
508 609
423 945
735 464
217 405
364 540
966 178
805 854
97 477
633 232
374 748
994 934
1092 594
762 771
466 1067
730 467
562 603
1085 502
737 442
760 937
623 621
899 942
910 651
183 993
577 747
472 471
175 616
826 949
204 259
207 258
429 960
500 707
1045 765
765 521
729 643
601 969
779 377
122 804
650 920
359 893
78 156
867 852
983 105
334 183
798 82
282 403
1105 363
713 437
330 792
508 633
506 117
110 1039
310 559
698 677
323 599
542 145
698 460
537 135
750 65
146 629
963 930
258 842
481 798
475 645
48 885
754 854
934 537
115 381
887 481
651 90
97 124
990 519
364 1089
194 100
515 1081
491 556
972 905
559 968
868 330
884 507
180 219
520 423
551 927
573 473
721 141
277 278
482 932
565 965
1073 82
77 685
705 169
159 552
654 269
105 822
41 192
830 812
92 724
660 12
708 221
878 1092
605 470
289 1099
609 1119
765 181
1118 890
532 126
626 1101
1015 390
315 1091
823 800
613 794
475 67
750 165
903 761
459 824
243 647
1042 490
277 1068
233 565
108 700
380 622
38 376
894 159
828 710
90 231
1027 897
1018 526
562 567
407 86
770 458
507 26
393 623
535 976
571 736
393 745
261 325
786 536
643 496
536 550
568 312
116 2
821 174
405 539
178 398
1021 115
451 1007
293 234
386 382
673 459
441 357
46 261
127 791
539 864
675 269
592 948
13 399
528 1094
883 752
594 915
773 755
935 1088
948 462
586 517
816 1045
626 360
425 409
764 334
1076 889
456 285
871 491
503 204
353 616
493 720
998 480
217 398
202 813
864 646
764 979
275 1013
634 675
599 432
1106 388
859 790
879 21
505 614
917 985
807 828
294 963
1009 801
918 565
831 118
781 356
233 558
427 347
44 821
139 671
109 901
108 280
534 987
792 401
467 806
62 779
856 322
319 881
443 777
779 55
383 1055
534 591
659 542
368 474
90 367
829 401
353 469
94 669
1053 936
447 692
668 706
634 752
581 868
243 874
721 769
366 798
251 682
557 263
414 321
789 209
933 297
283 443
956 935
754 827
527 229
280 138
1084 436
122 322
1091 507
336 887
1042 466
933 1026
480 711
22 1012
663 827
865 902
1017 1068
769 44
831 85
335 538
477 632
127 312
1022 452
540 299
1002 666
1105 878
518 856
90 358
964 368
1 990
678 185
884 108
439 715
567 19
709 167
957 269
304 366
821 360
267 423
738 465
322 254
526 48
308 902
691 663
290 250
467 124
366 94
582 864
171 515
1041 281
382 660
1076 572
177 336
372 289
309 458
1074 10
802 478
483 868
549 235
378 590
162 7
466 120
605 983
535 846
733 284
435 742
675 556
124 974
412 955
389 426
441 272
438 503
470 452
444 667
42 841
373 545
249 497
71 248
600 198
696 282
597 563
725 345
471 855
142 1005
238 229
29 394
397 85
469 51
965 2
702 966
536 764
878 602
386 636
379 934
778 632
983 980
664 689
463 1099
263 510
928 692
431 1002
906 589
1082 814
495 756
1076 734
919 67
215 144
812 336
229 922
436 472
407 948
853 767
146 1021
717 390
1040 520
523 109
745 570
886 472
314 645
323 468
636 856
588 466
140 202
119 251
247 437
316 1045
997 864
347 999
490 266
204 766
191 861
872 287
619 314
415 277
1086 834
667 520
678 1085
549 541
546 219
791 573
498 391
221 186
805 167
887 843
168 138
274 572
413 189
381 252
972 850
259 1001
87 587
190 1087
711 782
15 714
170 405
724 320
639 819
853 698
405 911
595 1055
723 273
233 537
331 394
532 419
946 746
1001 704
516 138
628 115
190 228
232 386
674 118
886 554
378 511
631 670
902 542
597 833
918 347
675 95
510 456
611 944
579 619
68 253
854 312
645 635
139 595
190 1005
200 157
485 292
586 398
1003 289
1079 449
295 507
402 967
102 2
670 963
52 300
544 1085
486 1101
287 584
954 387
701 1045
659 947
834 405
649 827
330 783
588 871
761 28
567 25
920 731
488 652
320 553
478 734
824 713
482 597
838 296
217 148
597 448
637 636
314 412
1002 488
169 1020
948 796
813 985
1047 676
490 395
387 1022
223 1
296 78
813 211
640 958
745 748
243 1104
226 271
243 1046
151 978
657 935
610 554
538 148
446 414
326 414
465 1055
1006 540
988 550
236 475
748 101
520 272
778 110
505 1023
101 151
169 636
385 614
100 203
284 442
562 489
337 278
508 590
403 126
641 779
192 213
497 502
791 1000
694 659
100 36
905 1089
667 787
902 374
1089 619
460 721
308 860
421 210
339 807
609 388
639 678
755 1097
530 546
495 487
948 1088
522 717
546 568
1060 947
493 252
556 225
711 934
658 781
530 522
209 714
1098 472
421 1094
853 416
138 294
603 832
686 183
545 94
801 587
581 115
659 727
671 730
710 905
447 162
892 214
233 556
671 1013
575 180
552 148
962 583
313 345
297 825
102 67
911 990
749 464
184 505
69 179
600 384
568 811
761 604
340 116
98 951
675 1005
309 512
1042 703
1005 16
284 211
497 806
735 382
210 373
831 997
87 724
401 617
694 821
947 359
563 438
545 639
306 922
474 266
569 965
115 395
478 577
256 828
916 975
882 558
253 193
960 884
802 703
161 835
556 887
285 621
596 798
843 688
826 554
1102 965
1106 716
499 773
1054 815
827 59
295 802
997 232
654 778
1018 740
427 974
372 800
610 719
339 80
389 462
313 333
297 352
585 339
263 988
763 301
465 256
134 889
601 769
1041 915
554 226
243 187
751 986
882 413
1045 947
493 1044
281 143
1077 656
480 237
1041 463
481 639
713 879
672 903
997 159
433 683
703 119
114 647
349 1028
174 971
826 635
198 636
808 491
408 374
902 1012
271 68
496 512
104 953
391 560
1015 1090
525 1033
440 305
677 434
107 452
918 903
1118 138
1102 175
901 947
426 678
863 388
916 404
149 834
648 14
547 85
867 382
315 1037
88 148
245 458
28 331
628 258
425 10
793 766
373 532
209 745
804 580
875 265
711 923
290 89
783 816
154 1052
391 93
117 370
200 510
1003 894
685 458
404 357
537 1044
290 1039
376 779
186 614
383 867
483 893
807 562
466 103
736 1022
343 370
985 154
940 984
515 343
270 357
975 248
542 286
796 370
609 692
797 734
705 745
982 974
914 722
636 668
420 269
999 482
801 962
635 370
1099 18
719 525
837 672
537 626
678 202
761 935
291 536
149 505
1014 862
192 4
104 870
655 363
809 978
620 210
223 116
620 986
564 103
867 44
173 607
725 363
979 540
1016 957
144 1027
624 869
728 296
183 868
398 977
806 743
571 280
695 887
119 623
188 686
404 287
290 257
499 921
106 233
331 371
97 122
249 153
431 643
376 447
110 920
1004 282
10 333
578 282
172 122
405 155
706 190
723 548
674 253
416 340
416 567
378 1047
112 43
285 1109
432 272
342 309
461 941
585 763
452 267
25 65
447 641
354 289
112 788
662 881
862 382
571 748
591 859
261 599
145 306
881 525
316 287
384 996
720 279
965 836
954 132
1008 321
268 645
962 295
653 496
647 346
514 864
589 864
63 840
171 954
233 1021
16 300
796 351
395 1041
1035 434
709 988
342 303
806 904
379 494
798 343
481 667
173 135
626 864
1118 512
200 69
424 768
286 1006