440 871
64 302
622 897
526 454
985 277
168 69
481 753
1041 559
69 986
488 854
101 661
604 444
322 392
169 56
631 206
993 613
995 132
1007 733
458 45
460 856
1032 689
580 393
398 862
233 922
367 482
477 924
767 917
333 716
954 628
724 1049
809 452
41 1010
466 723
1076 546
677 101
963 222
510 112
1009 486
135 958
122 852
1076 737
421 560
329 985
131 734
198 664
884 599
729 675
751 902
460 154
633 1039
773 986
533 540
1020 258
166 1039
338 912
1042 842
955 1003
105 717
1089 181
104 378
142 970
593 825
897 892
683 196
798 994
925 512
368 1014
792 218
247 774
685 801
342 137
152 734
502 236
343 533
614 112
218 473
39 300
691 959
975 553
689 730
395 692
520 873
629 545
1043 974
848 854
541 612
680 1092
156 124
1029 329
448 848
457 612
140 964
121 165
67 1007
678 786
169 1019
762 311
354 165
406 823
418 361
566 562
190 662
441 886
978 203
269 492
109 798
1002 332
418 465
255 709
871 157
948 845
819 417
728 595
787 554
634 342
837 338
574 426
936 457
936 573
919 465
725 316
828 816
230 700
868 904
183 644
969 586
217 314
311 547
939 978
963 850
206 443
184 906
995 812
803 954
304 481
809 27
980 881
999 127
531 1003
670 636
309 685
399 580
711 840
293 362
380 1016
674 143
249 889
335 937
525 281
807 892
400 1072
197 779
917 597
812 564
684 253
524 432
992 858
35 968
917 307
449 64
590 593
256 838
670 760
46 888
343 1083
716 973
975 179
691 525
844 461
981 887
291 345
198 217
299 1049
683 736
494 865
344 1048
814 676
669 159
140 673
269 300
1002 1032
1002 852
352 488
936 424
837 481
169 476
647 461
708 957
734 685
913 540
875 266
840 206
803 503
857 676
900 250
580 888
1055 463
842 16
663 544
498 1123
152 764
111 275
345 661
542 922
619 137
828 800
989 556
703 505
948 594
412 981
854 780
511 377
173 378
546 39
27 228
315 647
714 276
497 335
936 224
972 699
91 956
852 532
74 421
1027 722
618 768
167 4
131 671
743 138
955 360
411 449
243 373
589 733
357 131
1014 812
757 977
231 166
310 559
769 133
404 149
862 62
205 391
160 1078
405 593
318 810
196 753
574 755
1064 283
258 842
419 237
326 377
591 925
777 940
387 458
715 304
310 466
279 711
518 207
441 688
150 979
849 257
887 534
993 546
877 741
197 825
904 269
881 617
567 735
732 919
449 115
954 1055
966 213
177 1109
695 322
336 185
105 943
969 960
437 702
1102 612
458 279
638 369
762 377
231 922
651 323
306 187
661 845
758 487
625 67
222 433
690 101
679 385
829 310
713 604
558 210
411 627
252 956
508 313
648 1037
200 75
434 877
389 953
106 877
231 578
576 820
65 847
758 257
645 1064
534 977
1032 807
379 57
162 612
1001 1108
745 282
344 189
637 242
305 275
620 450
978 476
181 380
58 479
326 733
656 925
217 985
126 402
588 457
645 219
1050 1010
50 146
464 797
111 913
220 490
321 841
98 487
340 979
393 959
360 177
781 686
774 580
245 444
1016 438
380 490
807 672
379 136
711 213
693 166
166 564
822 706
313 588
1041 302
376 1050
937 305
721 1087
226 844
480 796
280 761
786 39
727 818
1072 369
605 993
529 613
320 803
180 621
1100 570
100 883
876 200
381 878
798 508
383 242
781 528
997 270
738 756
563 224
263 328
353 309
280 38
697 401
478 407
662 482
1044 859
299 841
107 644
159 227
753 582
631 817
470 158
1089 769
707 1055
447 53
219 981
405 925
740 778
900 480
177 652
863 1100
504 456
977 994
930 357
773 167
1065 786
707 868
962 36
921 606
851 601
386 718
583 377
1020 672
553 20
915 597
526 683
872 323
14 199
511 468
661 775
772 162
237 372
677 500
383 85
984 650
506 141
898 253
659 139
975 590
687 215
598 1078
61 984
488 417
128 633
1 533
464 309
77 701
743 435
374 839
178 443
351 946
312 995
455 42
188 726
1015 655
974 401
492 983
391 769
861 459
581 783
716 904
755 1012
873 223
478 396
359 968
420 126
767 249
1054 386
602 445
896 166
297 844
846 212
59 436
50 138
582 890
196 1026
507 406
678 311
224 240
409 429
881 879
155 566
377 651
18 273
672 799
252 902
960 108
776 648
684 791
604 762
705 120
751 123
145 587
346 198
719 217
482 574
573 992
481 27
694 1070
845 1087
649 1068
632 955
675 471
450 245
585 944
451 348
1016 570
869 930
1033 288
1073 822
691 730
192 1026
39 1122
576 789
1057 298
504 940
564 750
317 465
361 886
486 1059
23 539
357 632
506 281
398 652
107 365
628 266
649 976
827 335
150 420
118 938
740 903
745 514
1101 43
657 780
369 615
186 976
629 810
905 1043
858 735
634 666
446 1012
876 911
729 687
987 506
703 300
282 965
414 77
906 107
442 1067
958 750
492 644
728 782
405 800
546 439
136 609
681 359
472 322
607 377
1069 260
1064 0
329 415
392 46
191 838
786 362
1001 87
566 833
314 150
518 613
1098 11
258 108
190 664
388 553
856 534
663 869
213 186
1002 1075
490 21
168 715
557 695
416 206
378 684
703 57
464 529
734 29
828 359
976 219
901 957
569 378
944 759
127 851
421 950
746 911
132 709
461 756
658 169
1022 956
410 434
400 392
471 841
695 148
552 234
716 938
339 695
881 911
135 124
1010 749
272 994
110 1002
965 175
753 290
272 294
315 479
591 1009
524 726
264 314
969 38
204 242
946 354
1011 111
148 3
234 222
650 985
564 805
31 1081
653 175
200 654
628 499
839 214
479 732
201 738
20 137
267 252
505 1003
202 587
956 460
323 921
832 166
446 960
140 192
614 609
435 743
248 605
68 602
450 337
410 698
834 965
788 1122
71 319
836 60
328 235
743 950
228 580
284 549
550 1105
64 394
745 648
159 222
830 59
8 608
812 502
1087 948
547 840
241 918
948 788
340 618
637 974
231 789
849 813
526 287
570 965
604 650
466 214
362 995
110 1099
200 274
77 241
377 711
848 289
385 526
971 166
848 646
699 442
345 1059
688 380
327 800
402 486
740 315
647 1018
11 888
844 315
911 20
493 94
369 315
689 728
803 945
930 743
984 336
191 820
870 468
1083 89
111 742
934 584
310 138
1074 139
1001 291
33 1069
610 592
212 692
560 408
198 848
8 958
146 264
113 786
374 298
466 405
753 748
20 606
746 493
645 986
218 903
377 726
1111 718
806 1038
458 334
574 209
203 460
553 464
99 349
643 721
130 512
132 328
410 92
667 241
327 637
346 168
519 357
866 258
272 834
460 19
408 28
541 812
661 986
111 686
749 867
548 348
397 1085
841 859
293 978
779 518
219 416
1084 325
737 558
961 120
150 565
914 524
364 1063
348 1034
966 444
629 645
969 1016
195 570
353 301
886 1059
748 118
778 192
275 254
851 123
847 536
547 127
819 714
1030 989
215 46
385 517
535 182
612 249
829 313
363 1005
964 820
148 183
278 387
1046 343
404 837
584 287
987 633
914 121
906 175
687 910
130 805
405 647
481 656
559 520
387 984
801 958
297 702
554 848
859 488
194 611
1036 777
652 58
269 934
275 467
522 1030
277 554
155 487
155 759
474 255
697 410
257 605
240 701
555 814
961 233
291 600
694 108
613 263
1086 126
619 488
490 843
1117 892
545 888
652 966
226 456
904 397
650 928
897 657
148 169
536 1072
562 100
199 496
61 388
509 199
1029 559
958 957
203 326
546 421
120 253
972 459
781 685
722 27
41 401
554 636
243 206
711 364
273 815
981 977
845 399
674 827
521 224
878 301
93 46
577 779
803 358
131 851
1094 493
227 1006
543 445
580 261
312 403
548 904
235 1118
278 771
1008 506
923 745
861 858
739 815
279 983
878 199
939 341
1096 847
660 1063
917 777
377 1037
566 917
523 669
279 269
436 1018
554 744
733 449
843 738
233 825
326 283
147 367
901 784
694 121
493 713
573 342
1055 1098
980 104
250 488
369 669
612 579
852 748
338 711
521 691
484 1110
554 689
893 762
594 300
242 349
943 627
569 382
657 463
857 420
541 653
807 786
885 947
983 432
790 764
756 16
130 850
681 237
1054 137
530 1118
98 885
1021 598
796 784
588 513
1103 387
655 994
1015 278
405 634
190 777
601 480
913 735
954 457
474 305
102 591
598 958
907 618
186 178
811 165
776 918
486 597
835 102
105 392
156 355
636 820
585 776
204 568
1101 433
266 2
236 662
59 547
1085 348
338 326
58 959
1038 752
885 750
239 931
373 991
523 1013
481 100
596 198
382 371
617 865
209 584
774 495
622 577
20 556
578 897
653 281
145 425
415 880
946 447
400 786
139 342
813 721
309 742
614 378
752 410
265 514
215 397
685 43
747 1055
278 830
390 820
422 338
282 564
723 589
34 273
727 175
304 361
551 236
441 1078
648 439
839 773
918 709
850 663
711 748
204 918
243 226
377 200
772 1096
535 850
336 287
687 748
557 247
810 693
805 117
1064 599
979 186
299 1010
762 817
1120 957
539 460
354 1040
164 785
1082 258
79 1011
213 365
660 286
253 664
1075 444
836 962
208 118
305 405
16 535
313 754
247 397