907 544
1002 243
1056 444
611 906
176 749
860 364
642 793
272 806
955 682
609 889
356 290
841 991
750 327
434 1047
160 739
235 784
1073 748
460 373
272 753
691 978
631 615
464 68
836 519
979 402
557 419
203 945
796 897
710 161
865 980
879 840
607 481
388 289
897 717
416 993
338 58
27 503
620 835
713 345
340 880
211 883
575 164
956 863
588 153
815 161
423 837
981 213
939 619
538 379
164 218
560 896
237 1040
187 764
688 579
366 163
1049 559
966 1
339 760
733 288
471 562
108 927
543 897
381 742
301 927
111 775
797 1021
579 1011
1002 647
0 687
435 245
361 617
877 869
594 36
337 549
284 361
1096 725
202 437
250 922
877 952
1098 814
381 938
135 238
161 982
593 217
304 523
702 797
801 678
897 154
309 1122
264 244
651 918
934 115
139 171
433 709
351 307
429 958
910 719
727 148
330 349
535 417
784 154
698 837
766 468
463 305
66 343
186 1068
1008 791
506 852
677 1070
813 10
281 447
295 950
233 733
218 1064
862 547
378 359
629 340
588 51
264 973
254 113
316 952
590 468
533 245
331 737
562 992
1034 644
1045 879
119 382
610 60
440 927
333 362
1019 571
726 744
479 153
264 153
107 284
109 1037
561 567
953 112
930 642
768 193
623 761
474 107
643 385
521 883
258 213
168 935
568 2
934 768
603 832
1060 202
893 319
1088 127
394 122
955 151
388 638
978 633
337 89
207 731
234 1055
901 395
840 97
53 2
664 547
719 834
955 675
517 771
105 183
981 472
636 455
205 626
478 883
1051 57
919 900
382 231
243 140
217 812
125 506
701 419
366 7
112 344
701 24
564 624
470 761
532 444
501 69
86 418
854 1002
293 503
734 324
222 619
571 517
746 956
137 535
777 548
631 277
757 385
1002 612
55 656
33 497
237 180
284 732
206 214
981 148
619 899
333 485
183 113
971 468
201 775
183 530
991 617
1052 181
770 411
970 607
151 304
690 374
869 1002
819 117
693 181
446 441
429 135
729 691
321 693
692 262
542 978
926 948
577 363
911 591
1095 113
494 937
477 632
700 496
902 38
1033 1015
723 613
736 675
403 928
868 796
244 1099
1035 803
149 710
312 545
589 0
941 332
1096 450
171 1009
400 656
546 568
77 13
100 75
496 782
830 728
621 808
373 816
408 185
705 622
787 844
950 356
373 854
734 275
913 301
946 1010
311 954
491 863
847 153
525 88
212 1053
639 672
35 233
731 727
582 436
479 305
318 457
1014 821
72 628
168 113
414 226
226 627
860 138
800 293
782 161
455 774
112 496
336 165
737 88
75 433
356 855
109 469
343 168
271 378
1093 459
688 160
135 539
193 753
1030 161
302 384
535 783
482 1086
274 631
1049 993
268 764
544 663
379 321
200 253
1051 559
649 670
14 826
951 475
324 615
366 121
925 1064
492 215
487 538
925 998
1019 664
445 427
566 25
923 712
948 559
301 604
221 230
957 246
658 599
269 635
1066 877
784 423
521 838
404 997
533 602
72 1065
340 891
485 508
936 956
837 854
149 563
771 785
172 568
190 924
505 586
90 238
799 727
462 380
626 549
711 537
792 503
548 1036
843 939
572 735
191 22
933 886
648 577
661 1122
818 522
27 887
507 570
893 790
773 587
947 583
0 784
115 488
710 375
511 281
322 1065
521 731
889 197
836 560
419 159
723 354
878 325
725 798
512 337
630 965
130 811
964 188
1083 961
496 416
710 406
414 567
864 575
661 610
640 398
208 167
944 812
422 975
584 144
636 621
473 168
386 127
268 1012
554 1015
171 948
923 605
696 744
650 909
436 441
389 445
483 508
606 480
757 901
288 242
463 148
271 454
836 399
777 171
153 376
526 257
984 130
813 133
424 200
586 1094
448 928
514 201
393 920
847 989
60 977
192 827
429 376
1037 280
354 1082
1105 950
831 424
343 275
587 563
370 130
154 476
615 263
355 371
115 483
116 133
344 871
444 997
130 1094
993 359
669 149
547 536
767 159
741 867
45 757
490 989
1068 700
830 829
104 475
357 2
966 767
159 263
674 1075
621 230
515 932
340 1093
881 696
224 624
610 1004
551 167
729 356
798 698
272 1094
828 851
152 327
654 1111
284 206
850 352
736 882
871 510
76 859
276 604
745 87
959 452
224 1009
413 711
844 372
400 663
960 976
80 742
731 278
846 79
1056 920
193 857
21 268
242 309
612 466
714 629
409 654
122 484
427 758
323 395
559 492
358 924
553 738
786 862
922 1037
885 92
183 764
892 927
201 897
774 1085
852 370
546 821
379 704
631 533
418 211
449 840
341 745
522 497
673 425
763 321
508 52
171 483
848 385
151 830
169 1002
187 1065
548 162
1 8
706 744
136 635
475 580
583 903
325 31
675 472
228 200
925 507
108 790
600 523
298 217
270 195
716 614
25 800
1093 458
121 371
638 206
364 945
605 1090
153 194
478 1109
312 810
273 454
673 594
19 793
804 737
276 24
781 438
299 734
345 843
523 850
467 382
814 424
139 439
195 1115
259 705
283 264
851 953
153 774
228 173
1042 806
376 738
212 378
760 176
297 290
577 39
31 931
600 210
752 528
252 195
1040 337
422 161
699 325
379 893
406 975
380 548
1112 547
250 480
625 1000
612 913
755 351
154 658
391 292
323 24
238 93
497 368
493 54
492 558
838 424
824 344
918 1039
355 353
1099 315
787 32
725 862
459 330
32 825
637 169
610 573
511 1013
823 376
561 672
997 851
286 363
835 818
274 372
930 334
780 266
788 147
108 714
868 998
219 936
41 686
192 798
289 570
434 276
94 584
444 590
591 485
645 293
827 972
529 28
706 751
1055 968
728 853
307 773
491 7
630 566
1009 934
173 121
1038 540
431 955
353 1030
522 929
357 116
359 1120
949 349
349 266
509 1081
663 562
736 423
954 507
367 809
178 826
1062 521
11 590
282 206
62 436
638 680
644 464
746 984
270 975
314 461
414 954
604 1051
1038 946
181 755
200 210
406 179
905 318
803 873
81 836
845 184
934 645
734 8
1112 327
249 932
193 826
1020 139
829 896
864 27
763 272
188 161
509 662
268 356
957 944
785 507
185 686
38 480
485 182
627 189
559 271
921 911
967 694
388 747
928 307
830 1034
502 640
738 409
336 841
152 207
1013 929
425 200
538 776
929 787
250 114
1114 431
881 182
545 481
134 261
194 432
496 282
158 476
731 175
876 192
387 853
1028 100
725 184
924 1001
316 381
347 183
462 734
956 967
455 370
686 601
241 975
929 615
982 591
987 747
146 434
995 1091
485 545
17 109
72 671
457 1021
471 306
1095 307
879 802
604 1004
407 477
819 382
420 188
777 459
440 521
1117 634
496 529
463 324
934 540
528 968
524 851
711 693
435 112
942 751
338 486
1059 696
907 121
344 360
715 372
501 230
512 144
857 1022
747 438
825 113
806 35
1122 336
360 888
964 520
776 1023
599 1107
275 116
590 848
265 1102
602 718
842 741
420 363
980 157
887 592
156 1111
134 399
141 1066
688 623
721 443
839 253
590 872
426 107
370 723
606 173
563 638
441 512
593 228
670 374
670 427
530 641
511 270
925 230
748 524
455 247
1109 932
147 663
205 241
570 184
236 972
305 806
624 483
134 611
456 748
361 392
645 783
659 900
509 304
717 990
233 703
234 272
477 268
155 859
333 261
825 998
455 419
494 343
336 884
211 865
651 134
282 905
816 838
915 329
584 184
725 94
565 285
961 653
245 957
706 811
1063 734
775 664
633 69
986 628
210 240
71 1121
563 996
259 353
105 166
1091 778
446 110
420 1106
57 760
887 117
757 962
309 838
241 709
989 606
464 984
732 1014
344 884
47 203
762 140
525 160
951 826
771 220
838 311
160 926
875 344
914 784
714 424
849 190
805 217
806 704
354 642
499 949
425 692
257 1032
394 968
925 1081
930 344
1026 877
179 925
336 555
1012 284
540 829
794 859
803 1022
9 832
297 667
886 238
304 971
341 895
708 383
913 630
862 366
306 723
161 819
511 569
190 738
621 952
282 899
875 622
820 213
55 847
217 805
680 354
1006 412
204 284
946 152
917 1054
33 20
911 424
527 520
1089 961
494 170
805 903
473 330
711 798
486 717
805 886
1054 540
951 487
436 1045
303 173
318 187
220 403
623 754
354 912
173 1020
625 46
45 938
731 766
507 357
984 135
492 240
397 510
928 204
545 326
523 298
484 865
120 337
688 338
719 870
785 728
682 462
643 551
736 782
625 889
170 1104
513 111
457 544
566 591
796 412
633 196
361 1044
380 128
113 449
1112 738
458 993
517 1027
513 264
731 85
751 378
78 108
589 436
505 1028
138 843
360 338
592 756
847 108
409 234
544 203
722 372
283 1086
1000 885
359 290
531 601
961 976
768 151
1050 562
466 911
282 593
972 1024
747 333
67 537
87 965
754 151
446 349
952 140
1091 303
102 7
733 1049
1001 307
769 768
322 524
829 382
632 840
335 613
438 512
519 607
488 221
986 886
251 209
639 729
790 1088
443 399
641 897
688 213
139 372
87 685
663 133
183 243
399 583
320 454
803 942
788 261
146 1115
594 553
829 641
540 658
934 932
735 45
608 1123
937 340
486 400
1115 63