724 359
1038 672
466 538
292 916
208 285
761 299
404 1021
230 744
526 286
741 263
104 379
521 688
435 975
963 520
679 610
939 733
932 966
664 1116
825 281
201 754
974 770
141 948
900 262
945 482
828 764
520 233
999 815
30 151
365 130
1121 443
474 24
544 109
511 538
62 175
594 343
358 780
434 912
199 640
674 753
98 994
102 769
730 928
189 1042
204 925
1010 719
440 468
315 563
32 548
154 332
790 507
804 248
27 744
131 342
910 407
598 93
834 636
789 729
707 331
719 406
347 979
791 446
736 711
518 997
613 173
766 579
330 596
266 808
724 80
414 1043
393 202
505 168
151 477
142 490
315 27
550 258
785 933
1098 1106
417 730
312 716
368 720
229 632
57 228
903 869
217 706
54 38
802 98
956 914
974 379
800 412
579 279
585 992
823 1016
687 784
212 632
1123 404
734 82
338 850
18 772
982 568
623 159
213 258
832 697
766 676
520 475
906 983
1001 192
198 907
929 1033
887 474
767 219
754 675
289 158
32 169
807 536
76 1047
1000 911
618 365
651 968
822 908
555 170
955 644
798 264
348 761
1011 362
487 376
331 588
907 99
511 1049
260 501
63 358
566 860
897 929
479 806
363 614
972 363
41 190
219 394
1035 655
1018 217
794 520
1099 823
1089 746
917 697
1091 142
765 111
1082 92
1019 141
483 839
1053 568
520 398
1075 457
425 527
205 753
918 668
263 960
956 838
447 100
583 358
613 177
520 451
650 1021
920 516
974 830
832 774
42 1000
906 824
302 758
714 4
377 961
289 642
680 618
351 748
114 259
743 585
163 658
324 707
444 267
873 875
447 145
658 810
550 321
729 754
906 882
630 805
909 964
210 830
966 821
781 1007
748 341
840 346
212 614
314 722
357 620
93 967
333 1007
751 311
639 647
669 228
675 198
412 732
236 638
699 538
618 170
36 984
878 635
33 162
642 941
162 121
364 42
981 946
278 292
1105 121
600 334
830 753
483 479
448 287
801 571
387 1028
155 495
491 129
339 421
1084 263
598 951
32 963
989 991
135 46
754 622
715 332
287 1116
548 106
226 160
622 713
692 706
474 987
704 729
425 946
458 457
992 500
76 329
860 532
993 240
692 623
409 86
68 114
606 777
216 148
720 926
546 382
1063 248
296 623
967 365
340 120
142 633
725 292
459 1007
546 407
764 1096
813 530
463 492
858 915
73 950
480 917
526 831
752 696
203 778
621 199
751 736
1019 789
134 371
99 939
638 678
1098 275
277 1116
904 1015
1071 379
1024 1118
571 1098
166 406
466 928
476 287
386 538
657 196
391 153
114 426
489 283
338 752
212 292
1088 334
459 308
495 871
192 1086
666 102
60 532
400 996
617 547
755 858
693 343
1012 984
1014 598
501 989
401 371
1002 519
1006 773
1089 52
542 204
128 163
89 228
212 359
620 199
872 445
220 526
531 19
907 226
702 1026
545 639
708 960
319 201
835 630
754 1113
543 106
925 760
293 442
838 271
526 747
315 168
757 808
562 1105
549 895
623 296
1023 652
943 784
315 447
891 545
181 647
839 168
383 153
634 594
669 903
1006 374
788 227
626 962
254 696
884 320
382 457
616 496
55 643
333 606
527 488
719 636
761 161
183 180
154 487
176 960
263 305
4 814
815 468
761 345
333 528
323 727
600 953
253 256
70 238
867 868
718 646
838 699
261 684
394 454
114 160
455 603
341 481
485 626
961 976
141 122
937 344
916 695
769 245
409 258
349 109
212 886
269 267
729 1103
882 752
603 398
957 329
884 126
222 191
1018 923
763 776
854 872
986 184
270 1064
960 501
1054 668
778 177
1067 635
533 287
614 428
793 885
287 811
214 139
694 139
434 243
198 791
710 290
807 559
200 797
585 651
824 529
347 920
503 706
879 188
832 618
413 476
816 644
295 998
456 14
1036 112
977 754
498 1101
0 544
233 940
731 1119
162 1085
671 820
1040 959
594 929
391 129
656 651
89 801
961 910
798 207
877 474
391 401
179 508
444 677
183 159
343 232
539 635
785 305
336 548
14 150
389 152
158 327
683 836
860 768
738 241
904 1026
624 54
505 728
960 289
931 392
493 619
154 156
592 298
164 196
563 199
599 37
263 371
285 629
931 346
883 155
397 1078
133 435
953 971
635 171
401 572
70 504
660 904
901 401
162 116
220 488
668 120
501 311
471 827
741 661
350 217
85 369
521 1060
646 255
844 704
387 757
660 834
524 135
143 232
651 579
186 335
494 398
131 989
876 914
191 366
455 430
734 901
859 362
382 685
597 282
737 863
223 283
402 756
506 472
10 795
714 5
542 1041
642 1009
668 415
845 959
1006 514
837 647
30 385
878 760
180 943
153 321
988 815
738 919
332 225
137 665
868 611
775 582
280 463
973 1060
779 373
854 772
636 721
774 191
614 587
803 656
531 841
463 577
485 888
969 544
160 355
208 839
839 659
611 1000
526 269
943 650
536 137
949 874
465 622
697 446
1002 821
245 260
227 1013
862 670
8 768
259 335
576 931
667 107
866 143
589 640
874 280
729 383
11 498
404 635
229 732
157 746
814 1013
198 721
700 990
561 105
798 1106
1073 762
1106 118
799 725
413 325
464 790
1106 169
357 642
300 1111
242 92
992 324
193 440
62 531
1091 275
534 502
878 447
605 885
121 524
1040 509
438 208
344 110
157 1086
48 827
506 1098
456 723
224 311
218 784
810 878
450 626
130 146
121 366
124 723
926 273
109 891
225 102
486 626
828 602
147 820
811 872
565 830
537 697
643 50
356 161
1123 406
542 895
229 386
77 143
432 706
462 846
159 845
597 763
340 377
503 906
942 256
106 312
996 858
185 1029
768 376
580 361
912 695
523 330
665 214
27 930
945 763
423 820
1036 255
619 891
705 797
882 283
533 29
311 706
968 575
130 237
37 207
475 488
794 184
735 892
603 749
985 867
901 776
639 906
582 373
141 630
892 998
842 728
274 850
985 575
955 904
226 524
946 318
1066 553
39 622
903 116
785 584
337 1019
334 363
357 249
845 1049
618 820
802 524
533 711
662 373
152 123
1012 746
544 1077
726 881
703 852
101 158
684 949
1009 1078
441 881
112 874
512 295
433 209
170 789
441 162
588 857
75 808
828 891
449 743
131 996
823 395
204 656
791 573
220 258
726 1063
283 376
595 213
766 864
483 440
93 778
841 484
904 87
793 281
173 468
611 461
1109 464
446 406
48 612
394 424
557 361
642 516
477 88
460 307
438 169
797 163
940 1100
988 998
320 1086
324 514
340 320
565 741
217 161
462 477
618 991
1022 508
153 428
450 523
729 815
236 1028
884 428
438 636
909 369
261 384
231 992
409 50
951 455
870 14
319 766
566 483
612 1089
577 502
846 943
589 470
198 250
701 664
288 911
716 42
873 858
402 244
611 775
254 939
223 698
1009 57
1003 450
951 435
837 853
794 766
431 314
892 557
796 993
154 119
330 347
350 662
88 886
313 336
991 775
153 962
308 99
823 686
905 657
33 147
757 287
1107 637
1104 578
914 574
930 523
651 448
922 216
253 280
131 383
2 593
955 873
86 729
351 985
577 172
697 741
307 782
412 623
655 709
121 154
476 212
210 417
176 805
400 685
424 325
992 396
500 868
671 935
282 726
1094 1108
285 452
263 358
283 522
458 488
375 968
134 1087
887 1084
611 598
367 45
584 386
496 265
529 585
1065 1009
1083 1071
749 419
851 540
960 337
700 266
640 111
231 438
792 463
119 204
651 232
1070 476
559 408
695 3
724 457
476 620
884 865
1043 356
495 296
44 489
779 838
1054 125
746 293
43 923
373 833
456 416
177 950
841 325
890 537
171 1041
485 383
915 284
787 854
367 730
656 843
251 825
339 147
374 532
992 726
958 801
663 541
449 611
351 425
429 699
321 335
57 667
853 867
357 387
507 803
955 1050
665 502
711 675
513 703
781 585
747 294
888 370
5 489
426 700
703 399
930 89
292 130
606 517
285 140
690 762
53 9
727 606
892 785
792 1072
328 45
229 898
917 576
1034 49
683 516
715 597
904 600
65 105
1042 68
324 951
211 338
185 18
456 535
875 366
450 969
630 1010
465 535
176 583
351 332
466 237
558 981
621 189
109 611
336 935
886 176
1093 90
983 670
844 509
701 779
620 479
499 474
168 561
504 229
1044 754
409 305
721 1003
888 197
470 482
588 779
152 1062
1015 1018
23 757
985 999
514 855
781 848
464 564
150 18
376 426
292 255
371 809
644 184
1008 595
1005 571
591 976
699 78
994 420
348 34
276 275
193 997
771 931
747 592
433 19
564 499
174 615
623 718
948 22
112 168
654 332
568 415
289 586
995 125
244 819
494 946
755 535
348 896
967 487
615 883
617 293
874 153
528 888
209 838
363 623
668 553
490 512
386 1113
914 245
56 70
328 859
928 274
780 429
895 928
815 340
850 858
742 786
127 695
359 577
943 297
148 699
791 866
214 405
977 978
1080 206
91 115
101 719
528 167
23 893
997 413
1025 265
967 857
622 897
572 790
635 746
774 644
22 1015
486 383
297 791
175 369
118 382
725 395
179 683
643 739
184 686
914 274
262 1039
973 439
1095 28
276 1098
276 410
388 673
355 118