317 1030
384 790
524 546
920 850
992 83
955 696
219 812
650 382
117 298
848 331
1089 329
847 934
876 1008
729 785
943 648
602 415
880 422
923 623
885 278
205 968
68 539
416 908
85 223
521 695
529 215
891 989
112 526
97 116
328 124
631 895
371 750
383 798
553 220
857 1099
1090 874
591 154
174 211
521 451
926 1017
655 485
969 208
6 292
248 1035
811 770
375 450
863 201
706 666
182 132
337 702
698 71
886 192
436 261
15 282
352 357
610 528
455 64
836 823
687 518
410 777
162 758
1112 595
343 279
774 723
312 285
115 936
542 36
698 709
117 147
263 175
908 169
425 990
972 688
432 570
63 936
806 934
468 1017
482 238
504 166
745 106
200 750
774 508
565 746
395 1016
391 437
859 925
213 423
636 211
276 443
332 222
551 152
861 403
682 603
61 558
795 723
1071 863
473 896
35 759
1039 571
124 613
720 240
298 706
259 654
1021 591
838 844
616 170
821 468
778 516
293 980
418 730
503 423
504 249
777 890
15 527
980 177
309 79
1038 727
229 805
254 900
229 474
1089 1050
1094 136
275 172
1076 321
959 339
231 937
515 916
107 361
279 901
689 1054
876 373
595 141
1043 818
801 896
302 178
139 342
1011 574
563 863
808 230
898 615
962 953
124 843
137 845
902 334
895 809
392 969
511 944
329 793
201 606
198 667
1052 1019
476 575
675 222
916 951
1051 938
802 1022
629 222
640 424
1104 762
592 596
725 494
788 1097
630 852
958 123
15 845
463 781
590 176
481 252
153 690
591 921
158 544
851 56
288 650
688 959
416 194
379 738
425 668
868 438
759 293
191 131
652 456
250 477
429 795
417 770
953 210
528 812
384 368
101 1001
438 972
607 427
528 719
733 1086
931 379
505 249
875 574
691 379
54 101
720 1055
354 696
549 403
887 665
0 345
905 705
891 909
841 303
126 522
890 92
795 56
815 273
816 986
1043 831
543 251
936 684
985 406
211 912
367 138
240 427
3 999
473 415
61 514
448 1014
915 197
933 1107
766 1004
625 1002
562 191
85 817
445 58
394 727
422 53
106 1013
408 603
718 820
642 285
872 9
184 1062
807 942
550 450
490 1051
974 587
958 875
322 770
587 35
404 860
844 173
652 139
205 425
663 86
346 471
261 679
1118 592
685 863
726 260
704 1012
527 198
637 1083
464 254
1097 665
1052 329
428 456
726 966
882 1114
294 214
121 450
220 449
278 489
724 380
236 899
133 840
1001 552
637 125
938 806
404 808
453 175
295 830
668 743
421 289
661 510
892 418
449 1101
121 662
537 588
600 206
52 694
505 548
1064 936
108 350
411 975
355 1012
1077 778
1110 568
304 804
463 398
29 515
727 1078
674 1004
927 898
1020 696
107 275
435 206
792 318
128 611
36 773
367 831
755 295
440 513
976 164
976 730
561 263
755 487
831 191
453 763
148 442
482 373
941 881
466 838
803 63
612 746
366 559
151 957
170 13
373 783
133 830
318 197
567 851
318 266
251 187
390 603
927 438
884 845
783 78
83 243
195 902
759 291
992 241
540 26
539 778
817 1018
133 283
791 631
298 848
763 347
821 1073
850 341
263 719
571 325
1015 951
387 1104
710 493
679 47
852 1083
945 595
397 393
723 633
664 744
847 41
592 370
189 173
788 922
1100 105
278 749
959 743
863 179
681 817
278 316
1103 999
768 599
1117 946
330 593
154 760
390 943
1060 254
243 383
749 453
769 717
871 998
19 729
1061 794
366 104
782 274
541 767
535 276
174 289
479 615
269 233
518 586
911 656
874 92
89 1012
562 853
546 467
843 743
582 121
986 198
51 834
245 712
181 250
251 898
389 674
947 783
706 571
38 1034
427 359
824 429
168 934
691 1062
224 318
918 418
539 1108
5 115
600 160
556 206
169 245
680 820
717 715
438 250
193 941
652 1006
835 860
920 605
655 91
389 692
931 341
942 279
690 853
713 1066
580 883
794 760
276 541
123 9
509 998
752 237
918 966
531 626
1093 919
992 966
1014 875
912 82
436 339
391 1058
855 581
502 530
567 416
737 334
492 149
345 490
175 794
619 336
41 211
369 121
602 716
558 862
829 1116
921 111
857 690
970 568
1106 8
13 275
977 78
594 770
116 987
673 231
1002 911
790 140
670 471
497 367
491 619
115 648
943 162
1003 493
732 140
787 231
491 294
920 22
986 265
559 561
504 322
351 110
214 792
584 235
813 348
700 233
470 378
873 172
150 537
365 968
259 745
713 887
106 395
544 131
794 976
577 549
288 126
277 1097
379 989
209 301
687 170
534 1089
389 604
793 344
213 1099
732 780
664 730
167 535
1048 510
301 448
1089 756
591 601
784 792
568 510
65 1030
879 5
90 650
998 365
455 331
907 900
925 752
95 1022
289 169
258 891
315 612
582 566
607 893
807 929
896 498
106 944
817 591
927 786
115 385
120 553
859 369
198 620
176 465
203 169
200 530
835 830
248 838
722 590
1052 172
392 836
564 891
408 476
129 802
713 924
495 410
757 648
427 961
723 554
603 1067
913 362
308 798
515 1071
704 910
191 497
297 971
322 694
789 962
415 597
522 443
86 53
788 891
673 660
934 299
441 837
702 74
315 515
557 484
185 1104
1081 3
332 258
748 614
534 862
269 135
588 839
661 611
749 795
556 973
821 311
1004 181
385 276
642 433
590 1115
891 157
716 213
517 397
519 366
478 390
212 186
245 484
552 895
136 801
779 406
914 824
136 294
1021 321
562 785
825 181
852 602
230 21
946 730
687 515
25 284
384 877
59 498
794 248
981 1097
301 233
707 693
133 612
421 1020
873 716
963 451
481 195
715 489
566 118
1066 173
954 14
422 754
1121 354
540 1026
278 363
396 278
282 300
296 700
579 504
437 142
672 124
64 1020
800 900
366 239
819 486
318 207
984 581
1015 763
496 151
54 574
51 589
547 463
537 531
557 950
927 221
490 454
706 379
446 832
108 441
870 635
933 937
1014 757
176 899
339 188
79 233
346 526
440 981
964 690
497 454
880 290
317 252
851 411
823 92
696 859
735 567
391 256
692 149
223 443
894 573
263 735
637 842
583 900
748 907
454 345
617 621
1078 1106
341 314
899 837
728 513
113 646
803 609
184 476
649 640
982 386
918 762
726 522
321 281
301 989
281 521
482 931
331 559
842 1034
491 386
339 941
971 984
836 344
935 676
543 534
906 1119
905 133
672 357
905 583
357 195
687 259
562 279
740 514
94 747
339 982
691 442
75 954
593 414
824 538
655 84
1117 706
928 1047
985 986
440 341
488 863
944 939
697 753
327 417
852 706
186 936
718 692
501 204
323 1108
955 633
356 612
967 373
1080 667
500 403
320 481
82 451
958 118
234 580
429 176
576 436
213 870
679 430
280 88
1069 415
983 178
559 402
677 878
171 211
205 683
684 429
341 246
83 100
973 55
475 360
346 798
285 29
922 846
541 879
826 673
264 697
263 720
295 446
764 895
211 42
677 108
850 987
896 155
229 210
899 618
819 360
963 930
858 205
359 609
228 789
133 728
476 1061
612 642
10 798
761 341
951 284
786 676
173 130
116 599
937 357
7 854
515 267
753 932
575 419
519 304
196 347
398 1098
246 170
32 610
263 993
411 733
971 337
230 946
900 269
1108 332
172 662
1052 611
241 603
237 141
788 930
50 425
902 171
903 797
831 16
52 805
712 897
115 635
759 408
268 265
545 470
142 597
1008 410
529 888
614 857
285 751
801 141
968 407
224 65
375 378
325 958
552 585
732 596
384 677
859 491
424 367
203 729
247 475
651 652
265 480
523 334
366 689
347 904
799 126
411 945
615 677
690 540
390 175
115 1019
851 879
100 530
421 163
714 79
969 69
1015 563
748 801
718 971
1027 679
516 603
547 299
656 311
350 104
753 244
1057 180
621 805
748 534
436 233
532 695
134 575
423 508
798 870
229 516
537 556
389 409
873 380
377 545
389 358
357 300
805 782
264 365
842 461
456 429
253 740
894 628
615 289
921 871
111 847
29 463
226 484
219 974
295 123
851 195
724 679
387 856
164 623
865 1046
538 794
591 112
37 971
618 1071
917 207
678 238
430 147
759 1069
851 337
370 176
133 409
116 465
1092 779
193 945
809 354
944 161
397 578
582 116
142 308
919 457
632 335
893 806
551 862
158 899
386 930
139 932
714 1006
425 730
268 186
551 902
308 364
478 235
107 947
853 654
515 800
832 690
409 888
441 497
826 851
665 474
1025 480
1011 703
428 323
680 535
262 478
188 1019
941 536
1015 700
821 629
729 265
967 861
398 1083
1022 709
41 573
275 928
625 315
847 906
1043 873
302 197
205 886
185 158
991 571
292 558
1072 871
905 490
723 736
1100 799
107 810
528 577
654 69
918 120
203 366
932 880
463 125
647 383
88 88
285 214
405 101
845 178
740 873
336 346
466 157
949 131
764 434
632 534
669 114
179 612
276 953
672 668
176 1051
1117 128
977 1087
1018 912
511 299
388 1009
292 632
715 562
457 145
1006 785
362 417
60 618
504 376
530 223
116 549
267 334
189 203
899 247
449 431
392 1043
908 20
777 689
385 381
864 891
96 261
983 604
456 223
102 869
140 216
467 445