933 194
217 282
1108 945
359 569
940 275
436 379
905 630
414 708
944 512
470 208
976 717
756 469
84 1029
993 95
472 662
977 904
658 160
202 563
498 556
100 241
394 72
681 673
149 87
511 913
605 111
1076 202
56 476
282 601
540 793
164 280
768 165
976 623
336 1002
413 1060
311 809
224 572
990 1030
1099 700
668 706
301 123
1067 557
1032 215
193 161
959 236
688 203
775 416
808 1096
576 135
869 680
172 413
880 459
196 961
403 235
770 841
716 420
502 41
168 1031
699 169
172 111
1068 1038
935 326
835 1065
621 263
363 343
619 773
1054 575
787 613
781 810
954 1023
246 1106
962 646
277 324
251 801
774 327
328 750
958 870
609 916
545 389
150 959
716 870
490 23
939 606
39 953
845 541
722 378
335 551
204 201
801 629
841 677
328 949
214 497
895 670
525 503
487 989
194 422
783 609
1015 710
275 631
742 303
522 579
918 237
245 908
753 949
888 610
377 697
584 476
421 245
245 709
267 500
175 398
280 634
907 1003
798 492
935 426
277 560
206 324
559 280
80 910
916 568
1029 947
1016 711
216 418
1112 865
339 842
979 1110
928 1057
768 900
910 653
342 156
149 467
92 547
827 1102
966 345
1000 422
296 424
272 1089
1005 664
935 21
150 959
372 1038
752 417
1026 605
205 721
947 82
825 404
1086 538
536 629
504 669
972 546
69 683
598 767
413 244
125 496
476 573
332 65
998 849
615 929
844 564
808 1001
878 127
522 968
227 423
74 548
885 190
971 571
336 991
499 236
348 661
911 123
353 953
738 953
172 931
425 100
840 901
588 15
911 733
434 34
338 302
687 766
981 755
1012 442
559 363
608 401
501 10
144 478
605 252
537 164
378 572
219 794
109 620
952 137
682 882
892 410
804 818
702 901
610 274
208 673
588 316
211 629
292 44
1030 707
440 454
1090 480
920 587
361 939
115 359
627 587
776 201
657 663
130 973
913 465
611 1020
988 727
269 555
921 250
898 1010
1018 464
154 610
924 586
66 624
297 663
418 200
390 305
751 585
194 800
227 948
299 666
800 344
703 1092
540 564
955 105
361 790
209 144
747 1016
54 843
228 366
854 512
451 259
1016 808
168 859
928 1040
942 514
308 557
293 694
536 209
416 15
922 130
450 702
114 714
724 877
533 694
674 978
728 234
540 969
316 404
636 100
349 604
277 109
58 1010
531 521
472 613
160 779
49 801
226 195
300 388
867 974
834 379
356 803
100 674
646 836
422 486
869 590
480 525
631 271
272 850
656 174
552 463
550 681
661 295
771 700
960 710
841 549
453 996
694 133
85 788
25 239
647 443
913 770
246 669
788 459
961 948
781 557
1009 1091
569 256
629 1066
783 484
505 475
847 783
615 729
925 1085
402 209
462 243
744 931
866 871
454 240
187 423
1060 571
370 729
175 4
801 75
691 228
244 303
351 650
1083 769
747 599
1023 395
888 665
475 889
464 163
642 772
1123 115
774 370
192 826
700 430
607 805
294 342
706 709
696 759
889 760
727 343
160 101
926 401
47 261
266 711
830 519
560 865
970 265
1052 866
845 883
125 654
916 111
1040 72
330 813
162 5
589 721
1001 900
745 227
20 1023
496 116
561 893
558 397
851 296
804 798
286 274
417 883
159 801
161 1078
935 330
361 561
222 238
491 187
1083 648
365 65
683 1121
913 728
954 929
1030 582
445 255
930 392
1010 437
604 1017
1085 502
57 901
947 132
42 1081
519 621
338 607
147 239
1019 712
169 635
828 421
124 1019
861 952
641 911
803 78
961 488
123 496
202 512
314 83
860 542
786 430
531 632
399 708
443 991
850 715
452 492
1096 303
318 798
217 172
411 255
207 267
955 684
401 195
556 923
927 849
75 576
441 759
869 953
39 1008
122 509
417 838
1023 604
1000 626
330 72
545 612
55 921
489 803
305 776
589 983
654 592
550 543
102 273
847 124
581 214
963 721
560 1020
848 398
146 883
467 531
103 704
980 110
429 549
300 899
225 173
90 662
140 882
674 890
23 1109
271 678
128 120
655 1097
341 950
800 649
1057 289
244 277
733 420
995 209
693 903
877 159
940 58
834 386
189 261
743 118
804 926
667 476
628 327
716 610
529 446
608 639
659 478
383 251
996 167
503 500
936 555
441 640
579 184
365 558
799 469
230 833
343 527
480 665
718 411
201 37
52 535
375 698
502 816
340 654
884 379
227 130
60 889
823 975
717 137
736 187
702 229
1086 1021
150 597
308 384
754 267
552 347
382 489
8 192
418 475
1098 378
853 615
943 702
458 215
620 596
641 757
661 147
924 490
52 446
587 264
249 472
465 961
211 584
271 161
640 217
333 674
137 482
336 502
760 242
671 173
832 36
201 618
147 643
718 817
659 775
253 480
860 335
1005 354
277 599
943 157
198 227
700 106
772 143
571 493
260 391
929 484
976 300
820 444
227 450
204 828
205 679
307 641
960 986
468 282
435 367
551 461
226 871
471 112
286 630
159 149
414 739
354 101
797 672
450 20
908 489
330 352
767 790
983 789
921 981
768 909
629 728
317 791
219 1099
906 582
772 671
421 716
366 845
904 214
182 1017
723 525
709 251
877 295
752 798
80 952
591 974
779 742
801 27
835 614
697 633
174 290
1043 398
467 686
473 275
405 992
156 271
302 649
25 579
543 770
1001 411
614 869
349 519
1040 203
228 32
783 508
134 1069
889 652
627 655
259 240
640 728
932 811
350 508
926 899
991 380
578 886
723 282
481 532
345 244
246 949
868 846
467 800
71 890
721 551
87 170
619 23
595 774
424 1118
367 117
656 719
543 226
124 719
105 919
425 974
880 253
111 109
394 12
877 261
7 210
200 566
167 770
901 440
1009 1028
231 739
521 131
981 911
736 332
511 938
212 755
102 613
171 605
286 871
507 646
343 712
460 489
680 125
891 581
615 527
992 574
172 577
385 224
813 608
555 425
177 399
231 669
993 545
529 567
843 384
960 1087
952 434
926 603
332 708
458 378
379 677
905 530
479 895
483 880
0 576
665 859
628 951
395 976
992 1023
171 978
830 894
98 833
552 17
808 710
947 961
639 613
328 385
342 1009
784 356
600 974
575 615
303 986
211 691
636 922
140 782
1083 335
419 776
135 630
886 969
334 808
475 997
141 786
758 459
236 1089
999 573
100 850
904 508
916 126
338 706
993 996
974 884
410 350
406 919
922 387
108 516
439 232
267 727
529 690
957 408
970 235
484 269
1006 739
837 313
583 463
133 954
911 661
204 917
510 249
139 386
545 50
553 1099
530 185
887 663
497 868
101 1069
769 464
548 95
661 874
332 14
217 351
228 638
375 1070
176 232
208 136
1066 612
421 587
933 670
192 547
931 704
265 771
822 978
892 993
749 376
345 462
967 815
550 375
419 181
546 773
992 582
970 116
880 224
942 852
265 846
362 121
411 174
168 333
504 306
171 677
648 1122
457 759
884 440
563 271
870 1005
845 35
646 950
155 292
1007 292
451 342
107 799
123 546
1031 1036
16 211
499 135
279 926
426 454
485 973
701 457
920 1022
921 538
479 897
425 784
670 768
849 722
399 282
820 542
986 50
332 129
922 387
768 102
1010 1044
853 972
556 313
73 620
691 392
540 153
887 999
209 552
122 624
692 279
1076 616
348 200
399 15
404 61
1021 831
581 182
1093 214
279 889
454 1011
936 257
387 276
891 754
774 1011
646 250
1030 989
614 807
927 967
164 239
611 409
988 311
864 838
347 959
280 840
714 854
100 737
770 209
665 523
571 375
374 214
1103 447
930 859
553 893
248 830
466 923
250 726
1081 247
888 682
139 927
371 85
164 301
357 285
567 330
231 979
1006 558
942 347
918 324
899 588
979 191
642 120
432 782
1023 143
909 599
839 471
523 466
338 448
808 966
1008 910
559 192
532 470
402 993
683 277
195 944
786 779
543 229
141 411
716 143
378 438
902 798
340 48
69 940
222 19
609 294
74 796
874 605
606 160
817 405
660 583
636 300
264 396
473 170
442 463
896 686
883 168
670 580
1101 116
688 928
511 438
685 407
603 191
712 327
408 240
977 509
564 1023
1002 480
790 299
840 163
1010 1020
315 625
1009 132
363 24
656 565
659 1011
711 270
595 161
110 305
121 314
362 845
609 224
379 177
373 500
405 682
658 40
864 682
196 312
252 977
847 538
578 936
712 1041
575 141
923 589
427 598
781 933
159 73
708 598
914 441
901 490
456 253
106 946
555 483
157 1012
157 194
260 228
666 703
118 821
453 463
205 992
856 667
389 361
416 648
808 798
715 31
451 219
1020 895
172 122
474 971
253 940
282 925
141 341
637 728
101 167
350 1123
61 996
346 738
839 282
304 181
552 225
613 246
853 1022
142 275
964 421
1014 333
524 545
960 642
466 861
644 845
253 901
299 979
1039 194
256 649
493 245
1002 108
92 334
412 3
965 801
492 256
507 735
169 849
162 994
849 685
659 371
807 230
390 898
923 992
688 353
368 420
869 154
470 358
1084 503
151 824
793 327
285 692
979 1099
22 319
551 245
887 391
876 287
584 49
408 592
505 21
262 1095
636 110
977 933
969 57
352 155
193 804
123 519
810 952
225 390