421 988
940 872
765 95
413 382
190 139
439 199
110 369
786 176
933 894
353 728
258 79
741 218
74 396
459 418
788 657
739 528
471 422
522 614
908 1017
878 394
913 582
1048 395
464 444
681 918
288 853
864 851
1002 234
1019 742
373 169
325 422
147 134
220 283
574 247
1108 373
656 1012
982 960
555 701
509 179
1114 757
702 306
886 54
558 768
1000 233
649 1000
180 721
904 838
736 387
467 208
503 802
768 970
522 422
987 457
1042 254
815 852
421 784
617 1066
594 489
515 995
198 424
982 825
613 307
140 756
674 1008
892 693
857 164
367 768
137 973
708 333
365 678
887 1092
90 189
550 536
733 627
775 143
807 433
300 675
696 625
697 227
86 566
31 884
491 836
618 1016
1024 1020
637 1012
231 437
187 637
1039 246
897 209
251 641
530 193
182 246
742 154
782 394
343 859
857 671
568 948
456 361
183 507
535 496
610 870
229 1043
101 248
547 35
254 384
789 823
340 450
890 872
260 944
662 615
398 805
734 46
712 1051
307 793
800 842
1035 571
523 515
400 879
155 68
141 1082
845 988
594 670
941 32
380 614
558 804
946 239
806 967
366 205
693 340
1045 576
108 769
348 470
240 867
379 605
455 675
692 552
19 107
285 1023
149 159
97 888
553 985
143 947
135 907
763 481
528 550
698 166
866 832
796 777
425 780
399 537
880 491
403 885
698 809
159 482
1076 844
214 795
959 59
143 746
234 205
940 888
974 601
1079 383
20 222
858 529
174 569
593 196
542 1009
575 752
544 570
507 845
731 164
835 290
269 468
226 900
149 406
43 283
521 115
7 823
369 980
371 886
920 177
483 398
184 684
103 654
1015 585
764 810
1072 633
969 777
859 997
578 480
849 525
382 1000
911 960
475 1059
289 1093
411 74
161 780
690 649
616 612
275 938
357 636
360 31
413 467
599 441
1010 636
917 857
695 602
964 531
1079 676
196 76
372 377
848 726
534 208
992 370
149 273
324 825
689 637
524 471
968 913
852 955
516 801
20 493
157 135
612 185
56 395
321 283
346 29
787 209
188 658
211 849
935 267
532 918
742 625
810 759
795 291
229 917
547 877
413 493
573 281
710 458
108 569
497 1112
923 1000
706 122
1025 851
434 218
583 790
181 181
514 243
684 298
596 915
499 401
53 298
775 518
782 421
115 299
894 249
681 1016
767 499
196 167
395 226
328 592
347 855
990 965
412 858
61 532
413 353
805 53
520 140
633 773
87 722
497 327
234 336
754 983
231 910
43 482
161 443
475 327
172 62
570 1039
1104 1102
834 1121
421 953
680 683
499 325
845 365
242 499
287 126
760 842
596 445
81 237
503 188
654 830
520 621
130 712
573 512
1098 630
163 182
844 963
189 153
173 765
827 779
246 900
687 320
796 44
1110 462
166 428
141 985
884 476
961 867
806 764
897 800
466 123
774 702
697 678
436 1022
912 347
105 1003
1115 687
116 499
550 637
129 20
911 651
994 485
958 742
849 742
478 429
175 594
940 502
472 542
774 396
204 577
1107 960
651 789
601 433
791 641
958 521
270 184
602 897
18 862
528 89
382 259
980 803
861 733
520 700
577 897
410 411
854 533
570 772
138 803
840 283
861 201
804 406
2 978
761 948
627 849
538 447
357 765
558 348
1028 1071
655 1096
482 524
1077 1020
913 684
301 487
571 222
704 599
103 511
320 299
951 584
50 589
576 295
864 714
121 935
342 1120
646 862
287 1104
139 967
680 471
908 1103
152 1041
512 1010
313 940
421 1088
1111 848
948 502
207 627
491 1095
110 790
334 497
50 997
147 209
161 381
64 510
601 1107
332 647
927 755
844 299
1083 567
310 188
799 751
897 895
815 227
785 1050
740 556
372 962
396 134
965 240
582 72
743 309
809 154
730 153
406 514
431 270
798 1014
768 920
1010 750
679 798
1033 10
649 769
111 543
374 539
299 585
900 438
880 486
620 630
896 79
574 719
966 848
945 381
939 785
108 768
134 823
700 1001
711 670
90 720
625 44
368 595
727 326
523 723
973 771
534 6
671 804
383 17
457 669
986 439
936 432
132 565
833 496
843 202
952 441
607 463
479 883
735 970
600 1104
815 954
1019 707
876 113
172 952
391 71
492 1025
176 421
143 507
311 639
969 834
459 906
1052 252
809 661
86 677
448 111
1110 613
601 763
136 384
1015 895
129 694
954 951
136 667
728 302
278 537
550 976
864 981
451 477
859 881
55 224
636 506
668 534
505 892
675 989
247 3
705 500
900 326
707 1026
327 533
650 58
903 51
577 774
749 80
700 990
397 37
1009 104
963 315
484 699
425 291
316 1
1016 225
203 474
471 1004
459 941
723 894
157 698
504 572
39 780
576 412
400 854
218 590
456 123
529 510
45 870
654 157
735 662
46 725
358 891
737 631
570 257
315 581
824 549
403 358
968 1096
257 129
464 856
419 646
717 128
484 67
606 529
944 705
173 792
1031 678
209 1117
329 12
1010 134
102 587
949 386
431 1017
1103 199
956 968
12 674
718 258
383 991
339 475
1022 389
1048 776
789 347
350 139
349 648
961 598
802 196
854 463
460 661
404 914
526 334
629 150
837 40
644 304
1007 513
569 190
813 862
972 377
237 896
843 413
300 835
944 243
1074 163
518 868
585 224
314 571
1036 1093
212 789
779 212
182 205
622 588
320 540
784 297
533 743
148 740
587 948
743 793
910 662
995 1035
906 501
948 777
777 825
338 1045
837 366
15 397
626 492
919 1067
1111 406
166 929
60 469
832 122
1000 969
22 464
987 1093
388 388
966 487
150 12
185 801
231 776
544 1095
716 749
642 828
882 638
358 65
118 976
519 400
832 670
107 400
448 560
551 259
380 150
358 1015
886 828
146 815
468 990
113 1097
600 1049
772 370
212 574
297 423
777 816
832 209
412 722
824 951
657 577
714 536
944 137
786 974
952 846
1116 246
801 166
801 221
830 1034
306 950
859 323
696 384
944 686
942 787
859 668
836 864
878 333
564 338
1065 890
142 275
339 842
815 1055
981 1000
978 136
116 936
115 195
890 890
48 1052
662 52
792 753
256 289
773 568
480 473
302 952
622 924
530 665
351 715
883 752
110 364
190 468
405 988
414 826
619 1100
567 803
810 707
328 278
293 313
721 611
879 493
126 845
875 1015
374 651
516 664
945 435
916 883
187 490
499 444
733 823
1077 123
290 1085
504 246
517 427
760 846
746 141
388 212
237 381
903 478
1011 525
1116 103
271 111
484 141
259 240
331 50
103 111
271 862
617 274
997 2
279 215
694 967
1054 458
513 597
836 877
358 825
607 414
1115 832
1046 854
103 447
856 271
788 263
956 592
645 650
677 66
89 687
294 511
773 602
296 675
439 149
929 584
948 1103
756 399
1042 958
815 7
376 370
560 1006
615 160
108 994
766 442
1100 228
756 145
346 920
220 115
987 259
744 832
198 818
118 702
392 918
513 681
481 585
34 524
978 214
905 773
655 390
588 386
760 569
165 1003
539 1015
282 925
1021 414
891 252
665 184
629 515
297 314
195 181
931 676
693 504
506 208
436 33
725 120
174 671
611 720
983 971
657 664
368 996
729 656
799 177
836 995
381 754
305 406
717 149
575 971
603 923
808 419
111 42
7 845
140 265
91 802
370 556
965 276
567 62
463 1069
309 328
430 501
590 124
342 626
583 560
892 997
901 450
504 149
835 825
163 947
663 328
547 761
763 468
189 883
536 921
967 879
934 423
695 697
185 745
295 251
749 646
561 881
851 622
178 433
709 372
290 735
558 814
271 624
1020 540
802 966
302 48
113 910
542 185
799 855
126 35
140 852
365 431
808 331
820 11
426 125
129 740
741 108
231 260
603 340
680 354
861 1009
738 793
373 818
452 676
1078 307
138 272
772 836
679 588
1048 145
307 256
1008 419
239 963
410 552
712 839
686 425
605 400
372 1052
942 769
819 340
986 368
300 604
325 835
77 835
818 1038
713 875
513 949
248 457
551 1014
283 584
988 261
830 738
534 1012
241 111
295 368
1111 858
559 933
809 986
725 634
954 215
571 234
259 1068
637 1103
1118 408
621 1000
910 616
859 896
358 198
274 1089
1114 919
380 777
298 459
905 1068
509 972
290 285
412 196
294 753
143 123
995 349
111 440
426 637
557 444
952 714
463 212
985 700
889 529
436 997
1006 530
945 554
784 611
564 915
473 973
490 523
867 768
922 867
877 720
1066 289
95 223
514 299
359 598
923 1015
533 300
1106 111
469 248
362 619
578 963
1044 549
818 512
927 545
456 441
365 201
590 267
276 441
763 1031
588 738
535 170
879 698
630 617
393 268
65 943
257 183
324 278
201 666
1103 287
499 816
230 377
587 955
300 652
442 223
1067 417
495 283
1051 912
1083 1116
227 480
444 550
736 597
927 753
380 898
605 508
724 55
456 222
86 434
724 855
457 192
988 234
302 246
244 830
140 178
966 1085
230 969
537 36
972 433
294 262
235 48
725 144
122 524
208 853
1118 151
528 465
267 940
671 980
620 372
880 207
260 701
303 76
774 1070
821 188
379 1000
195 733
802 71
825 822
407 513
16 616
968 1103
357 1094
580 729
120 514
141 879
322 228
689 492
487 195
971 900
624 109
404 387