346 1003
100 15
313 743
511 602
413 455
450 1013
450 404
787 894
815 536
349 562
575 441
980 525
972 113
335 297
677 449
503 515
911 245
261 164
13 594
997 611
811 713
400 885
182 800
42 929
680 766
149 185
1076 269
897 123
345 747
253 443
818 1083
785 250
749 146
941 845
258 883
950 315
325 589
463 546
372 1087
102 692
393 202
848 1044
1017 337
521 405
345 140
960 512
1064 492
702 900
307 966
1005 126
857 947
1051 537
724 860
72 551
165 1014
861 959
859 98
62 754
822 203
1122 865
1014 596
960 905
48 758
812 554
400 860
619 758
863 120
1017 301
269 655
705 394
944 174
854 843
311 353
311 846
456 699
1006 169
324 147
1061 635
576 674
517 727
938 412
913 1020
381 642
762 545
971 174
772 724
1020 528
236 34
866 156
523 764
943 717
347 114
554 507
471 764
369 656
324 592
618 142
30 707
918 311
412 818
976 614
647 919
788 702
225 455
452 780
250 287
810 106
963 136
751 720
382 309
198 540
893 269
819 632
1081 616
339 661
625 69
489 731
4 16
382 745
176 518
986 635
612 228
673 761
668 238
179 677
738 403
326 1032
52 1000
212 355
660 535
351 239
843 197
1075 907
578 722
161 431
749 935
1060 590
306 404
855 482
973 665
741 42
844 275
864 475
245 936
272 857
598 760
1059 833
925 570
213 95
393 795
744 896
552 975
449 654
610 540
757 745
885 335
933 326
610 959
489 581
572 611
689 1055
719 783
193 1109
175 745
836 318
369 562
1016 997
521 1002
985 36
341 787
920 286
2 270
356 827
846 716
1052 869
29 852
830 254
359 812
1032 967
509 405
615 528
466 309
336 863
764 603
48 216
212 927
577 487
187 297
834 485
918 340
161 709
1088 835
925 223
638 1109
699 767
563 73
859 701
116 588
1025 793
294 911
830 784
933 668
878 169
356 1039
686 311
324 644
365 454
197 485
830 681
836 650
129 785
309 714
72 663
799 927
246 312
217 746
142 1062
314 25
84 206
977 871
969 1017
862 510
865 945
149 485
350 325
777 447
969 622
747 548
199 1107
1099 1056
341 1099
94 279
934 257
490 842
251 386
890 218
1081 873
430 918
1068 371
670 105
269 921
661 530
466 350
545 740
777 418
384 920
645 985
510 222
14 650
580 1117
365 734
211 393
378 402
603 1101
943 148
138 795
849 143
648 205
875 447
303 442
775 548
294 654
592 833
1023 131
335 886
274 668
321 671
705 177
673 721
524 1100
767 996
307 1055
434 526
1059 572
90 538
65 966
938 667
470 608
423 1013
127 1012
753 882
243 755
460 509
110 613
150 744
1099 955
389 342
947 35
439 863
948 837
678 1109
512 76
231 651
854 310
1012 380
316 787
123 722
295 248
458 384
571 212
896 957
159 551
757 582
388 59
232 9
556 979
314 346
174 854
927 193
928 311
712 600
308 205
452 401
534 486
931 379
209 421
348 322
912 392
496 757
308 238
206 756
1108 552
887 944
152 623
871 960
106 141
546 693
378 262
472 867
928 863
412 688
98 641
189 839
934 1079
894 236
778 1063
753 649
298 911
524 478
859 816
616 747
894 137
552 250
925 169
989 180
301 170
911 135
844 201
1036 146
329 634
111 345
845 669
58 814
720 652
542 1069
574 1015
790 778
674 467
195 1004
979 92
90 104
653 246
305 617
633 762
496 174
930 720
28 432
323 617
846 590
181 750
438 294
648 109
1112 491
624 20
1029 218
99 935
821 1004
384 696
896 957
307 487
230 473
791 320
496 974
1087 688
532 846
361 474
605 1007
387 611
997 729
63 340
877 843
917 661
397 1109
367 1099
254 1003
189 894
375 819
145 286
387 38
381 557
891 280
875 120
918 92
514 143
278 985
583 1092
759 321
945 650
339 634
880 273
262 603
903 673
405 747
568 427
331 405
997 902
933 564
605 274
433 1002
340 354
558 173
432 814
64 295
767 433
623 212
428 81
305 443
948 486
723 532
501 374
177 909
359 356
827 680
934 361
463 364
867 1082
634 541
257 281
593 995
967 1072
225 925
260 891
389 648
142 213
836 876
782 315
47 415
940 623
965 62
1006 111
923 862
494 412
791 351
788 845
49 101
81 688
953 107
606 405
796 331
736 424
879 147
333 551
346 805
210 334
1098 573
613 1028
284 490
401 83
557 380
433 17
233 586
742 473
735 661
484 258
713 250
970 365
755 312
665 100
922 136
962 410
886 430
115 275
25 396
192 81
341 662
1006 837
897 417
576 788
736 532
381 1021
284 366
1012 999
277 534
89 1076
75 348
877 812
624 728
401 641
863 940
320 884
1030 1114
932 751
362 753
845 231
740 675
1000 429
134 148
115 113
928 123
183 1064
33 130
85 890
541 962
485 859
1073 126
987 705
103 1050
411 258
760 5
1123 346
494 549
327 316
1090 469
705 984
891 360
730 137
746 599
707 61
100 118
960 295
567 50
826 131
307 445
780 966
894 283
272 566
472 309
1121 765
165 152
903 856
718 379
170 400
431 206
612 908
212 189
611 270
862 670
685 579
191 299
493 25
314 743
814 196
556 554
1022 658
764 0
246 635
1078 998
655 185
375 918
983 449
301 411
500 248
742 295
745 1051
762 804
1111 1027
679 1029
263 873
189 766
718 663
430 96
244 697
421 888
913 855
325 503
935 130
156 987
332 967
545 236
308 979
133 265
803 117
36 41
225 656
556 357
993 652
768 122
98 987
699 947
1080 487
1101 352
346 584
74 453
468 235
844 53
972 280
411 330
263 953
185 752
262 512
887 378
439 379
204 731
333 567
125 434
1036 67
310 856
927 459
666 576
939 363
888 638
283 908
236 748
893 939
877 363
585 0
558 261
816 644
199 1089
764 341
842 43
725 625
951 449
1054 434
695 52
568 970
937 156
327 248
785 75
284 1000
690 285
698 314
1106 796
788 240
382 922
182 431
852 874
1115 259
943 996
1079 376
262 235
1061 336
873 213
163 681
755 741
812 666
221 112
589 978
353 939
1068 621
710 585
453 780
430 370
102 67
975 705
722 385
630 41
985 206
59 882
118 555
999 908
804 403
576 459
842 533
912 229
318 515
346 30
140 907
682 408
703 621
433 551
927 487
296 1017
252 451
173 90
862 683
590 500
718 580
482 919
1017 714
826 724
275 467
509 542
315 758
721 228
812 1008
1020 351
194 609
773 226
246 825
324 630
678 1017
599 336
1009 758
716 958
950 886
368 946
348 569
842 149
442 849
683 842
919 242
844 790
643 1049
825 461
111 502
523 525
914 446
355 392
1109 263
507 543
397 675
195 789
495 606
567 60
233 874
949 525
358 411
496 705
750 550
747 1058
975 328
771 702
522 665
424 643
450 639
150 1006
599 250
562 259
246 359
1025 848
880 580
172 513
707 533
1066 201
484 815
640 839
190 567
637 784
78 333
333 1065
337 772
903 840
330 1119
764 602
816 396
890 996
451 426
750 19
341 647
339 405
591 591
991 871
428 325
440 1098
698 615
1101 610
264 833
885 96
1087 448
535 891
772 205
587 309
986 417
770 422
643 792
34 192
120 170
309 775
1 668
387 1014
1026 879
87 206
528 316
540 949
367 1023
778 547
468 888
320 858
973 757
1018 848
311 844
1023 282
168 506
935 304
254 870
420 155
299 391
332 582
353 424
60 656
988 778
350 72
775 214
270 386
660 682
299 535
536 314
290 149
805 597
160 203
649 201
34 427
959 244
897 9
708 536
932 638
60 772
154 722
237 789
400 208
132 754
455 1040
846 950
356 227
949 24
514 191
204 1006
999 345
923 249
229 511
975 712
1003 775
214 535
1095 443
174 317
330 404
899 919
1067 254
161 443
49 329
1067 566
250 531
341 508
857 270
1012 693
25 17
748 792
438 494
1009 490
894 360
1018 240
483 536
495 941
862 981
473 798
658 74
835 489
688 339
854 26
831 561
344 463
850 655
929 270
4 122
1067 454
644 481
161 200
921 602
1018 630
895 547
702 599
456 705
996 456
394 963
173 212
420 555
945 346
338 560
792 797
1083 825
579 691
146 770
739 1007
575 736
910 410
255 464
792 939
558 1103
768 174
687 875
724 1008
142 610
382 705
230 420
216 909
901 436
801 346
511 302
288 248
495 355
73 704
679 318
687 150
499 1098
574 271
938 886
498 662
517 64
358 1000
965 211
824 455
713 585
201 609
1001 1105
577 402
542 763
725 441
746 769
204 915
120 793
190 422
767 650
855 494
624 301
367 270
462 188
1026 689
879 873
243 624
65 975
108 196
139 982
417 438
230 988
277 245
236 23
972 904
1114 687
834 1091
251 655
548 474
1112 378
253 223
896 889
759 370
752 149
906 178
694 859
721 725
352 439
691 569
432 724
944 288
546 430
341 790
43 464
609 575
394 980
161 633
771 613
909 235
321 279
988 949
187 242
429 151
889 896
303 120
756 144
179 822
479 173
599 944
523 781
878 177
575 257
566 28
854 1006
217 869
605 350
200 835
261 1027
381 330
918 881
400 223
535 723
855 894
280 727
784 610
702 482
159 697
423 7
740 102
425 349
304 905
534 19
448 925
918 1015
393 490
246 1106
1021 918
1098 461
817 405
341 80
1073 299
559 718
280 689
545 514
627 660
649 993
728 1020