982 218
214 179
404 624
737 1001
964 550
962 480
161 622
199 630
318 502
826 703
668 821
223 465
937 700
842 801
732 305
967 355
754 860
189 655
126 817
527 208
905 1050
356 705
720 680
594 219
361 73
86 552
352 256
658 572
99 790
154 613
888 365
512 545
718 315
662 719
417 201
797 681
699 717
468 754
417 191
650 363
921 1006
752 174
994 651
441 901
521 146
683 141
1085 149
650 46
755 863
923 913
599 1015
1011 261
183 837
1080 693
623 282
440 175
341 908
217 722
43 575
572 142
900 1075
677 960
448 252
26 532
283 321
715 182
550 76
561 981
518 382
762 483
163 1057
37 162
516 1067
961 478
195 676
732 454
239 199
736 551
169 289
257 348
73 1096
749 440
1093 641
900 414
816 295
641 243
214 573
535 153
403 979
720 542
206 194
575 179
115 318
149 149
413 525
785 205
101 123
243 749
269 221
818 172
294 38
789 1006
127 455
828 284
323 461
1007 632
1013 609
522 665
297 1015
442 636
317 519
148 109
253 196
564 643
922 217
132 27
818 702
1022 778
774 932
430 660
612 928
836 215
932 543
809 572
264 374
105 548
376 861
997 391
900 475
216 879
236 973
799 621
837 971
644 610
484 460
995 459
215 1045
441 26
832 355
1093 424
567 62
744 373
761 178
783 739
279 856
151 908
642 123
309 754
255 474
623 508
458 169
702 884
7 625
116 436
1012 576
736 682
241 434
929 727
615 112
152 549
504 528
217 488
657 587
448 603
335 743
103 235
465 303
619 1067
1049 1121
1095 3
931 296
8 713
998 658
90 1117
1097 255
691 698
865 767
1014 454
885 165
982 556
160 1018
404 146
162 543
650 838
700 905
161 377
344 612
280 288
501 109
365 1071
553 197
1084 40
219 1004
895 921
687 343
881 314
900 782
1118 281
472 342
514 879
337 50
585 342
409 465
963 887
821 380
161 117
174 556
371 245
220 1085
570 957
124 670
676 843
760 745
942 77
220 692
905 844
449 549
449 226
849 503
15 251
1107 429
718 854
981 606
832 875
303 716
456 448
225 259
627 638
696 739
938 107
929 961
251 391
951 73
832 938
744 446
819 184
306 609
140 764
261 670
627 275
253 127
1122 728
279 220
1001 1028
931 4
571 481
208 864
194 951
92 200
750 245
289 270
979 369
1099 753
211 397
489 1075
692 820
521 48
646 415
168 957
260 429
577 325
650 215
261 651
131 945
754 423
419 489
844 623
471 907
1077 1061
603 306
742 14
783 150
206 247
766 1098
746 221
599 288
547 366
701 373
653 426
114 675
968 238
399 943
936 361
319 963
542 1012
636 487
315 459
1116 800
1121 58
144 117
280 608
458 192
692 725
62 995
625 294
235 815
543 264
402 879
580 324
179 450
359 357
254 908
569 892
468 891
335 228
518 340
932 882
701 1032
100 643
244 72
786 659
215 274
326 347
1068 659
904 136
579 248
523 210
73 1063
629 933
333 590
704 857
551 898
925 45
473 581
1106 113
167 717
229 722
136 274
416 847
70 1119
85 861
471 221
287 699
165 428
289 529
257 706
933 341
954 821
790 587
208 212
868 871
798 758
657 467
504 406
276 460
262 924
985 406
111 384
204 775
827 609
324 256
966 512
15 159
393 218
950 775
127 374
857 188
35 727
493 732
1085 805
335 955
85 371
955 175
264 650
555 414
721 804
487 770
726 46
893 684
355 954
668 302
594 1081
771 464
893 172
345 478
81 28
951 1027
604 73
515 401
232 602
307 617
464 511
295 284
1011 980
256 984
248 342
697 1062
402 665
1035 139
244 124
260 939
587 878
373 396
169 44
954 122
837 970
1009 1048
385 855
449 154
711 380
169 490
240 458
456 468
769 1027
472 725
1104 189
590 173
230 597
173 958
622 545
483 380
929 153
232 673
779 578
1010 637
593 1005
467 520
603 630
415 559
373 473
679 350
633 964
558 331
780 872
683 1027
394 847
907 511
310 110
652 268
645 837
525 1037
889 623
5 59
489 112
219 841
101 433
769 735
535 269
1036 493
428 386
244 704
884 223
953 725
550 443
894 436
873 276
316 665
79 169
713 940
611 736
239 1019
616 395
279 424
755 561
604 303
622 792
275 510
814 988
1015 124
199 502
583 352
750 715
612 324
123 836
658 547
583 1057
898 652
508 312
510 928
211 823
606 223
114 738
142 966
383 453
966 669
212 48
500 30
732 522
324 633
297 774
32 967
526 917
595 598
968 1001
8 687
896 563
99 753
672 905
523 63
815 141
948 819
909 17
892 432
810 215
173 157
445 251
755 159
289 246
947 532
1020 444
956 189
707 262
197 194
744 949
247 593
262 530
584 147
974 320
761 181
786 122
74 538
715 1001
538 230
278 878
331 575
127 569
121 684
642 985
498 914
754 445
634 229
972 326
396 687
734 870
619 277
859 1020
640 343
207 664
534 128
991 547
1017 484
51 755
580 529
551 1017
244 233
283 316
1077 867
73 774
897 461
519 802
93 1058
589 357
654 189
885 910
645 137
66 1003
750 108
548 749
318 557
952 164
1034 247
633 213
919 338
837 838
632 88
957 311
123 392
433 294
965 341
1046 919
654 471
265 231
292 889
408 475
470 233
511 454
1003 1116
517 580
455 122
392 482
531 694
526 50
802 531
717 393
698 416
252 790
245 995
251 434
676 962
436 901
301 691
963 904
828 160
180 128
938 610
986 973
505 304
227 411
633 145
890 245
21 850
785 248
419 1044
920 591
484 865
556 296
553 478
588 877
886 659
1000 866
807 788
588 996
440 611
968 148
949 1010
224 338
123 1029
183 3
598 625
855 753
929 733
476 215
135 815
226 396
305 564
1003 656
973 601
972 504
467 215
21 354
445 1054
664 563
141 111
1052 638
653 342
930 705
348 840
49 602
207 472
908 542
751 270
259 642
859 309
131 590
212 851
695 145
552 469
152 468
848 812
550 753
935 1078
16 250
549 747
113 141
906 168
564 299
959 141
286 482
675 115
1026 369
960 556
596 869
597 633
666 917
291 1006
551 486
203 460
401 138
635 382
486 573
320 392
833 772
637 807
1115 854
1122 988
943 1123
132 605
114 864
892 119
244 380
1080 595
966 451
574 767
749 551
572 317
982 39
632 607
636 1010
86 439
418 391
776 468
708 107
903 827
1095 227
962 736
448 561
536 876
963 755
314 184
613 222
977 61
395 748
955 494
875 627
595 478
482 428
635 454
864 155
780 704
505 93
477 1012
629 456
841 188
922 729
326 77
239 651
190 441
807 955
315 914
311 655
1013 242
161 703
1090 890
371 591
610 835
367 837
181 149
1083 509
308 173
479 994
490 40
500 598
682 709
352 461
129 959
136 316
727 1005
874 790
744 695
148 251
458 957
309 684
549 945
537 56
493 422
290 338
446 833
652 871
340 925
301 235
125 316
295 720
552 625
697 826
239 389
917 251
404 388
334 848
86 78
681 55
997 307
791 435
587 639
232 229
571 411
934 939
794 199
730 197
291 282
551 403
934 108
829 706
255 147
880 845
764 457
610 35
571 980
794 205
700 219
974 230
112 326
707 910
320 369
363 112
362 668
554 746
333 597
1108 528
348 499
1014 704
253 798
140 428
426 724
107 362
128 187
520 537
901 49
792 572
244 516
928 589
746 120
407 164
566 168
930 45
234 129
736 338
824 55
591 92
881 1022
838 1069
312 889
436 899
595 163
653 163
599 157
1123 309
704 510
534 843
414 714
7 423
506 422
726 683
979 516
883 454
226 569
500 450
10 508
916 342
227 346
130 639
783 749
26 788
761 328
328 184
728 807
252 835
557 714
924 627
713 1019
1073 400
656 239
699 240
954 301
119 325
458 579
963 918
835 958
591 19
158 907
531 144
579 549
679 552
942 542
1023 890
303 366
863 1038
291 226
997 1022
67 498
645 926
358 711
148 511
519 653
777 949
592 822
1001 511
460 685
345 259
133 683
537 632
302 91
918 872
834 859
996 501
301 356
1077 125
441 589
842 890
686 939
848 17
1028 476
112 57
761 582
187 148
1015 452
735 732
57 732
463 454
397 487
126 349
557 621
489 778
337 504
347 1048
886 482
300 1019
98 58
966 441
850 1015
443 231
1107 337
866 774
371 441
704 869
265 14
125 734
656 962
616 621
302 539
444 586
964 1032
421 623
517 447
605 980
96 651
618 448
88 408
904 633
841 1065
1075 930
799 915
203 545
382 766
322 462
225 253
978 661
323 700
835 357
1110 222
479 294
939 456
913 114
181 1082
339 248
147 413
1006 134
739 256
759 714
967 758
655 257
106 668
583 325
218 1000
910 107
526 998
583 1107
698 533
783 855
655 956
873 913
904 507
955 697
1094 701
821 71
766 675
768 297
1112 1094
569 759
208 666
14 708
643 543
301 534
790 925
603 929
1007 103
656 774
716 388
353 481
592 819
609 27
289 975
1011 736
541 252
283 428
580 205
1003 839
165 824
301 823
804 486
415 629
606 142
766 315
333 465
695 1033
1034 200
775 207
943 686
1057 808
867 344
212 306
167 814
462 876
378 549
303 27
467 248
114 894
769 856
1049 623
230 194
343 567
722 292
1023 173
463 429
970 264
819 1003
390 190
537 865
381 829
708 846
227 331