298 196
688 788
938 363
635 225
347 695
597 583
721 764
743 565
208 125
328 197
603 205
713 171
440 180
154 402
273 459
785 894
249 387
649 604
746 324
141 456
446 212
438 315
597 386
721 1015
359 805
701 950
318 547
256 783
648 784
528 71
314 440
101 337
828 849
309 173
629 69
483 292
648 121
883 463
273 489
1017 436
884 626
849 625
560 52
911 411
981 184
24 762
127 168
883 388
134 1092
540 219
592 1067
913 594
302 910
1014 43
436 656
680 598
31 518
365 666
759 510
814 533
379 946
984 948
975 609
320 1
191 564
557 226
646 1070
896 275
460 178
230 119
799 180
649 679
205 1003
79 995
412 212
738 903
840 1097
233 156
149 365
371 173
882 664
786 881
238 284
526 885
553 932
363 374
258 617
439 923
869 235
1056 235
39 179
657 182
962 683
916 965
888 971
887 211
968 923
306 41
29 630
996 493
398 112
749 895
822 785
1100 221
277 554
273 762
159 418
509 261
372 479
671 888
821 304
114 827
1074 772
309 530
929 853
691 854
238 88
468 650
126 25
575 323
770 340
1097 352
1071 555
972 1074
222 1064
852 507
307 311
439 393
705 424
131 397
890 881
97 825
208 106
1000 672
935 63
195 341
914 560
431 635
888 704
592 486
117 788
810 248
765 660
398 874
583 628
573 483
1082 536
1036 105
445 450
753 120
104 1000
638 494
173 579
357 378
331 936
367 458
800 850
136 790
131 484
574 932
683 348
609 898
222 76
295 866
60 361
184 870
282 843
951 689
638 1081
106 387
1002 652
491 941
763 388
936 936
238 631
453 1022
779 921
952 63
760 164
409 942
214 176
643 1088
102 725
182 667
300 183
901 957
764 616
619 701
560 874
209 213
145 274
546 768
616 835
266 789
136 858
160 638
169 94
1019 1099
289 14
551 737
575 455
232 117
879 518
403 796
49 138
923 198
627 832
562 435
82 436
288 550
1054 569
851 496
634 508
1097 18
646 473
682 556
0 1009
290 873
102 258
847 660
288 902
990 420
435 513
1083 576
379 865
704 460
939 967
938 396
148 585
243 655
829 893
972 804
433 765
219 809
907 196
347 921
620 294
866 405
278 293
594 334
457 82
636 381
1001 536
445 908
744 229
771 62
315 104
15 112
802 816
323 190
741 608
267 948
240 1016
1007 150
999 53
859 740
523 818
619 890
225 487
132 951
789 895
127 883
155 546
264 459
376 566
962 71
571 70
687 424
508 583
845 647
279 369
655 394
277 727
60 735
667 896
467 395
608 171
561 937
4 443
435 680
345 885
729 1079
603 812
559 569
207 791
836 366
943 547
452 1034
623 186
697 460
286 742
914 220
490 556
832 1077
141 756
249 227
173 1109
366 207
4 940
587 585
453 437
141 830
695 601
819 938
418 578
169 843
225 433
670 662
665 142
84 750
815 851
584 324
354 702
682 853
774 102
427 929
526 36
1070 575
140 410
437 275
552 839
212 188
161 281
169 100
148 150
84 535
659 137
486 224
153 504
118 379
484 993
1012 591
612 688
448 847
565 808
373 237
900 833
761 219
433 422
728 390
293 975
170 472
751 438
26 482
1020 396
760 992
296 741
732 404
429 606
780 118
187 718
858 897
415 873
274 189
938 939
536 977
573 1014
1021 798
540 99
299 833
276 98
962 972
983 453
168 824
802 432
472 677
199 756
1002 405
791 1110
446 271
661 367
839 807
892 531
373 961
706 1008
355 564
361 225
58 652
256 381
321 243
161 366
862 37
638 515
732 18
234 527
966 392
634 752
783 375
999 730
666 569
1022 935
749 356
642 880
642 298
610 353
273 948
257 591
356 160
129 704
532 927
345 112
120 833
864 183
670 916
477 655
245 489
312 73
361 888
488 1082
512 550
718 878
754 804
687 857
580 186
342 631
677 229
1112 988
109 906
734 21
990 386
912 707
780 318
227 945
959 1097
290 612
350 713
772 503
175 195
1075 881
949 457
730 178
729 140
130 1087
461 868
959 850
174 563
531 39
488 400
424 595
863 752
695 280
771 353
305 35
868 689
1047 155
943 73
22 687
247 859
794 463
273 4
442 364
153 1079
590 1115
914 472
931 510
909 1042
595 1054
663 757
445 571
260 309
225 665
506 866
987 291
840 603
1032 772
919 260
424 561
745 310
958 885
272 604
571 334
145 234
603 189
522 326
333 839
213 144
83 563
302 1084
468 44
18 86
154 198
272 840
1038 547
741 728
651 638
619 987
740 247
691 576
1111 251
108 227
905 782
270 652
840 159
1059 287
102 757
414 16
1014 588
341 969
933 725
593 709
200 1096
556 605
866 103
511 378
82 996
645 725
92 900
915 733
239 591
785 169
720 998
564 1042
96 577
309 349
119 104
257 349
862 465
954 376
186 294
598 560
1102 320
285 315
1005 1029
376 373
938 810
448 534
1123 360
29 295
449 379
495 1060
311 583
621 1055
201 1016
572 487
1014 791
670 155
922 340
252 648
678 431
1029 507
748 623
344 251
842 482
307 980
101 227
741 188
485 316
266 220
304 167
956 944
542 386
300 227
631 552
194 26
1002 1088
279 752
581 514
289 829
1013 956
259 672
353 351
766 804
659 391
702 644
797 453
833 1062
1082 102
1017 977
306 966
104 480
865 73
1080 748
695 998
900 838
899 412
614 470
1085 426
98 614
154 1108
426 759
385 130
883 908
407 148
695 266
244 342
940 704
762 436
705 975
438 734
327 467
667 271
658 509
597 170
761 674
1027 267
630 820
764 240
122 522
145 339
140 265
415 1024
224 165
215 850
619 321
98 947
836 267
954 282
353 957
440 886
1002 819
214 816
275 396
339 716
318 967
145 517
867 803
608 1001
730 465
417 929
888 403
812 209
833 792
755 265
778 191
871 71
744 835
794 596
871 457
175 184
551 237
203 260
859 1012
734 1086
716 908
63 969
466 635
238 516
776 544
857 154
101 680
278 1048
960 165
727 410
148 63
377 354
605 418
544 723
834 49
160 290
380 99
1054 594
995 384
977 208
1039 1047
405 641
541 290
589 956
315 649
452 815
900 399
1112 900
136 527
319 250
91 467
625 705
428 351
639 751
465 445
206 514
480 559
291 859
432 981
967 829
697 1013
735 557
1117 867
371 877
272 604
451 154
470 688
530 673
571 962
303 487
1006 250
1019 358
738 954
874 219
433 873
374 565
314 396
825 1104
978 904
597 799
350 688
789 251
23 997
468 713
473 343
245 515
1016 493
898 517
685 738
639 864
176 615
631 730
1063 661
123 463
731 819
494 495
152 821
808 843
970 421
758 131
853 34
411 843
474 542
379 641
312 461
777 1074
597 979
499 307
294 435
496 820
655 127
733 1087
935 1041
383 960
11 121
713 919
889 243
994 518
1080 934
534 990
237 676
367 803
781 506
429 362
161 384
271 720
908 238
787 764
308 365
802 116
242 988
909 299
780 208
793 93
762 677
974 872
275 4
336 305
814 930
544 406
830 1073
480 747
633 206
559 98
101 881
1022 182
632 418
401 489
526 953
935 845
544 708
644 292
723 139
413 1000
625 369
723 1009
783 866
412 388
298 468
290 825
4 713
304 519
435 597
1046 410
440 1023
369 542
294 936
194 596
323 577
832 267
558 723
765 1120
570 340
182 743
792 411
853 189
216 1013
197 496
416 861
553 705
560 615
128 856
340 252
1107 960
220 236
842 237
690 589
796 893
953 380
1085 637
729 940
433 762
520 763
832 1120
296 434
209 1036
807 24
733 803
350 615
495 415
710 801
569 682
227 614
431 558
427 308
579 940
230 321
562 589
62 302
212 566
509 1020
407 543
637 958
656 338
725 537
374 225
1033 199
692 945
295 873
711 396
728 268
114 825
755 1001
255 631
609 209
42 252
409 227
510 164
1115 539
416 865
415 521
920 366
1086 881
1061 908
936 30
437 129
520 568
20 566
745 331
428 353
921 369
926 320
783 782
854 898
591 119
308 569
829 264
307 518
731 327
819 189
336 106
532 211
515 359
913 260
870 10
844 243
622 459
669 836
98 632
990 674
259 1091
759 99
108 702
506 833
154 112
667 877
366 185
985 569
401 481
284 146
919 737
1117 890
1000 489
1097 142
476 645
998 234
221 606
560 101
894 713
971 490
961 1002
965 518
854 720
465 287
890 403
197 222
709 541
410 427
527 219
862 591
424 975
530 324
903 15
1064 649
709 389
381 171
106 403
570 752
335 310
977 103
270 403
523 622
55 834
812 969
747 746
815 507
610 253
1095 983
112 293
290 341
551 184
311 1106
956 883
490 142
419 471
148 383
741 412
510 763
820 411
487 872
901 980
685 365
510 488
470 875
551 709
235 1010
614 944
493 683
767 380
118 339
1101 24
286 379
807 592
800 925
774 391
60 847
611 928
376 646
736 888
639 970
374 535
1004 564
553 1017
649 703
426 928
718 730
633 641
342 100
373 202
894 130
756 652
691 724
270 359
202 987
948 230
1066 472
956 358
839 405
704 704
1023 303
391 1033
347 472
907 348
713 404
957 1074
365 460
582 357
139 767
527 1019
378 469
406 216
262 641
881 563
489 1024
19 396
815 299
1117 221
198 232
812 783
158 896
273 943
389 461
928 474
554 452
236 660
502 219
158 502