475 631
276 534
548 635
547 397
691 338
708 655
767 133
607 760
654 1096
317 958
1024 767
923 514
552 787
456 422
161 133
652 583
466 580
729 1008
779 550
263 648
625 105
539 784
649 1069
284 104
298 375
313 405
718 139
82 301
425 740
966 300
614 576
353 290
955 241
1022 78
196 247
687 387
798 370
819 302
908 891
391 378
962 285
617 650
924 1083
533 105
891 139
393 67
618 1058
948 852
641 935
818 676
910 86
422 308
1009 560
355 511
966 718
860 788
343 671
619 498
374 164
636 832
1008 272
666 582
291 947
57 275
714 561
837 846
503 428
498 803
297 552
837 573
577 657
227 480
167 631
888 621
1010 828
767 259
911 902
831 827
288 643
152 741
1025 657
631 703
104 885
890 946
337 1061
336 1021
492 426
100 644
1063 621
529 940
791 587
53 432
951 946
450 122
873 978
305 69
846 148
296 84
323 143
234 1063
469 684
316 763
1054 294
1063 426
864 310
252 245
749 783
28 206
621 390
745 252
543 789
688 345
1108 1025
136 638
565 899
538 12
913 542
225 587
423 1099
801 1016
588 494
771 138
893 566
859 18
978 970
894 333
567 808
122 204
641 62
511 581
935 695
790 422
980 572
855 372
399 384
404 535
796 604
749 390
1057 807
291 254
85 405
263 407
600 1004
381 961
764 948
1037 1067
317 660
646 896
480 750
615 552
629 813
569 174
736 807
489 415
746 485
310 735
961 1006
942 699
31 169
62 1044
682 716
450 1114
670 215
718 224
526 26
231 133
159 954
693 488
43 646
905 751
471 259
481 786
765 527
666 524
345 864
262 653
883 367
463 633
182 745
167 199
399 426
352 41
470 400
730 713
741 355
500 1068
413 35
324 856
967 705
787 978
783 750
383 721
770 545
250 1079
1006 956
275 254
194 782
971 977
707 313
242 474
665 821
274 624
581 685
204 959
1018 960
289 550
584 710
587 362
639 748
132 564
746 515
711 882
984 701
1086 911
715 692
344 229
702 309
523 860
982 10
539 700
586 280
972 830
1032 888
593 721
975 410
974 440
337 517
780 390
1073 647
259 972
399 438
23 690
731 841
455 506
601 929
359 298
193 14
28 868
896 1099
196 811
92 497
263 1043
272 11
540 258
252 596
272 111
212 285
521 326
633 908
110 855
1032 511
422 658
612 429
25 980
858 877
770 275
587 377
126 581
844 668
101 219
153 4
559 438
515 561
613 811
288 964
1000 182
678 798
498 967
402 274
459 151
332 614
246 337
521 570
765 730
880 364
1034 666
384 496
551 564
582 579
111 586
599 665
501 138
590 569
577 204
125 837
410 574
431 601
744 1082
189 861
35 789
735 535
242 578
572 224
703 475
642 112
539 392
423 835
438 303
775 105
681 150
686 385
111 366
812 653
476 712
650 905
1071 967
741 315
939 407
344 970
449 157
1056 1003
645 208
393 474
281 51
552 475
557 747
427 653
112 589
479 803
386 1075
605 102
115 625
391 214
396 933
346 576
244 164
297 209
377 841
897 440
367 716
764 504
985 457
1107 640
582 874
303 376
510 20
352 924
734 1052
749 826
129 815
4 1065
720 1046
910 341
719 889
889 338
993 679
250 1063
77 636
88 608
218 444
406 716
1084 657
884 981
1080 498
707 782
70 665
331 365
669 913
750 118
243 1004
269 609
341 192
315 977
437 225
707 105
402 448
965 167
665 995
643 1078
641 281
846 124
547 162
1046 140
1011 434
16 892
206 519
317 462
845 1087
964 1117
857 127
923 298
536 457
156 940
555 689
313 232
753 697
663 523
140 242
989 671
154 131
17 246
46 627
840 128
304 345
573 307
317 273
776 649
339 368
458 1013
1007 819
635 275
169 1020
677 770
325 817
893 965
602 820
506 107
700 504
598 207
405 1039
163 86
1105 607
988 1001
522 950
816 183
718 868
500 384
111 294
385 438
282 48
168 999
1004 14
349 670
697 221
362 852
678 636
777 89
377 639
908 711
391 873
996 1120
566 665
199 758
780 644
981 77
39 1051
830 725
598 687
589 213
735 780
606 886
258 853
790 899
481 249
564 557
433 194
845 121
109 491
703 94
329 287
132 783
353 511
405 188
1 287
573 160
132 106
188 685
145 950
535 845
806 135
337 97
688 984
287 912
1085 1
930 736
1004 950
823 538
266 160
921 320
1014 421
1076 259
203 578
9 434
659 851
642 271
478 503
224 366
1100 242
509 666
1032 1076
573 642
959 317
409 940
367 865
981 95
491 585
827 103
799 603
574 1052
936 251
94 784
263 331
372 665
77 1002
725 773
889 797
337 718
336 146
241 471
313 9
207 513
938 277
815 630
106 348
919 788
664 1013
997 334
327 288
886 237
347 312
706 908
728 865
173 906
761 930
838 1027
695 400
272 536
762 121
151 882
123 944
404 144
555 880
732 82
976 553
855 391
606 290
211 196
621 300
1042 64
1064 80
673 770
464 380
217 536
626 701
403 164
762 698
1044 378
145 993
747 364
649 46
566 368
799 801
527 655
640 242
301 185
639 398
651 285
946 424
388 268
860 332
264 636
115 231
301 698
163 419
733 743
849 836
900 480
484 435
895 475
857 829
1061 185
1013 699
135 668
448 1107
713 971
815 865
1119 345
958 923
102 613
431 1048
283 958
950 756
353 1000
662 298
554 739
320 949
867 1004
178 1089
803 870
993 13
372 150
899 580
929 643
1031 65
538 359
630 648
616 123
767 657
754 201
414 772
793 528
125 1074
458 311
974 842
710 889
407 965
327 893
352 1022
191 585
842 319
858 391
473 608
109 1108
464 1055
96 344
258 147
590 969
692 860
904 900
689 252
981 809
157 988
567 1005
494 897
354 50
975 766
695 300
190 681
520 606
985 273
958 310
844 595
252 118
597 986
452 442
83 893
537 880
571 274
37 586
821 789
563 766
139 71
304 429
679 882
106 174
770 302
501 587
482 799
460 128
264 1110
227 706
220 254
345 932
953 783
411 594
1101 866
109 352
844 608
1028 259
763 1007
315 398
683 1013
74 167
1006 766
883 78
110 999
782 386
860 346
610 448
172 324
286 662
766 1041
272 1012
551 497
603 88
489 1102
265 124
892 311
990 67
375 966
466 277
657 948
462 388
635 391
501 25
226 1021
312 845
545 371
801 110
869 932
824 834
211 524
679 260
809 189
406 718
389 1009
510 323
955 1093
682 976
490 482
832 725
68 200
113 894
1100 433
426 107
332 31
644 634
800 892
544 1001
683 931
412 561
31 903
864 622
1074 468
811 652
375 983
1000 967
446 464
337 323
632 936
947 158
550 11
970 230
552 576
844 130
792 439
311 83
335 346
428 336
956 903
217 995
612 142
728 87
245 158
606 60
350 373
301 931
590 111
641 416
507 244
701 585
617 500
1071 796
764 433
899 345
136 264
315 730
871 303
881 494
463 181
521 80
852 151
365 303
771 469
560 222
353 459
1028 452
183 996
684 116
398 139
979 1001
1085 636
599 378
738 734
610 840
590 472
812 359
116 607
283 221
387 163
608 842
890 438
801 749
248 567
791 580
206 497
500 277
189 638
219 12
411 43
208 708
280 277
1046 873
1077 885
882 446
161 836
490 699
518 494
163 981
514 628
1047 627
130 151
579 325
239 470
492 600
100 540
196 893
575 814
776 575
254 1005
112 855
257 283
609 26
878 265
508 954
444 998
1066 867
275 537
633 226
3 938
335 868
276 529
967 681
426 519
860 793
281 387
798 116
655 1044
85 896
528 1000
360 943
517 272
983 400
1001 547
508 1107
929 129
338 313
275 251
348 588
600 479
580 238
157 330
644 790
775 759
439 64
557 551
58 76
903 64
934 1030
1069 220
704 1024
169 407
535 288
152 993
467 817
583 838
1054 846
338 1098
371 134
177 521
624 215
654 249
449 984
565 401
362 610
197 1032
878 1106
515 769
73 417
973 132
589 756
650 811
282 1016
256 951
918 660
469 629
637 763
505 527
369 721
171 139
461 429
603 766
162 355
991 408
718 132
481 883
629 765
261 1007
665 335
367 43
850 604
647 225
241 326
768 175
100 447
913 707
308 185
789 695
451 130
34 4
145 14
308 180
560 607
112 1106
970 856
503 71
528 719
599 502
38 732
953 283
877 922
699 501
968 131
221 448
651 420
502 236
698 970
495 274
427 386
35 1020
783 341
608 530
90 886
122 604
931 185
590 353
458 629
417 961
29 532
281 64
338 247
764 136
495 960
288 270
747 719
982 94
661 869
226 850
543 466
822 665
752 962
542 203
624 40
695 1111
963 357
595 284
4 451
541 211
568 727
840 725
123 204
333 964
446 954
597 657
255 811
213 954
900 176
344 824
762 500
738 458
699 318
274 73
835 9
779 290
285 1016
327 909
733 130
765 955
832 841
850 471
491 19
369 801
299 253
78 70
697 835
844 286
703 573
222 540
772 153
832 654
39 682
998 1119
414 836
556 113
745 675
719 843
387 165
472 571
314 254
455 948
1086 962
402 542
942 916
319 683
456 698
974 959
221 1012
1003 627
294 250
855 876
831 648
902 278
438 789
460 269
236 461
163 119
136 520
681 720
527 1035
701 891
152 795
187 1035
806 161
200 753
987 565
575 559
231 913
461 319
815 128
451 543