498 147
1013 74
466 987
473 663
742 615
695 312
775 509
487 994
1046 183
506 659
1011 590
102 887
964 246
223 920
375 768
200 532
113 295
394 1100
771 131
997 922
523 614
214 682
844 178
632 540
140 974
734 133
856 364
1020 330
292 92
517 138
713 553
957 521
226 541
623 722
963 807
289 628
749 87
182 604
237 770
555 436
667 349
830 111
1074 800
299 853
40 868
112 133
1001 467
704 995
302 603
803 848
405 708
724 836
225 277
430 597
304 32
840 728
700 919
48 306
308 1008
246 173
698 721
969 943
715 326
941 440
256 204
326 546
201 172
584 356
1096 358
600 1030
380 1065
547 684
628 759
989 866
5 1077
105 280
843 214
310 461
752 964
364 707
191 276
576 504
158 968
656 667
1047 409
811 675
892 336
460 951
604 100
574 552
50 615
36 627
251 835
129 623
614 731
45 379
499 992
697 987
99 1119
124 352
349 762
879 1108
917 177
439 132
363 278
241 173
273 782
83 563
559 1023
624 696
804 998
980 136
547 979
993 717
93 528
1024 827
674 396
188 278
774 829
897 123
108 262
704 534
987 802
62 31
784 300
941 722
522 846
398 930
728 633
264 441
215 855
612 646
839 658
395 198
215 125
884 1089
566 795
626 398
1108 123
489 972
562 5
863 740
877 378
757 576
475 472
758 388
372 412
676 320
1 724
402 515
121 498
469 674
643 45
718 572
37 775
580 60
806 664
397 789
828 722
546 571
1007 216
587 1054
477 787
896 785
951 649
170 254
950 583
589 866
1092 518
670 839
940 807
823 791
628 41
321 910
1049 1068
850 299
867 866
1096 488
766 1005
789 553
704 184
1019 618
896 546
262 492
920 762
209 171
232 340
766 517
165 265
802 119
502 180
719 439
376 1021
315 1099
318 509
681 662
469 772
590 986
830 784
346 742
934 1013
703 791
618 999
690 685
577 937
344 504
894 501
227 649
894 241
534 112
607 192
593 228
25 625
1113 394
923 534
0 761
129 860
120 44
306 870
1097 697
421 1001
939 1080
843 14
469 583
854 837
759 894
947 277
754 768
1017 1100
998 869
848 413
335 717
294 617
1020 754
189 869
345 886
472 455
483 389
684 585
809 75
744 4
216 671
153 387
834 625
76 257
699 677
670 1036
257 168
332 147
619 970
321 263
968 991
761 277
968 921
738 70
910 315
738 468
991 86
188 882
711 764
882 418
242 788
139 878
249 661
972 692
53 1009
793 119
180 163
943 155
738 264
674 353
174 272
105 925
30 114
1000 948
360 355
992 621
658 698
31 835
223 572
363 881
898 506
969 821
399 482
631 560
441 541
147 143
1000 928
834 71
788 24
607 658
592 906
959 252
210 638
1005 318
831 196
529 722
851 711
248 461
67 948
356 243
214 981
812 190
36 471
443 699
233 112
364 127
229 432
712 814
380 883
95 763
541 307
635 641
782 966
435 3
239 728
458 718
543 828
332 310
274 746
1014 481
908 965
853 598
442 101
428 373
599 598
794 1035
301 531
252 1095
92 65
1122 1069
1023 1118
474 425
509 123
676 998
726 627
988 480
671 981
359 802
587 225
132 541
123 315
925 628
459 812
45 457
934 183
661 991
187 953
243 114
1049 1013
526 597
441 152
827 479
585 917
613 351
88 83
339 682
1072 361
250 640
823 327
261 193
402 325
717 725
619 364
528 355
410 1020
331 485
453 401
852 265
290 993
502 308
649 859
673 994
366 296
537 818
942 619
706 534
562 671
62 969
499 780
112 267
743 216
42 479
731 8
527 419
123 266
71 800
2 1107
757 125
845 86
621 464
258 990
739 688
941 724
753 834
455 582
356 339
554 774
6 3
995 675
28 438
18 1048
447 138
123 259
216 1068
934 250
20 173
836 1066
632 230
250 299
749 146
515 195
961 411
106 656
1096 557
818 570
441 523
416 1100
321 731
440 951
721 140
831 263
757 741
873 89
1026 291
571 340
461 253
847 260
249 864
174 875
393 210
770 744
310 874
333 752
669 890
929 372
239 1122
849 709
461 999
395 462
415 861
95 898
738 143
540 607
297 246
416 497
320 716
573 337
438 185
626 947
402 975
375 1047
295 818
469 786
110 794
876 502
630 1005
190 1105
189 262
80 1013
535 715
935 553
725 914
854 928
738 803
1021 309
752 323
276 658
1114 966
145 11
900 742
499 214
154 361
384 656
93 720
140 877
782 711
459 423
961 765
104 716
580 686
696 1056
634 316
962 690
567 164
703 983
381 660
111 246
666 444
605 115
339 340
1021 624
256 722
660 140
180 899
289 524
991 352
873 923
984 292
711 505
159 814
101 159
377 485
54 512
745 586
277 232
977 213
489 678
116 1038
906 134
202 511
456 504
451 678
498 725
632 611
409 561
578 36
1005 1110
415 909
911 473
705 15
112 824
382 870
410 158
553 695
629 19
770 1042
929 505
242 228
466 428
920 971
1094 910
953 278
557 451
1005 553
342 366
119 321
671 977
231 233
819 209
603 218
958 827
103 786
1024 520
851 547
496 274
265 643
696 921
1005 1082
1007 890
874 358
459 929
535 712
1072 136
115 198
867 777
423 442
203 336
357 870
545 203
469 109
374 102
911 607
890 748
185 152
362 182
798 939
470 637
715 1117
548 133
295 614
20 353
149 682
197 665
536 617
336 236
666 903
947 1045
307 220
996 101
748 212
918 269
531 865
583 907
834 743
988 751
170 303
481 269
760 793
149 661
489 427
469 2
905 378
151 325
1020 482
993 942
583 497
395 697
824 876
710 881
477 621
774 752
891 368
702 988
676 489
737 332
850 108
340 994
974 751
322 189
1012 1017
539 534
703 883
913 708
996 189
607 730
449 602
436 942
299 994
271 207
128 175
979 272
770 545
1025 1033
147 270
172 204
321 681
289 852
54 695
928 822
189 819
663 458
195 117
868 82
149 667
1052 571
841 172
817 420
275 422
341 317
471 509
277 974
905 324
219 345
307 176
720 128
767 186
788 394
113 164
896 4
623 30
813 962
807 969
517 815
393 1033
742 757
683 741
589 1014
922 457
1046 1028
901 212
809 236
1043 953
1111 708
715 751
567 491
182 824
394 781
749 116
86 288
361 267
593 778
1042 143
5 587
183 446
296 599
839 626
740 225
1101 309
841 158
98 498
232 305
381 1064
383 450
899 487
300 627
36 565
639 581
919 450
355 206
647 941
202 536
552 907
967 1095
254 960
120 865
40 225
725 252
619 538
329 848
678 50
303 817
980 295
642 442
704 1032
696 200
249 775
1024 104
687 449
923 176
613 408
910 470
470 964
461 117
159 561
314 627
564 316
198 555
519 383
852 919
727 613
245 263
845 1045
383 784
927 537
633 1094
999 1029
1034 994
245 983
360 215
281 192
828 504
692 749
539 742
960 751
360 719
543 932
224 304
722 511
653 476
747 789
823 165
1071 534
723 752
379 430
974 963
872 649
45 904
175 814
86 392
1075 1018
929 156
358 13
835 618
457 449
116 90
892 276
799 618
270 850
379 455
562 337
543 982
908 756
183 132
172 998
829 570
519 379
585 934
467 647
228 479
641 687
122 53
1006 520
424 467
397 1019
53 942
581 668
203 579
534 362
520 642
820 470
665 521
153 230
683 804
523 187
653 181
571 561
157 759
616 957
1033 264
180 349
989 79
836 899
867 1036
518 338
522 899
206 724
562 622
726 587
515 17
1013 432
261 21
1095 142
1032 632
581 383
1036 560
394 479
179 80
448 14
173 845
235 532
152 302
515 514
464 485
1121 900
933 144
894 877
716 937
228 612
542 759
314 338
616 288
365 1001
927 89
184 696
882 231
198 701
101 300
197 398
316 454
814 249
725 334
748 733
26 274
1122 433
885 263
534 899
1045 765
101 192
357 276
235 102
115 878
852 780
859 293
679 307
764 538
190 787
351 367
648 229
142 255
515 199
392 404
864 277
91 476
655 179
465 807
718 131
934 523
12 904
537 705
444 190
666 568
287 569
931 1102
916 910
242 535
786 920
259 768
699 907
1026 772
596 841
459 315
490 756
117 999
1032 1097
327 936
385 690
28 500
1096 704
1102 691
991 610
526 643
472 621
970 1035
91 581
338 189
752 322
228 505
454 211
246 39
25 481
185 712
179 357
140 197
1107 330
934 835
559 390
168 1030
156 419
453 710
807 1075
531 432
949 685
590 837
491 1000
851 502
207 842
811 502
687 438
944 754
999 517
1008 248
1035 292
393 999
163 343
960 358
566 34
909 536
718 1041
82 492
19 584
643 123
158 713
361 685
1022 399
338 571
539 1081
897 169
286 451
929 310
315 753
20 670
897 351
920 138
171 825
1005 181
303 943
493 784
701 158
440 335
296 728
313 678
590 597
147 625
651 363
136 249
676 986
887 532
107 470
333 66
619 37
285 452
335 484
643 792
823 336
134 843
798 702
813 1094
503 1004
528 901
29 869
527 464
109 260
238 904
289 143
626 905
181 66
204 1093
1013 973
492 987
64 566
248 755
298 342
758 866
164 361
618 93
860 312
252 876
28 290
301 788
826 741
209 124
518 373
9 768
46 644
120 218
868 229
599 325
317 604
316 1013
860 817
959 931
463 429
881 882
952 198
381 983
559 214
928 973
625 941
839 442