697 1008
143 193
200 324
201 56
1112 722
443 999
519 685
565 714
643 800
425 7
533 36
140 410
514 551
339 433
303 895
640 980
453 228
166 229
925 206
42 446
1045 750
1091 352
964 679
623 952
1095 263
702 638
191 79
968 848
735 700
243 745
125 418
1063 717
198 696
4 86
796 553
603 206
738 238
492 151
1060 871
915 934
788 577
735 307
393 633
832 337
202 545
183 191
414 743
307 746
965 1013
417 793
342 989
164 298
505 50
1022 160
114 138
686 158
533 1002
43 846
126 636
492 1021
996 574
105 303
725 775
777 724
197 354
445 598
8 93
377 991
11 161
753 55
416 544
166 805
972 728
137 746
692 275
740 211
156 210
783 268
379 620
153 228
211 1099
288 821
517 1009
746 889
1016 547
253 516
693 174
396 1029
1057 1012
803 1000
935 467
544 420
189 60
691 1039
961 1098
616 960
280 979
147 960
141 117
1099 683
879 746
1002 5
697 668
597 647
801 1109
736 453
262 630
180 352
441 495
220 985
262 784
188 833
181 294
220 507
840 328
740 283
593 2
385 781
181 534
327 562
1012 547
960 935
306 402
677 430
941 1016
178 152
705 69
991 783
921 778
708 812
867 860
594 649
333 46
904 654
743 605
172 780
541 215
1059 183
657 414
509 1080
1045 666
477 612
1113 203
668 945
748 455
156 546
326 356
19 600
894 270
889 208
971 185
715 1
823 70
697 1053
949 251
441 676
753 177
197 374
323 669
430 1104
145 100
658 996
852 934
721 460
972 850
666 304
199 1081
491 758
312 476
346 589
541 787
366 667
208 817
466 495
39 548
431 772
624 1004
520 883
1112 963
14 616
274 752
901 140
456 100
86 723
746 784
982 650
1072 626
770 894
543 424
268 381
32 1108
506 629
311 1062
804 30
279 821
216 138
376 753
0 215
572 380
455 129
550 697
245 993
948 274
403 458
898 510
635 670
151 1007
375 331
201 663
1016 750
1022 870
649 164
948 854
469 835
941 716
190 200
932 1006
1047 1070
704 969
148 203
289 149
647 415
1023 770
378 766
979 907
811 834
1011 445
619 1027
683 1006
187 536
708 1114
547 1008
105 666
572 358
717 223
488 772
135 1000
1049 680
257 362
1019 1014
117 713
877 142
765 461
453 170
438 961
954 755
807 243
858 130
1116 243
717 631
740 430
445 707
164 332
759 480
953 668
942 185
925 215
549 814
230 638
479 97
306 369
313 990
831 32
911 386
476 768
880 1013
368 241
626 906
1047 905
554 880
692 471
571 946
434 957
461 917
595 952
0 532
1048 514
578 265
927 610
190 478
410 764
143 541
755 289
851 172
208 635
955 443
762 761
1026 856
1084 838
740 387
238 3
370 551
142 247
1020 189
324 257
251 633
17 204
720 143
277 710
1060 154
379 533
304 787
686 611
431 3
194 184
563 577
668 743
892 610
462 793
224 962
299 459
811 317
200 218
69 660
995 691
697 436
765 230
755 827
708 411
679 91
205 764
128 602
906 940
871 850
649 532
692 417
626 73
644 722
758 524
788 345
627 815
974 886
981 688
299 63
483 133
476 343
484 697
660 662
958 111
197 954
601 692
145 1035
138 249
843 447
793 317
567 1000
574 83
559 301
383 975
831 154
290 616
455 463
434 407
311 767
961 664
871 354
1061 455
223 298
317 399
117 909
962 515
973 686
649 988
544 349
131 207
281 710
379 326
257 990
346 191
633 19
695 912
821 630
970 596
551 804
381 936
72 773
203 326
670 1121
685 93
1014 594
980 302
640 285
405 1018
612 697
679 248
843 932
73 190
879 515
879 629
399 1057
487 1015
270 556
446 1006
122 398
737 146
295 911
774 499
828 934
422 504
350 743
800 73
979 698
483 907
1010 22
201 755
928 587
110 923
802 1006
622 501
785 912
674 528
589 361
298 529
53 1013
905 796
658 916
79 605
251 564
1004 937
1008 736
704 771
563 829
175 989
655 303
380 783
779 222
625 781
98 934
713 613
467 1067
1024 475
623 390
1079 473
545 901
137 586
751 511
41 534
638 919
115 138
987 378
856 936
464 869
606 172
884 669
640 305
542 113
984 784
187 339
744 838
135 266
675 705
1017 463
830 1044
1019 916
470 391
825 469
828 676
128 556
488 795
713 470
662 1116
798 239
622 604
445 949
868 942
244 1013
1091 780
440 22
675 317
1009 456
992 320
753 10
177 991
283 643
544 882
427 458
1067 463
316 461
809 789
445 677
693 502
47 361
881 723
507 587
323 810
312 793
293 630
331 479
831 289
689 158
535 872
865 106
686 344
222 728
1086 418
259 201
609 264
770 273
564 317
565 895
253 955
247 754
524 625
143 476
891 445
603 491
886 325
818 149
425 881
429 328
84 351
983 603
273 876
564 142
722 659
772 857
156 864
456 782
1031 482
773 266
754 673
575 436
602 387
164 1097
517 393
18 1077
968 473
1029 336
559 617
789 143
666 242
999 314
683 655
1010 406
822 870
521 563
203 577
599 357
964 632
422 217
40 130
979 1058
514 1107
329 259
739 6
213 542
76 738
902 506
432 1049
685 178
521 205
679 27
779 599
577 596
562 1000
668 691
945 497
442 604
283 596
1084 651
851 974
468 1083
917 918
613 866
1075 638
97 693
456 416
440 331
409 120
879 937
217 314
718 897
167 279
173 924
266 1036
84 928
356 1030
570 978
222 352
656 1023
919 480
903 325
872 31
626 461
852 898
175 140
961 923
200 770
615 4
1110 861
310 750
294 441
455 632
791 967
361 829
611 148
470 492
309 120
495 152
794 1096
110 982
299 440
613 292
518 148
378 1066
28 244
154 214
823 640
185 523
788 810
133 780
659 447
517 427
980 520
102 525
857 355
206 354
786 462
631 914
161 1066
754 205
231 1081
485 569
785 1050
651 678
991 894
276 1064
546 947
979 1014
1020 95
468 273
813 168
563 905
692 746
596 541
883 339
440 250
702 369
1016 498
50 673
99 916
841 492
897 903
157 123
33 405
166 389
321 447
116 540
494 966
729 1076
101 402
805 335
60 333
491 184
681 290
940 750
997 603
147 924
754 984
173 164
618 255
136 960
439 456
353 171
410 994
585 212
814 373
844 502
458 711
181 265
869 670
809 935
156 453
627 438
532 357
308 370
606 314
364 934
306 978
323 570
190 401
260 319
616 220
738 718
839 849
740 604
846 482
516 550
16 662
331 868
586 459
479 103
982 547
280 924
472 902
368 337
369 319
554 866
489 91
1013 139
370 210
64 575
800 540
369 256
614 728
481 967
827 914
811 484
442 127
422 491
916 902
419 1017
912 962
931 582
1022 490
459 458
113 89
210 501
136 237
20 752
1035 725
775 337
694 258
607 399
34 454
1005 1052
632 3
1116 474
285 288
151 974
783 975
138 651
280 992
928 528
873 990
1113 1004
550 434
660 834
764 110
194 785
619 255
180 1003
395 1051
567 541
677 966
566 831
1119 582
229 120
1104 535
307 306
471 848
28 670
988 154
568 869
951 766
810 530
456 773
837 704
981 1086
680 968
28 377
977 861
407 392
184 510
469 670
180 901
826 895
529 428
789 433
699 737
16 248
58 569
1008 158
919 677
662 210
115 354
362 801
46 950
212 752
170 625
644 396
969 404
327 209
92 688
828 803
229 285
143 871
990 816
974 538
18 970
561 1086
356 856
140 197
535 164
791 773
685 462
527 224
731 601
678 509
837 895
215 533
382 136
828 199
978 582
918 194
622 1027
1107 234
663 652
661 464
650 413
222 991
168 246
652 1003
851 592
50 131
788 915
367 817
334 511
576 746
362 553
296 156
243 844
460 318
597 235
877 696
425 226
144 565
855 215
225 1120
824 973
537 320
17 677
750 543
821 374
384 334
246 997
603 746
361 389
858 931
112 1113
1009 101
346 642
672 657
142 325
596 1114
849 102
357 724
645 972
503 454
683 712
261 1115
170 7
343 116
281 180
634 899
249 929
545 1104
199 343
1053 938
566 446
688 1116
712 100
795 711
474 1118
149 111
944 747
86 666
462 1046
783 296
985 193
522 416
741 394
654 992
727 600
793 407
45 455
358 309
580 544
480 1001
238 903
80 992
1109 185
257 785
427 686
742 721
722 533
273 262
1102 795
1080 749
434 836
752 226
768 918
767 349
333 406
492 45
371 124
686 195
392 551
391 393
475 940
777 124
925 877
354 505
2 732
686 607
320 171
936 669
308 71
3 926
299 410
751 322
143 964
314 511
882 273
627 138
683 697
725 602
640 753
656 330
964 663
419 799
193 469
855 809
695 865
719 717
294 1123
708 624
557 476
378 636
932 776
714 956
608 37
1112 1108
437 851
1102 1046
827 276
144 355
925 1058
970 496
370 376
618 1011
262 1043
557 294
936 919
373 418
332 275
121 242
224 415
537 594
1074 1095
419 1101
361 504
766 1062
580 304
873 895
290 329
755 962
883 88
561 376
538 382
312 954
588 83
165 937
665 49
672 561
961 19
408 375
681 749
117 589
94 574
1015 146
154 373
785 343
917 944
383 974
382 762
966 459
1059 826
697 328
609 161
49 589
552 469
459 788
323 700
330 946
1107 450
796 536
449 932
322 564
468 547
1068 145
188 516
552 799
441 776
150 142
518 208
547 548
305 140
385 727
459 811