503 920
149 912
597 971
401 72
53 144
426 937
459 678
756 193
130 1083
133 728
1081 657
989 666
262 120
799 321
253 742
676 67
889 95
463 832
680 540
725 648
126 90
700 996
267 140
745 366
124 742
789 357
258 185
832 218
180 594
1001 557
953 277
1017 604
560 488
39 858
998 500
532 1023
626 647
48 831
646 150
1003 670
850 326
640 995
42 544
1106 946
1115 213
536 384
418 934
828 217
546 154
199 261
1020 1039
211 84
490 167
188 960
514 586
740 949
517 1091
734 345
957 708
1001 879
134 1110
660 478
430 480
997 100
348 509
917 526
527 982
587 456
936 250
474 986
232 1098
931 1117
210 198
599 234
978 499
959 405
389 694
454 1022
642 644
908 1108
225 217
699 245
40 838
339 60
124 673
545 469
610 711
464 1086
433 949
483 114
227 174
930 246
44 477
1076 889
957 879
717 848
954 438
1096 771
78 743
438 798
25 387
728 527
735 223
427 641
313 507
234 483
1075 399
729 387
356 923
615 1110
43 276
144 51
880 669
420 777
1069 791
658 895
610 626
377 655
809 453
28 556
176 428
133 46
1053 204
968 226
233 105
72 169
910 592
133 272
169 854
775 354
740 967
302 541
682 665
971 201
1002 185
999 775
1022 1061
730 999
470 1076
670 188
738 784
61 1107
923 661
1108 291
914 486
153 193
355 427
158 276
796 158
582 1006
411 645
728 283
110 474
995 53
235 814
325 697
505 100
1007 322
500 449
1117 739
619 762
906 457
528 267
434 129
656 326
674 668
423 401
471 753
151 724
774 65
178 291
668 474
928 1032
391 372
646 1076
332 680
389 950
258 166
754 387
1118 1037
54 800
695 880
288 1026
117 847
115 781
605 819
612 377
943 116
1013 996
652 374
621 887
645 794
1056 580
721 794
530 413
490 969
623 878
413 116
760 103
996 189
563 361
1038 294
454 981
642 553
158 478
133 367
953 152
765 304
329 970
607 687
375 671
926 546
875 79
285 216
462 583
1025 38
743 852
787 507
497 905
554 162
452 103
508 392
745 651
298 915
553 274
396 428
810 531
706 1018
649 501
13 240
862 257
781 109
272 228
723 252
749 731
545 683
1008 978
760 324
666 429
934 235
996 484
1033 480
307 341
19 795
128 876
246 569
271 970
494 158
190 544
574 789
196 715
784 1089
937 922
129 181
576 1022
331 335
1120 199
420 936
409 856
635 377
887 256
257 401
1004 701
886 897
368 867
1012 847
892 993
808 914
717 290
607 35
873 691
391 296
206 1027
926 888
613 718
723 157
233 222
180 256
484 14
312 156
567 786
373 633
299 1106
79 581
483 88
378 391
792 564
161 320
876 640
176 172
414 587
360 9
108 216
633 236
418 957
379 376
804 615
593 531
926 820
226 515
894 375
570 348
129 1021
28 1098
139 934
256 183
333 822
980 908
1069 214
470 320
973 596
649 701
914 217
672 468
317 707
278 116
1009 838
679 503
645 316
142 243
874 223
744 154
699 760
909 21
692 693
1013 567
748 571
681 849
951 834
786 725
889 273
654 601
495 2
649 495
557 402
238 1118
858 975
983 734
909 908
341 334
581 122
1116 505
649 472
695 1023
272 694
263 614
240 247
145 1039
512 319
264 839
128 1109
816 57
956 803
877 201
748 157
762 180
567 1009
373 443
725 824
755 911
303 1008
824 392
890 188
617 136
801 938
1101 550
1005 127
252 678
633 382
489 812
319 295
803 106
1091 35
215 643
302 483
69 263
752 184
483 368
462 863
861 596
270 301
190 694
144 704
818 706
828 140
309 610
434 497
628 415
820 296
586 921
412 504
893 559
472 900
473 440
993 359
693 795
678 265
68 285
758 823
574 339
108 818
240 737
714 154
677 546
405 417
710 774
550 428
303 272
704 942
971 49
193 1035
93 126
113 282
552 388
289 878
452 558
913 377
922 614
658 650
14 500
262 319
883 561
897 538
931 1074
323 334
95 346
238 607
821 1082
758 1004
816 1043
300 198
1017 720
180 747
195 570
301 722
859 173
705 141
201 3
179 564
289 253
612 156
935 1001
327 123
585 993
702 67
38 242
781 763
83 1023
472 940
195 654
580 998
520 22
669 473
480 952
196 733
102 1049
945 382
338 773
738 737
225 829
1104 467
977 1096
555 417
107 818
588 1001
523 830
164 526
425 155
706 208
992 890
83 640
496 558
348 1020
39 472
312 607
545 802
223 867
344 574
385 921
990 531
593 709
353 317
400 497
526 586
35 705
530 367
284 741
349 995
353 178
936 955
508 556
445 793
895 393
869 417
958 723
402 1016
54 365
910 747
176 440
799 741
35 918
732 619
134 1101
243 481
339 771
116 530
907 481
173 796
279 519
735 682
963 137
669 360
316 676
346 400
815 309
457 400
329 823
775 480
412 875
764 208
192 987
891 35
636 897
326 754
804 107
814 725
358 291
633 704
691 116
518 1018
660 486
738 202
542 609
956 512
867 731
426 761
720 415
741 367
712 599
366 377
461 424
26 571
532 598
16 243
124 167
752 974
488 242
163 740
784 633
833 618
570 366
79 1057
501 570
306 532
692 542
519 805
294 770
363 227
726 401
977 827
127 386
1098 564
46 2
741 907
762 898
656 954
296 362
62 564
716 784
370 709
1000 273
951 515
537 390
521 480
179 91
868 64
874 272
891 246
627 862
690 970
554 960
880 1017
822 730
307 726
125 285
461 656
175 1034
500 955
234 592
92 661
270 150
616 313
288 214
506 663
446 910
692 303
810 1018
728 494
876 318
282 144
667 552
827 849
882 501
984 624
697 617
397 810
602 395
491 1104
812 894
201 95
408 270
78 322
537 797
786 1069
209 67
587 365
164 407
733 1072
372 570
529 566
759 803
578 966
986 935
240 539
22 431
175 156
806 391
1080 157
180 524
565 497
536 909
338 178
205 882
889 1108
272 1090
998 663
814 763
580 147
661 115
907 323
834 785
628 1109
978 247
629 264
590 775
569 132
842 683
791 230
881 164
984 116
589 558
731 1099
1093 761
540 439
916 380
569 112
859 844
360 843
449 197
751 952
984 501
422 259
622 292
682 469
595 227
707 783
308 595
900 795
162 785
848 859
229 952
992 155
489 553
699 112
674 420
1105 992
242 703
740 406
737 727
895 580
494 280
768 1013
699 758
989 707
999 799
1002 423
867 386
181 810
115 880
917 161
180 711
639 1053
214 331
779 101
940 181
818 732
343 554
857 193
1055 498
242 913
770 43
784 327
829 719
276 164
1056 679
454 978
584 117
141 714
565 387
147 1123
544 583
528 1093
365 1010
661 936
1074 61
199 775
349 201
44 214
724 461
1002 741
925 471
446 546
255 55
375 485
169 504
948 193
722 1035
495 807
98 790
483 792
528 186
1100 249
993 700
869 334
669 247
601 354
845 457
29 955
130 852
362 65
947 734
566 968
618 594
445 426
541 464
541 536
556 471
613 303
787 375
98 297
729 182
979 980
279 581
220 454
445 832
572 1033
476 296
466 449
739 738
608 1012
604 263
362 312
839 145
575 767
276 266
749 111
215 368
510 594
680 817
441 364
597 983
294 74
337 190
846 691
422 1058
682 817
161 50
1026 569
688 368
56 496
522 860
141 343
755 829
248 325
296 696
893 978
308 803
769 968
367 93
388 721
582 765
577 550
1017 141
333 528
530 199
249 119
540 1102
970 505
148 712
215 1062
728 510
921 192
446 490
23 998
94 161
426 951
364 595
615 412
231 684
603 152
823 856
183 879
351 990
428 607
238 136
405 411
8 1072
676 387
448 116
518 611
81 488
826 516
829 1044
1111 635
377 663
940 562
135 139
460 609
186 478
347 286
740 599
613 94
1017 369
517 802
765 287
532 742
1072 548
586 501
602 968
601 362
641 1066
168 551
968 142
226 775
170 278
384 779
292 535
1003 597
697 812
822 1056
1091 628
395 993
601 714
308 434
329 242
33 786
794 345
127 230
273 222
232 687
343 860
641 733
842 324
659 728
368 201
606 453
468 921
1053 161
241 1067
447 622
369 316
947 922
716 349
474 577
986 520
965 771
980 978
455 219
546 69
569 607
1086 303
788 607
251 1079
348 690
815 838
707 730
829 587
711 332
286 287
839 822
815 884
695 738
627 1119
635 576
881 143
913 149
246 743
554 758
960 588
303 833
1016 191
264 395
1052 208
193 752
409 389
751 486
166 326
785 227
445 403
579 545
527 868
1091 576
342 823
991 267
1066 831
738 30
997 962
758 444
47 872
565 523
964 890
435 408
70 180
699 135
570 614
360 199
306 82
175 902
558 777
659 1098
64 451
441 242
878 800
1093 204
485 454
927 807
150 995
65 686
809 856
785 1053
113 418
691 48
298 692
957 241
194 324
686 475
527 267
412 604
117 345
205 195
649 458
511 395
844 89
195 708
340 989
327 855
1025 868
235 744
764 755
542 298
759 688
496 835
922 350
503 287
681 902
758 530
780 186
690 514
953 709
504 539
111 1001
837 467
47 822
407 281
947 374
376 647
828 213
890 147
746 581
418 968
288 624
152 109
14 233
106 240
453 606
583 551
261 715
647 793
710 1111
737 420
84 370
9 386
148 894
570 806
390 776
213 264
467 2
875 509
978 214
377 192