765 1057
796 780
875 288
942 663
354 285
478 885
1015 382
405 944
840 822
175 119
248 168
762 722
310 557
936 1019
340 600
866 504
692 408
734 673
577 650
903 1048
195 545
171 966
556 1023
685 131
298 438
179 515
533 946
866 1078
181 559
288 154
873 992
518 504
805 570
463 139
938 952
324 129
622 617
881 232
590 168
955 765
717 643
875 482
656 376
618 71
77 495
678 260
288 580
721 728
155 556
319 745
1045 764
609 817
276 476
504 1006
261 831
424 457
522 661
133 860
827 979
1071 665
229 591
225 239
814 282
341 442
157 472
502 1071
193 851
39 976
917 267
408 767
568 785
130 910
421 67
715 222
303 956
839 693
186 957
56 945
750 835
828 75
180 933
661 667
255 358
840 814
928 1069
26 57
1041 1091
319 116
921 1065
444 319
739 442
1067 469
1012 371
405 287
775 281
352 480
615 380
602 887
271 1074
713 515
912 585
836 485
481 318
1017 387
380 891
504 632
276 1092
115 904
380 385
255 386
406 146
887 914
349 323
918 626
320 383
566 446
166 377
223 191
689 105
382 898
171 578
871 172
789 947
92 270
962 1063
702 599
515 348
807 8
196 293
946 361
948 1003
1080 520
363 646
692 731
392 175
420 794
295 678
817 803
639 144
140 63
530 1083
506 936
961 704
722 667
731 582
356 847
21 296
945 992
589 165
649 639
101 752
165 1009
383 960
262 317
329 497
824 762
347 1119
475 453
377 554
351 307
1010 594
214 258
878 616
859 744
33 327
184 500
365 796
260 436
38 632
782 152
383 106
857 744
552 634
489 882
582 292
381 153
173 272
887 465
196 1011
652 358
801 1108
775 739
139 187
245 518
260 948
129 115
392 183
6 433
309 923
492 956
310 445
214 690
51 5
878 898
799 232
254 484
1008 12
176 392
615 333
704 658
612 94
199 324
745 621
310 131
702 444
76 540
851 744
201 1032
749 477
933 288
773 515
372 935
278 337
890 119
1094 1057
1121 380
605 654
112 870
475 322
255 627
866 934
626 270
419 257
386 436
455 830
763 685
773 172
981 178
928 552
301 747
840 511
260 273
360 922
421 571
437 474
100 131
787 757
900 229
302 265
741 1004
739 977
48 369
735 588
355 716
645 83
913 122
223 332
525 727
265 1020
84 893
450 924
685 999
868 310
108 798
765 137
614 824
1066 827
660 1020
896 1098
197 813
677 113
798 862
296 114
528 885
298 380
679 598
107 496
802 622
317 555
976 269
24 1007
126 787
362 328
767 427
847 857
479 260
661 618
796 1068
662 472
905 916
871 719
28 492
738 195
267 448
678 1122
218 1033
390 431
451 338
354 830
729 240
117 684
861 1018
125 400
291 32
71 42
888 830
192 785
541 360
4 495
20 900
678 728
592 981
80 280
658 636
896 5
322 301
727 650
999 846
1016 911
763 2
427 261
710 950
628 1033
81 1010
569 559
601 380
242 108
252 637
727 70
468 110
238 1095
418 976
540 124
397 995
636 650
620 475
333 159
789 424
939 606
287 177
916 280
1102 262
528 776
421 636
400 929
987 667
620 265
633 311
371 255
420 252
406 769
1070 926
607 887
671 443
854 1095
817 718
421 351
215 1042
648 148
18 423
188 911
229 396
584 341
680 850
284 998
370 38
975 219
314 1084
1000 150
1082 150
389 686
534 370
1053 681
828 1074
739 758
13 71
356 135
316 379
457 1041
349 775
358 685
660 911
942 905
342 477
241 1091
288 738
396 635
1014 963
165 675
906 781
351 959
797 116
693 713
166 895
568 998
945 1089
401 40
650 189
956 89
540 192
129 204
295 327
770 387
713 233
201 969
699 586
353 1001
970 300
839 740
245 1054
472 127
781 322
751 287
1021 650
641 149
354 65
417 724
137 364
480 483
303 859
734 1066
233 914
650 570
796 577
657 308
547 323
249 1023
559 849
957 473
891 704
638 173
98 831
856 197
969 666
240 255
496 1113
748 521
110 70
991 778
795 432
829 544
327 933
572 112
257 928
780 181
282 83
589 431
658 992
357 170
795 473
1032 449
980 241
252 1083
568 508
393 864
463 306
769 529
345 492
906 1053
418 524
322 206
545 918
101 901
316 184
174 515
859 243
689 143
419 108
904 699
105 1084
689 432
929 207
444 365
113 400
48 649
786 932
963 857
983 518
852 205
823 685
722 538
788 428
115 547
622 120
833 528
439 575
318 853
247 894
543 159
971 761
1009 959
536 749
986 648
902 454
417 610
427 725
792 127
77 621
967 1094
1059 1052
568 434
509 661
344 346
794 402
778 12
591 62
181 678
894 273
911 812
629 5
303 266
351 565
743 335
683 992
562 989
107 380
493 249
483 742
840 207
403 547
1068 203
881 8
169 230
147 761
233 687
544 585
434 788
1037 513
980 313
155 683
923 257
943 753
636 850
857 218
981 378
232 377
869 392
1101 174
175 296
559 646
494 633
71 279
529 460
780 726
656 968
65 375
271 745
717 497
592 416
71 537
540 486
163 109
588 974
911 537
306 531
130 298
174 581
914 1073
808 309
997 850
1018 1019
325 396
835 64
303 618
363 182
873 1098
678 784
298 630
1097 969
384 275
344 336
108 229
809 126
1105 571
1094 146
270 689
407 796
616 241
18 717
420 113
374 278
983 816
708 474
167 1014
527 751
614 384
908 133
358 766
873 394
696 252
1011 2
1056 136
1010 120
1060 113
576 823
747 193
622 909
429 550
331 1067
129 278
961 78
650 442
247 252
918 872
757 434
163 707
182 439
883 711
1085 1076
194 1104
966 437
294 456
724 1114
663 505
941 210
288 511
615 194
497 824
187 892
333 128
346 702
414 282
914 678
63 951
725 185
651 121
571 352
324 872
183 169
478 997
625 586
44 731
334 703
430 53
167 750
564 911
602 437
174 47
506 864
941 385
705 145
966 786
764 290
157 822
874 925
712 781
543 257
268 299
684 134
316 965
635 122
945 867
992 714
441 394
273 164
579 608
32 574
698 68
522 705
345 90
148 366
250 542
833 735
906 955
604 499
297 626
776 1062
965 417
340 795
109 686
325 982
987 746
355 1004
433 183
500 677
816 175
1044 180
681 941
604 460
366 690
800 379
444 213
270 380
665 371
992 1093
940 863
875 249
571 89
211 703
158 274
301 295
394 835
490 503
47 700
1041 945
126 569
511 876
828 932
762 867
644 669
360 966
396 831
957 593
813 1090
1123 232
197 573
238 813
703 843
677 527
566 279
218 847
643 915
1026 738
499 215
501 195
237 613
402 111
519 23
734 764
120 737
945 263
369 259
910 528
95 356
325 756
721 829
309 634
677 919
560 1040
552 583
960 548
398 957
143 309
479 861
444 555
996 714
632 1122
832 425
793 57
747 140
860 302
635 141
309 572
780 1049
402 1017
735 269
684 399
142 385
575 605
955 546
562 724
40 739
631 141
421 215
694 160
1 1019
922 564
478 888
558 199
961 276
815 377
1068 352
1017 716
477 420
587 978
575 14
271 0
14 961
127 196
369 120
1002 44
906 331
633 864
297 182
263 95
970 450
822 687
775 966
1076 992
419 967
30 399
803 639
533 264
189 906
549 468
586 528
846 470
967 349
784 313
928 16
38 273
305 1008
317 293
229 361
133 376
112 403
1056 1000
938 593
1053 693
13 220
538 548
881 42
985 83
30 890
1084 471
15 667
567 697
380 966
675 1066
424 787
273 184
940 302
597 900
970 330
599 914
950 596
871 985
462 1035
713 703
681 483
816 498
918 154
1055 664
277 364
351 944
409 872
960 970
143 806
712 172
203 96
804 228
225 305
275 549
818 445
495 737
399 948
230 530
733 922
1117 663
738 265
894 789
256 754
765 979
833 63
484 126
1011 285
180 883
276 921
552 678
835 10
357 352
967 781
1011 238
248 534
109 157
525 897
521 332
38 473
1009 415
922 419
779 384
287 643
768 883
696 448
427 677
1090 695
180 579
883 760
182 672
356 253
215 377
701 715
519 690
405 437
957 246
771 507
485 998
475 222
241 471
101 1112
678 177
748 300
882 308
898 2
736 943
171 48
142 934
346 320
1083 327
1071 301
1104 1117
538 522
609 1015
811 439
546 647
484 244
343 232
392 18
252 1019
580 864
1004 301
338 683
806 402
908 744
1113 659
863 220
784 541
585 792
161 466
248 296
188 64
299 977
291 382
73 17
261 575
761 942
994 355
238 444
944 798
91 538
264 517
876 742
388 829
910 307
846 1021
236 249
691 615
868 76
181 624
641 720
774 7
265 620
694 521
121 574
693 993
207 206
292 255
476 980
183 200
531 351
113 258
1005 726
750 360
5 324
479 264
983 505
648 509
140 676
169 54
1 883
188 226
1040 781
1047 917
834 97
938 355
326 873
529 295
481 100
1033 597
808 223
94 374
406 306
787 489
562 387
313 563
648 771
132 948
646 910
146 560
662 433
430 698
849 465
567 758
330 160
115 277
500 325
280 1111
772 37
252 225
859 190
375 380
768 661
1010 539
857 1002
320 873
496 368
770 879
795 480
873 352
611 819
590 71
432 939
430 862
968 888
591 928
776 625
994 668
332 506
561 164
434 1064
507 273
840 1010
503 176
387 484
564 173
1024 965
339 942
470 279
358 1063
482 1010