224 941
187 791
705 1047
516 579
96 955
256 508
764 499
369 905
1015 389
626 887
977 107
1010 163
638 793
946 819
616 540
496 317
7 225
1102 910
691 26
762 372
594 147
390 28
615 967
458 624
571 335
839 34
829 353
935 405
836 710
771 886
714 977
1045 436
521 925
239 442
191 1044
180 91
290 399
964 471
246 477
653 481
403 1000
935 486
693 948
248 90
192 963
578 559
225 373
328 282
884 492
368 314
615 347
473 872
857 286
180 342
1048 455
514 450
896 791
899 113
462 1005
241 666
403 551
469 932
828 830
590 595
519 916
664 190
850 725
379 581
581 953
541 429
984 779
625 1116
1005 130
257 613
145 322
398 1028
941 760
486 719
477 403
853 488
496 669
303 236
813 21
109 152
26 558
1079 459
743 395
546 120
995 994
475 715
536 712
743 722
685 779
411 44
221 220
66 371
983 270
309 748
573 643
1003 257
699 103
378 550
36 632
861 541
539 207
207 1026
614 661
1012 715
154 349
958 660
365 386
349 171
419 305
994 998
651 893
565 474
1020 322
942 229
789 1008
735 977
621 1059
47 584
630 812
973 878
412 756
597 1011
1004 1004
755 1046
1019 719
599 258
640 1057
935 235
332 281
28 196
579 550
294 639
925 724
1066 305
221 858
142 140
134 972
618 114
651 130
318 944
230 749
346 586
385 757
758 640
306 181
394 557
224 1078
796 654
422 793
872 106
505 862
735 494
202 685
772 57
169 832
148 413
495 149
764 63
822 770
292 414
689 267
1105 92
501 341
291 644
1054 476
376 553
972 612
817 176
753 235
203 880
375 454
667 648
156 685
46 211
908 411
958 11
738 172
1034 741
448 414
873 429
656 1029
132 265
228 980
874 775
313 1001
39 730
303 945
1013 904
691 990
398 483
452 168
365 254
502 896
635 495
934 837
724 621
37 873
643 473
577 791
135 185
775 399
544 1033
632 182
812 291
259 979
837 610
43 698
255 511
358 368
366 961
594 871
1002 304
225 372
733 538
884 916
673 132
518 963
318 836
585 853
138 501
588 302
492 814
810 316
606 176
1052 612
681 250
620 823
694 954
28 1006
514 384
687 910
18 763
263 822
489 581
385 106
626 179
605 413
466 406
164 648
456 704
139 57
582 931
815 209
32 149
527 202
275 821
491 280
456 998
147 673
841 136
886 918
728 485
57 388
950 352
420 297
487 437
405 331
76 235
153 103
204 426
260 374
526 607
702 531
486 539
903 84
614 934
914 1071
52 949
233 748
122 948
175 357
541 403
336 280
498 552
317 284
166 478
274 774
4 551
1014 490
283 289
480 565
585 934
1031 668
474 746
502 990
645 442
178 943
804 1054
617 626
530 982
815 347
150 285
448 387
13 436
1016 2
621 756
604 559
760 929
893 837
782 922
518 129
383 154
595 229
595 888
707 269
371 210
790 172
352 651
361 470
1106 163
907 778
231 858
386 551
124 617
299 486
412 1009
132 958
856 379
379 804
406 363
728 1011
461 805
367 528
720 178
464 455
201 193
839 895
297 560
987 7
478 763
753 160
320 484
1014 860
800 390
653 937
169 194
598 446
120 449
929 314
1026 27
368 956
276 1091
820 111
351 580
494 438
1060 299
382 718
718 428
103 419
415 483
856 392
212 513
538 460
764 793
151 9
490 396
976 958
674 197
859 320
209 665
1092 284
888 756
435 102
267 496
571 539
925 954
413 295
863 135
266 5
977 340
887 617
717 78
121 167
1090 648
964 919
899 737
46 1019
897 300
485 808
61 345
411 142
482 630
1067 858
402 1020
899 81
191 305
830 705
353 231
193 365
286 147
118 710
613 364
129 552
934 904
381 240
466 655
494 160
782 344
1093 872
181 1031
274 665
911 279
894 890
1024 227
709 534
1053 394
378 276
863 994
549 171
849 940
276 562
744 777
802 893
610 426
403 410
529 218
698 684
519 750
419 823
96 1063
389 590
319 902
805 895
686 1003
831 511
425 453
545 459
617 113
87 842
452 795
320 216
748 108
494 186
288 254
794 904
231 413
705 108
739 61
150 655
360 711
697 235
662 849
49 814
67 925
888 1009
350 1099
949 287
143 908
977 99
355 335
752 882
315 203
1004 615
955 816
716 635
390 590
422 1093
672 1111
78 568
544 648
849 345
534 484
853 631
1071 482
208 424
310 927
458 574
874 314
145 502
414 814
838 477
801 518
132 277
79 336
893 348
1055 150
675 1004
278 272
747 701
602 792
451 112
35 768
465 941
1099 816
424 820
93 209
108 1122
304 675
1016 726
299 531
712 374
295 97
317 526
812 757
126 857
762 363
263 164
929 559
749 207
138 122
611 999
566 834
431 683
714 425
163 1103
764 681
823 1018
554 145
736 1003
450 189
693 436
141 192
788 555
583 725
454 810
419 378
673 806
906 790
1056 113
1001 490
715 222
555 1001
465 760
207 764
603 777
951 910
59 256
445 1113
120 1078
351 761
537 904
478 540
394 220
393 507
574 204
676 816
663 245
670 934
927 586
754 191
369 367
954 13
471 324
653 569
954 443
848 420
334 1003
175 839
879 110
604 806
538 490
214 918
347 419
1022 729
425 600
939 636
521 103
821 458
401 981
1077 321
189 451
786 29
878 191
218 418
993 711
65 446
1029 493
237 745
1025 208
884 355
464 907
1010 879
912 953
159 459
368 174
909 279
507 976
317 898
618 106
791 632
913 587
929 512
424 807
908 294
236 350
198 306
392 586
316 527
814 364
120 1108
383 216
481 357
802 615
681 390
1003 343
906 140
762 230
861 908
719 992
1123 468
712 585
190 68
890 765
303 692
132 520
1104 430
481 817
461 465
533 489
398 987
196 491
647 459
419 334
732 427
481 498
346 680
637 100
1058 805
1020 525
940 6
769 118
128 769
129 288
965 621
168 535
436 404
435 144
203 1049
789 635
749 638
674 595
465 317
647 159
444 511
199 993
928 651
972 924
374 308
772 120
909 421
1098 386
1091 216
51 682
320 97
678 197
1106 563
700 844
624 284
1123 225
499 248
1022 430
337 575
970 612
1019 567
153 556
349 903
28 21
404 453
802 1095
575 393
1121 148
298 20
760 532
488 895
153 786
943 57
271 373
708 326
226 693
911 616
546 941
781 469
217 437
221 1017
394 813
385 891
879 947
101 269
449 745
571 46
946 283
759 485
463 518
782 443
163 633
619 784
520 614
554 924
816 929
535 380
624 998
605 605
897 261
1107 180
518 1060
886 550
566 227
981 51
632 680
938 101
143 340
181 448
369 956
654 928
60 744
779 661
223 625
394 88
1014 148
1075 1092
730 1072
662 690
726 82
1072 118
435 189
803 875
653 1010
327 823
269 281
878 1005
740 706
383 844
743 928
558 532
1013 122
680 171
205 242
945 599
423 234
112 263
604 672
451 6
779 120
391 191
1083 996
347 80
512 566
829 426
924 762
924 471
1105 539
543 671
391 608
293 353
378 768
830 679
928 722
977 205
331 528
175 898
488 634
59 441
967 95
524 598
753 286
28 878
665 114
617 314
936 655
988 109
270 924
384 612
226 731
405 298
344 930
733 867
1050 1018
476 264
803 516
643 249
643 574
137 827
1 951
326 561
557 186
800 379
158 305
607 439
27 990
855 485
93 947
515 369
217 800
769 1047
458 18
492 144
410 381
293 939
110 1027
470 928
680 506
1076 1116
713 772
899 886
354 290
351 306
634 79
440 691
558 341
286 174
789 364
958 834
339 521
727 515
160 169
738 616
793 728
392 776
385 103
725 1003
1054 981
401 958
383 317
868 202
545 1023
206 474
327 731
449 825
854 1022
624 202
745 38
816 285
318 612
259 175
601 1059
187 658
516 384
865 414
813 643
519 1064
697 371
351 38
942 683
621 667
801 402
918 972
482 1089
394 744
894 4
675 754
570 780
223 884
694 68
1003 939
434 491
649 43
511 419
808 216
639 553
378 284
966 451
854 463
276 432
126 754
267 797
639 910
297 709
103 227
33 873
475 141
947 700
530 322
506 640
725 113
922 704
704 109
599 473
648 377
7 221
894 179
708 318
911 718
839 310
957 806
156 913
662 986
283 511
138 211
179 873
482 592
726 890
167 728
895 1123
101 373
1008 415
560 605
447 292
235 80
259 108
263 728
134 1047
782 366
1099 1019
1049 5
1073 998
407 543
603 346
311 377
184 232
815 138
845 655
870 419
515 855
688 278
40 99
431 942
528 700
736 238
20 1048
936 229
507 116
681 901
130 811
168 591
875 43
987 640
159 99
327 160
299 618
388 710
414 202
540 497
1075 885
245 387
309 573
789 496
765 230
26 553
1026 992
723 555
939 821
646 477
516 709
115 822
648 1023
956 776
800 1088
662 474
850 683
763 980
925 598
545 760
926 579
803 436
770 864
638 820
747 1101
239 428
675 893
474 109
729 894
720 1005
140 644
613 229
155 197
24 524
116 6
405 66
928 211
157 279
823 619
611 917
1074 580
1041 181
143 289
908 788
133 1077
949 486
661 937
721 810
681 556
147 462
413 24
567 758
1109 448
702 543
419 611
1096 340
383 564
770 701
197 747
393 684
959 353
973 977
335 220
418 179
228 839
180 71
256 597
153 59
796 517
108 590
723 844
871 1061
461 339
849 334