424 982
962 222
696 774
487 515
733 294
182 552
954 1005
591 635
458 696
852 886
504 670
653 539
443 1061
308 953
81 71
991 734
899 88
397 273
301 427
1086 848
556 1040
534 753
722 699
1047 745
552 197
205 275
569 235
303 606
368 846
52 703
306 237
712 96
326 139
806 513
508 1020
361 282
252 946
215 1096
819 156
873 328
989 793
658 415
457 222
249 1026
583 630
1032 668
432 715
190 837
178 856
47 242
18 811
284 235
372 731
49 608
92 531
1053 127
742 1065
337 851
53 766
651 635
293 902
922 889
831 872
474 825
1013 934
207 782
983 160
158 923
111 12
236 268
350 103
160 759
598 1021
492 31
997 222
16 588
265 101
1104 675
136 1043
472 1120
436 222
926 638
369 452
314 755
285 426
736 585
292 359
812 536
533 320
289 100
220 196
623 963
536 194
980 211
993 193
644 357
474 646
517 353
134 499
1077 1001
183 371
805 500
797 502
522 843
256 200
442 810
195 940
213 635
543 344
1100 415
425 205
1063 478
266 679
890 1002
996 182
652 462
549 1016
947 172
362 897
1007 244
279 527
638 704
37 874
263 886
1122 238
706 336
1041 811
775 596
301 875
510 573
76 340
619 800
389 368
450 162
1009 871
477 512
217 634
380 806
984 584
849 899
127 1050
573 740
531 459
878 430
1070 374
417 385
747 1046
426 772
252 226
939 990
367 218
866 309
878 994
934 869
998 158
1007 725
873 997
357 616
1040 486
574 183
822 980
444 258
1067 997
982 444
513 497
772 500
439 1016
356 665
89 815
411 556
85 227
1018 136
106 520
1122 671
784 999
493 84
551 588
317 895
971 187
713 981
890 417
407 287
1116 626
265 280
899 330
707 815
287 352
360 799
369 331
540 992
1052 51
150 93
464 228
582 1004
539 750
952 315
131 319
954 501
519 974
444 406
1015 794
246 650
631 338
83 64
543 940
251 510
1084 1057
288 202
627 421
461 804
899 36
40 385
837 207
247 731
435 973
100 413
876 310
4 925
59 102
277 987
867 764
551 369
573 478
573 86
506 1017
1020 121
165 432
847 740
564 667
708 485
895 896
211 1078
700 377
557 382
210 831
668 938
424 301
520 641
380 799
656 1061
206 581
738 244
1103 912
339 128
497 425
747 315
627 106
540 519
682 72
106 853
448 405
46 884
383 36
294 236
352 1101
609 273
26 243
510 469
198 417
539 1010
261 324
819 506
800 245
571 953
49 399
985 74
833 640
273 888
881 484
650 606
1054 610
828 947
768 746
306 231
338 619
1075 107
125 881
116 362
923 904
816 981
486 897
107 856
168 1070
948 512
6 9
570 769
93 1037
513 689
872 786
325 49
569 214
242 762
502 122
838 72
597 652
483 672
341 665
369 46
1046 193
511 298
965 198
1023 763
852 195
284 180
191 1107
767 578
745 949
70 42
605 357
672 169
621 104
356 837
246 429
17 364
891 880
494 126
1037 740
450 629
477 530
561 693
907 181
808 632
967 207
214 318
1083 894
316 582
158 900
296 618
1103 40
309 539
127 980
1045 566
985 1016
489 626
671 834
945 104
339 450
648 834
250 24
294 451
786 711
114 523
551 651
713 343
858 639
259 157
815 630
604 352
850 324
894 136
695 130
606 874
1 927
487 6
105 748
110 1021
635 134
1032 511
527 797
660 727
156 141
237 301
499 871
35 933
577 725
904 882
396 857
641 1040
1017 182
277 558
1055 617
390 687
1004 384
615 339
864 365
610 366
1021 615
794 863
1102 395
530 685
493 1056
110 822
25 950
99 259
999 366
1003 539
546 280
167 928
399 492
711 1115
287 506
285 934
410 1016
393 278
1001 72
477 761
638 386
666 460
883 526
74 28
243 432
975 831
122 810
1075 903
1051 211
369 148
598 525
943 455
115 117
972 492
463 429
97 991
221 1
947 904
841 315
640 624
130 354
354 538
304 231
19 1005
1001 79
555 732
215 819
230 666
1096 998
1034 931
105 888
580 640
304 434
737 486
163 180
975 1081
123 622
525 695
588 88
456 562
741 294
62 315
1077 625
600 516
62 903
547 323
570 1044
283 131
375 1105
396 766
136 1106
665 239
429 156
630 219
469 1018
1016 925
945 967
115 162
281 275
588 368
202 827
967 109
235 358
863 913
65 231
28 255
0 651
453 1004
728 306
775 470
468 416
821 944
136 1021
272 858
937 26
777 933
1018 878
710 107
186 869
322 338
485 749
313 15
21 429
3 468
105 475
358 6
270 978
913 50
26 342
559 833
462 206
729 1003
672 758
488 604
294 232
106 1109
275 299
1035 882
460 723
762 672
1095 764
253 477
850 577
778 346
256 642
551 500
48 126
663 489
165 874
1014 880
206 734
1054 276
169 375
251 954
560 1075
1000 553
795 766
115 184
352 652
202 176
445 544
688 411
652 689
207 455
807 437
878 751
391 169
933 381
164 755
111 302
225 570
356 904
10 713
560 392
357 380
683 87
350 266
449 94
586 361
1113 432
293 491
1009 967
858 540
301 825
962 902
944 265
793 893
842 243
252 839
628 340
969 139
312 380
384 896
244 100
317 494
609 200
560 248
360 255
800 569
849 137
650 960
263 608
137 952
131 754
348 350
359 416
848 655
845 422
74 914
544 705
504 530
975 409
249 163
249 890
350 845
681 330
388 666
186 380
1035 268
481 687
594 502
993 946
325 847
562 346
433 686
781 615
898 211
1064 172
1019 418
910 1076
206 17
429 239
314 579
659 91
70 705
801 321
385 1015
842 729
530 188
815 867
157 158
387 457
698 890
802 711
1099 1119
333 512
375 157
1013 134
561 163
600 393
598 262
527 96
1111 40
194 1053
345 565
184 947
131 744
507 67
294 822
418 626
630 961
424 255
865 824
61 978
446 931
147 304
587 354
756 387
441 20
185 1023
904 834
145 1064
1091 431
507 1120
229 165
849 630
420 305
814 866
804 864
849 935
691 675
619 886
676 759
242 131
338 545
151 969
132 1120
902 455
399 880
1004 986
615 536
953 413
216 710
350 111
795 675
121 910
504 569
392 479
1022 270
959 248
70 312
924 842
597 567
1088 731
1092 21
102 966
375 789
992 235
1019 600
218 277
329 104
282 896
330 1063
1105 130
973 723
1077 538
124 63
945 258
772 964
525 237
277 271
610 555
701 701
632 745
664 350
393 746
617 978
550 839
135 595
624 920
377 465
318 224
864 1121
252 569
153 602
214 864
794 425
150 336
926 836
479 770
984 788
171 294
244 281
314 446
96 680
76 493
119 551
684 419
121 451
103 765
541 1004
1096 888
853 817
204 149
197 679
852 795
958 861
424 699
770 848
899 857
234 370
1101 902
905 799
317 300
721 526
848 594
659 364
57 193
597 1043
202 512
730 560
530 541
563 677
752 776
663 398
740 551
780 557
923 883
380 742
956 33
203 491
249 354
776 67
439 743
144 865
602 1028
610 621
751 238
450 450
43 279
349 540
720 233
835 711
735 509
519 772
625 778
1104 65
1073 339
997 472
540 60
229 857
835 852
231 225
1018 890
404 187
962 53
591 631
613 629
524 930
479 669
265 156
420 1040
395 602
935 846
268 915
798 104
875 405
860 268
156 1014
295 806
685 811
91 151
641 300
586 594
1008 851
484 974
153 757
89 1021
421 1019
573 123
682 732
192 906
585 733
575 716
223 531
190 634
486 118
647 427
1101 1022
466 636
375 738
663 235
1055 48
676 117
799 205
690 292
295 657
398 252
922 95
995 79
491 196
763 639
502 280
111 699
233 837
631 1056
808 354
606 506
334 765
381 242
649 120
1110 717
326 954
1072 1084
595 189
688 169
319 137
350 511
1064 728
521 307
210 377
556 735
182 664
258 83
718 675
252 28
264 933
89 799
597 30
138 243
899 758
1118 716
482 685
260 958
787 108
703 1052
922 936
853 632
52 630
332 970
662 656
281 154
706 251
795 835
153 944
340 979
434 755
821 256
733 251
1075 422
689 575
1023 901
1052 313
414 637
651 907
547 602
192 77
749 1029
513 547
732 702
539 985
486 358
65 420
77 1006
824 602
308 95
388 821
491 431
608 463
103 668
566 960
302 702
1011 955
366 54
76 195
876 929
325 513
940 114
996 983
207 977
506 564
592 624
937 41
386 527
251 1057
636 126
180 252
567 252
326 853
694 210
778 902
164 554
760 707
334 702
31 141
273 830
555 331
461 739
166 179
396 972
186 1097
806 164
279 295
261 780
435 1009
767 468
40 1041
306 930
610 191
1116 255
887 144
1116 540
895 683
501 797
1042 442
248 527
1028 371
455 1067
690 227
352 839
922 187
663 371
231 782
887 407
1004 241
107 679
1053 524
937 691
765 187
538 1097
330 38
536 883
414 194
340 325
621 492
336 437
556 747
452 598
663 868
1004 273
344 685
705 533
363 974
942 801
664 483
354 398
1103 224
1067 199
815 110
966 956
944 1102
477 172
1021 921
208 807
887 538
527 751
243 995
167 716
367 802
565 365
247 425
3 661
944 207
665 908
662 906
307 587
34 231
399 1026
622 278
1026 829
1110 59
114 162
806 222
870 143
690 889
260 543
709 986
727 356
110 812
466 713
517 813
1017 319
174 189
494 433
628 482
929 831
603 109
644 142
658 1017
25 108
956 691
53 715
828 1022
277 579