498 1064
972 34
688 258
801 935
717 958
296 462
433 23
873 982
282 283
636 1008
249 574
1122 652
806 579
203 730
141 923
616 416
563 505
234 325
994 294
589 491
809 273
1073 340
229 809
321 598
664 239
534 526
187 795
712 276
488 525
402 1037
713 367
827 491
848 714
994 250
639 364
254 353
221 909
871 105
256 741
748 386
346 84
222 997
632 676
717 139
1009 1099
921 473
303 368
1095 260
729 878
893 638
670 1025
238 945
210 886
658 1105
947 569
1033 196
43 562
254 670
315 65
443 1119
386 628
410 646
445 752
218 183
719 896
643 247
71 612
711 524
835 728
378 414
221 633
420 227
204 370
349 865
393 516
108 156
399 911
604 892
890 266
399 331
962 694
956 910
897 285
828 938
89 248
1000 151
661 160
705 534
140 250
291 854
497 810
482 774
124 119
551 932
367 1071
474 872
419 699
497 407
85 417
837 284
510 808
418 892
1090 861
784 374
944 342
567 711
563 274
196 960
885 499
194 911
109 196
651 246
1115 342
1008 437
412 6
1017 673
673 216
433 595
921 210
181 219
961 969
195 373
798 856
1058 584
272 121
711 123
543 181
843 893
487 540
851 642
745 162
850 535
355 231
542 175
834 211
1016 749
583 830
430 594
883 687
208 583
968 218
269 849
746 992
856 388
858 761
8 640
186 312
483 240
169 596
111 947
306 968
742 595
331 668
344 318
223 671
1046 870
644 767
461 888
13 890
923 948
155 338
217 612
68 342
404 573
434 498
302 902
586 140
121 439
208 204
1002 897
393 635
16 330
700 719
205 1027
730 576
1112 693
567 1042
140 342
226 1012
454 957
261 175
1058 567
735 770
586 959
995 755
114 812
986 1087
318 926
845 393
822 942
996 380
72 270
854 1071
491 529
165 1103
799 718
811 1004
690 573
602 626
722 788
907 477
409 410
181 576
220 521
335 712
352 216
979 671
449 457
745 431
629 259
285 638
852 60
822 806
968 533
852 328
611 606
335 338
783 576
840 889
51 1074
746 362
659 393
164 835
593 812
271 1039
202 225
510 432
861 836
121 688
1035 24
324 283
323 726
696 982
165 378
312 947
137 939
312 224
664 307
959 30
734 0
285 51
986 711
192 776
911 877
988 339
995 947
440 677
1085 353
334 948
921 956
368 374
807 609
1069 632
437 542
973 591
654 332
668 389
949 86
889 726
464 563
668 1004
376 1096
433 342
432 986
664 980
845 98
849 693
834 439
474 179
692 1074
831 796
408 667
165 156
803 995
1032 868
769 771
727 261
1010 80
1123 653
134 1078
1054 796
495 221
906 610
92 884
197 1116
587 983
309 408
128 434
893 384
236 1000
621 176
815 902
276 157
1081 418
120 980
878 817
874 853
977 913
832 486
387 807
849 550
420 853
286 991
749 280
779 25
984 904
741 832
417 356
476 660
245 1095
931 314
1040 494
323 9
434 746
124 828
349 858
119 196
1094 458
282 544
205 697
206 160
327 523
984 104
414 189
865 211
495 790
577 895
936 842
366 254
113 71
325 580
848 379
589 1053
153 318
528 898
707 377
838 1020
1009 1106
652 623
624 976
300 808
621 903
402 408
394 474
823 508
632 796
932 390
1043 786
765 305
804 1122
360 620
931 324
642 999
1047 505
856 1108
122 231
557 525
952 420
484 736
250 1096
966 266
878 965
355 626
426 889
505 24
737 459
245 618
425 509
213 326
647 1076
583 670
1004 903
261 1098
345 573
622 570
964 555
704 1012
323 693
323 338
969 119
553 884
407 180
352 634
598 1009
550 1074
1011 414
863 644
522 252
932 694
1014 411
272 749
420 856
175 702
351 841
149 591
952 131
964 755
270 636
878 109
656 486
898 403
257 697
406 794
928 290
425 753
441 444
633 122
818 332
152 880
386 498
408 14
703 46
931 141
782 255
576 392
828 642
415 769
795 653
1067 120
462 572
5 170
136 300
195 957
998 444
906 629
404 952
603 228
250 183
906 841
1039 306
326 1076
914 112
598 613
1119 572
670 800
316 496
856 117
269 21
664 344
345 850
902 307
693 730
227 973
821 824
836 897
410 581
671 475
363 632
107 759
55 672
652 634
730 487
743 21
1039 344
780 416
805 180
151 433
270 1099
955 371
968 376
751 510
533 653
699 831
433 222
473 413
1074 688
204 756
144 752
592 1046
982 584
281 654
52 444
578 1017
565 620
869 209
223 47
179 949
9 389
699 425
334 174
552 834
1104 555
279 230
666 261
646 502
169 808
872 454
564 527
564 980
1019 166
1072 827
887 204
938 942
367 342
1039 678
1028 176
781 1084
753 929
96 711
529 1006
797 700
466 1056
1070 655
719 567
404 582
417 863
1087 152
214 943
456 620
1117 1065
726 446
673 713
391 802
709 621
452 736
235 647
294 859
952 343
838 408
704 173
166 26
477 519
1083 380
561 946
798 829
429 719
385 977
524 869
533 479
732 438
410 233
702 324
298 280
195 796
882 103
670 406
951 920
273 895
779 846
269 147
562 297
21 583
816 207
553 585
712 471
862 166
1052 1017
368 1005
944 253
763 294
441 416
455 397
521 935
3 432
1052 887
629 508
871 849
191 1080
520 669
559 445
288 502
563 611
187 601
1055 767
321 1066
105 754
714 94
802 346
748 1008
893 451
175 862
964 92
368 187
610 223
881 423
1016 618
556 562
795 899
22 390
574 333
612 541
883 24
576 264
1027 35
961 890
878 224
657 107
688 298
207 361
965 452
448 174
443 631
382 964
822 436
148 1037
436 709
930 192
130 583
900 883
610 623
883 1101
878 940
555 475
828 375
14 548
1090 241
327 250
592 1070
1010 193
629 1022
648 342
675 73
387 65
831 421
464 205
343 1001
680 944
229 437
671 920
671 234
435 672
576 395
835 537
751 599
1083 646
1062 130
431 202
434 470
142 947
528 604
211 332
474 616
203 557
211 575
188 413
435 813
70 528
711 188
1051 1041
881 470
90 391
371 925
896 235
885 184
332 980
190 146
359 343
351 148
610 684
32 726
835 62
687 998
592 659
143 257
878 329
1088 792
204 461
266 194
3 977
488 371
314 427
786 112
565 873
971 277
377 661
1012 636
993 34
375 702
350 362
240 130
3 109
581 226
818 512
277 563
113 564
435 82
789 691
211 408
89 433
356 658
527 334
55 633
189 402
287 756
526 292
770 561
248 957
848 125
690 249
714 1022
316 156
518 731
1082 434
456 451
826 721
627 948
821 769
9 155
1088 535
752 363
459 882
270 322
446 390
778 112
528 928
811 256
885 448
201 223
306 640
443 1091
845 81
833 756
494 566
874 489
463 758
1072 143
953 1009
986 518
31 48
765 580
327 732
583 1119
412 693
476 846
645 830
115 752
826 145
600 696
965 242
803 740
274 420
552 490
268 870
687 507
269 545
515 194
1005 870
782 325
15 273
488 520
186 793
600 530
284 731
666 537
546 290
610 347
820 509
628 724
262 222
646 330
1007 451
338 496
351 691
1056 728
308 796
991 1036
675 973
786 962
1115 879
749 461
743 617
576 599
955 1056
353 973
557 863
1045 558
602 763
688 278
414 1072
229 1088
914 368
862 676
21 1057
777 566
108 733
295 256
741 914
38 1049
177 1096
837 124
754 590
293 178
73 213
144 255
826 113
621 167
225 968
270 597
2 19
677 440
1015 382
319 120
94 102
722 1003
27 651
462 148
553 535
895 945
485 920
313 944
675 894
312 819
759 989
1117 946
263 885
270 900
593 956
1101 203
155 329
278 89
838 856
886 777
563 972
234 340
278 335
617 369
964 306
174 283
115 765
753 874
363 271
684 136
987 1068
589 692
483 934
89 298
980 761
211 46
319 852
93 1070
644 378
11 747
231 498
359 715
85 142
1041 414
590 695
519 678
708 635
550 1065
899 740
82 871
239 331
328 937
583 846
34 1073
493 454
707 1093
547 426
467 844
922 1019
772 611
405 374
1063 306
621 49
330 979
318 492
299 786
160 214
396 921
1077 148
80 335
182 154
357 938
497 141
187 511
505 169
788 322
510 382
789 877
517 240
352 1115
990 838
1083 664
301 781
933 858
1021 870
223 434
235 95
557 63
772 278
229 673
890 701
904 758
348 621
663 998
1005 852
901 103
552 760
882 860
995 290
890 106
639 468
263 896
124 891
903 812
107 27
1075 325
36 136
76 836
387 329
663 916
1109 963
811 752
840 429
920 878
901 125
439 537
1106 277
288 226
777 89
460 793
679 696
35 154
273 1107
700 1004
858 79
635 755
156 680
507 350
485 521
685 980
954 220
1088 277
164 408
594 1023
896 350
178 689
341 416
199 936
582 1050
1036 640
648 11
621 734
499 104
241 1080
903 440
489 592
175 167
765 1025
214 62
437 54
206 244
286 153
926 222
1094 913
701 556
736 711
119 615
532 833
1043 365
422 856
1015 607
109 623
105 69
622 165
738 353
401 675
921 639
805 890
532 1066
407 925
637 497
640 1055
696 330
311 67
799 235
656 611
26 328
295 117
241 1022
463 333
479 455
687 324
414 525
961 122
326 362
36 940
399 459
565 635
329 668
928 525
132 740
585 852
986 572
616 1074
753 625
245 765
1013 639
1109 577
1092 807
756 709
1076 312
772 859
72 908
325 419
593 70
630 199
607 563
427 754