210 534
929 40
875 915
365 416
310 963
734 272
970 774
940 541
565 460
165 594
243 656
18 617
588 972
1016 953
722 439
568 609
543 525
771 281
577 289
423 516
65 580
279 878
533 498
1094 389
775 1094
313 434
775 224
547 320
382 842
628 931
746 975
530 993
602 607
1027 399
987 569
554 887
321 1016
520 269
635 502
1093 679
920 42
688 277
168 744
40 882
460 368
13 338
135 423
37 508
872 724
178 971
992 640
1084 417
849 200
11 330
935 379
455 585
646 870
194 118
617 997
798 22
321 1060
139 269
196 198
935 846
691 1072
17 279
351 973
295 1056
155 261
822 558
875 744
703 754
65 431
815 764
1060 95
783 692
738 23
950 19
208 603
15 635
450 125
1087 1023
535 409
561 848
950 355
771 556
388 165
625 686
180 779
840 977
480 617
837 262
728 731
342 849
267 986
497 943
542 836
163 396
217 335
344 247
794 236
169 1012
366 283
917 67
347 1079
1083 392
933 1097
483 1115
1100 565
307 170
813 800
757 351
334 1102
999 768
612 374
858 1123
239 642
511 678
264 589
131 247
969 583
105 259
381 1088
920 602
687 150
790 879
668 525
759 1042
473 864
698 419
649 1045
737 407
238 787
159 394
858 780
967 213
997 324
826 944
187 632
874 486
1057 272
101 1002
146 822
683 883
875 642
492 550
264 641
316 369
968 558
640 347
875 442
573 867
828 535
511 217
384 603
100 403
455 737
9 407
192 772
953 857
105 896
445 551
206 416
543 923
407 404
522 323
558 193
793 331
245 631
478 253
202 848
806 226
970 1000
651 68
512 478
641 620
253 605
141 338
580 773
722 868
91 936
645 842
236 648
939 308
131 844
961 492
279 571
1112 381
61 688
625 25
531 1068
431 773
332 292
708 972
875 25
657 378
671 470
281 247
662 954
583 452
1013 208
295 833
208 529
974 594
1033 509
325 317
514 714
680 184
830 1085
546 454
594 579
924 128
745 559
398 989
534 1015
310 422
204 744
1007 305
953 685
256 307
627 348
974 986
724 198
606 946
896 271
719 796
254 747
155 574
962 155
540 421
19 882
702 929
486 1070
739 553
889 151
646 926
326 1033
627 22
402 276
111 919
117 770
635 990
506 174
498 256
279 698
140 149
585 171
297 1020
618 343
18 307
221 869
476 500
362 780
158 885
937 419
1029 915
519 254
263 403
106 342
462 595
319 845
676 759
888 232
145 960
412 992
660 943
666 592
939 477
154 224
726 521
240 943
362 1098
986 492
561 900
1013 489
725 613
153 868
765 391
677 441
696 438
312 173
408 601
185 480
229 256
692 499
227 693
928 927
228 1014
861 179
1099 308
520 688
536 700
854 301
240 600
453 547
152 963
195 808
1000 1113
833 615
807 526
107 1062
877 416
611 476
281 1040
1044 90
555 845
520 211
896 219
725 146
179 296
799 367
123 338
566 823
75 215
571 558
926 920
467 374
924 756
18 954
632 495
904 877
315 246
288 505
267 136
1102 378
832 990
422 862
168 298
461 326
994 423
481 307
1069 163
979 951
760 727
1047 730
708 570
832 527
409 350
1009 885
355 717
1036 974
686 184
1016 256
871 659
264 55
483 504
420 1020
71 482
744 432
841 87
294 619
331 377
197 939
183 99
332 325
842 112
595 460
980 1097
667 987
620 1043
966 376
439 575
547 989
998 675
826 703
248 818
1120 438
328 469
414 425
804 759
882 838
762 379
125 270
364 375
760 598
443 950
1053 1053
1006 420
453 280
289 144
476 854
363 879
564 443
339 24
86 753
351 1014
524 0
586 946
953 371
237 344
803 729
480 193
646 47
689 847
221 790
239 136
800 573
971 551
702 342
840 486
80 1033
930 563
520 230
626 826
104 740
1055 753
397 752
963 764
134 776
486 615
808 318
106 290
912 906
257 556
139 681
403 968
885 761
908 241
677 298
534 912
698 369
890 139
341 920
904 785
694 780
694 809
541 760
45 486
945 319
403 182
925 827
125 744
241 109
485 445
308 745
522 1118
295 593
182 900
320 165
359 421
159 630
978 386
452 940
224 269
13 682
11 525
15 603
648 604
491 776
885 919
1046 450
918 330
916 1011
539 953
111 345
568 1027
456 446
865 551
854 744
87 609
300 325
495 366
785 395
101 206
614 86
261 967
756 60
1026 509
941 312
369 850
8 193
936 243
442 459
546 295
663 932
846 374
204 985
521 200
258 594
957 341
367 604
859 1120
569 9
150 487
649 291
0 118
264 859
669 762
971 1047
639 457
675 285
145 334
978 571
192 252
1043 159
1006 280
1037 869
872 701
590 573
302 128
33 127
145 334
257 731
540 162
1030 981
471 957
1005 101
101 184
616 371
252 2
318 230
549 159
969 311
708 593
599 787
854 846
984 1087
890 2
1033 222
946 563
418 931
874 521
900 442
796 942
993 1020
868 51
810 516
327 37
550 122
320 924
507 887
1043 940
53 194
1108 517
399 1012
70 565
1016 981
264 208
1019 304
559 1119
197 157
98 252
51 876
455 190
178 981
930 681
904 866
535 866
961 864
232 393
948 933
231 241
717 102
584 365
349 1025
567 114
411 51
253 447
962 430
28 68
148 274
692 829
448 810
683 742
259 227
764 352
306 436
319 1068
410 266
341 596
944 323
426 489
748 434
957 245
753 1041
224 351
110 1017
372 677
624 970
792 969
651 320
970 136
583 872
1101 880
1000 988
932 200
302 817
190 282
853 993
267 117
751 195
906 678
176 529
796 840
669 395
120 434
754 393
713 682
326 335
621 391
492 691
158 470
843 992
277 166
285 253
1037 1096
29 889
434 899
829 354
970 588
847 758
153 74
168 508
1040 2
856 751
486 468
500 632
219 346
788 550
505 955
355 665
300 256
170 719
500 190
416 277
368 189
654 764
1086 825
463 51
505 804
357 785
846 708
805 19
715 636
779 70
689 878
920 357
336 740
657 806
824 139
351 977
349 668
611 529
219 158
410 525
315 246
808 759
308 443
979 315
527 657
654 334
645 506
476 769
674 815
307 697
914 919
740 925
825 598
276 411
779 979
588 883
158 1037
939 850
845 227
910 103
741 569
819 437
128 744
670 900
776 859
409 497
1018 503
468 260
244 334
524 537
540 671
819 629
506 655
992 704
755 101
263 241
671 804
257 698
324 434
255 749
460 130
977 309
996 132
697 236
1014 1015
436 948
337 890
132 129
903 677
273 244
871 744
697 162
867 155
274 878
764 544
356 653
692 684
976 218
308 565
152 573
823 1070
1071 870
146 755
793 1016
845 630
556 973
741 115
44 845
851 732
57 1002
652 974
780 990
938 746
945 386
791 435
542 512
759 828
294 133
543 178
181 420
612 353
542 148
950 79
661 751
1109 1017
774 176
616 137
638 422
340 417
539 859
811 967
560 187
262 305
870 268
160 664
992 82
708 130
397 409
140 803
114 336
299 825
120 296
685 463
1091 957
124 759
549 429
89 967
599 952
789 1102
944 848
998 126
801 844
421 483
566 348
620 409
1092 981
316 73
544 187
1025 1023
227 811
233 442
712 121
530 939
1050 958
258 473
468 375
611 43
257 152
848 564
384 230
227 87
1065 646
376 562
509 720
725 193
335 801
611 547
685 143
508 62
258 1111
654 388
401 852
948 918
7 129
907 957
630 638
460 453
374 958
903 931
672 719
273 447
283 485
242 430
1034 905
185 613
663 200
522 299
951 612
346 1095
700 821
496 137
775 114
858 334
358 482
977 1104
250 1030
342 422
346 899
926 430
696 464
304 679
608 762
932 962
776 977
507 280
936 955
229 82
990 357
1043 982
1020 733
1078 85
198 434
1098 778
660 726
239 673
351 971
977 751
485 85
190 548
559 321
797 455
338 1110
644 259
418 961
514 840
289 100
630 786
474 91
707 239
337 232
621 729
343 482
607 500
17 290
382 932
85 765
1014 510
578 651
1091 215
218 912
527 394
179 640
481 913
641 217
1080 289
589 331
480 750
765 170
1064 975
904 104
510 517
738 1057
864 556
839 805
348 1122
934 594
585 902
177 1002
935 946
292 703
1052 29
455 452
272 807
522 978
651 933
852 272
933 624
826 364
294 927
637 497
918 917
629 442
602 1057
153 954
624 702
116 452
89 362
997 708
966 132
484 1102
436 561
251 513
179 525
262 625
99 995
523 503
425 101
615 868
365 839
917 501
717 930
464 1072
270 771
657 790
456 779
453 889
391 648
294 547
784 294
882 160
269 549
358 475
605 248
804 5
731 540
806 903
748 757
927 450
167 535
61 884
735 1013
132 54
888 518
1 927
739 892
771 1091
103 1004
886 713
729 652
529 567
110 810
1001 38
687 240
614 998
619 583
816 755
724 148
655 895
0 591
972 124
190 1025
449 899
169 956
342 402
248 522
133 432
835 250
209 187
404 387
972 517
420 848
1108 449
621 357
237 937
949 142
217 705
521 914
472 858
427 610
1076 543
623 729
848 524
418 753
799 556
261 783
272 902
409 381
335 454
596 320
992 854
756 122
711 218
482 128
232 798
889 463
665 846
103 832
816 347
468 123
163 1109
288 156
260 12
403 621
705 235
432 1071
708 180
169 778
897 555
698 978
351 309
623 427
967 377
664 95
524 805
543 28