631 156
609 940
188 780
145 203
969 684
897 772
997 292
377 621
1091 33
794 354
893 884
349 113
355 611
268 769
958 287
1065 660
805 819
309 745
878 861
116 240
471 526
406 125
447 202
384 241
680 491
621 700
306 645
654 117
881 198
345 1034
374 359
921 613
837 842
745 525
107 382
774 981
738 738
845 489
841 400
42 214
550 957
1003 999
762 939
144 254
400 369
1068 549
59 900
779 505
192 748
484 227
860 323
401 441
465 236
621 370
309 478
146 739
310 233
228 626
218 879
182 551
230 954
971 682
699 990
559 875
833 481
614 146
815 1065
176 813
1089 1080
190 243
342 761
645 867
650 605
33 912
733 225
120 804
1042 169
1087 7
511 731
297 353
1009 365
15 580
803 1048
943 285
287 503
1032 139
575 304
473 858
308 653
104 241
535 870
110 957
261 825
145 671
783 229
229 562
1042 635
935 799
137 589
466 406
756 529
419 183
759 551
251 337
68 819
187 913
870 614
148 431
862 561
455 489
524 612
959 379
369 1010
502 841
962 476
769 1116
834 774
167 970
93 1095
551 658
532 310
824 661
715 328
402 325
14 430
491 1081
1002 958
1004 478
311 665
940 848
119 811
680 635
636 495
732 566
941 503
934 485
557 141
457 296
900 313
664 541
948 356
964 266
685 560
786 905
7 956
473 504
787 163
927 640
907 916
650 941
996 162
958 431
23 243
917 625
134 439
398 959
407 1050
633 247
480 936
878 1007
970 638
253 334
1023 205
690 796
292 483
122 600
10 423
516 218
327 77
716 356
474 843
336 62
340 614
564 1030
764 155
921 921
109 267
505 975
607 175
649 877
418 679
482 1119
466 120
777 559
393 262
957 451
825 107
887 158
884 522
860 586
665 996
109 1072
275 809
507 333
668 413
201 183
1004 356
187 1002
272 121
628 436
7 2
306 541
406 368
377 171
201 237
473 677
863 247
856 653
358 1056
540 525
988 894
808 263
863 446
798 801
341 149
964 177
720 925
498 442
14 739
1007 616
294 254
1011 6
485 611
161 167
331 504
965 666
207 667
512 142
546 947
481 416
426 655
791 497
741 414
509 328
760 85
338 162
382 632
882 617
907 644
972 820
817 826
1004 1013
724 145
251 234
618 404
958 6
279 942
96 889
506 811
715 974
604 1038
312 605
622 233
542 471
384 449
876 224
953 12
467 872
728 1001
707 992
249 1047
476 144
675 547
227 913
919 77
965 112
577 717
795 357
115 786
447 775
127 131
635 64
204 153
1097 191
737 83
538 763
86 581
962 977
492 141
855 738
837 958
537 263
802 281
622 567
1035 80
30 333
815 816
784 476
661 615
294 800
885 537
718 964
368 439
458 176
1081 1077
534 915
140 866
552 188
578 900
276 1114
445 304
897 384
519 562
803 718
315 894
465 1078
803 4
1018 606
546 822
683 1088
682 683
427 463
755 421
858 694
508 689
599 457
529 629
49 999
999 254
360 844
581 293
1004 927
427 537
402 780
827 631
301 394
228 1036
767 378
725 876
256 543
599 521
382 947
400 595
375 924
126 723
3 719
828 999
222 465
988 909
217 604
834 642
296 724
102 776
564 383
323 1058
344 266
860 472
117 960
194 912
153 923
428 911
481 430
586 906
335 550
633 637
1033 825
474 954
724 381
577 807
899 707
206 861
516 473
513 728
664 241
824 964
1121 952
776 915
860 388
914 727
623 531
297 560
761 53
823 548
169 353
864 875
112 818
743 292
626 552
899 835
895 226
839 1015
917 362
192 498
397 517
253 979
422 407
25 548
226 248
576 1035
959 373
819 285
163 176
887 865
884 299
692 304
674 328
161 699
767 787
309 489
880 43
312 10
621 505
944 705
154 353
850 115
878 382
985 906
777 520
714 988
457 784
317 115
117 624
290 333
454 33
220 665
786 670
132 994
234 300
851 656
238 114
148 681
382 1042
824 571
324 513
1013 1020
913 801
892 854
736 515
339 462
145 915
604 734
185 213
302 836
366 909
844 151
134 634
705 665
952 278
698 877
766 193
627 968
955 797
880 49
1056 424
850 550
586 366
978 799
843 122
125 183
930 613
736 159
690 255
648 843
994 541
870 982
501 884
501 554
929 916
984 891
331 162
838 1086
536 135
166 881
695 1123
955 643
236 837
1117 837
859 1052
260 835
534 870
815 530
295 223
396 235
362 481
796 408
511 197
812 510
355 1120
81 130
256 826
203 431
333 393
645 61
575 408
310 972
298 216
434 752
731 459
329 112
206 121
877 495
358 499
909 332
147 837
362 712
624 86
405 838
806 674
805 525
520 811
429 1114
472 732
482 695
261 191
135 193
309 156
681 1000
714 539
730 729
592 752
798 682
846 1101
553 494
830 244
0 255
216 603
261 210
326 387
605 974
884 389
717 457
624 858
743 944
369 759
424 1079
899 504
208 612
230 843
390 848
612 424
642 922
797 269
357 286
46 758
787 161
830 130
114 335
933 142
47 710
897 79
648 811
1010 165
243 790
152 964
185 530
626 486
913 261
274 643
552 988
343 348
303 910
1118 34
898 697
957 45
648 433
941 1119
121 1087
998 1104
560 669
144 114
582 350
207 726
728 276
1022 705
125 208
537 308
771 774
0 457
1074 736
441 760
173 68
464 1083
161 1011
424 244
348 622
278 621
473 252
435 706
315 324
471 910
197 892
780 421
918 366
392 930
523 685
255 522
865 198
660 940
415 165
318 971
216 117
238 1053
155 562
190 875
609 104
480 473
815 133
504 983
7 690
395 116
838 775
808 281
831 949
140 652
356 1087
433 162
986 572
236 586
974 777
696 963
502 583
869 940
284 179
53 530
283 176
591 261
854 215
549 498
1103 409
948 1105
911 15
1034 636
457 293
264 604
319 650
105 426
100 212
770 204
706 507
219 799
1053 602
881 833
473 435
533 1073
664 837
180 194
273 399
112 240
922 118
603 218
534 605
641 616
397 877
811 581
878 622
1122 132
511 148
829 268
501 901
439 11
547 315
512 884
649 943
842 209
846 287
479 414
761 297
528 971
281 816
496 676
425 500
258 502
456 201
908 850
625 388
885 1005
901 740
948 361
830 86
450 471
116 884
637 542
462 1014
918 503
949 984
678 153
660 118
915 400
502 955
660 246
325 153
502 737
907 171
633 73
717 364
767 74
231 369
934 19
643 204
828 533
806 506
7 973
868 475
174 753
135 691
347 486
506 427
714 884
234 747
701 444
448 218
233 1123
598 183
924 548
59 917
1008 334
374 263
340 1024
768 130
841 1057
736 865
659 516
581 275
288 731
939 1120
617 976
230 736
936 926
457 737
301 763
671 566
476 199
908 328
106 147
197 238
461 849
152 1121
134 61
805 632
962 965
967 668
122 1025
21 596
772 532
577 87
696 318
824 664
486 427
716 921
635 371
192 420
755 715
863 133
175 629
683 481
375 1068
899 472
262 956
1077 63
709 972
728 623
804 229
910 546
312 289
484 474
1048 1066
378 624
258 811
573 529
954 919
192 1097
264 826
185 311
775 611
513 25
915 985
645 713
291 666
966 287
160 80
316 368
298 633
379 221
449 634
1083 272
394 136
322 149
315 34
880 740
847 115
472 173
598 643
86 149
856 805
399 662
392 97
788 304
48 494
260 1013
634 895
1120 769
457 531
560 159
217 486
830 506
968 190
1004 341
214 835
973 844
1071 219
586 365
719 1119
703 11
977 58
778 337
4 206
44 822
182 768
776 254
1122 674
753 559
589 821
454 671
731 751
796 709
388 694
226 142
733 1100
1053 585
927 380
628 208
119 418
834 310
825 116
755 364
375 311
61 460
914 183
748 775
46 465
936 289
523 383
735 736
1009 147
726 980
557 270
223 603
410 400
580 801
546 666
675 604
1022 172
508 841
382 322
1085 917
341 768
631 954
876 299
456 653
565 603
600 914
195 183
114 473
311 725
802 935
282 920
117 300
288 484
179 765
179 1065
577 1085
442 377
145 467
519 358
643 185
640 618
262 459
169 751
290 252
277 515
380 621
863 24
914 1008
910 40
521 683
348 307
137 578
451 272
768 244
649 596
1021 144
570 785
235 542
795 581
471 591
764 641
22 542
302 32
460 227
367 438
523 481
705 696
640 689
570 961
911 445
312 399
764 566
132 684
590 786
601 610
812 1056
181 868
1115 1114
603 568
178 1002
1018 429
975 860
742 1086
460 460
166 68
247 888
601 879
329 23
972 876
116 494
703 749
842 1052
6 871
733 340
759 298
630 269
665 448
206 932
700 1088
659 552
910 674
655 773
577 668
935 506
419 600
41 1083
405 912
650 329
696 756
69 395
680 572
769 183
547 573
187 1105
293 646
354 653
892 1069
156 84
742 446
100 421
393 1009
469 855
36 360
541 108
659 498
654 11
412 761
543 175
232 832
421 667
362 614
295 406
1015 301
106 684
510 893
167 289
439 518
1117 169
946 464
610 265
656 500
87 280
53 356
805 618
432 126
269 335
724 256
717 209
583 800
559 507
171 640
532 759
715 416
1099 410
1108 656
906 193
821 823
167 387
9 201
412 341
834 357
16 982
169 1022
357 506
436 723
972 790
731 369
566 751
567 925
164 913
751 885
756 405
748 419
647 332
863 1007