837 693
109 328
952 705
902 389
855 997
703 959
858 180
697 1064
228 1076
971 976
1079 945
329 859
419 773
408 738
804 447
493 515
1013 622
701 1018
703 556
246 487
187 590
147 632
445 238
361 600
599 286
487 474
922 1088
893 121
1054 422
634 441
109 407
815 779
471 243
641 875
192 20
189 764
291 353
1044 1016
751 567
298 372
906 762
347 803
890 176
746 175
890 1083
764 361
598 837
387 548
193 544
479 721
450 849
969 620
277 353
267 953
849 158
934 372
974 400
925 904
480 180
615 195
478 1083
392 379
999 873
817 535
1084 1001
464 710
1087 987
1084 479
707 1115
830 852
152 792
536 561
644 999
215 26
211 147
959 662
677 173
1109 939
39 940
641 170
976 598
372 895
235 575
712 213
834 402
630 723
915 147
792 147
151 519
600 481
604 236
412 615
900 341
939 865
968 438
655 70
772 786
700 151
801 577
624 876
890 1042
636 331
330 1111
30 356
911 823
968 927
193 69
333 201
676 575
850 678
160 274
807 593
353 995
758 721
332 566
576 368
742 543
790 1015
708 934
830 904
561 322
791 667
877 615
698 680
126 627
482 706
852 330
1057 312
288 609
611 544
1006 949
564 222
430 205
1037 674
515 603
380 984
937 333
429 228
713 934
931 527
425 139
563 700
163 543
1001 477
436 708
164 864
449 631
612 151
488 739
298 1103
1084 727
741 254
671 514
642 899
760 679
164 707
339 336
525 113
499 796
872 557
698 901
808 243
924 786
456 905
121 126
564 530
23 675
855 655
152 265
470 148
931 948
1073 464
515 110
824 214
1048 682
224 1036
265 636
582 545
797 124
888 368
992 338
754 1101
585 205
959 104
352 266
113 654
309 597
1114 450
251 689
892 795
955 1069
670 102
1065 446
1064 747
835 920
876 153
67 685
814 108
691 73
102 1020
953 426
323 716
917 775
263 332
817 158
161 393
664 791
395 542
435 263
205 415
13 212
696 685
1068 400
303 713
1028 371
334 773
1009 276
485 193
877 626
824 20
516 23
608 617
534 258
1033 289
236 77
925 1113
48 301
353 397
652 665
669 859
727 576
909 921
333 785
957 749
928 915
406 474
421 484
383 962
320 676
1094 917
909 1002
575 206
949 368
369 565
589 851
736 618
468 1035
670 548
341 165
205 859
982 978
303 696
936 339
807 967
795 796
809 416
877 625
285 639
675 289
393 498
128 891
672 1006
400 969
360 876
402 636
507 976
445 152
473 118
903 942
49 532
6 944
1 748
297 799
222 392
789 854
726 930
420 435
261 1087
876 744
289 1063
270 188
169 924
442 1015
462 202
1067 869
852 115
562 371
36 706
820 874
747 668
733 968
158 132
628 169
631 934
151 176
320 240
556 364
253 284
436 343
336 315
522 902
519 417
810 640
473 1001
373 59
610 203
56 768
999 576
793 791
1054 441
460 1039
89 286
23 215
265 898
179 394
773 228
1027 1019
532 431
734 780
872 967
569 633
836 861
399 591
928 519
188 965
770 887
1068 603
496 857
820 130
884 980
829 270
191 356
557 171
322 871
749 562
793 583
918 1085
1113 307
403 1021
432 746
718 330
555 88
38 1019
589 633
880 630
750 532
993 951
497 611
687 383
105 187
157 1123
820 1104
517 733
402 444
419 776
569 296
879 614
322 1123
143 586
540 37
273 1020
222 908
1057 394
311 626
932 980
1104 978
910 517
513 971
779 723
581 63
340 318
482 1095
270 425
365 208
968 43
1021 229
414 412
582 715
932 444
988 125
1025 774
865 725
710 257
732 412
833 487
899 831
417 289
667 443
502 523
150 184
775 664
728 52
671 798
13 815
1049 618
806 233
213 532
851 97
855 284
209 559
560 718
589 649
956 201
712 864
536 598
1059 1059
153 505
737 999
543 199
659 554
959 816
776 115
418 229
622 319
556 923
185 76
750 501
706 953
642 201
433 192
787 224
542 1059
391 695
116 133
130 1091
25 956
231 653
414 813
731 106
459 42
106 782
458 632
600 304
713 260
265 477
994 403
556 136
142 794
728 313
634 1002
1009 823
357 367
208 489
873 844
34 368
192 312
890 764
73 415
672 281
804 106
204 921
763 553
132 824
730 119
405 692
545 442
501 1102
872 109
715 885
419 387
871 836
1030 1070
944 39
811 549
943 101
826 572
381 181
932 1066
769 728
364 657
709 406
275 496
1043 302
626 476
954 570
405 376
131 466
149 1024
435 411
182 884
323 704
507 659
889 888
562 887
864 334
491 864
811 885
202 707
986 638
556 741
518 907
1075 235
327 34
262 907
650 447
820 565
685 129
271 152
343 859
223 165
553 132
895 966
634 267
224 730
778 743
1020 493
725 336
962 319
1081 910
47 727
830 763
768 876
904 415
710 352
799 950
1108 830
528 104
912 1005
860 456
368 560
720 532
996 770
981 975
140 952
993 223
986 418
898 952
345 679
859 642
328 408
216 720
578 890
284 309
646 544
170 31
1061 888
85 552
66 808
73 851
47 985
706 1035
461 766
605 605
893 841
573 387
525 1098
650 898
300 290
64 121
1065 926
462 607
869 351
666 301
480 905
572 611
1009 1024
886 24
978 883
910 338
947 764
698 904
501 675
62 648
157 460
1050 757
513 111
380 419
291 265
240 684
397 654
948 177
284 671
44 866
640 436
1019 764
1091 137
1017 379
304 600
110 988
55 255
154 640
663 293
725 596
1019 33
696 622
1016 378
571 986
867 300
1093 359
799 221
205 461
449 309
1004 274
662 184
971 6
677 976
235 32
753 520
72 582
725 765
221 1080
1099 1048
758 167
597 696
374 248
294 654
685 865
913 267
676 1016
1104 267
436 726
1098 833
501 1034
280 341
683 679
965 951
230 530
981 911
397 288
476 514
654 323
607 130
416 106
735 723
627 387
668 1009
145 662
344 799
125 475
213 789
93 429
963 245
92 135
1022 265
363 396
323 291
334 746
145 973
945 902
935 369
833 684
716 794
228 222
950 359
205 403
526 730
148 882
579 270
549 861
806 428
761 532
974 571
427 694
276 865
391 645
509 849
536 473
774 898
88 742
192 417
975 282
1069 236
698 344
238 927
300 220
437 414
602 949
357 242
653 306
368 390
31 239
710 827
945 612
708 1020
553 207
426 198
1084 31
856 516
960 680
930 604
666 140
363 365
889 951
72 857
873 172
717 538
224 612
312 629
914 308
364 438
472 968
92 671
373 861
1017 413
592 1103
328 61
208 630
624 544
507 162
799 934
473 209
740 441
1119 791
920 936
885 161
408 954
116 847
594 649
170 34
919 82
6 981
1077 538
671 385
629 536
783 872
590 865
865 167
907 652
974 549
731 891
1101 275
367 117
528 239
161 119
101 86
1081 553
1098 521
675 14
198 918
344 324
407 1106
2 428
1036 778
491 699
906 704
327 663
1080 1108
873 668
83 1042
303 1016
919 667
233 821
783 224
892 700
278 667
834 173
508 584
737 716
467 194
413 110
464 262
538 868
605 473
486 843
138 1056
409 692
224 685
366 600
765 8
306 1121
335 634
332 786
868 327
1020 1028
974 282
663 440
285 811
190 937
207 1019
918 566
284 154
724 594
517 152
400 956
171 381
63 626
576 794
220 871
126 418
808 115
767 151
147 255
122 812
601 561
140 132
905 889
572 153
710 123
815 825
279 940
403 422
314 920
43 229
748 138
906 1109
427 457
1013 407
343 344
750 918
658 257
186 73
1087 967
1018 177
145 144
199 722
171 482
92 235
895 635
250 352
930 965
728 180
207 766
332 3
685 330
898 301
181 672
480 564
152 561
469 727
219 39
884 330
373 757
189 948
502 451
278 852
272 1063
934 551
475 609
299 962
604 392
318 320
666 762
996 572
708 509
222 752
442 833
947 529
475 813
661 618
498 1048
136 841
477 240
965 245
426 882
647 188
555 1082
179 854
633 243
211 409
851 525
550 99
933 940
408 608
582 483
149 225
365 82
472 840
185 1003
1017 444
714 715
1095 729
996 988
76 369
810 119
738 308
838 508
854 665
847 867
778 255
606 1037
1110 314
895 135
904 793
116 796
1037 773
658 563
354 514
334 846
376 1021
985 683
409 387
507 768
651 574
674 917
635 516
140 399
347 549
286 1010
745 1026
846 278
164 662
698 738
1009 583
385 939
88 477
642 534
130 193
572 947
198 976
573 995
779 881
150 86
172 745
959 266
733 237
423 307
872 195
134 7
1015 223
597 796
859 4
365 323
803 643
719 663
644 983
588 355
553 813
582 608
848 756
266 40
331 576
999 485
577 564
1002 331
1020 1081
386 969
460 593
910 762
260 1059
806 692
558 806
435 924
1014 743
387 949
592 975
223 736
223 582
462 1076
345 827
558 493
647 822
1072 985
83 686
298 129
430 648
919 57
54 1028
930 611
535 307
436 523
345 648
551 351
641 197
900 95
280 320
590 720
358 560
999 373
107 899
247 641
219 667
588 327
57 495
990 307
523 845
355 184
520 531
308 794
951 868
185 118
227 428
778 823
183 493
784 209
892 469
155 417
398 322
1020 690
270 117
429 917
740 854
151 401
964 607
580 153
523 590
149 1023
97 186
638 176
671 869
49 498
241 54
1000 426
943 871
999 931
110 765
60 386
1013 126
1112 730
642 693
61 535