619 995
389 715
551 233
961 790
297 161
421 588
653 290
384 861
143 727
418 247
43 846
814 38
922 557
295 798
576 883
145 309
620 964
680 943
394 834
517 646
959 890
1039 237
266 702
223 801
165 935
512 581
991 702
593 840
859 763
133 555
149 878
900 560
29 189
1090 851
369 718
848 708
1017 838
914 911
291 817
845 1052
477 115
272 1019
59 448
444 141
869 383
831 386
572 834
113 809
608 440
739 1062
902 981
236 889
821 549
246 795
397 230
1032 218
864 1111
572 290
1116 956
535 413
937 427
735 247
16 112
909 390
928 412
1011 773
464 417
1056 77
163 344
643 760
292 511
1017 32
768 518
754 457
1092 27
210 31
454 584
971 513
575 584
306 735
259 817
658 996
22 952
776 232
676 878
337 365
292 431
240 823
588 394
732 292
238 580
657 445
1079 145
237 231
813 740
1101 477
244 1023
553 738
708 610
113 242
872 879
648 773
758 404
258 166
886 158
1121 975
239 261
192 29
123 795
364 1060
844 684
295 297
156 112
310 326
958 73
689 233
590 243
368 378
100 89
809 502
633 854
553 509
276 154
1083 232
793 917
495 562
734 630
450 1079
285 873
666 863
271 104
641 873
135 731
114 310
605 103
871 272
747 442
923 843
964 397
695 454
772 670
352 870
818 366
308 180
100 980
389 566
189 648
313 1103
626 271
84 246
1100 37
674 666
1111 692
857 378
1010 821
538 94
390 590
294 315
675 204
247 871
921 152
784 330
435 838
146 141
1030 158
576 737
962 507
1024 734
486 252
202 914
173 804
261 352
612 421
265 263
154 424
921 629
161 638
161 486
850 1035
226 1008
875 192
124 428
968 367
236 928
923 554
254 821
648 915
677 352
455 755
209 836
561 595
353 615
230 716
250 346
875 233
983 515
730 229
514 263
869 590
590 718
209 868
29 938
811 713
577 864
2 746
70 583
93 333
663 1016
495 524
2 164
957 839
1003 117
259 749
152 262
418 125
873 11
446 178
1040 531
225 192
800 300
510 462
817 167
647 30
639 957
515 1030
984 269
793 143
616 917
130 305
520 977
29 616
759 480
173 720
1021 928
929 179
872 714
1015 306
344 684
802 1001
109 270
333 863
894 931
448 840
149 780
982 121
1049 132
539 719
411 88
198 930
717 918
882 955
460 811
138 454
772 340
215 648
601 661
246 324
515 366
859 421
325 249
528 210
899 191
189 765
553 215
847 402
680 230
783 518
835 224
425 369
637 166
962 99
859 359
97 889
343 13
790 1004
286 181
201 649
782 648
370 637
745 201
767 390
383 663
827 762
291 399
233 885
268 373
112 656
495 224
57 7
282 48
344 296
471 961
754 673
993 807
581 217
548 657
175 728
608 394
415 797
339 737
818 166
503 1092
1001 879
417 676
518 408
372 125
644 288
692 451
555 615
471 421
999 466
1108 668
361 849
21 264
518 1022
303 470
895 527
264 608
822 348
757 990
847 720
565 799
583 1050
425 365
942 477
565 991
823 244
294 1102
483 708
700 255
729 450
491 525
271 864
518 130
863 985
667 820
827 347
261 472
200 630
722 949
556 849
372 1021
442 514
498 787
422 1056
911 388
988 976
555 823
105 184
1016 549
363 109
572 208
1077 671
596 496
14 1104
763 1004
831 455
508 38
401 847
261 880
1081 599
501 849
552 757
347 932
704 151
232 671
989 263
310 552
324 163
906 855
546 476
124 144
462 137
261 643
674 1015
505 877
294 420
710 266
52 619
600 469
670 229
605 453
745 136
695 964
497 627
160 235
268 1056
1038 1085
48 413
728 999
938 812
792 211
1010 285
593 501
779 456
212 231
754 906
895 987
310 646
773 846
929 561
444 158
917 112
179 185
708 335
11 964
124 303
436 682
505 940
600 436
278 852
1012 165
605 623
54 621
288 872
998 397
510 523
623 272
1122 691
596 498
443 970
375 98
449 971
735 538
767 794
210 739
231 398
677 526
676 892
266 59
528 586
301 343
655 805
186 747
794 893
178 499
629 225
229 937
224 358
780 203
748 283
607 949
1019 253
321 168
998 151
643 331
826 890
917 985
347 808
196 857
204 906
871 130
551 123
27 1025
22 807
131 100
509 458
455 456
186 920
866 295
660 113
1065 176
383 748
492 454
111 478
1020 896
823 313
957 320
761 641
147 946
620 830
767 79
772 752
467 91
233 569
126 552
889 668
452 690
398 1020
121 934
908 203
644 326
458 784
1095 503
487 305
468 1093
596 75
110 18
490 928
177 996
674 972
815 818
644 854
444 783
770 415
900 933
1119 668
131 441
236 568
724 27
772 549
582 886
545 504
883 182
461 664
754 190
492 953
1004 858
342 934
377 884
324 195
529 649
17 1012
400 481
450 645
846 309
769 316
384 600
550 1002
226 258
670 413
703 632
542 360
77 731
885 447
1060 259
583 419
976 505
291 127
125 128
1012 1021
756 158
1123 232
892 425
362 432
247 833
1094 294
1022 581
341 1090
909 983
264 830
675 143
180 853
617 637
230 803
905 733
719 744
110 471
751 414
673 891
758 720
306 470
1040 158
240 982
388 713
598 1014
186 549
928 608
295 569
920 912
572 711
876 874
276 367
140 134
663 614
567 907
967 783
688 301
147 1002
822 548
83 656
1111 224
240 450
577 335
775 702
562 342
780 597
1102 771
112 57
834 349
829 283
982 236
260 946
99 14
342 885
575 517
767 441
788 899
745 911
368 723
15 672
761 634
613 148
647 1017
778 911
684 338
874 379
327 807
332 841
656 959
482 547
730 409
264 881
469 947
812 597
724 334
494 883
566 147
1030 206
896 852
745 250
842 438
236 535
80 130
144 347
388 712
447 207
49 273
526 977
519 372
236 489
564 47
1023 741
854 1016
670 392
239 370
152 447
964 560
990 806
698 861
112 327
729 690
134 785
627 486
118 401
132 697
828 108
986 626
233 638
307 1056
850 459
765 457
827 851
286 992
617 943
589 275
305 127
261 583
394 417
1008 834
839 83
741 273
773 967
365 1055
713 993
743 695
909 479
259 214
315 402
145 522
512 460
210 791
370 103
726 906
136 500
879 216
38 895
870 957
13 481
85 879
813 680
492 132
243 77
1007 994
959 646
755 184
454 582
15 925
58 871
1014 360
169 102
466 534
660 1123
84 146
925 162
90 634
790 828
300 603
363 764
139 1118
114 169
146 373
67 393
318 235
924 1000
112 196
496 702
920 518
783 572
245 793
168 499
324 876
440 516
278 184
355 1110
469 805
957 466
1044 474
1022 865
101 716
386 916
199 908
952 977
554 438
885 402
303 588
949 954
731 622
503 501
850 1106
1053 480
775 1068
65 133
927 942
933 339
1006 453
346 778
305 355
392 667
302 614
560 317
561 499
899 994
231 936
638 509
895 977
230 1123
63 147
207 119
745 808
406 128
688 31
327 639
1013 499
745 850
117 652
591 308
482 228
504 1104
816 834
748 370
171 476
1025 615
879 387
424 836
696 1017
1014 435
370 567
557 368
859 484
867 527
623 131
357 514
548 678
179 213
511 356
679 187
797 846
955 500
486 417
629 437
755 1088
642 991
894 108
971 491
639 478
637 551
485 940
367 886
642 621
314 490
314 304
931 1088
185 459
343 725
996 416
548 466
390 855
653 663
715 303
296 597
289 649
960 534
917 964
256 149
640 957
950 254
331 478
867 957
880 717
547 268
401 858
470 205
789 773
776 450
449 179
333 280
41 491
691 914
888 222
1032 198
1037 994
507 1018
568 135
501 339
232 171
770 327
965 453
308 707
627 450
403 383
936 715
843 155
796 144
735 309
247 425
47 882
911 697
240 350
651 307
846 93
894 767
475 682
688 702
587 851
234 276
610 937
424 372
1079 259
772 830
345 548
553 218
386 548
1102 642
60 328
426 889
392 324
358 896
346 830
794 909
798 260
962 447
824 510
905 139
185 223
318 122
256 615
701 140
279 471
400 231
126 834
895 1068
679 111
581 692
103 1100
195 514
438 797
1089 134
995 102
948 175
588 950
1043 785
518 808
381 782
757 455
706 910
253 651
1073 772
944 275
609 663
135 250
907 804
1052 1010
68 1102
792 275
863 6
462 587
457 584
612 560
488 96
183 1035
964 839
343 43
615 421
430 414
584 333
327 628
475 369
1112 640
855 733
184 250
723 185
242 423
170 426
945 420
158 907
352 466
318 68
531 666
427 57
1005 422
216 898
9 732
753 734
113 143
722 577
792 803
473 571
908 52
520 891
376 253
655 177
665 575
353 523
954 585
388 65
201 997
895 74
119 543
367 327
909 189
930 957
551 233
951 701
301 983
777 580
304 292
458 813
493 418
531 486
765 280
634 452
433 126
644 896
632 36
539 928
1116 188
129 281
647 586
967 137
222 924
996 911
1010 768
282 551
453 704
54 1114
999 670
277 275
941 696
558 970
760 977
447 708
283 275
453 514
619 814
159 358
423 781
368 706
515 808
836 198
1011 257
468 435
893 994
445 242
964 193
711 448
444 817
521 681
1053 1035
912 899
187 902
9 988
655 200
1115 902
843 391
785 563
692 656
1011 142
488 119
410 393
857 1102
402 572
399 138
787 809
672 45
412 609
399 800
971 563
670 767
396 388