694 300
733 629
138 412
138 920
890 426
409 185
860 759
373 428
904 296
243 125
277 776
145 383
610 1069
125 123
788 261
644 160
134 232
260 331
777 622
140 167
491 64
761 369
127 278
487 416
692 1114
457 291
619 395
338 140
423 381
357 204
1048 536
379 479
651 263
363 40
823 1009
413 347
146 251
459 434
444 54
616 468
244 720
682 839
289 766
838 291
925 835
690 683
854 460
536 643
975 335
120 89
603 1016
1043 319
1022 569
901 238
550 702
563 754
89 146
870 528
885 632
795 237
277 1075
556 463
431 591
190 325
339 840
749 581
636 511
572 1
165 1004
497 387
614 790
912 479
948 892
573 181
824 893
559 121
718 145
412 720
1068 342
607 186
616 250
241 786
419 368
334 810
358 480
806 655
354 935
50 870
751 898
912 565
645 984
80 1088
260 615
712 502
980 893
162 573
845 301
307 460
471 775
656 146
600 24
891 270
185 117
1055 974
1043 172
581 480
355 458
193 12
1108 276
1017 665
278 293
355 116
595 938
661 498
289 600
957 633
1064 627
186 725
348 1102
270 959
344 886
133 765
987 893
726 504
176 415
279 183
13 406
954 631
412 856
318 375
393 211
195 879
351 218
170 777
1002 919
599 993
792 307
577 1071
500 790
1031 824
1123 962
843 802
840 18
1059 688
977 800
1094 1020
248 706
1093 172
446 861
963 724
618 60
179 380
790 1023
135 291
709 971
583 411
349 582
603 215
975 116
390 918
472 489
277 711
979 771
555 950
1056 362
333 1086
57 510
68 855
315 270
1113 213
300 310
896 34
829 39
785 207
681 797
1048 386
800 284
675 295
483 28
641 305
949 866
624 249
96 550
179 860
595 780
301 621
602 1026
209 105
1034 626
563 918
1049 406
1075 793
843 30
280 1060
305 129
971 865
732 262
580 845
486 833
588 879
307 960
741 275
841 921
739 61
289 361
651 342
210 960
192 342
1088 347
652 1088
964 121
497 265
966 574
321 962
980 980
744 126
405 831
688 1007
656 867
200 795
437 794
736 565
893 22
532 735
78 154
144 421
291 483
947 1008
620 752
416 21
306 938
189 748
620 374
357 1013
251 962
761 139
592 712
762 439
501 768
105 812
1077 929
1002 380
570 539
954 205
561 774
311 346
433 259
677 323
968 409
342 743
832 648
782 135
481 896
673 499
1001 231
681 631
481 121
355 202
174 20
424 297
412 616
415 77
294 623
202 651
296 944
578 481
311 509
836 318
776 990
989 290
609 479
195 998
637 492
572 605
873 149
106 613
822 252
801 770
56 886
22 397
413 486
9 151
359 699
485 1111
951 234
213 16
612 663
186 466
1003 767
467 829
209 424
189 453
364 684
1011 308
174 475
268 1037
422 337
915 805
374 124
571 980
907 632
180 743
788 149
412 260
918 443
146 108
139 468
999 727
789 968
639 504
423 741
868 1017
994 298
352 574
880 252
1064 1106
397 843
831 584
870 267
868 546
931 906
311 468
198 641
818 989
657 263
572 10
842 709
257 244
889 856
216 255
446 389
290 925
483 751
63 235
1116 919
678 293
127 528
1004 158
134 129
996 868
527 281
833 894
405 535
397 681
508 371
300 137
882 284
287 441
951 808
892 547
766 451
230 180
849 1018
648 527
341 29
435 729
240 669
1016 528
911 656
327 445
233 1123
186 996
393 1111
569 408
240 618
190 110
1106 1008
620 889
1084 491
627 117
694 456
674 964
99 621
232 211
65 459
279 762
120 273
963 626
954 368
359 771
1100 963
366 291
169 89
484 649
271 1006
997 215
311 606
829 616
35 201
265 133
636 858
461 873
1070 498
272 1005
735 238
1021 1015
594 629
114 1100
93 871
494 1103
907 459
774 185
319 232
608 465
593 961
547 77
981 321
1022 465
918 836
79 108
891 1032
831 448
906 852
596 318
476 462
534 403
128 680
174 964
819 301
1087 818
374 140
510 564
243 971
496 250
565 232
346 667
1096 466
1017 59
126 875
410 243
560 783
676 954
685 432
269 801
220 885
350 808
26 560
610 960
723 506
492 874
520 1019
599 387
541 612
843 751
669 49
430 882
606 1031
992 846
483 297
259 1016
1091 554
969 1038
490 210
279 647
732 954
570 299
831 339
128 582
664 1029
477 945
948 151
630 143
881 341
531 439
35 794
272 302
269 840
552 939
509 1055
949 1070
419 111
183 263
184 105
724 43
184 207
159 1020
775 644
1052 144
1000 849
95 493
854 430
580 464
105 289
1099 375
946 797
149 767
976 1063
237 707
413 627
1050 738
124 636
377 50
1076 992
711 628
1018 608
566 664
873 393
519 868
663 478
538 897
58 168
765 321
862 619
994 967
829 11
796 670
1099 930
651 506
964 659
383 584
589 748
318 608
895 439
762 310
998 337
726 370
590 1023
694 251
438 601
316 635
856 905
937 648
746 696
126 766
649 134
76 719
279 348
917 989
834 511
1035 514
918 227
293 754
785 264
1033 1122
897 549
125 586
868 740
345 475
498 516
832 228
86 922
342 95
569 204
942 311
663 615
676 191
503 506
984 256
266 941
444 412
816 748
448 1048
745 979
284 568
364 321
1079 765
542 458
453 718
585 156
816 756
1004 633
955 1099
878 513
728 831
706 574
281 723
995 481
249 464
365 624
442 745
302 682
13 1089
104 235
129 22
628 1047
25 447
643 284
658 493
482 338
612 347
231 361
998 610
959 707
875 280
973 659
507 781
469 793
480 120
957 964
1074 1009
963 552
252 607
103 312
504 183
249 781
291 221
910 80
109 872
1068 731
100 121
409 291
168 468
724 378
291 513
165 435
320 683
829 89
897 811
707 852
964 1000
863 1006
231 927
536 114
885 1004
501 1078
127 891
866 776
575 646
100 309
953 461
1053 810
916 713
645 779
712 845
951 380
352 331
381 904
291 873
436 439
310 759
608 921
516 773
1063 1020
97 996
654 435
464 109
481 312
724 603
910 633
541 764
1073 884
107 741
1079 195
798 328
707 8
680 464
724 876
327 961
679 115
759 777
345 602
455 544
538 286
873 326
476 780
580 702
346 646
589 387
790 903
1058 455
1082 885
403 640
252 536
345 758
521 456
807 938
206 432
1094 700
668 698
860 373
890 299
877 957
628 409
942 459
1058 604
374 980
808 308
959 1017
317 487
428 876
960 530
475 407
482 457
129 459
1102 151
308 230
608 811
833 274
974 276
446 229
357 202
1122 248
533 78
644 686
214 476
989 937
475 570
657 617
162 864
368 255
215 434
600 931
680 315
186 355
267 833
485 1017
229 548
770 906
904 741
250 198
281 829
56 632
475 536
299 85
36 705
555 475
214 788
498 381
1107 225
365 858
84 552
923 47
72 102
471 396
708 1021
361 256
665 347
770 1087
208 450
112 350
481 1007
206 1075
60 182
617 699
240 527
771 366
818 176
777 401
59 484
539 677
1058 666
905 440
510 955
993 873
313 753
111 465
286 381
513 246
169 71
932 439
1012 310
666 725
812 707
125 547
131 710
279 636
211 410
467 247
495 158
771 570
806 926
1050 247
898 781
565 460
674 617
365 621
1018 295
796 425
489 741
312 846
492 851
959 675
310 110
221 559
470 660
202 827
537 546
528 113
556 588
652 1116
1030 305
459 790
938 380
251 692
150 865
475 571
565 405
88 263
322 397
513 402
602 293
716 983
365 545
441 731
1038 980
1011 592
348 423
742 953
415 491
177 713
373 799
812 686
942 594
280 948
772 711
5 191
568 532
848 242
77 933
1061 438
737 475
199 423
812 927
998 169
808 992
17 789
211 261
957 506
703 125
473 621
261 923
931 893
728 490
157 119
905 425
468 182
123 388
314 696
512 475
147 682
390 883
195 572
498 732
765 633
332 627
465 576
423 301
513 137
781 786
113 524
177 783
559 773
809 765
754 36
606 273
181 711
877 732
355 249
224 45
779 672
1117 702
986 696
925 552
985 1015
895 1009
331 1082
248 325
100 969
339 963
310 914
632 909
885 633
1025 268
1032 19
931 96
1041 971
509 473
447 350
362 736
2 899
885 753
19 778
856 351
796 350
1084 1123
337 211
867 825
633 62
430 630
496 1010
961 1117
862 366
656 920
551 716
539 826
932 1088
441 438
857 961
856 1079
447 338
397 160
129 479
519 437
938 104
144 233
103 685
709 265
306 264
260 515
440 993
679 663
342 747
754 242
709 233
129 67
502 219
355 722
989 639
809 446
561 528
310 942
559 508
565 848
437 992
155 588
553 1092
1005 633
530 686
925 832
195 235
936 429
271 659
945 140
349 656
489 104
404 380
418 293
889 777
571 760
23 616
672 475
978 839
644 301
655 398
279 84
428 173
474 573
308 764
817 774
281 388
953 122
733 170
775 938
553 667
123 714
696 640
348 110
863 407
148 805
150 277
147 970
650 184
574 457
131 203
184 135
521 108
183 1099
18 553
14 818
363 1097
608 748
448 365
790 610
888 64
950 1096
493 726
741 87
186 980
263 828
230 539
146 973
1025 775
339 225
1021 543
364 791
736 460
723 584
575 256
275 575
557 463
865 981
93 119
180 409
753 104
837 763
388 718
439 709
233 556
856 945
357 881
124 285
658 1005
379 965
181 349
673 557
870 971
802 944
670 65
1094 59
893 223