216 553
1013 572
327 178
984 297
88 846
411 51
187 231
457 860
621 1081
371 1008
833 143
639 393
795 579
276 951
529 572
1013 677
688 72
68 650
851 498
358 816
215 645
973 144
197 164
349 798
816 839
1067 715
195 292
622 1113
522 1117
1023 483
681 307
279 317
960 334
663 138
674 375
684 795
602 740
803 533
430 131
731 182
623 573
722 245
510 360
413 977
580 850
883 758
1091 918
751 479
912 945
788 750
7 505
814 177
266 819
327 613
166 61
264 714
849 390
648 671
179 706
536 231
926 59
1000 151
873 259
962 465
425 89
301 980
704 0
564 905
890 649
1120 337
527 60
558 1028
1089 648
693 487
335 666
571 291
65 992
742 366
1034 430
474 923
403 703
777 797
450 734
774 164
659 870
373 478
1046 231
430 219
1094 842
985 250
1083 910
846 1119
646 47
966 889
966 179
212 71
725 1098
352 16
680 220
236 426
1104 153
912 727
542 679
693 645
745 728
725 254
155 1083
293 985
926 755
574 907
910 388
761 27
773 722
369 924
195 759
275 67
218 157
344 123
853 483
393 429
941 852
111 249
728 809
785 826
578 944
583 278
2 936
656 993
899 831
518 201
676 439
277 638
965 569
821 721
501 771
628 362
544 171
368 953
250 799
452 554
917 307
810 610
785 417
460 62
510 361
462 633
316 340
487 468
546 74
847 562
167 956
25 403
873 708
673 582
267 1063
648 762
1028 511
61 343
358 184
1023 477
1011 697
673 1012
1094 225
238 526
122 349
718 661
609 144
744 209
1067 133
144 417
272 1053
675 342
620 887
682 1117
937 509
208 260
232 166
679 807
920 666
724 898
852 878
378 1027
2 461
136 460
723 216
407 788
466 373
307 227
795 602
1080 444
277 908
255 956
101 25
281 809
975 857
695 721
825 901
859 819
827 700
407 443
840 676
797 619
285 628
514 871
152 1082
846 146
786 409
519 206
499 505
349 800
1118 933
1034 298
263 533
218 889
613 777
520 712
51 819
1026 716
945 933
982 560
364 844
1062 743
1013 420
562 512
282 1119
1028 565
748 533
180 415
67 611
605 849
41 62
575 442
951 585
685 351
445 357
546 833
1054 898
535 876
1040 244
243 955
111 881
822 911
646 738
215 309
781 890
813 531
861 509
644 167
705 914
352 622
937 933
898 376
823 570
953 694
618 792
795 358
383 824
732 203
403 986
282 952
140 927
723 968
608 908
675 714
440 500
1090 893
566 1070
885 712
632 759
724 512
524 919
1104 875
703 494
28 438
152 895
529 293
446 483
1013 1026
354 334
765 235
710 885
1067 466
179 1033
953 1020
188 61
704 681
1011 592
979 687
74 888
424 133
1103 868
440 260
810 272
445 777
734 415
1084 703
396 802
843 188
903 444
405 161
307 473
149 696
326 119
480 445
99 1089
590 295
191 426
183 263
345 892
753 918
182 510
681 480
475 159
618 928
85 944
382 868
572 334
539 673
751 204
587 156
837 542
216 740
496 444
574 717
925 558
91 292
663 1013
652 678
882 726
593 1000
394 589
822 461
334 872
410 1045
405 150
293 533
120 279
13 956
1003 767
53 341
542 153
290 589
408 677
1070 906
290 174
966 501
911 28
758 734
144 245
986 819
756 327
352 493
899 968
365 1024
696 221
888 584
79 513
493 794
690 234
401 961
938 271
914 950
230 1059
662 742
189 252
1060 919
118 121
282 685
1007 357
879 969
606 354
444 845
1102 370
582 415
142 811
103 1015
219 387
22 529
796 950
846 340
554 288
878 841
802 738
529 864
369 502
381 576
788 588
231 117
578 394
884 179
392 464
467 847
629 335
456 241
439 721
503 465
768 911
626 125
1 798
835 715
776 695
326 653
1112 36
923 824
1064 330
191 652
269 321
448 1062
327 635
41 664
705 894
199 859
280 536
902 516
366 508
451 439
197 907
682 805
681 635
258 863
649 767
495 332
576 212
1104 657
915 403
458 78
353 68
920 919
931 61
564 733
628 963
801 683
657 222
273 328
997 628
102 391
982 862
716 161
1044 41
106 313
835 987
258 835
60 651
372 199
219 277
930 687
355 730
912 369
759 390
724 518
629 887
269 1123
730 682
799 548
306 669
1026 710
192 540
824 852
544 806
261 377
865 449
858 546
869 429
346 911
494 394
897 314
363 237
285 322
474 752
686 721
309 802
400 176
531 734
38 373
973 657
1050 792
446 552
963 648
235 765
122 909
528 645
409 729
452 578
325 459
885 395
322 124
902 534
940 301
964 555
1011 130
882 117
666 182
633 284
629 96
789 1042
540 949
160 172
189 932
823 629
876 224
413 902
676 800
536 634
974 857
311 456
1015 622
437 859
455 273
27 593
824 646
850 122
420 719
89 633
211 297
669 525
500 127
485 497
666 1015
916 641
10 777
1109 254
546 279
157 1012
1096 654
497 762
772 771
451 571
699 959
528 194
772 453
393 860
552 504
608 907
269 777
400 584
520 741
1098 694
404 268
564 648
749 536
280 767
769 830
215 415
159 754
356 754
1 747
633 549
848 445
651 500
358 973
363 817
36 328
573 471
1037 854
672 693
938 65
190 222
935 544
473 425
397 301
853 720
153 138
162 465
592 373
525 219
972 796
1110 130
147 454
658 330
349 439
457 249
967 584
580 433
702 741
369 579
973 248
799 1090
523 426
13 455
600 224
591 212
166 226
522 1022
251 537
819 1013
1012 375
439 295
140 784
607 576
398 951
282 722
532 285
443 481
849 153
1075 725
336 213
1082 283
382 328
682 896
189 778
586 865
154 646
115 47
982 773
1014 706
735 711
434 868
356 226
687 101
978 397
1113 311
793 220
457 465
1115 465
829 893
774 462
765 920
1048 836
354 603
303 57
742 551
266 200
579 898
331 241
388 887
678 32
550 375
573 296
806 38
421 655
204 195
1052 639
183 1121
716 250
628 776
924 597
342 1111
421 333
466 621
687 49
449 366
500 20
743 167
517 316
920 1068
260 970
133 666
453 502
857 258
304 627
456 212
978 438
251 529
633 658
874 496
694 136
751 1092
950 113
273 296
534 877
231 423
608 379
259 99
980 554
948 899
874 343
1034 368
811 310
188 1008
335 1015
795 116
203 352
149 1118
139 728
173 612
162 296
817 804
1057 1016
404 123
772 642
522 623
532 717
32 358
692 671
368 83
350 898
207 797
1066 290
572 533
828 659
501 963
163 463
765 869
527 906
379 725
575 407
1090 491
892 159
54 764
454 892
849 800
109 934
685 633
794 116
876 594
655 705
90 880
303 479
158 505
1010 687
876 718
628 160
11 354
108 336
336 188
716 602
326 490
726 278
690 1037
849 800
940 508
181 658
122 747
356 163
232 794
50 436
527 805
331 664
420 569
643 552
763 407
109 637
774 742
608 506
370 578
286 748
644 202
574 334
191 192
493 161
194 978
55 795
318 356
484 467
862 858
1025 373
695 469
571 369
490 517
211 206
254 578
341 608
893 103
339 438
377 691
302 234
1000 595
906 1021
100 301
807 730
633 940
717 284
212 725
29 611
565 816
1062 700
512 557
1074 967
753 665
482 856
312 981
854 686
643 1082
497 913
307 793
772 776
898 345
137 1031
118 798
403 291
622 590
403 748
244 179
546 549
675 265
252 381
495 622
591 398
615 905
278 933
595 914
803 1025
929 389
436 633
836 855
89 946
1028 840
481 815
312 377
839 4
782 956
930 724
325 823
372 671
901 910
543 316
444 237
421 753
763 219
790 442
807 426
451 689
205 516
744 898
508 810
842 524
840 350
331 15
839 109
93 363
892 452
406 360
75 854
368 635
888 770
376 1019
72 147
545 101
808 620
961 965
1047 870
235 229
46 950
470 332
605 35
642 451
914 241
834 651
601 388
373 716
899 739
168 347
688 485
935 857
140 447
98 510
153 349
275 311
960 729
1037 729
522 560
636 940
911 372
138 19
843 785
861 904
1059 710
87 801
101 455
925 723
646 917
276 1056
651 820
708 937
637 692
1023 694
905 472
193 1010
744 704
216 1113
446 717
1094 987
738 113
613 413
1041 739
844 468
927 719
767 115
74 279
908 229
909 635
156 793
303 642
746 921
547 923
691 340
294 683
126 762
291 142
147 469
153 960
78 1084
696 853
956 800
733 583
81 336
673 566
908 669
73 475
820 211
895 541
931 999
235 90
967 861
144 516
935 844
647 785
36 764
332 566
913 611
845 655
549 693
792 16
798 1060
332 610
581 874
1079 326
272 1082
130 802
1015 942
690 474
107 841
224 285
375 650
752 682
328 719
333 373
891 218
135 287
381 937
65 158
462 626
116 870
866 153
659 114
969 659
399 283
365 799
691 898
213 119
467 952
407 204
698 521
667 714
631 587
1054 1107
866 865
952 372
137 1014
321 702
627 465
549 693
308 621
543 971
257 445
596 257
87 123
424 675
721 522
320 520
112 125
994 332
32 47
354 554
809 446
469 320
131 290
1019 700
354 184
160 985
883 311
826 524
303 442
258 986
400 708
856 897
299 156
249 442
282 724
883 91
219 660
390 103
632 427
718 335
232 838
1007 142
1079 855
209 261
734 427
508 560
510 670
390 666
429 912
571 403
37 398
669 582
158 897
189 395
289 623
556 743