648 670
979 642
158 642
721 804
624 889
427 257
237 1080
226 575
867 716
495 586
528 987
832 192
447 432
145 564
282 1005
546 854
836 372
198 432
616 848
722 527
551 619
839 447
1116 665
601 976
283 198
1065 140
928 660
116 602
954 195
965 390
1014 667
636 738
665 654
1009 937
256 1082
855 144
346 601
212 677
486 597
945 897
811 760
478 184
531 926
372 1005
316 350
382 416
197 963
421 483
326 688
930 278
621 989
1005 593
608 833
747 850
979 670
264 411
781 197
630 235
111 655
501 908
308 31
580 682
586 578
119 624
284 196
898 698
185 310
918 783
408 829
338 462
904 949
1052 231
629 936
577 1099
90 362
989 255
653 657
415 561
1081 824
1120 242
987 498
642 672
489 408
775 741
819 1005
3 1098
434 738
491 842
702 89
615 512
864 893
553 539
558 120
247 1069
313 379
2 563
176 576
520 653
1031 683
905 923
145 311
692 923
190 20
188 304
385 624
976 641
1002 128
242 194
286 1121
692 284
1088 370
975 742
196 312
782 466
283 578
854 742
743 774
447 487
761 745
726 605
580 787
676 955
970 687
146 227
870 1095
894 213
105 760
366 935
280 672
442 714
490 986
220 953
93 328
746 396
595 532
271 346
481 587
203 181
317 740
1015 1080
495 526
125 865
182 1007
379 317
955 514
30 1002
225 730
1085 241
937 373
367 1043
618 562
522 531
1003 722
517 191
683 422
616 527
244 290
1049 338
559 928
1002 720
468 806
441 113
616 460
463 105
330 660
789 1091
764 246
947 874
242 957
442 1037
712 903
812 1042
276 703
699 330
474 779
287 279
390 466
619 423
930 738
845 1001
593 384
420 99
452 1020
754 874
1013 998
987 570
751 719
169 800
727 1011
937 632
520 511
454 811
958 16
100 793
55 237
503 125
1111 118
692 850
460 214
151 924
947 963
526 124
395 829
782 823
708 678
812 88
1005 280
127 613
421 616
52 465
887 620
117 106
1101 864
157 792
540 778
1098 327
673 399
189 640
556 573
415 419
356 193
909 184
361 778
726 698
637 961
731 428
545 392
683 973
185 550
551 679
444 604
279 819
218 223
710 911
336 691
808 65
584 43
403 155
814 835
275 180
531 388
129 1055
992 742
849 856
285 175
266 626
988 1044
131 998
161 444
747 919
352 367
201 849
219 717
517 407
339 217
667 12
400 823
918 902
799 731
235 1
276 739
622 161
777 703
960 555
561 527
1010 416
544 188
810 124
396 653
621 615
989 774
604 488
341 164
578 597
289 718
429 793
532 851
987 1008
817 485
684 137
224 783
165 396
681 1045
351 363
38 206
754 785
977 441
731 1010
1041 337
917 487
690 40
735 286
426 493
681 201
127 584
721 391
185 421
275 674
772 777
741 964
400 550
827 232
570 467
677 896
745 586
576 46
920 80
457 172
729 659
145 616
1092 305
820 591
243 696
1068 465
824 602
1122 303
903 596
786 52
100 221
153 938
870 1106
777 528
158 803
8 905
698 644
905 1121
392 1069
138 775
231 817
144 545
892 794
1031 854
1001 834
1022 627
645 869
926 297
784 371
697 178
902 192
486 236
324 721
730 731
853 1089
282 567
168 775
959 97
347 914
957 742
359 727
871 113
638 429
486 805
784 344
369 674
669 941
424 773
133 1000
989 168
177 697
1119 105
819 674
129 530
830 767
98 1050
22 867
437 600
741 316
280 615
520 675
495 222
588 627
1091 373
772 404
809 198
164 339
263 100
1087 1114
326 571
247 782
672 769
711 408
400 78
743 833
303 917
104 770
29 182
118 102
765 148
841 346
1077 734
749 800
245 367
851 280
102 524
789 610
1001 92
515 147
992 407
909 304
965 680
1043 729
538 819
196 897
980 867
920 1029
955 812
114 933
977 820
1016 50
369 826
153 691
1079 136
168 469
110 709
478 230
885 887
438 49
1037 436
482 536
903 392
738 866
146 1092
604 430
475 601
200 835
744 990
786 277
925 80
689 839
896 122
381 726
619 284
369 275
400 941
1079 850
818 683
908 633
722 780
765 828
1019 902
774 641
321 220
129 541
2 185
732 720
255 997
1117 476
239 1084
562 327
882 669
229 3
200 863
193 494
66 462
351 699
757 869
365 100
997 200
675 1045
1028 246
434 601
1044 541
295 365
453 530
290 211
499 910
731 402
911 144
992 708
684 913
669 658
661 668
900 451
109 713
993 890
918 214
229 208
133 543
119 279
450 870
899 384
459 937
641 359
446 160
783 639
983 413
896 297
503 980
212 953
199 520
877 857
796 513
382 111
284 228
436 53
220 414
420 792
90 787
472 832
813 344
904 124
796 570
336 232
868 1109
228 764
277 429
342 795
478 542
900 453
639 248
153 816
1068 321
709 289
592 602
817 889
488 942
290 942
401 1040
255 56
290 744
829 132
654 979
622 551
616 727
798 699
152 645
891 412
682 555
1014 355
454 646
558 562
75 297
843 738
431 860
406 637
378 497
871 314
153 1115
976 641
603 466
801 312
910 108
73 295
623 465
1083 710
586 501
760 208
927 718
138 793
158 691
541 809
693 990
727 467
16 655
388 697
605 401
255 804
521 677
10 454
437 492
798 1074
165 154
919 189
298 607
872 285
342 1018
753 921
325 242
346 972
794 558
992 281
195 362
319 801
913 388
385 469
714 147
516 1007
415 344
338 747
565 745
198 283
112 708
591 314
240 950
1093 890
495 456
512 794
457 125
1056 235
877 288
1122 565
881 544
150 134
513 539
119 546
213 816
1055 692
706 315
414 628
621 917
801 227
1015 184
231 502
536 115
775 149
519 448
852 559
473 1081
93 447
1001 292
199 693
1004 663
777 690
902 389
809 202
735 371
775 371
1090 882
529 1096
862 757
415 846
966 868
308 579
744 8
737 1121
1049 448
491 416
564 742
939 266
706 161
693 335
924 730
60 673
760 998
998 664
545 1008
185 767
979 530
361 704
713 579
1095 627
864 114
526 300
303 786
671 206
656 1078
427 542
747 660
680 339
513 295
1068 443
423 567
222 399
148 925
589 750
536 882
252 895
301 1100
409 631
199 365
535 485
999 129
671 361
936 293
456 516
285 606
250 327
314 585
747 231
818 77
920 636
201 446
261 846
586 141
496 179
443 415
778 238
271 778
568 1108
531 919
1052 1049
365 691
968 759
37 940
615 750
85 890
22 606
832 496
749 420
894 637
604 999
690 967
477 940
815 560
1052 10
488 657
195 620
735 289
1108 773
420 917
370 396
870 541
207 1007
453 542
536 557
401 426
229 360
254 831
277 1069
785 612
695 682
367 380
531 371
196 969
752 829
719 31
635 514
523 124
934 530
1060 114
303 974
331 795
946 28
134 462
829 376
796 985
686 742
752 1056
915 873
69 501
323 775
65 211
163 295
174 401
789 1038
25 656
442 369
972 787
623 1099
1014 492
731 1009
264 1122
714 1122
127 327
204 995
16 516
555 459
552 323
345 2
437 472
689 337
572 1013
322 892
212 730
387 404
818 287
631 922
797 1020
595 391
429 404
326 1083
759 998
425 754
971 117
190 1094
1098 41
483 868
518 360
237 58
563 766
211 638
334 450
960 705
627 645
497 351
544 116
218 344
1081 738
1101 483
115 51
119 1041
979 142
350 552
269 605
872 432
337 68
105 1104
326 467
972 106
611 516
801 105
197 107
588 914
717 360
648 518
870 1019
173 106
730 220
837 229
458 129
278 553
998 694
588 147
838 252
660 991
931 108
193 758
833 388
389 849
541 638
405 708
233 558
489 139
486 909
773 412
146 297
991 618
539 725
994 464
435 364
891 271
828 176
472 716
314 900
579 654
280 693
969 900
364 571
179 132
127 169
629 797
423 220
366 541
222 624
600 493
115 282
174 769
199 248
367 594
114 439
1029 930
606 831
579 361
728 116
304 661
557 615
462 175
471 1030
747 232
1112 656
534 468
263 398
394 1081
954 384
653 1008
464 546
554 800
879 203
514 198
551 735
268 923
888 538
948 769
989 877
665 887
370 375
637 12
536 418
1053 826
207 424
59 242
163 590
1095 758
787 675
645 605
239 70
439 547
744 539
786 647
1104 455
200 1005
907 111
350 455
1076 789
744 871
732 886
384 790
149 129
485 136
1042 518
564 699
278 871
314 240
229 811
832 937
142 431
183 84
714 510
120 845
837 247
133 896
75 914
357 272
613 711
652 719
956 530
722 671
954 970
126 910
599 371
158 162
130 124
439 759
841 822
668 808
458 895
876 876
291 528
1116 895
399 709
451 516
321 121
122 656
589 97
361 1082
774 282
347 661
80 214
809 857
919 369
1035 414
1022 606
552 1116
651 172
184 15
1115 292
549 575
842 856
819 805
697 395
804 1021
827 586
882 201
172 917
504 900
123 416
529 759
183 316
702 326
637 718
802 295
273 651
515 726
317 911
774 754
569 7
663 777
316 558
395 108
782 207
201 1122
703 938
753 146
152 961
160 307
192 565
927 1037
505 741
237 180
699 949
1018 367
545 382
831 931
594 70
1 948
782 688
460 408
810 181
1019 1035
345 404
694 892
156 263
592 270
583 950
407 590
581 515
806 227
89 920
324 469
454 93
322 699
456 732
830 977
644 491
1007 21
850 693
541 233
729 365
410 463
843 393