28 681
627 541
324 196
539 713
818 962
917 70
295 626
560 784
717 1037
395 887
532 788
105 766
154 734
295 964
611 595
301 777
938 1063
238 270
844 450
464 297
421 422
552 214
1020 173
981 376
962 308
339 955
671 846
734 666
608 289
592 1007
909 696
72 131
616 690
269 963
431 338
433 171
564 1002
25 998
354 642
1056 1054
300 349
738 169
1052 846
1084 854
156 749
842 558
50 58
153 190
991 898
590 386
725 865
386 416
511 395
878 633
2 332
777 536
146 238
305 103
236 125
90 232
220 1039
414 637
835 100
457 802
804 656
707 570
401 494
791 257
117 860
817 417
248 369
197 528
893 562
638 291
184 77
837 321
151 522
450 391
864 252
34 792
196 435
146 1023
801 325
488 636
45 1062
809 960
593 136
762 797
884 814
666 767
1102 1029
343 1088
871 426
847 753
120 335
381 806
949 243
285 398
492 361
141 819
525 69
797 69
144 881
485 661
512 558
309 834
109 302
325 232
205 884
669 784
43 898
19 467
912 746
843 391
421 1010
642 611
1041 812
727 556
591 540
475 932
166 245
375 569
67 593
159 901
728 307
757 863
705 510
698 874
921 764
284 820
1115 536
112 1055
610 932
542 899
771 963
798 750
245 1070
945 202
1081 340
761 905
381 500
333 188
415 810
684 626
954 533
504 193
911 99
329 661
586 962
186 113
532 206
504 173
172 704
329 736
755 268
720 851
413 192
606 305
1116 1009
960 820
750 427
375 310
94 806
775 879
440 647
627 288
759 421
596 427
157 915
249 346
24 1012
462 614
744 249
1009 430
925 534
557 885
440 453
649 388
305 168
828 172
1101 475
785 438
84 414
1105 332
775 400
287 424
695 309
973 133
829 780
972 936
907 547
633 704
550 350
1014 606
1036 231
978 675
270 935
604 604
326 89
189 42
310 636
365 211
977 855
983 702
370 1034
521 325
526 733
1099 539
440 858
510 210
662 108
483 1013
36 761
604 597
732 773
991 236
368 484
498 27
783 525
150 156
945 51
383 67
312 406
911 559
383 294
409 41
462 136
9 585
185 581
890 120
663 235
511 875
993 909
45 143
671 361
985 936
337 617
742 1034
137 361
669 37
781 983
559 324
197 899
191 841
572 743
668 665
684 267
869 704
431 318
1096 180
704 723
391 517
901 177
165 387
1018 199
1025 802
315 1092
433 958
982 1115
172 155
717 416
907 942
450 578
501 912
577 769
922 727
0 948
738 1014
682 717
950 831
245 824
151 145
192 230
957 205
776 921
1026 1000
915 767
848 411
784 2
927 7
575 862
1043 120
712 371
657 448
755 389
864 871
270 956
679 728
409 503
957 779
882 627
168 728
908 248
497 77
368 553
359 538
143 316
211 324
892 1069
632 297
446 527
1019 664
247 1059
121 1120
1095 269
447 173
224 643
382 953
73 359
504 450
675 810
918 514
1055 899
922 609
451 897
835 488
571 221
687 880
950 1014
770 657
103 383
837 847
441 80
812 903
31 909
715 135
632 85
626 853
532 828
1080 248
458 1003
922 389
421 717
149 299
12 373
16 724
290 1080
557 818
449 1004
226 1007
1013 339
916 222
420 241
1096 496
789 237
21 1005
1017 318
321 282
740 57
35 862
883 238
952 943
778 541
425 862
531 570
100 19
520 807
602 671
386 684
853 838
263 480
234 592
817 109
113 325
173 490
402 1006
714 198
759 810
686 999
656 577
695 675
511 521
640 860
165 580
185 783
559 992
987 477
917 420
160 446
396 432
737 236
682 1008
280 932
1015 781
257 784
306 656
2 307
977 345
176 695
412 983
800 955
592 504
207 714
327 786
1005 146
551 490
981 395
100 363
559 824
530 163
490 1005
87 359
833 867
643 188
384 707
233 899
753 587
202 165
881 145
401 133
514 878
703 481
434 204
838 678
421 542
511 592
182 920
711 634
746 651
426 259
600 836
979 682
723 807
419 958
840 763
625 220
322 70
786 248
1106 816
810 769
32 808
1045 128
140 760
842 152
772 365
956 557
725 711
34 450
418 696
290 827
862 331
73 394
342 12
457 246
234 793
470 130
156 476
610 760
1087 676
168 776
969 662
751 728
1024 15
126 165
142 498
883 966
534 303
199 400
105 40
309 874
418 117
276 412
130 639
833 0
350 120
425 236
766 709
297 951
511 680
976 859
156 918
1078 551
345 74
509 564
898 152
649 734
304 188
683 770
764 598
250 288
797 214
277 737
701 229
744 1048
422 86
830 630
337 436
119 178
338 744
874 133
168 772
780 704
633 574
1122 732
121 468
545 482
353 636
876 280
123 604
575 421
990 397
625 573
69 915
826 612
810 208
238 395
485 148
124 33
860 1019
243 849
451 660
1050 270
746 94
295 771
1015 158
1074 317
973 859
338 491
494 610
147 3
581 648
849 228
318 398
708 959
510 148
853 651
900 331
529 745
10 983
428 604
386 262
1032 734
860 937
583 661
219 596
378 118
332 345
859 774
189 1042
136 511
220 313
1056 688
565 23
238 670
346 123
941 586
709 27
267 980
669 93
761 132
270 979
867 662
455 1068
380 942
618 861
432 460
932 239
1068 489
311 1088
565 211
611 134
976 502
670 1013
642 508
538 506
401 438
954 345
562 857
319 488
900 808
76 213
584 440
304 402
433 605
954 983
415 561
571 447
895 565
574 331
949 406
601 669
918 696
705 278
559 636
218 341
307 249
686 484
424 363
105 736
119 566
658 412
130 159
447 283
728 53
846 167
1004 75
994 1015
975 945
467 125
935 289
837 445
937 750
209 1009
316 141
427 193
423 47
722 726
811 264
751 1030
733 765
601 192
624 964
830 345
262 389
515 362
504 245
193 580
982 529
518 101
940 709
797 871
407 679
898 915
643 591
604 662
925 766
565 680
395 717
244 171
770 390
692 82
12 1052
926 1046
851 1122
815 466
649 308
500 967
896 934
767 409
748 896
774 163
48 746
158 669
862 924
397 979
395 503
858 3
913 177
252 344
902 810
1011 938
357 306
279 233
859 851
592 847
416 802
170 789
454 849
1110 760
146 845
839 187
105 613
387 24
429 394
710 1012
112 311
447 565
701 831
995 39
318 471
638 416
98 477
703 725
319 891
247 548
697 359
861 835
868 398
562 1094
679 674
456 946
930 913
504 594
1086 770
102 897
883 313
828 591
421 858
204 202
595 200
632 907
1100 549
504 873
580 889
641 783
394 861
195 345
1098 825
969 648
714 1061
295 735
96 514
615 486
1031 415
460 476
194 1065
279 661
228 406
385 255
209 702
869 705
1080 85
902 752
74 1052
277 1087
587 590
174 551
895 1017
646 810
211 819
579 771
476 228
83 483
1016 354
159 717
147 278
1095 119
408 192
276 706
281 864
743 73
139 295
389 236
534 294
441 877
481 514
536 872
209 872
714 713
31 817
890 682
178 206
922 615
218 714
630 1109
735 558
964 804
592 639
459 355
751 381
229 458
361 369
617 211
1026 701
596 905
983 170
411 949
1111 525
7 254
98 264
309 944
747 811
1083 121
897 268
317 382
865 240
370 373
367 1032
298 874
941 581
424 817
967 886
498 31
456 253
426 453
732 949
1014 958
231 775
974 718
350 833
302 291
468 347
310 650
411 529
576 822
667 442
187 569
1055 317
106 251
270 863
272 1097
356 196
550 547
570 928
548 492
655 123
969 1084
848 733
214 443
877 147
762 96
125 1094
667 760
547 935
491 524
306 198
1083 384
878 993
237 396
908 389
746 220
996 319
256 744
253 894
273 655
973 532
1003 177
297 271
218 950
671 1116
634 325
826 1109
326 965
675 227
492 285
325 447
101 548
849 88
955 767
851 240
845 9
927 991
158 1021
713 830
1107 77
691 259
802 821
848 564
39 666
1021 865
244 734
293 621
224 56
242 847
151 331
362 378
1118 530
656 1019
747 63
28 506
270 947
587 351
404 453
283 623
1093 691
277 517
452 1051
853 515
412 864
327 829
770 322
154 572
855 789
390 817
406 174
905 109
928 1073
139 203
601 732
2 384
533 427
392 885
267 1015
387 703
360 376
760 492
387 1075
684 305
694 532
391 326
667 563
114 394
214 515
295 827
505 891
239 483
984 1106
60 602
494 927
912 490
522 266
917 16
285 520
358 130
800 930
73 932
909 902
1046 577
791 435
763 1086
145 249
649 1004
221 680
739 202
502 470
420 274
587 508
775 818
835 681
657 599
310 1021
50 755
1018 909
317 37
296 152
688 379
926 93
312 279
896 565
159 802
683 166
216 319
494 824
716 876
734 723
1094 194
743 109
232 570
344 866
663 606
176 1065
1076 155
839 666
804 696
808 104
862 772
822 473
314 179
320 836
397 646
778 1003
859 183
222 227
941 772
815 1004
820 713
892 117
237 416
918 244
373 330
778 950
831 413
443 309
972 182
170 681
207 1069
1012 500
282 124
962 252
360 181
262 450
828 455
962 446
389 805
403 120
787 802
461 250
810 930
1060 289
173 981
205 944
412 1027
510 818
842 496
1050 876
489 696
951 704
287 671
987 535
862 477
410 578
678 215
808 424
14 780
28 457
332 982
122 885
670 977
990 707
1074 795
6 720
216 147
725 841
621 448
332 354
578 281
989 859
151 689
762 925
917 643