245 198
450 251
353 1061
397 465
706 596
458 788
144 658
906 659
961 11
927 940
316 66
526 797
629 950
125 28
788 259
784 828
540 404
911 359
452 376
207 457
616 124
999 783
546 117
886 1071
1040 221
714 1118
920 928
160 851
517 824
418 134
777 324
816 116
628 675
610 479
857 1020
845 486
197 840
133 1075
634 438
739 653
344 405
192 923
1015 569
925 403
282 225
364 180
902 1035
702 738
715 732
253 877
386 388
944 427
96 896
365 957
575 734
111 181
800 857
761 1021
555 885
671 973
541 265
771 827
362 368
305 316
72 293
839 465
809 152
1094 735
999 977
102 374
1016 600
217 492
66 561
597 174
709 895
284 724
949 912
719 240
614 939
1059 891
400 105
871 919
242 382
1093 752
369 264
519 763
815 646
265 476
593 729
413 65
823 983
430 683
521 486
1016 138
723 992
559 373
940 909
71 487
270 993
244 961
1016 936
938 383
1045 376
335 301
477 821
991 919
442 260
204 583
558 324
294 592
1012 1001
573 583
291 892
710 870
955 744
923 401
477 382
150 948
9 693
127 135
485 222
564 1057
599 729
13 1077
268 185
546 130
721 315
1021 36
417 187
932 197
392 868
213 1032
425 662
147 1068
784 605
213 337
808 813
709 294
67 88
235 695
542 902
690 395
407 453
279 917
589 339
1073 930
250 468
36 717
484 1057
153 549
331 288
977 501
539 777
392 806
509 974
1021 419
1123 642
640 463
226 859
492 533
779 269
325 326
25 609
323 393
507 519
464 136
287 646
143 345
217 780
543 1009
279 1012
955 986
364 692
690 928
257 613
354 967
70 945
784 255
239 944
902 749
452 712
576 145
1013 401
344 870
819 602
504 719
618 775
345 1098
910 975
466 192
1078 959
782 857
292 197
626 981
386 22
829 1007
634 893
81 979
598 557
1022 196
698 253
997 238
511 223
703 686
944 497
935 318
820 841
488 493
594 531
739 586
986 251
156 535
773 69
475 652
1075 958
146 506
366 31
781 341
107 874
362 341
185 922
1016 401
542 1102
1033 863
1041 289
611 421
512 250
384 616
896 265
151 835
812 437
9 18
990 342
600 680
634 526
620 487
1097 690
655 401
508 313
871 838
687 250
443 566
157 478
371 677
922 432
747 342
1072 431
169 114
765 859
1005 45
662 1077
458 581
229 105
819 385
981 916
952 1097
851 963
433 736
469 290
462 475
474 939
416 749
992 95
188 132
132 276
950 19
431 258
716 773
619 209
492 750
177 64
675 259
929 935
150 399
629 411
1098 535
201 584
399 538
1067 228
669 78
1020 923
730 354
739 170
187 679
357 935
226 149
927 646
647 1095
386 458
323 289
319 526
317 225
265 520
494 326
178 362
87 856
236 294
577 776
155 456
733 724
600 909
829 640
917 741
590 834
868 984
286 265
1027 709
85 978
205 333
711 600
100 789
112 588
733 607
531 104
219 227
480 308
441 618
709 959
940 431
167 152
134 408
865 589
450 542
1080 180
765 1029
561 910
812 627
283 464
342 798
193 149
330 723
802 879
1103 333
386 438
743 508
826 772
759 336
555 880
549 309
940 955
502 936
499 784
284 781
160 653
686 986
985 331
116 400
845 813
611 560
476 210
979 1027
323 637
700 265
364 925
984 370
635 624
992 829
487 773
945 321
327 299
241 1020
988 505
561 935
788 533
27 988
60 107
743 1073
346 475
350 716
115 1020
834 1085
847 365
628 136
420 322
658 67
1068 113
838 602
322 339
824 732
879 663
865 1005
1000 378
770 14
247 709
326 192
386 658
901 767
203 912
611 404
290 823
606 1071
795 682
818 877
876 116
1104 575
946 365
679 151
106 992
763 298
46 180
537 270
568 495
371 522
731 131
455 363
713 1048
284 951
216 569
334 367
8 786
1041 1051
452 102
52 160
584 966
832 120
167 592
447 445
773 468
459 336
1063 1004
161 679
481 525
553 639
267 907
291 69
752 327
881 294
259 298
243 775
780 121
216 1108
130 577
803 212
641 903
1114 282
819 372
377 527
2 830
184 819
353 516
454 776
586 968
637 889
262 537
925 216
828 310
1030 179
680 814
878 158
1020 313
805 453
823 195
728 336
756 467
412 880
816 591
964 899
728 676
925 406
326 715
403 1070
674 519
381 239
523 847
769 226
1087 712
1079 366
779 330
652 653
127 1011
382 876
709 820
581 601
361 290
226 741
89 710
517 531
677 193
864 1023
292 671
173 678
1000 295
406 584
379 638
330 582
347 967
164 934
445 120
76 916
1061 753
989 468
696 837
7 730
556 990
694 463
652 834
305 243
752 180
330 134
304 489
877 587
657 887
215 808
650 390
436 686
387 583
653 187
535 470
748 510
481 363
136 412
285 851
636 17
384 696
348 506
460 716
988 201
951 480
394 567
1022 707
516 139
237 445
945 17
95 1059
242 137
555 555
478 973
961 922
438 714
174 513
980 13
572 1004
558 867
663 288
218 801
448 411
197 152
1042 547
958 543
650 978
382 365
1042 943
959 1048
167 235
194 578
651 564
951 38
297 684
963 738
247 830
388 651
987 498
382 696
722 249
701 546
558 653
571 495
542 577
819 252
374 962
267 422
992 120
1044 941
801 202
970 723
17 194
240 734
809 594
1094 855
237 329
744 455
305 506
506 481
471 920
266 203
556 231
24 281
372 502
492 255
14 496
125 384
859 373
678 549
597 644
763 331
948 563
432 946
177 961
890 1035
198 588
759 157
1120 719
882 518
1038 983
586 827
442 452
197 408
751 756
665 989
219 14
718 155
597 768
1062 308
544 5
160 459
369 1120
343 681
650 805
382 980
120 804
822 285
639 1007
702 875
292 626
497 345
259 505
697 738
889 145
201 144
872 257
781 402
97 416
720 860
834 1039
299 364
305 991
277 56
788 418
277 1016
962 672
343 544
277 268
581 1109
648 1109
426 211
168 970
433 554
894 76
1080 331
0 567
952 343
625 850
787 511
381 489
595 858
145 456
208 885
869 593
250 253
299 403
72 631
588 38
117 937
817 106
1008 223
1116 194
948 217
1120 585
951 932
418 338
58 47
345 753
615 34
535 143
607 276
968 442
194 695
924 491
1090 790
832 397
302 562
370 860
933 508
558 875
267 655
1071 287
701 553
994 472
717 172
919 653
509 127
777 978
384 813
992 1020
285 836
117 728
63 678
555 473
916 1098
259 225
272 638
776 468
958 828
100 357
737 292
206 52
860 88
764 573
851 645
608 0
17 759
439 759
869 387
537 195
388 520
199 203
469 473
833 720
748 379
343 930
1065 586
906 556
515 615
459 822
715 1063
800 926
517 483
877 645
1020 139
569 1011
642 319
666 412
962 263
470 388
861 206
979 959
814 104
884 285
378 193
725 82
745 534
784 774
310 719
801 311
695 717
372 782
951 1049
676 405
570 796
243 1084
112 722
816 6
290 643
717 557
824 851
74 318
317 741
24 882
460 824
346 854
769 290
892 1039
1092 827
638 383
903 595
624 134
220 588
311 702
270 362
635 137
251 384
1106 259
967 219
628 170
688 370
416 283
786 513
459 958
1048 591
910 96
434 408
902 653
712 1097
126 494
506 164
580 1043
20 195
804 963
835 438
121 938
594 1092
827 669
666 938
1015 783
665 251
590 262
993 228
267 986
431 975
1118 971
749 560
735 952
542 741
42 198
554 484
105 711
1022 644
659 350
372 506
1054 606
334 10
740 278
959 141
332 838
807 378
928 1008
752 451
367 348
270 410
627 186
660 327
530 878
163 314
528 429
610 1104
295 627
833 449
546 954
659 569
754 667
861 936
907 1064
267 760
414 905
291 334
552 339
645 470
146 257
204 993
954 198
619 54
450 1012
728 1067
198 19
612 827
1100 205
691 578
486 813
763 736
695 8
303 230
303 430
504 421
727 1021
308 320
345 690
574 955
147 873
826 398
242 336
157 913
653 870
990 303
43 681
934 769
658 830
587 572
689 280
245 1009
260 941
538 814
533 1026
1008 415
482 973
498 593
877 122
288 792
767 103
454 87
401 163
567 450
795 919
749 487
990 658
241 462
968 624
932 690
406 256
892 727
827 884
900 349
254 403
26 558
745 404
960 930
751 975
854 395
314 631
469 928
7 294
427 465
1065 773
956 511
965 227
906 190
282 743
126 1019
983 482
49 196
230 786
557 386
223 190
264 999
447 330
850 989
498 130
163 255
818 124
212 690
776 196
117 228
791 897
867 691
135 1018
878 910
580 680
317 620
600 409
856 345
830 788
1 1016
104 1113
232 932
387 591
521 468
265 233
421 60
1102 311
701 332
950 821
985 723
1094 290
873 818
130 136
247 779
1023 606
726 442
562 200
762 766
964 748
452 414
1006 849
1103 290
363 145
19 14
460 517
923 562
724 525
147 954
357 947
238 803
587 979
271 1096
367 48
746 918
869 1021
320 159
289 136
795 279
466 1080
237 162
650 975
87 50
858 22
618 1006
1050 321
1019 1069
104 24
1069 667
854 409
56 381
590 808
264 665
969 184
868 420
120 245
659 174
534 509
221 538
177 141
516 950
615 860
1027 435
563 982
270 411
233 337
641 919
1019 399
418 1000
1005 194
147 696
759 1007
814 733
1097 979
110 575
419 796
704 687
533 1066
304 119
313 948