582 115
171 842
299 880
1108 102
377 494
871 779
272 802
701 936
63 146
549 226
875 134
267 949
714 997
509 940
302 733
246 366
792 585
964 974
211 456
972 509
111 582
724 805
840 982
918 846
225 505
162 1046
653 322
393 656
842 547
551 701
878 517
673 811
121 1037
672 247
1013 359
697 270
765 868
110 206
103 345
0 590
869 242
311 255
942 1097
958 754
759 214
483 328
984 765
478 889
582 437
1055 495
234 780
49 108
416 1019
510 330
452 352
421 212
1080 101
851 527
823 549
644 132
184 970
968 905
106 1070
392 289
641 283
778 476
197 418
1070 1050
128 88
330 299
710 135
484 646
129 215
149 163
651 849
422 748
682 587
813 776
437 1023
557 489
439 726
111 282
277 148
195 269
294 613
539 787
418 668
233 605
611 1109
759 1071
245 930
63 348
756 838
76 463
462 923
976 1113
746 672
359 823
987 418
984 978
792 9
153 561
255 160
664 401
716 675
672 1073
699 797
921 969
945 1101
28 334
806 289
37 700
216 349
35 758
934 293
973 171
639 812
685 412
532 28
101 714
545 267
680 950
840 524
251 957
982 286
437 974
220 710
649 22
680 792
873 861
375 176
1005 373
303 439
413 81
705 817
364 769
652 628
119 996
259 845
665 528
114 541
751 685
437 421
570 752
607 745
515 92
222 891
898 252
793 1066
307 548
667 826
602 924
50 837
773 737
533 358
759 139
1037 844
386 1011
252 688
33 1014
87 903
695 84
780 935
467 579
476 163
309 139
267 557
657 290
349 489
634 315
611 704
545 955
302 496
662 839
856 203
526 265
965 1002
199 589
425 1123
229 791
1011 684
685 491
362 970
258 368
850 454
238 951
502 963
115 611
792 721
947 188
688 865
534 792
245 250
810 553
322 301
970 892
733 11
1026 618
623 493
854 1064
1086 227
970 607
727 557
821 801
548 474
562 1050
164 820
819 646
784 367
327 815
173 401
511 357
802 331
284 726
897 266
683 326
329 1099
1100 822
620 869
1084 414
777 752
969 937
547 397
359 702
360 195
528 801
1010 247
1068 609
329 817
451 360
219 1022
491 768
1011 196
93 900
480 211
726 876
916 731
625 71
974 540
140 102
908 986
812 654
791 711
326 1048
36 840
447 924
557 489
393 497
461 85
158 218
185 991
440 630
648 742
371 529
916 512
748 134
381 784
747 721
1049 133
231 1073
905 340
215 709
342 84
416 61
1021 681
309 1015
257 61
555 200
446 406
549 814
278 642
718 680
568 891
61 607
314 449
573 174
1117 994
726 316
236 396
282 621
294 486
700 550
479 798
373 561
103 946
433 242
537 690
550 147
230 515
578 632
34 198
298 556
863 750
609 962
1112 1045
138 299
437 19
385 491
504 982
180 928
227 1000
46 4
188 79
1079 205
697 898
1074 569
880 591
736 631
747 896
673 640
590 929
1004 462
723 891
590 789
1050 1120
614 190
353 771
275 120
7 164
591 1058
192 669
1038 707
548 843
325 12
905 1035
1022 994
374 717
552 462
867 835
490 713
135 156
309 778
322 720
394 10
769 439
777 214
141 653
156 1003
315 801
1079 75
844 980
736 232
426 871
1010 866
80 661
285 559
138 786
804 167
571 320
906 973
605 792
985 916
522 1083
165 684
798 405
333 932
542 486
144 669
411 112
294 419
1087 408
175 913
617 168
191 473
795 435
171 127
1006 228
387 68
402 141
754 180
959 253
511 721
622 479
852 299
297 881
172 346
351 820
360 176
881 839
226 811
419 898
533 1074
93 971
980 458
474 93
585 441
827 749
741 410
134 197
886 243
206 651
856 604
496 307
616 126
613 1068
961 396
456 886
928 675
101 370
486 148
345 786
316 469
1018 801
631 277
336 213
188 1096
546 281
230 547
959 602
679 984
748 618
480 395
364 538
660 741
367 644
514 357
922 805
825 445
513 558
77 201
901 667
752 236
138 900
62 616
403 178
589 783
307 617
331 104
790 444
873 950
1102 673
624 902
465 622
1002 141
760 207
991 114
848 1
472 750
355 562
597 465
821 452
882 232
417 253
94 828
661 521
135 957
1045 508
485 929
1098 770
542 613
732 1022
929 982
899 750
222 709
730 1115
709 775
872 1015
422 650
923 672
97 977
1028 519
807 249
834 945
355 732
559 206
1020 591
448 65
379 268
400 330
233 750
1004 106
120 483
123 563
617 161
363 1021
296 594
786 123
415 400
634 757
676 384
207 262
1022 427
331 876
425 923
406 253
161 957
249 502
128 378
401 865
1116 1008
280 923
516 483
582 626
392 938
808 995
10 598
956 947
395 962
156 898
324 472
347 1008
110 329
777 953
983 1015
596 616
621 639
170 1090
731 259
1065 539
91 369
221 175
299 835
758 1038
59 1045
178 974
578 190
40 1028
632 985
805 470
240 593
681 529
174 377
297 580
878 515
834 663
862 918
674 857
78 179
891 174
254 370
780 11
1081 983
752 820
999 840
597 915
174 959
254 803
29 2
928 843
614 665
538 552
955 461
85 296
955 521
767 491
244 803
480 628
271 539
592 654
931 1035
416 660
859 746
503 933
1012 167
466 924
998 1100
825 604
824 551
635 682
441 690
607 701
989 1095
309 286
550 569
709 597
20 902
527 517
1090 264
889 994
594 113
811 599
933 567
294 995
271 717
820 872
294 787
605 478
906 1038
276 836
1061 596
205 150
610 549
169 355
671 1093
435 351
1022 162
1043 515
1021 505
618 677
775 219
753 960
577 406
738 306
545 448
388 506
955 679
239 148
438 835
477 277
966 359
201 550
522 773
525 679
537 826
774 650
984 412
636 742
498 927
441 85
1051 75
654 381
722 384
947 347
502 730
128 144
351 534
805 286
101 415
935 781
500 418
277 242
586 458
1094 246
265 668
313 270
225 694
57 804
517 609
418 136
907 37
974 790
522 457
108 304
823 768
358 721
676 216
908 310
565 890
878 162
539 239
233 259
801 484
896 1119
840 662
836 804
126 810
620 565
175 215
808 323
784 645
338 678
12 558
148 1054
353 499
175 398
930 774
1106 60
901 286
166 14
255 1022
42 513
854 571
594 309
387 221
224 446
544 418
373 532
228 347
97 929
294 893
328 547
671 932
763 356
883 80
646 810
626 544
681 1052
410 418
96 1093
1020 398
797 235
839 691
535 110
944 77
474 975
156 192
65 199
622 18
191 849
661 399
296 907
45 206
626 1111
212 1015
581 235
435 884
870 210
261 1001
732 944
89 687
534 487
523 357
267 232
964 729
1072 893
442 920
147 286
976 1037
356 288
299 752
860 793
1093 648
836 90
619 587
495 355
413 40
116 388
571 445
1018 837
239 386
477 844
777 267
318 844
515 169
379 714
582 726
998 832
664 239
1084 877
223 989
343 16
549 470
549 388
101 1009
439 296
409 724
184 712
252 516
52 380
823 934
116 538
143 999
236 49
962 195
1019 494
258 485
798 413
405 276
904 463
431 553
126 577
896 278
171 219
762 427
12 790
142 822
290 155
941 555
412 307
185 221
936 458
965 501
103 223
422 609
206 590
675 161
204 300
910 720
177 843
155 808
206 899
337 554
302 1034
8 819
139 936
499 995
391 232
822 203
736 668
154 526
880 744
423 697
426 699
274 140
333 640
207 419
641 554
845 641
520 265
520 840
794 490
279 303
485 558
599 948
753 455
871 455
599 901
581 844
544 628
863 688
283 211
606 240
301 627
416 146
444 69
949 937
632 637
545 342
1028 423
839 982
828 189
807 817
1055 14
419 131
309 156
1075 485
835 825
393 562
301 967
312 997
304 123
215 1116
773 742
421 275
820 727
373 279
301 520
424 18
821 1042
843 241
497 632
889 1013
138 222
174 515
1029 397
1080 243
586 1015
311 56
633 73
294 604
949 107
587 104
303 547
321 481
444 458
404 136
743 635
905 676
1002 88
766 152
1006 813
339 902
683 700
283 275
1082 128
1074 524
211 774
960 165
100 183
285 550
743 59
310 826
555 771
751 91
504 865
457 863
575 106
387 953
985 1055
716 743
386 1011
325 455
215 596
508 962
566 77
826 1083
249 1034
248 741
100 345
659 643
1089 109
984 533
579 87
479 345
177 296
915 751
808 779
1013 534
9 827
911 861
175 171
171 487
633 570
516 936
1017 845
389 901
492 727
777 992
881 598
1119 618
741 971
694 305
922 559
351 116
939 674
889 802
466 549
576 417
726 1047
49 904
137 990
314 584
254 694
222 1001
739 464
283 439
897 331
255 292
991 436
1071 181
15 755
794 1082
944 440
993 1018
486 422
824 15
731 1108
1016 338
350 1092
701 344
362 556
367 582
883 124
820 931
256 572
457 867
724 150
826 39
6 695
250 561
226 306
1087 5
1111 481
8 366
491 629
712 853
580 722
327 481
859 75
863 180
4 801
802 486
485 242
425 765
837 798
175 352
691 447
255 6
400 35
947 770
165 37
102 264
987 810
1003 141
640 674
743 48
878 551
688 822
397 879
23 762
467 322
744 846
526 666
848 571
814 965
1011 121
539 794
111 408
990 930
928 573
127 361
948 654
881 832
713 507
655 757
429 357
724 840
818 1066
724 454
1114 887
473 877
758 822
334 939
818 347
174 311
212 697
481 646
750 988
112 201
275 366