651 453
571 486
1050 279
454 75
775 1003
244 862
638 943
1002 817
661 818
617 357
711 463
272 931
701 404
731 131
168 988
830 202
215 990
934 1004
622 1094
197 523
781 413
524 313
1014 1013
569 103
816 1068
593 283
775 488
796 728
739 1069
848 279
461 977
679 617
1057 774
636 158
860 146
316 357
1100 536
112 251
222 760
14 920
783 952
280 556
295 588
124 308
714 841
854 356
645 152
462 825
804 945
102 907
25 270
406 429
575 928
106 953
917 625
381 752
1048 605
526 446
488 484
280 606
549 618
485 947
753 568
215 993
1113 826
178 1018
50 1025
285 228
271 329
608 1015
337 721
394 612
375 772
523 152
153 67
924 1110
247 478
1061 234
886 792
1070 266
983 873
850 154
527 682
916 473
965 833
956 477
97 121
125 45
86 148
631 265
417 719
992 694
456 1044
142 115
381 416
188 701
883 869
780 115
435 436
719 911
104 937
676 536
461 239
670 754
180 535
626 366
675 754
284 838
799 1005
56 149
912 1081
79 576
105 550
802 167
1048 197
582 952
1109 959
898 293
1014 23
1082 236
484 528
108 1082
524 424
552 60
900 108
1099 472
308 330
252 539
431 149
243 1040
982 812
146 541
1045 398
893 781
849 312
395 532
69 972
502 715
1093 208
828 585
231 604
287 505
978 159
268 983
719 359
871 472
328 819
553 507
698 371
572 455
646 596
743 960
452 530
982 784
114 454
701 276
923 199
493 353
723 117
665 349
832 1049
125 293
1059 818
192 869
301 119
905 940
944 569
500 264
999 617
725 495
570 498
1085 605
1027 455
987 717
221 386
113 916
648 399
151 429
478 928
576 137
916 172
811 196
93 1071
852 677
116 984
52 851
1003 168
261 903
589 546
883 592
858 610
87 515
65 546
100 734
644 225
327 10
536 975
970 672
406 407
402 959
152 779
849 27
71 984
606 470
1011 272
651 219
412 711
190 562
1121 747
444 959
539 993
638 252
707 642
142 869
99 481
561 287
505 676
150 442
1017 972
398 213
984 513
605 994
75 402
1008 618
435 210
711 180
171 158
186 673
645 371
479 702
517 1108
455 875
542 1105
706 654
42 738
947 714
170 222
175 397
494 1034
936 179
863 189
326 758
574 928
950 904
966 860
166 810
727 991
1103 668
656 438
500 966
736 1078
663 575
196 485
987 921
164 897
614 983
554 295
927 283
103 570
317 1066
881 773
169 758
264 520
213 345
214 381
758 648
547 251
148 162
591 688
408 612
223 885
710 409
270 373
1075 209
500 686
661 81
778 773
561 585
659 160
929 588
379 589
215 1020
1020 824
609 260
126 1031
238 1014
358 302
784 132
160 432
618 845
333 1034
273 1048
177 99
902 333
543 411
251 650
257 462
239 329
565 951
342 547
570 417
628 448
685 1082
396 226
319 705
917 950
612 523
493 844
398 1075
497 451
9 595
299 367
501 745
166 860
369 1044
811 539
222 174
164 246
466 671
366 951
746 607
1010 1097
342 313
629 1002
156 304
184 830
703 1035
981 240
733 420
180 629
347 439
804 690
889 278
709 565
913 708
6 908
416 370
747 166
889 806
497 210
613 100
933 518
840 1080
874 404
322 394
321 989
472 948
297 150
147 345
112 27
337 341
937 781
136 1076
1006 22
1032 539
937 942
91 386
158 344
685 947
684 280
684 224
677 965
789 624
166 618
691 656
875 484
924 147
669 1051
981 650
677 966
711 213
741 548
1096 204
1101 318
501 397
484 158
162 368
848 1099
377 706
115 1069
795 218
335 805
611 454
811 933
613 125
479 301
349 989
713 477
369 727
889 1096
553 902
347 1026
719 545
482 697
105 1006
200 390
1063 32
356 462
838 95
592 142
333 678
780 932
553 712
777 129
884 619
106 703
1002 404
411 12
599 730
412 734
909 361
893 543
138 73
531 40
138 507
1034 992
1045 108
715 444
810 44
157 952
836 220
872 220
371 529
390 977
289 742
204 279
16 271
31 414
623 317
34 1116
718 810
567 547
583 839
606 820
753 709
158 297
1067 397
1018 27
666 479
646 380
153 971
611 472
602 767
340 757
904 741
106 165
1027 884
797 416
283 1008
532 788
637 1034
166 901
1006 620
458 463
204 761
833 691
1094 1106
810 992
209 448
493 1009
701 296
180 782
894 953
466 797
771 511
733 768
845 1034
483 772
684 948
512 630
273 456
38 160
432 322
1000 118
572 473
223 29
229 599
342 413
272 1001
569 386
528 666
897 913
919 557
923 438
214 1068
98 487
115 832
761 488
960 963
356 554
868 403
880 808
1120 809
106 762
962 489
906 439
275 954
577 1022
436 788
280 604
769 234
185 1067
1105 592
774 694
283 508
104 703
691 524
746 664
861 1101
1079 825
818 1057
925 936
295 695
891 179
695 632
636 971
446 759
1069 537
802 126
904 688
936 696
659 862
145 630
148 1096
727 613
885 21
165 861
170 567
194 507
96 902
1071 364
125 397
524 932
230 809
908 558
793 207
852 445
476 434
641 728
438 512
437 817
139 761
315 731
393 336
673 123
64 926
207 648
246 410
785 951
749 869
101 923
917 588
326 916
261 124
211 135
919 949
404 567
627 928
614 848
882 217
581 914
484 664
272 1043
143 955
694 355
328 2
232 299
994 461
1121 387
861 713
710 617
437 753
865 537
116 286
67 855
297 795
701 229
18 65
9 422
988 461
270 630
33 26
957 840
725 506
211 403
532 348
937 198
699 140
703 927
854 613
325 705
546 735
284 125
404 718
389 632
341 668
918 216
926 949
447 1095
102 814
963 717
394 647
995 829
653 326
744 343
241 1000
180 211
165 44
443 258
304 987
700 210
1070 484
1013 625
905 996
796 1108
201 13
308 250
1023 166
279 1098
1087 304
433 131
942 772
386 1014
367 391
977 1086
432 668
773 940
591 814
714 298
232 241
222 550
419 402
117 670
572 557
434 448
281 695
136 834
867 1089
590 916
874 445
938 727
475 832
486 578
344 245
348 746
549 339
11 343
826 658
489 772
303 858
541 145
248 701
503 381
217 871
212 781
60 917
1115 773
817 833
263 425
497 766
979 690
935 903
427 183
1052 504
887 500
625 761
380 262
218 130
253 795
856 702
635 403
951 20
365 432
1066 245
371 540
111 162
792 473
950 993
711 569
807 139
686 852
875 527
886 7
872 408
785 4
985 623
78 836
793 451
569 591
45 509
449 943
780 769
411 447
474 120
102 825
969 819
334 270
1051 874
375 892
743 1002
851 330
786 673
1084 977
972 620
722 781
724 245
505 927
21 713
637 595
955 403
907 171
677 630
38 265
363 687
230 940
929 388
75 857
717 550
486 989
554 470
455 256
582 862
564 255
1103 1077
814 872
129 269
336 236
750 1087
377 431
129 265
237 224
820 565
136 509
208 1020
785 277
574 168
907 272
1020 236
118 230
652 781
974 963
276 224
682 1007
30 342
656 868
327 569
46 660
786 899
640 195
741 972
294 1047
240 332
1030 38
860 200
616 413
582 462
769 751
1052 481
770 740
712 929
243 596
483 203
375 413
845 138
204 692
3 466
697 280
80 808
387 808
255 685
264 161
240 964
242 810
353 268
81 273
148 935
556 516
319 487
269 630
568 231
597 690
625 162
1019 819
594 166
810 562
781 10
871 634
113 882
691 379
172 985
686 377
162 596
191 638
642 50
1080 243
282 459
246 706
857 290
587 217
530 779
576 150
511 448
480 762
235 805
300 604
451 855
385 760
474 110
826 776
764 826
257 657
145 581
728 678
338 487
430 111
848 34
685 834
819 727
936 293
713 762
293 828
431 327
931 256
944 1003
862 45
157 67
367 547
1000 662
116 253
340 279
1071 481
520 496
110 170
370 285
76 839
175 626
443 516
121 257
74 879
668 1062
507 436
645 118
906 549
887 223
379 431
135 219
629 240
590 258
662 215
845 711
564 26
589 821
96 308
168 601
965 185
882 486
464 482
940 510
348 705
502 975
711 526
243 815
935 296
262 539
269 625
1075 369
561 948
395 746
542 802
963 197
796 440
247 194
686 66
1082 762
234 115
1001 93
831 454
944 1011
686 589
361 132
1118 594
971 1103
898 664
645 827
167 215
660 143
854 994
881 228
1108 220
583 478
477 163
388 1040
505 419
695 962
669 688
333 198
945 351
127 1020
142 46
943 1109
130 588
482 883
758 274
1102 962
403 663
355 5
223 901
1039 1005
241 115
590 209
636 365
748 106
1017 179
246 174
775 991
493 883
429 585
1012 378
662 445
172 789
810 92
783 354
600 330
583 575
390 317
926 976
680 502
284 567
326 162
152 210
333 439
136 92
591 549
628 699
938 689
729 244
746 434
385 216
301 570
874 143
579 539
368 1106
350 978
279 116
233 679
1028 292
454 884
710 936
338 320
201 522
451 822
795 441
659 481
859 912
262 627
545 759
884 982
554 150
1029 256
691 842
715 139
700 204
758 415
1009 221
925 393
699 925
487 1018
24 778
756 753
1035 532
144 126
317 831
591 218
134 1016
232 1106
350 608
503 691
592 753
646 969
979 1079
557 827
530 958
287 883
575 529
717 875
99 869
302 225
944 797
687 243
346 855
972 335
1107 352
1060 295
302 701
692 277
398 963
297 285
950 548
684 379
852 371