536 722
211 14
688 625
875 450
525 516
244 764
350 150
344 61
513 718
216 123
690 986
1000 470
129 750
671 487
823 991
914 958
708 253
759 407
817 164
993 738
294 226
449 470
850 510
283 1115
993 140
746 768
795 142
1053 124
655 758
259 251
311 267
361 520
257 457
890 457
736 627
187 377
694 868
47 750
661 674
597 314
990 689
600 105
849 317
454 1006
899 91
717 183
101 453
170 422
697 640
900 461
964 133
517 304
325 897
390 813
518 880
516 419
760 772
480 594
869 334
1067 467
356 1065
804 455
239 514
766 322
762 519
765 715
998 803
579 428
858 329
910 155
299 847
273 1051
619 363
1100 764
553 1065
660 978
399 126
687 710
310 285
515 1011
387 840
1037 558
334 982
937 664
893 165
704 766
547 425
289 877
304 494
715 367
324 310
1097 1051
141 609
1080 361
565 522
967 736
259 298
413 84
897 792
895 923
56 379
338 736
350 832
106 608
735 809
565 537
277 990
919 705
368 549
6 340
258 185
144 657
673 918
723 178
875 916
781 467
16 460
269 414
168 800
498 282
701 127
217 943
333 227
668 200
289 840
1121 687
259 112
168 176
992 275
408 967
373 582
924 667
400 945
954 171
880 397
351 263
177 363
633 845
871 343
513 507
966 810
657 263
21 371
977 1043
528 1001
533 731
1091 642
934 955
772 714
367 569
983 213
31 44
1032 950
756 660
874 899
859 1120
863 442
766 596
614 923
61 868
880 768
472 508
638 568
748 425
930 455
118 143
928 129
648 273
1001 965
818 140
333 287
288 705
113 819
528 788
343 1099
207 506
207 448
1043 559
269 435
779 501
331 53
965 887
792 591
84 353
153 416
947 406
334 834
746 1059
369 290
751 409
535 266
462 124
1010 114
397 830
539 846
330 224
687 600
886 888
741 243
730 767
338 291
992 750
748 880
1071 825
295 370
1091 352
865 954
900 738
610 29
773 940
529 552
752 386
685 246
911 837
1005 266
870 439
617 689
743 809
198 372
905 970
899 641
628 445
1110 471
604 982
200 1035
349 164
721 936
327 891
758 255
314 262
977 70
148 976
490 566
881 1013
177 906
367 1045
944 743
747 390
511 968
374 510
839 511
764 846
648 310
802 627
873 339
894 311
897 1094
984 467
766 790
230 647
694 491
889 299
0 868
206 261
169 501
954 4
942 424
906 943
476 1083
464 529
349 700
755 696
870 152
502 196
1111 973
239 634
732 173
738 572
250 135
454 337
177 372
156 925
640 1000
247 599
184 542
315 584
761 902
529 164
41 198
934 240
594 546
1010 175
300 550
248 233
508 331
540 418
383 165
149 580
71 426
595 675
896 402
526 483
50 308
144 687
645 145
320 285
24 715
665 546
703 538
258 750
516 990
150 576
300 503
119 1055
1032 469
414 260
1021 1055
33 111
1008 143
584 607
441 901
637 1009
1005 563
586 507
104 1007
584 153
1101 553
1022 995
943 179
491 984
112 305
1016 735
1014 781
384 1072
424 1100
1105 639
205 357
63 1047
10 830
687 866
357 783
18 876
556 530
283 548
277 454
658 661
100 326
201 927
982 228
211 946
1082 1052
115 938
712 132
667 1078
453 199
559 1003
1053 1095
389 692
457 387
84 329
615 389
630 1071
911 125
697 645
900 662
491 568
702 415
903 1045
829 865
986 245
299 102
1066 889
579 719
335 462
660 381
275 81
1094 492
480 367
274 446
49 218
938 919
826 199
223 942
547 453
575 834
578 765
356 770
7 422
486 739
345 1090
686 852
991 836
237 155
437 361
220 1007
111 45
811 334
93 316
296 785
16 1102
320 474
273 311
1057 387
536 564
601 151
515 202
1085 619
128 244
50 221
484 587
21 506
924 193
432 292
725 649
543 575
407 473
96 453
946 809
705 210
900 24
324 296
1014 1076
830 176
702 424
898 528
624 439
766 680
489 801
228 128
328 635
588 264
382 823
601 693
840 92
729 135
1019 300
114 813
224 1065
1082 1015
609 315
1023 421
103 218
101 316
125 590
526 1055
316 157
1080 852
639 658
147 1096
297 279
1010 375
845 468
537 598
327 10
952 572
593 423
158 739
452 105
372 868
831 407
119 874
487 821
619 258
449 528
153 306
272 867
742 158
955 342
148 835
114 1108
523 352
246 678
7 184
283 605
906 901
593 706
452 457
879 205
876 109
507 367
602 16
233 521
838 50
419 692
245 840
424 985
6 210
217 132
470 173
496 140
1112 518
690 218
412 899
443 211
862 787
7 535
888 556
856 719
145 283
566 317
203 172
1075 650
658 486
256 875
369 656
139 19
1026 465
297 862
654 310
970 207
372 454
508 838
224 595
1029 1085
252 66
196 1036
535 201
62 326
363 792
468 897
533 85
308 404
1040 44
640 1090
90 736
410 771
151 1083
418 142
820 235
688 157
225 653
1038 981
150 277
41 1035
184 202
510 139
880 857
51 828
523 418
518 353
1005 488
114 126
860 419
529 44
122 1114
65 758
518 231
754 794
447 984
155 556
590 1002
132 537
604 732
464 687
891 281
147 432
942 769
646 710
804 486
289 692
16 750
520 462
227 53
602 504
410 592
202 881
788 331
880 116
669 595
1047 871
487 377
911 523
454 350
614 639
799 237
138 909
295 867
90 624
256 353
452 289
352 262
942 559
177 1002
488 729
510 154
745 285
727 459
50 614
538 326
806 493
428 671
196 254
147 111
381 227
486 1091
274 164
387 976
93 520
654 208
854 338
824 703
304 631
23 149
677 736
179 66
526 924
251 59
359 39
871 685
954 463
797 240
371 862
419 579
720 165
404 1014
577 623
418 950
821 542
615 289
662 931
280 922
762 719
264 421
443 259
171 622
526 475
44 853
631 117
147 788
539 940
585 779
817 468
385 987
321 491
1045 566
814 473
215 191
887 651
184 224
1081 614
870 827
119 432
169 725
581 786
606 141
1090 197
310 1016
429 937
987 304
922 755
586 350
598 645
625 913
219 150
4 687
679 119
673 85
991 502
1012 1116
199 746
732 108
142 1025
397 164
767 891
440 233
650 368
681 478
1076 825
625 1067
531 734
970 690
719 329
355 772
341 853
444 352
804 382
145 284
1001 977
430 759
910 834
39 879
692 556
701 446
434 848
988 716
456 709
928 921
631 154
693 599
844 374
382 488
580 746
312 519
177 186
658 217
962 891
516 572
844 986
14 394
1014 61
449 902
136 524
431 346
873 593
116 469
1122 1022
846 239
680 993
679 367
636 776
100 364
419 512
694 1010
429 295
35 357
746 774
479 960
573 1113
107 765
875 684
295 448
482 151
440 346
950 372
891 556
196 856
492 748
250 727
664 985
193 822
323 379
180 558
421 79
358 31
629 646
1095 1086
1112 865
784 522
179 148
159 745
294 1078
543 306
368 870
237 215
863 416
987 228
699 241
358 765
504 430
170 169
700 449
964 1006
568 196
480 412
729 129
963 290
484 21
267 975
399 1078
933 470
474 1083
1079 198
78 242
615 961
225 903
923 899
795 672
666 292
37 177
366 856
635 910
355 397
776 321
559 447
59 612
395 462
971 1042
189 390
996 930
1007 95
104 96
716 476
609 129
449 414
605 397
378 517
1112 270
589 884
993 785
443 170
445 426
133 917
11 398
861 458
938 813
550 510
660 237
953 388
789 231
977 624
91 837
748 138
919 268
26 67
725 528
407 561
731 472
956 549
464 201
283 1082
480 184
60 455
366 705
782 546
730 543
818 650
298 410
328 849
573 160
243 771
790 594
163 874
693 366
1113 631
361 805
516 817
728 878
857 227
287 407
163 863
746 155
764 52
976 23
411 447
675 304
759 534
181 658
491 988
464 137
707 149
990 1003
786 578
463 884
869 119
396 986
944 227
794 1090
247 537
927 293
203 832
82 423
405 951
132 855
371 835
385 694
481 1104
400 219
986 411
535 308
648 430
190 496
781 140
728 252
875 478
706 1064
637 89
722 617
863 379
42 344
1067 357
1008 440
125 170
756 260
517 687
530 118
938 658
60 749
902 566
174 105
1040 471
425 303
926 786
426 867
796 834
116 687
1019 89
141 770
990 113
587 321
621 824
936 768
684 292
916 56
311 935
801 331
863 385
371 1021
276 307
99 1016
916 892
23 136
772 935
483 164
492 995
740 1032
200 332
132 731
844 208
645 942
361 749
188 806
798 773
711 764
433 455
178 277
910 369
238 518
492 417
218 734
719 776
795 326
701 328
1036 209
596 507
479 344
558 331
575 199
278 138
34 279
284 915
484 557
492 143
394 892
164 1100
727 134
591 881
93 644
263 31
969 487
818 1046
100 1022
620 137
414 377
416 738
141 14
352 864
398 842
613 990
874 940
145 1052
901 1086
1076 359
973 1040
1088 267
323 38
696 1020
191 146
217 1108
450 71
723 1078
783 622
259 949
171 358
698 959
196 510
249 798
949 180
1094 553
1118 619
991 692
867 983
420 418
859 125
763 1102
327 72
630 687
1019 670
940 667
620 870
433 878
415 475
874 19
1008 162
589 161
185 842
632 962
206 194
1056 229
632 954
516 375
596 157
723 114
485 260
839 731
994 804
531 531
630 682
1119 346
275 87
529 181
755 841
435 524
875 908
219 212
996 1012
830 928
580 301
177 938
766 528
556 571