349 828
964 966
432 1096
1092 716
886 345
1020 928
157 499
965 1019
430 654
341 778
924 617
233 771
729 402
383 364
191 135
350 277
525 455
327 411
867 166
625 679
717 353
735 681
378 625
793 326
857 356
324 216
342 893
151 833
1063 233
647 49
945 350
552 641
926 544
749 172
1059 225
649 818
298 585
223 440
284 393
104 684
854 890
1019 684
570 238
768 95
1031 421
705 596
636 822
973 46
315 302
734 967
643 913
90 826
568 729
260 201
721 167
665 536
910 1018
736 470
1048 98
718 522
677 955
195 605
648 819
208 707
436 985
658 905
1117 318
770 451
712 872
631 997
477 342
1088 82
172 555
533 697
176 545
591 333
650 573
519 533
352 902
869 809
327 251
233 792
870 704
367 896
867 470
990 963
151 373
84 832
663 214
777 638
878 330
365 950
1015 274
532 281
905 204
616 329
797 825
20 778
554 937
743 57
230 403
418 951
696 129
715 58
726 737
803 1072
189 100
339 717
1094 1058
849 668
621 597
537 1032
808 972
745 269
787 440
692 1066
728 984
299 573
933 737
332 441
1012 821
93 977
447 418
984 693
169 853
584 335
1053 937
864 369
133 203
185 1065
625 894
29 615
857 877
514 936
341 253
83 758
340 188
734 460
991 330
566 667
382 11
1056 455
323 743
781 75
395 801
1093 639
724 953
166 1055
216 104
173 373
840 491
1012 790
417 604
822 840
292 103
324 1030
757 454
865 319
603 580
200 381
449 149
107 857
559 225
575 243
630 978
150 248
908 523
820 884
611 540
613 267
404 373
826 378
905 212
227 161
205 702
977 368
322 989
989 355
315 1028
720 160
418 996
547 685
1049 953
601 806
159 391
971 611
319 667
1008 699
795 932
622 851
428 414
272 908
479 356
361 339
719 99
889 882
359 870
510 365
262 119
656 487
770 193
536 693
482 611
882 213
859 544
458 927
1002 531
202 826
297 767
985 835
649 530
550 748
684 367
525 804
254 760
374 923
625 566
869 809
494 638
540 85
162 1072
752 524
550 447
437 222
338 182
908 900
218 857
1019 738
942 774
538 182
410 935
509 203
117 588
320 230
839 821
311 707
282 442
550 88
166 842
375 742
595 293
314 21
765 116
684 1091
148 126
364 27
581 636
463 1121
661 1003
114 278
151 80
521 696
381 191
133 746
137 286
994 917
949 943
74 813
249 146
817 183
586 668
331 420
823 283
614 148
602 157
859 258
195 214
475 509
545 738
982 127
832 895
832 437
301 320
782 869
727 795
675 894
829 747
447 875
582 715
860 508
270 935
628 1069
883 271
194 968
242 293
1071 833
468 187
1003 589
442 61
197 396
685 400
156 374
185 808
464 439
737 1083
203 704
242 242
315 321
340 37
396 586
123 214
986 342
1016 91
497 487
365 480
215 984
600 901
74 275
934 1013
646 608
528 753
413 873
724 871
122 357
167 787
302 298
828 609
317 1043
905 1052
553 233
1071 1009
948 822
1034 541
243 610
681 825
777 990
276 1055
613 159
990 493
248 805
955 547
241 18
976 728
546 29
782 786
971 446
989 1111
637 227
364 387
413 779
611 3
961 404
674 867
799 810
689 171
892 584
307 112
720 991
102 633
224 286
529 194
539 969
426 793
152 882
266 823
603 184
282 198
822 495
353 583
691 562
312 620
208 1012
1081 868
502 620
1118 1063
814 530
313 909
193 375
382 673
222 146
185 960
424 271
757 736
625 584
968 665
657 110
861 759
443 337
724 103
457 385
234 486
1046 291
556 483
445 1068
292 184
375 842
130 662
786 755
990 856
472 666
369 858
509 135
870 722
621 905
780 223
560 1066
450 1027
1071 119
396 845
491 339
243 977
156 331
108 972
480 1119
252 489
852 31
259 704
319 1076
414 326
510 962
747 566
683 757
264 426
497 290
860 76
915 850
114 842
203 820
882 441
182 672
333 608
558 676
1044 229
323 240
839 603
894 806
118 799
758 804
555 428
276 139
253 11
253 659
444 232
150 1038
472 677
200 402
344 679
812 593
5 811
1065 656
558 411
237 731
440 287
89 68
518 649
992 411
927 242
797 988
789 130
875 571
119 143
882 888
656 735
792 201
204 334
958 172
281 332
899 940
182 385
328 770
1001 1123
365 601
1046 362
964 437
100 18
244 1014
855 451
160 504
703 579
1017 477
464 948
1096 494
980 884
872 541
281 1122
903 230
601 575
739 142
779 215
772 776
39 352
0 724
642 68
886 699
467 737
822 470
524 405
236 252
287 224
116 1112
1037 499
846 457
634 286
667 705
708 839
806 572
753 467
511 642
107 677
936 656
505 1021
313 946
149 751
351 845
842 341
856 900
116 616
257 748
384 458
459 80
778 67
627 184
170 835
912 521
467 648
559 426
129 1000
937 889
794 147
636 653
376 859
218 202
697 520
137 1013
595 111
412 867
336 780
1062 228
687 664
237 24
521 923
349 805
500 787
430 354
637 27
810 914
850 249
59 338
514 242
868 141
647 177
663 545
157 234
938 555
691 938
405 1123
696 1114
887 651
687 870
176 390
561 829
411 259
610 1017
732 580
1018 428
80 1116
409 855
146 319
1018 463
549 626
157 659
1104 774
956 212
966 621
953 711
279 1004
223 632
886 393
683 1060
292 708
488 191
147 274
623 494
711 834
836 342
830 161
826 264
998 180
327 331
400 905
305 601
171 300
418 683
666 972
219 990
186 517
467 383
931 422
934 698
765 447
440 563
949 354
434 259
800 138
853 663
611 359
904 600
308 255
905 372
497 628
538 851
784 804
294 850
66 106
427 216
603 861
340 774
261 570
918 875
44 1084
491 688
478 249
989 600
123 877
533 1066
170 1064
331 1032
397 333
325 640
574 219
160 892
59 612
681 278
452 692
374 296
923 486
275 542
172 158
535 287
582 967
737 820
809 963
1111 6
624 423
471 466
1086 797
577 409
996 113
34 500
129 408
837 82
917 105
35 601
307 789
606 77
606 599
610 1005
438 856
972 567
267 569
970 709
914 883
828 194
334 909
814 444
229 490
445 466
11 90
615 184
930 519
763 530
140 665
807 312
1053 547
555 576
333 976
607 321
494 619
113 222
1073 1003
984 675
858 664
948 880
803 224
340 454
829 291
693 312
150 603
568 15
703 667
348 1003
86 883
228 131
942 752
119 469
597 860
209 423
1081 133
710 914
663 292
242 919
844 1020
435 187
838 672
438 711
130 871
1101 768
486 290
960 415
222 651
373 39
386 477
248 1041
826 411
104 577
294 78
330 705
791 590
586 366
322 255
860 1
763 66
961 740
485 209
150 762
1026 918
775 502
720 1049
392 109
834 961
128 358
287 633
612 58
486 930
43 65
116 587
217 493
294 272
322 964
884 603
566 256
846 985
858 239
535 437
896 322
1015 449
908 568
284 902
441 741
293 627
991 660
771 1084
526 774
492 602
600 195
697 694
351 566
670 928
464 100
784 773
114 603
922 610
1037 416
836 703
764 555
181 941
868 253
279 794
426 946
767 778
139 525
5 188
319 720
754 120
921 595
1073 561
967 502
744 683
545 1110
567 272
650 1048
288 820
735 830
951 803
654 104
829 343
324 199
153 610
575 789
755 143
367 214
531 353
752 199
308 357
239 976
476 386
716 618
431 413
826 830
685 1119
656 360
397 1000
613 1052
155 388
545 804
943 363
626 182
959 210
524 362
909 824
60 888
861 228
581 911
427 872
904 236
448 1120
279 655
30 359
285 561
573 278
564 388
271 655
301 296
747 108
908 176
413 459
898 997
105 361
688 750
470 485
583 1051
184 877
343 316
470 299
660 687
221 502
185 188
544 970
1068 308
497 364
655 546
527 713
583 286
809 175
483 1007
262 1038
540 912
573 709
505 390
764 970
301 352
165 366
1023 32
568 674
486 510
231 359
828 607
711 1045
196 782
347 1013
635 507
689 427
370 1022
824 624
179 981
220 367
721 137
419 141
681 280
273 562
314 561
839 150
401 406
876 668
117 491
720 580
889 20
369 402
305 1067
879 325
478 144
178 145
717 660
641 176
993 950
878 67
984 544
584 400
149 849
1088 322
987 462
432 1086
474 721
961 291
734 150
683 279
35 690
278 438
482 103
1006 712
430 311
707 904
284 714
194 912
849 401
554 1042
773 525
412 299
1031 107
300 206
153 145
181 223
1112 746
896 538
766 749
850 697
536 901
1111 396
838 72
333 553
150 415
495 658
69 915
130 312
707 363
312 333
905 740
339 227
220 346
516 225
840 780
805 368
808 667
372 103
420 313
225 643
15 331
69 364
901 213
139 879
681 34
632 623
684 102
78 541
229 982
586 439
1026 427
911 202
740 717
117 570
109 389
54 113
1067 916
389 839
97 475
824 445
686 729
232 309
649 695
623 996
989 729
686 113
763 436
808 572
857 707
870 436
122 638
676 496
565 5
359 713
985 161
496 132
530 908
304 315
147 391
125 639
693 658
357 167
347 527
832 34
584 708
715 972
181 976
323 424
798 612
208 862
894 251
722 715
420 139
640 79
660 398
319 622
881 931
1045 658
387 482
919 684
641 1006
728 521
49 414
603 983
901 510
870 362
336 754
224 118
782 315
669 1004
123 29
895 252
793 609
251 43