742 191
221 504
284 564
981 989
170 934
939 204
1092 218
882 461
687 562
989 168
298 903
843 773
964 703
812 29
728 837
639 164
809 632
37 603
166 534
214 381
395 622
954 227
185 132
446 771
340 298
1007 726
568 1087
835 362
556 1019
398 272
736 494
835 0
757 488
636 988
472 416
330 982
962 266
977 965
726 164
1100 913
301 672
84 743
1103 1093
234 537
189 561
653 744
403 401
1065 537
503 347
146 877
407 1019
987 645
462 865
570 145
418 641
340 640
972 713
925 649
743 32
546 626
1118 163
978 583
660 373
1105 520
344 151
838 621
492 208
652 306
570 348
1052 655
1061 233
730 120
13 832
200 753
955 840
914 30
203 678
835 92
797 713
675 516
123 1061
858 547
161 677
489 112
1073 737
575 709
361 577
134 544
675 861
310 953
288 464
302 1068
227 425
1033 574
3 787
271 900
329 522
405 802
119 558
154 298
76 986
603 892
649 629
984 385
221 7
944 690
188 244
238 534
600 652
397 746
948 119
317 223
400 243
103 807
701 254
131 453
1001 1016
456 530
68 326
440 804
846 551
708 91
877 589
358 587
829 741
309 564
595 591
334 434
1039 899
928 891
986 123
592 254
568 303
526 100
1024 576
778 975
1011 676
140 957
102 612
538 299
123 956
171 915
922 260
780 159
565 870
232 1103
947 527
893 638
116 649
421 868
583 294
775 715
334 614
815 774
335 783
594 590
141 421
534 846
312 253
704 468
297 577
176 383
1105 183
338 949
389 96
549 582
160 76
901 159
839 230
524 1004
691 995
342 314
754 988
637 479
782 367
179 243
464 703
646 795
957 282
131 27
32 305
487 859
1001 715
702 597
492 858
853 137
763 666
622 3
1074 873
874 450
971 201
231 1016
529 134
1003 556
349 566
672 447
672 207
1073 204
809 1046
436 338
624 1069
305 192
376 623
710 941
212 896
356 843
592 146
114 938
921 412
791 337
604 350
914 74
582 240
1020 886
361 913
1041 770
559 948
984 548
745 1071
1019 106
427 612
1011 657
627 857
74 256
462 718
683 59
65 655
419 1051
865 963
1025 353
432 39
319 874
827 504
714 1008
451 832
675 515
608 40
127 279
923 530
741 1107
567 320
533 143
275 539
280 1036
807 306
518 214
1041 922
408 274
658 98
207 277
527 903
444 911
99 916
368 772
253 794
490 955
990 1052
495 885
731 256
474 988
369 292
325 326
927 819
807 836
489 105
599 243
981 762
848 589
960 454
878 518
890 753
853 480
967 681
136 532
928 658
39 155
769 898
901 271
589 291
1096 262
538 758
306 670
366 942
681 716
295 585
865 438
1051 844
441 362
319 944
159 216
363 204
349 439
609 650
285 442
803 516
687 769
1002 129
136 978
1005 633
781 392
374 347
786 784
999 148
156 257
137 535
494 259
579 1079
707 787
534 982
455 526
296 908
608 477
833 112
834 1022
225 419
962 622
52 1052
199 396
999 816
69 893
753 200
156 989
979 859
417 631
171 837
138 1021
869 854
999 35
732 412
606 514
765 646
823 609
747 116
201 57
290 905
352 645
189 265
513 243
767 288
490 985
165 841
974 432
791 756
44 536
572 238
317 232
698 663
400 348
642 1099
801 829
967 517
778 402
56 869
901 908
878 366
228 777
853 1111
155 335
165 618
575 582
958 316
680 125
815 1057
533 691
351 394
725 252
876 782
693 844
164 931
392 206
205 898
198 945
751 833
1049 375
440 1056
456 822
505 497
357 758
40 1119
1038 557
558 895
495 749
650 779
70 603
592 137
314 482
899 112
360 375
339 1005
1104 198
761 705
967 942
116 212
1086 495
1036 987
707 546
469 932
885 1000
772 216
5 358
125 1088
491 1008
307 670
726 923
306 316
936 324
1005 1005
293 247
696 459
386 937
845 678
380 561
410 745
817 1015
481 86
575 790
634 433
347 32
172 629
364 767
364 904
505 546
693 983
496 953
1101 222
968 812
765 776
421 3
670 686
234 426
1066 205
594 531
170 98
362 636
687 434
991 530
790 846
763 948
961 766
466 794
204 632
314 793
299 320
1050 320
454 624
103 165
742 63
808 261
244 350
129 263
618 745
817 227
89 120
295 1058
218 110
201 869
903 143
1103 697
308 469
628 912
209 643
530 789
868 390
623 1027
231 363
990 266
1092 395
155 795
590 750
579 404
681 654
959 802
16 380
359 58
797 473
749 769
1095 341
402 632
0 966
333 886
579 721
938 1043
737 481
246 98
294 959
457 562
147 323
962 663
612 469
842 145
753 917
558 520
175 711
559 922
1057 132
8 40
471 120
534 385
491 787
632 951
603 547
111 1059
569 924
840 908
278 724
192 921
182 582
488 295
658 624
945 677
763 529
746 204
611 456
641 708
109 200
519 692
206 394
271 400
650 288
236 395
150 1008
145 608
578 628
157 171
97 343
192 1082
823 96
570 15
1110 778
274 227
876 840
905 800
813 980
959 161
881 529
366 410
204 530
13 552
565 759
475 536
231 271
581 785
651 717
576 789
216 1030
483 286
1008 285
204 617
982 771
585 787
406 955
1098 387
823 946
972 506
908 866
1053 185
618 981
6 195
337 77
836 905
939 963
603 134
127 706
658 155
238 228
644 1103
1086 133
968 780
361 1078
503 629
839 369
378 237
273 690
588 343
559 315
210 912
797 72
113 416
6 992
197 259
428 127
248 315
564 727
348 158
571 120
556 183
974 861
748 883
560 543
864 737
324 907
358 983
113 640
1103 695
749 768
336 530
79 632
717 33
1001 1014
458 737
310 749
604 999
275 431
394 500
688 908
136 834
796 154
152 113
563 527
132 393
471 1000
215 879
1064 978
827 285
102 1073
222 636
815 979
176 25
549 413
1008 543
461 223
237 616
191 347
736 567
745 930
440 680
109 417
558 282
593 473
778 173
690 300
436 24
307 779
734 431
150 572
710 558
942 2
184 300
823 1066
274 979
671 476
795 796
666 265
145 438
504 507
530 292
470 336
660 764
1015 434
424 581
527 454
480 815
446 278
848 393
905 137
499 219
438 618
509 260
199 402
876 496
128 584
699 40
143 771
455 1011
342 158
349 540
732 594
182 228
108 854
156 58
538 812
973 297
91 750
543 724
663 238
407 281
995 512
733 99
709 175
511 898
20 840
1068 680
356 793
444 682
387 208
102 325
481 123
514 563
19 535
863 714
947 561
990 432
464 772
832 990
671 31
398 945
1048 742
191 787
858 305
470 116
491 993
629 162
401 223
888 434
617 134
878 560
263 705
606 727
552 835
813 158
881 340
582 584
801 483
637 342
795 213
561 465
863 399
305 677
8 190
325 589
769 489
1053 658
762 126
605 188
410 845
410 236
1091 406
625 147
174 291
518 404
318 537
811 105
520 918
130 869
246 726
95 701
265 1060
562 54
1072 899
292 231
833 779
240 743
1052 819
105 243
542 1043
730 808
458 597
274 483
399 197
240 809
572 838
828 379
100 288
631 67
341 602
1020 219
31 411
632 833
517 208
572 983
262 662
961 313
200 976
812 1000
858 155
771 497
138 344
899 349
762 966
434 995
110 564
823 1115
193 727
857 427
262 214
193 162
609 199
899 414
576 648
863 473
937 880
579 328
191 825
787 252
374 764
965 60
580 857
295 117
413 895
426 110
732 848
816 766
691 638
232 899
139 458
729 1075
716 587
568 343
50 625
986 399
257 429
1070 631
163 232
766 491
405 889
741 680
621 443
717 436
789 162
544 862
188 255
1120 457
493 807
522 582
976 1008
1019 320
126 93
255 956
75 360
410 161
188 505
577 608
740 461
832 1033
509 332
516 87
1122 394
827 649
243 177
609 60
316 41
230 165
728 280
927 438
363 224
1018 607
317 498
150 586
147 289
649 1032
312 163
698 361
382 827
917 853
6 212
678 1118
944 747
991 504
407 516
70 807
681 538
538 1073
649 247
683 759
641 108
400 121
1006 685
635 578
973 791
524 707
185 206
127 993
513 895
178 31
578 522
796 342
494 925
782 677
197 710
1082 656
973 585
869 576
816 424
456 664
198 362
823 596
798 126
86 479
919 146
960 499
447 242
249 693
926 528
934 765
349 505
154 946
306 649
892 457
399 373
304 645
112 882
398 944
959 982
913 389
141 409
435 107
893 769
1037 803
867 840
970 198
551 1008
339 806
1007 180
881 476
1035 642
714 702
724 440
1093 126
802 357
58 762
729 765
496 833
700 483
288 1000
359 715
442 580
606 411
910 115
780 618
913 959
51 946
72 606
844 1042
324 616
773 237
792 616
482 293
872 11
715 829
498 722
530 332
466 515
234 624
769 331
506 990
30 506
1031 625
520 904
347 378
1031 788
421 714
242 176
541 940
157 802
1003 601
59 232
201 52
346 623
486 376
901 983
269 399
194 919
24 725
524 322
572 379
679 43
159 904
402 805
561 354
1053 814
108 511
732 1070
469 234
410 923
769 885
578 404
408 649
423 507
856 182
995 240
502 218
510 283
124 677
191 527
1013 57
866 727
397 950
667 490
126 214
987 301
706 1003
209 683
985 307
551 659
430 253
437 472
192 750
889 160
14 296
577 903
457 483
386 196
158 645
970 942
557 885
1071 718
1004 423
888 344
821 1013
760 960