388 291
552 810
951 167
596 756
1073 710
819 284
713 388
508 464
534 372
380 221
841 699
478 685
544 479
749 749
830 541
387 380
635 733
987 868
799 211
41 985
448 681
480 490
58 941
459 641
628 141
96 65
902 700
209 937
753 901
788 46
1096 1123
141 737
312 349
882 879
436 980
651 872
233 162
658 740
761 573
413 757
371 431
739 474
857 1078
956 1014
218 1062
132 1015
608 561
129 560
150 620
1003 217
725 289
785 132
564 299
690 325
250 483
290 949
1106 642
452 106
140 295
999 983
516 712
773 1102
449 495
935 109
331 126
680 216
233 1044
759 449
885 435
294 647
228 705
512 28
416 174
461 312
480 993
718 913
546 241
911 358
980 905
71 485
162 767
623 281
387 308
905 673
637 35
664 964
851 683
152 543
995 1020
365 183
163 779
284 321
823 235
730 391
482 704
734 861
818 467
522 229
801 153
650 370
1079 763
302 553
944 521
978 503
162 947
828 961
319 719
684 921
209 809
1086 847
178 800
790 382
757 534
743 125
1066 725
977 489
860 600
178 478
751 324
94 587
358 699
139 586
918 436
691 911
613 137
899 506
353 108
468 240
1052 399
352 765
785 738
723 392
845 494
234 778
785 406
481 851
950 958
544 48
434 364
1110 683
397 526
737 285
354 500
705 635
951 229
924 537
371 416
517 547
314 132
512 470
287 238
161 779
829 608
668 614
412 266
745 495
307 646
1056 669
127 989
1051 614
601 31
594 1004
38 633
847 898
941 919
667 965
647 558
232 197
286 204
503 967
697 503
296 801
304 225
761 228
253 141
716 442
476 184
236 88
820 212
209 194
301 564
931 233
356 233
608 268
292 715
1114 37
567 411
596 331
341 263
866 506
891 657
662 832
1013 773
193 613
675 1118
820 533
482 247
1088 394
324 989
807 1097
789 353
339 965
409 369
71 635
610 736
165 1040
490 107
1095 221
1009 1056
993 226
635 918
522 1100
373 232
250 417
816 118
432 835
446 345
396 818
1003 676
74 1080
1073 597
536 368
927 865
1018 508
869 240
276 515
709 771
81 870
333 578
217 425
48 535
930 688
991 636
307 362
47 730
690 1054
499 846
229 694
107 835
1014 259
474 524
802 867
955 375
19 513
423 146
773 380
331 724
763 811
1000 591
666 610
181 603
929 650
520 424
722 491
855 502
645 605
42 862
211 68
206 314
154 208
726 668
486 7
996 789
590 1035
444 923
648 503
541 1094
389 1007
229 360
585 1089
1 995
346 654
486 687
392 283
668 971
300 801
515 954
676 301
622 835
835 1015
8 744
668 283
18 802
665 408
179 602
897 0
548 974
121 1055
653 869
1015 272
911 950
271 670
671 122
488 484
914 88
950 409
236 575
280 813
382 758
945 392
811 903
706 624
809 766
410 346
1108 1111
905 843
168 100
918 38
714 415
888 391
549 502
603 808
568 967
995 154
713 279
880 393
932 912
980 665
227 258
1045 965
707 510
919 756
612 1015
569 592
425 348
989 129
136 185
218 907
623 616
157 197
153 384
452 135
69 932
510 943
997 353
162 1034
534 660
303 1093
983 193
400 669
1083 385
640 310
1009 264
915 411
889 267
966 446
659 314
104 141
259 148
922 76
300 1018
870 719
79 431
795 814
205 266
919 348
529 654
711 504
685 843
367 590
1089 663
550 139
166 803
176 617
448 582
576 316
479 446
1031 189
342 853
33 1123
943 684
346 902
384 730
92 782
255 1003
796 353
397 534
133 332
823 162
960 931
259 165
102 517
157 566
326 317
440 1123
899 768
1089 669
545 203
879 324
870 787
922 124
575 103
231 973
691 628
493 799
336 286
340 237
917 1113
344 480
12 179
107 462
672 184
42 806
308 723
197 950
844 956
295 684
581 954
1015 452
97 1092
752 1027
293 326
163 697
293 609
1079 269
859 1036
246 462
423 476
55 131
475 838
802 1048
1016 338
897 4
520 721
993 262
181 2
934 181
945 45
713 722
735 581
484 838
193 301
737 331
746 645
719 830
863 972
373 407
145 526
529 561
830 487
624 952
1024 829
316 669
657 380
407 869
345 738
869 425
292 256
392 301
304 617
741 105
262 934
168 584
255 876
689 1111
909 528
361 964
939 58
1050 803
838 216
973 828
492 598
217 618
406 874
172 844
345 246
904 101
537 169
975 999
106 900
406 1019
435 294
411 785
620 33
929 507
650 323
837 221
721 541
423 393
446 470
1080 450
997 307
313 1057
861 695
357 893
506 608
14 878
583 466
328 1033
109 1052
128 427
691 1110
822 1043
766 96
823 912
71 170
758 499
484 49
470 630
1088 959
19 131
535 784
803 304
677 681
599 784
284 332
798 392
527 984
494 108
1085 839
1116 743
651 593
188 731
382 815
884 857
684 148
119 744
1001 248
564 713
696 789
309 1106
675 547
958 908
980 311
500 152
389 357
446 503
469 847
69 576
940 163
540 175
284 947
641 148
985 1088
830 348
678 271
777 755
1001 993
432 578
328 598
465 822
270 929
794 807
193 686
899 907
980 949
469 484
423 636
348 393
589 180
239 707
802 829
1014 543
1046 974
725 50
949 884
1036 1033
1071 783
472 223
195 309
915 705
999 352
680 503
43 351
496 355
750 911
737 115
1032 473
460 508
274 666
725 716
950 1081
814 662
338 181
971 391
671 1005
204 206
902 850
366 180
275 278
258 431
549 587
957 942
65 728
268 692
773 547
286 837
151 1100
446 424
206 455
412 904
781 767
359 872
303 557
684 387
771 361
732 297
952 514
281 2
159 405
926 875
727 347
531 442
412 855
581 964
475 109
1040 329
50 785
873 888
940 839
284 972
815 878
370 217
881 700
878 202
223 728
753 845
744 546
480 882
185 256
843 843
113 676
114 752
96 557
299 309
451 537
197 211
755 684
1119 114
278 394
356 623
1001 565
167 159
864 355
105 502
822 857
855 263
601 788
948 428
596 216
566 919
966 210
431 169
571 248
748 57
945 694
947 344
690 361
233 299
599 514
342 1016
603 151
241 110
393 870
221 286
655 1021
530 1031
76 296
996 406
1067 973
737 192
329 1020
568 186
212 873
798 631
309 1010
468 1046
4 580
317 134
586 480
619 654
503 642
564 107
196 309
873 724
883 692
432 438
230 10
934 151
381 15
820 911
1010 400
547 237
306 760
364 1044
948 545
603 712
286 81
617 349
1016 942
1097 158
508 479
888 445
655 771
731 969
243 623
76 661
695 37
466 261
735 147
707 1061
912 561
533 342
694 912
472 165
175 803
183 776
36 212
511 144
654 953
903 884
252 198
528 886
274 834
329 805
800 518
398 744
932 1089
300 186
285 104
660 490
433 748
578 847
568 484
100 581
1034 627
389 285
966 986
103 537
941 422
747 855
218 286
771 1095
810 667
73 570
402 897
410 307
766 897
848 134
897 216
1038 8
43 780
893 277
567 1121
1085 356
694 152
387 34
951 862
259 1065
552 774
402 422
848 387
161 810
526 718
485 233
838 1101
314 764
345 894
138 988
150 263
697 65
127 843
792 505
53 292
574 622
776 63
934 227
161 789
130 935
449 989
509 653
206 527
113 1078
637 899
955 762
559 752
640 600
463 220
435 291
922 738
403 792
465 602
779 90
824 447
514 802
224 142
811 584
867 667
570 824
189 803
145 914
1122 967
667 79
69 119
474 382
924 526
179 683
938 1053
928 108
793 908
539 976
561 42
719 93
584 337
680 489
578 431
321 235
535 434
913 849
547 836
632 402
62 1072
247 755
925 978
1047 76
508 961
866 1053
125 414
923 473
208 162
933 120
885 881
115 294
866 458
495 803
696 618
563 722
12 162
328 885
1089 672
579 1047
825 229
54 238
653 385
521 310
117 326
1110 671
764 997
642 416
315 487
57 462
876 787
788 389
994 738
59 723
862 708
717 636
156 869
150 925
807 761
544 943
462 268
228 807
992 788
726 844
954 177
246 1019
247 613
293 137
500 66
817 12
76 210
122 774
834 36
641 578
733 303
214 222
727 759
1112 933
42 848
394 134
155 640
302 722
897 393
137 699
198 121
346 626
1059 1073
661 180
369 427
287 789
797 414
874 367
1080 163
185 289
737 224
148 720
939 235
1007 121
866 423
233 388
100 268
277 186
171 809
454 371
766 709
672 508
1033 117
348 202
613 962
558 559
268 607
513 222
304 28
314 537
266 932
787 588
886 737
984 493
1069 578
1010 938
1018 982
23 912
264 981
955 754
890 29
226 1035
277 386
730 587
592 952
794 123
282 653
584 633
460 100
819 419
607 825
323 1118
1035 841
20 186
426 146
264 634
804 970
443 957
867 493
449 378
633 954
790 871
208 488
722 885
986 421
427 166
426 802
611 545
819 643
640 656
22 680
850 425
197 138
224 960
414 968
750 420
853 601
725 707
533 733
698 679
829 589
459 290
727 697
1109 817
332 752
696 1020
1078 710
1004 573
654 619
923 642
750 672
532 737
386 572
901 121
274 343
806 376
371 187
595 484
780 551
828 214
652 756
111 711
817 653
125 191
616 745
990 491
187 306
273 476
1002 862
775 1105
853 565
449 334
825 114
285 367
147 883
635 258
577 1018
908 677
695 261
722 581
685 369
326 893
877 429
636 780
764 291