466 990
398 710
585 508
761 987
520 288
492 173
882 10
607 504
995 334
339 486
419 510
126 407
743 782
234 801
891 824
4 493
285 98
161 198
84 189
1 597
929 306
7 367
353 257
204 123
705 314
1002 937
243 630
1008 548
616 350
267 82
964 551
467 817
949 963
487 284
378 581
366 938
940 178
1087 566
91 835
307 618
344 361
193 603
48 808
1117 890
543 73
508 931
999 534
984 182
41 952
824 60
1060 594
854 753
690 578
796 730
360 826
635 622
1002 128
62 730
101 607
842 348
655 544
183 794
331 689
275 900
236 92
100 22
598 375
179 363
314 969
1062 344
402 474
826 815
448 1066
1035 280
151 162
1008 879
556 921
851 298
709 58
991 739
485 885
51 957
1033 113
155 935
973 598
741 361
478 529
615 853
801 716
910 242
974 931
294 688
989 957
471 27
253 506
646 122
353 26
365 602
326 312
556 543
754 995
994 789
855 309
538 391
1080 623
369 377
656 767
695 712
447 37
365 342
312 1016
923 242
648 261
731 1096
898 84
525 154
700 800
547 430
771 64
399 111
558 284
27 818
876 383
845 744
505 177
524 22
150 964
130 786
427 1023
539 233
458 408
914 310
127 500
433 379
164 481
942 802
900 667
820 616
996 160
1079 774
0 328
844 422
137 379
627 292
393 493
366 503
645 842
1074 959
290 584
597 406
495 397
491 764
395 241
36 729
927 1098
809 754
1013 466
597 1036
280 973
327 398
151 727
317 668
568 262
483 569
994 763
981 822
134 799
866 1010
643 203
915 791
1100 773
127 172
97 1024
255 688
248 578
360 185
606 551
558 587
651 512
652 535
476 781
763 894
86 267
192 60
699 845
689 1066
1100 1113
57 215
722 608
258 165
815 921
787 366
613 85
595 243
187 130
845 800
643 846
141 662
438 1070
359 644
470 673
742 980
394 909
255 544
995 564
726 169
709 647
144 562
135 584
859 411
72 900
206 236
106 648
533 165
607 507
1100 255
509 1004
938 928
427 812
661 472
258 411
67 718
707 935
660 1008
854 378
13 148
209 578
1024 634
804 279
954 468
116 897
780 937
185 1018
293 181
990 37
967 934
185 199
786 209
935 842
877 783
865 286
819 989
300 465
713 666
825 903
292 752
866 924
141 983
913 659
936 1085
261 1005
829 171
519 173
281 795
876 822
709 533
923 977
876 640
352 620
870 895
304 341
698 562
256 703
641 529
14 571
113 827
905 608
156 575
521 85
289 105
891 1013
602 1037
1003 859
1016 298
328 39
555 581
401 995
614 278
391 302
654 704
1014 317
34 126
370 925
410 226
237 579
403 206
871 9
790 959
926 79
807 380
872 602
861 878
230 281
463 437
928 706
790 685
22 160
1065 269
202 555
125 229
45 963
949 176
739 187
380 497
585 155
801 640
359 455
578 1098
948 836
1053 1046
551 497
452 142
689 364
856 492
918 145
567 1021
684 1094
33 1018
972 472
407 907
885 1012
350 323
337 763
548 906
156 480
281 721
131 265
252 763
430 875
109 97
159 547
998 948
754 948
157 743
351 744
81 311
682 593
702 251
317 693
654 690
481 948
713 927
361 293
690 703
378 546
906 59
591 222
8 802
902 502
451 928
922 875
953 634
879 156
881 725
933 481
507 663
166 663
406 648
896 686
385 767
1050 1083
374 642
270 789
731 16
753 755
234 76
270 276
887 864
94 139
520 333
460 994
129 294
89 425
488 733
677 888
83 1090
537 1117
321 181
95 1007
422 308
954 660
74 192
550 383
183 302
970 969
169 439
347 1071
291 1033
794 793
872 995
576 177
728 964
730 143
218 933
146 64
605 1045
106 54
267 545
1105 352
733 619
625 428
326 67
413 733
749 383
859 673
316 37
298 994
694 169
1094 669
995 1113
230 132
68 719
1102 822
437 921
410 852
401 739
890 813
749 228
521 295
475 358
1081 778
718 157
665 889
1102 669
43 651
643 789
681 921
678 895
925 1113
176 816
680 299
480 859
600 257
104 118
953 167
128 816
541 336
388 455
732 490
588 373
970 609
138 287
35 8
1070 462
817 46
276 664
120 1067
844 477
681 68
469 264
688 1032
199 1006
300 639
296 124
1077 1042
248 201
268 105
953 680
858 66
297 356
497 503
857 24
113 349
266 750
916 460
110 731
489 240
525 863
1021 693
576 168
1021 868
155 834
158 171
1078 465
184 143
384 946
1081 636
439 571
808 834
355 856
989 275
818 247
363 1043
251 602
32 114
502 303
101 444
379 440
705 879
946 196
930 408
1011 772
409 500
502 699
463 910
337 612
383 845
232 458
318 647
1089 103
541 414
881 867
205 911
926 67
962 635
525 293
959 602
158 232
150 870
479 685
877 987
770 921
528 742
1114 1033
442 135
995 441
637 873
153 903
682 426
178 906
202 984
776 131
573 158
202 416
955 629
824 1048
577 188
216 318
749 194
1103 208
41 551
810 364
382 485
406 451
394 427
609 440
443 1104
873 803
897 767
649 441
398 37
891 323
944 310
617 475
1047 1102
887 960
769 164
348 778
1115 207
560 260
112 324
358 961
868 263
674 400
497 743
172 287
689 451
350 398
101 146
508 763
651 365
938 302
1117 662
583 715
829 713
559 290
630 485
404 558
519 298
385 203
1111 445
796 869
345 444
443 468
1073 980
472 98
370 139
784 404
527 938
933 703
653 640
571 661
657 277
149 954
910 220
200 704
889 500
535 49
584 799
760 1033
211 1092
71 91
336 140
225 34
166 840
144 423
754 906
892 421
976 182
520 762
1122 904
158 341
449 468
763 612
587 45
495 351
455 305
912 107
830 844
286 652
802 217
34 600
147 936
762 528
436 1041
213 117
430 662
730 889
922 944
891 982
281 456
871 30
746 441
507 670
435 659
213 1057
789 447
773 1116
251 847
958 386
626 38
620 328
402 238
230 139
550 644
807 710
11 501
680 398
837 588
164 1112
876 948
287 41
636 882
936 228
794 326
462 288
177 196
17 533
252 373
1121 248
719 282
486 734
522 629
890 183
479 627
843 772
187 812
1061 722
1002 517
559 885
217 586
307 442
424 308
524 265
1107 599
315 486
957 782
826 965
113 1001
212 205
427 812
1004 425
572 706
477 803
93 463
482 866
801 367
726 468
823 470
165 968
449 410
220 127
667 275
222 715
361 569
992 106
1020 1096
156 717
885 221
1001 191
869 280
521 115
1015 380
797 406
525 793
489 893
231 325
772 742
428 689
26 935
294 331
678 1114
379 335
233 955
892 387
271 321
259 442
592 253
892 143
722 428
779 1094
438 718
307 964
923 426
251 827
354 74
655 266
1084 1059
867 993
520 122
816 672
929 734
629 112
535 162
543 89
188 662
646 285
757 485
909 123
201 399
243 173
710 92
512 347
619 375
692 814
578 433
195 508
566 3
546 1076
518 266
939 43
322 927
109 890
727 103
379 211
415 959
246 145
47 1115
419 624
763 639
253 702
145 395
1052 715
757 391
847 145
977 989
264 493
846 240
865 978
190 384
133 691
203 352
172 366
667 738
681 855
933 355
596 209
291 268
249 936
1112 867
931 588
85 707
1009 574
903 172
855 242
600 468
564 358
174 923
322 694
179 442
1021 211
607 1099
555 538
846 701
686 603
702 442
107 188
1080 868
580 733
1045 266
209 632
1091 413
1039 179
449 920
800 668
904 22
307 938
626 351
671 952
972 9
288 890
727 487
540 371
271 622
693 476
480 861
220 1046
361 420
927 703
898 639
423 1086
236 897
965 788
311 710
375 471
756 468
862 240
635 785
191 1071
339 1052
843 619
336 510
596 828
569 159
620 695
699 378
680 996
285 404
662 641
980 681
467 923
209 936
284 33
978 271
92 681
154 125
783 938
109 430
163 369
1115 312
351 190
50 1101
804 267
133 173
1108 474
1043 357
802 402
589 79
482 1018
532 781
332 556
606 313
551 982
767 891
32 708
618 147
797 575
177 62
708 133
510 830
788 262
91 536
238 837
1035 77
313 221
834 897
674 546
310 625
957 130
1071 803
766 554
604 397
175 770
255 575
950 667
446 701
465 676
756 714
992 786
67 555
443 904
546 198
493 498
925 58
834 606
547 173
155 1022
660 699
926 205
484 943
569 960
811 178
882 631
1013 557
414 45
461 1075
171 448
381 574
302 261
289 541
726 849
740 818
1063 564
858 710
656 843
912 469
731 346
728 119
404 141
296 723
711 690
481 491
196 109
548 931
756 706
265 212
232 324
571 388
733 380
635 1110
240 866
147 324
36 1000
577 979
804 534
84 1018
866 851
323 1021
731 935
197 1054
64 657
669 1070
450 542
14 731
869 285
1109 612
324 793
1005 953
1051 915
806 405
453 763
945 768
214 407
360 272
1021 1111
522 728
912 341
929 300
856 967
967 602
436 133
977 598
277 378
766 896
742 768
547 327
427 802
327 450
1080 129
150 299
849 18
857 759
25 993
1001 547
559 608
396 685
682 317
131 964
77 44
654 449
111 132
428 302
151 876
895 615
560 343
394 919
266 197
724 931
821 695
749 669
520 256
455 84
1017 595
872 344
333 473
109 931
92 390
977 524
273 51
95 132
57 620
305 251
568 1077
890 1030
106 319
801 651
455 551
415 154
382 699
870 440