361 61
965 785
461 974
462 880
383 829
802 251
665 850
113 293
620 873
99 251
873 417
29 347
764 689
659 876
675 151
574 101
1009 942
383 375
340 985
643 1086
425 446
1015 307
921 744
290 95
725 986
729 923
155 612
659 630
433 330
358 807
522 833
205 168
919 667
339 174
930 289
500 382
406 112
794 192
553 398
861 407
445 542
702 914
711 276
721 1094
210 910
522 326
135 764
763 638
407 1007
523 244
434 893
873 243
462 64
945 31
680 203
527 883
631 411
819 753
90 941
143 343
840 357
584 859
917 818
834 107
281 15
1030 477
907 641
1030 881
386 657
1062 670
973 142
382 156
354 953
1118 502
445 950
550 21
456 696
998 857
530 165
1004 634
290 741
324 790
309 229
383 858
316 1017
1120 101
255 332
944 137
105 608
984 491
370 953
1100 147
173 343
173 904
775 609
875 112
410 936
300 936
264 240
205 1052
1005 1079
903 412
633 479
595 227
280 216
370 92
968 412
90 631
734 760
310 1041
380 717
901 409
478 977
608 66
78 539
578 524
1077 309
387 619
1003 362
785 131
303 682
498 594
226 585
317 362
1010 675
135 816
354 81
240 1113
417 309
607 152
893 958
967 812
3 738
668 565
820 373
164 527
383 702
545 171
103 507
411 107
328 243
970 237
772 342
1030 284
93 320
1009 198
670 1056
953 585
760 271
666 331
261 353
934 1072
74 891
256 221
68 200
518 284
530 583
629 849
338 256
126 422
408 873
390 556
1003 538
586 544
515 955
325 1014
573 118
910 415
729 617
454 997
414 1044
656 300
173 142
594 207
565 989
60 578
221 135
751 980
213 617
356 338
911 1005
613 975
140 418
500 66
883 1104
146 780
992 181
311 234
913 320
168 940
597 374
84 629
434 834
850 779
1018 159
898 782
557 1049
290 909
980 1083
336 161
579 1049
558 864
235 806
293 1023
332 173
1086 73
367 139
782 587
142 722
480 211
818 635
183 102
220 410
933 887
41 827
1082 933
114 171
865 489
750 784
52 531
101 702
350 770
235 615
690 808
828 847
1001 608
308 563
749 921
194 308
596 461
57 580
42 535
356 238
243 70
593 764
923 717
869 720
975 585
722 952
392 822
531 1043
558 732
711 918
191 198
456 204
472 661
269 1010
820 492
768 971
1076 746
951 923
1022 398
14 616
553 593
277 159
472 670
154 898
165 365
131 806
709 412
513 851
282 295
167 172
768 720
114 1064
508 917
713 640
325 814
594 979
724 354
851 611
490 7
236 471
696 751
350 251
251 1111
234 770
128 636
288 218
430 231
1121 111
635 146
404 276
880 621
22 536
232 538
595 277
6 535
332 219
638 369
357 972
1033 190
320 104
180 667
623 114
267 971
1109 743
657 777
539 190
1019 755
262 593
221 949
893 373
629 889
1013 898
934 308
430 35
799 614
810 327
413 317
1019 308
857 69
23 921
702 1058
5 123
46 104
57 326
235 93
250 973
893 756
573 168
250 940
576 338
37 593
211 372
866 436
191 559
458 891
618 364
490 33
129 244
189 924
936 229
731 568
688 803
360 80
577 482
505 1078
804 416
763 334
427 503
173 637
976 62
516 501
414 840
1014 854
625 81
825 189
182 783
115 538
863 6
636 531
243 491
835 351
97 523
558 855
59 331
261 1009
151 970
745 494
211 22
160 164
380 612
308 751
912 774
892 554
524 660
259 840
15 937
455 1116
978 864
576 154
437 990
946 536
749 314
863 634
500 254
178 503
497 150
811 1016
915 984
367 123
172 257
855 695
360 1075
919 969
1018 290
710 442
632 913
284 643
772 580
408 884
555 549
242 400
655 78
203 78
742 1012
914 203
656 330
902 294
1037 450
178 807
148 617
569 882
896 609
939 380
595 872
827 209
287 311
554 185
517 756
246 900
453 188
127 257
909 508
615 381
804 337
657 381
424 750
48 1110
266 347
135 698
446 386
551 828
441 730
520 673
888 229
918 983
733 761
429 859
351 382
166 102
817 947
1042 507
829 823
614 789
873 194
24 725
499 563
326 893
670 502
166 806
1107 683
117 1123
714 1056
675 513
748 1078
959 870
335 131
1022 962
234 765
389 342
881 42
391 464
263 721
967 185
727 981
659 343
119 652
493 709
526 825
459 794
469 660
582 137
1012 168
285 474
1036 344
572 156
521 577
378 375
757 963
850 890
1005 1084
150 441
949 208
297 558
438 286
940 123
778 564
415 788
477 267
864 933
676 118
626 770
599 239
858 10
287 369
199 761
645 307
529 374
461 353
209 662
863 664
366 329
810 971
246 719
651 546
533 106
833 633
709 85
765 540
16 500
140 1092
658 603
524 645
379 887
910 1082
553 972
305 1052
409 921
60 374
307 100
269 552
893 409
740 664
296 665
488 170
578 409
580 598
252 763
776 568
852 1024
443 612
873 378
798 636
661 690
413 128
934 121
484 178
769 645
285 999
1023 153
452 917
282 331
848 758
1099 1007
898 595
300 87
1019 701
117 573
1041 565
490 220
598 759
163 951
685 794
528 170
797 126
758 347
611 1001
862 337
382 537
200 993
991 322
372 685
635 684
1121 112
164 364
192 704
367 761
231 710
575 854
201 298
478 676
1065 656
387 964
792 1094
899 493
700 375
518 616
594 803
418 921
117 529
768 805
159 1028
495 950
240 589
1058 657
662 735
1016 627
560 136
9 934
335 804
320 442
621 858
70 816
687 768
213 749
141 499
24 682
1008 753
360 182
603 373
1007 96
774 704
454 421
136 964
543 375
395 960
357 1006
480 1074
864 642
435 657
1118 825
565 202
725 513
329 805
1008 508
881 359
235 430
65 652
765 373
983 353
792 800
595 1041
721 530
1066 679
317 164
943 700
580 1010
626 1055
812 493
115 680
246 207
901 520
719 209
311 864
276 619
786 299
892 559
881 95
858 180
578 849
779 1121
401 876
941 349
1014 1036
568 523
439 449
667 512
442 675
292 608
503 240
1046 700
1074 293
978 926
908 674
623 201
155 774
777 190
1059 384
329 1114
1034 601
736 270
987 259
921 684
894 767
881 1094
132 855
1033 771
845 28
163 669
460 856
280 172
539 577
391 836
611 619
631 197
747 179
1026 642
921 214
344 6
440 548
319 568
507 843
245 236
705 205
140 588
954 211
150 81
777 441
455 732
907 814
548 785
215 37
963 683
104 333
685 1066
940 858
533 1071
1093 998
658 992
820 473
468 961
284 656
324 231
941 903
980 622
953 594
244 902
120 372
217 679
15 37
63 842
17 295
587 788
290 586
475 737
188 622
410 4
603 995
215 1002
115 1024
439 127
223 256
277 172
305 643
454 935
1096 444
342 236
321 790
1002 975
946 588
338 646
976 456
453 617
351 930
696 814
311 1054
246 795
76 476
712 225
558 282
273 440
778 622
185 594
455 1038
540 629
486 788
85 356
520 628
275 876
977 535
32 724
685 170
793 616
576 118
605 395
362 303
489 295
1053 176
786 778
652 1015
915 1010
268 969
122 752
219 539
341 22
215 1113
192 908
637 138
107 656
603 529
245 1044
47 1097
228 288
713 178
711 670
434 89
172 525
358 679
456 656
227 613
96 600
1083 416
632 80
99 1094
558 408
781 983
569 484
964 749
865 172
982 189
888 207
422 443
144 813
658 849
345 937
539 83
795 1041
451 271
503 392
247 968
559 521
750 750
532 1121
369 221
406 780
796 921
489 741
848 869
387 681
514 268
818 970
299 897
1091 130
793 338
30 925
946 983
407 170
870 1058
239 245
638 805
722 207
771 719
827 879
129 353
876 363
644 265
589 432
135 444
1023 401
803 772
668 758
554 489
265 711
245 1012
11 263
51 651
87 253
403 165
628 753
223 597
201 1115
834 591
689 840
76 130
122 943
171 799
338 712
728 474
622 228
172 942
697 203
985 497
792 814
772 902
807 980
1015 747
1051 47
803 895
725 1019
548 50
154 303
248 888
751 788
1109 111
435 265
825 799
313 327
694 798
120 67
815 343
359 126
718 682
370 610
551 693
964 651
884 571
1052 723
498 11
1038 170
891 192
1049 641
253 676
792 975
959 1056
766 428
218 96
477 892
267 985
1101 841
950 422
533 1103
304 242
904 976
1 273
855 721
820 248
302 722
625 494
190 74
825 387
761 695
623 705
494 848
557 673
523 1022
872 979
449 705
337 338
871 750
333 342
869 235
851 698
119 228
955 517
911 844
878 139
901 998
676 640
581 547
594 938
467 360
557 1035
763 616
873 317
75 961
766 223
928 339
976 819
892 928
429 1002
344 401
1020 195
713 513
595 849
691 607
365 923
1002 111
717 405
417 534
354 603
670 851
220 65
196 138
450 792
296 493
261 231
286 643
1109 113
825 447
994 837
577 200
194 798
394 11
904 929
456 335
599 315
718 310
751 822
36 1093
807 753
31 691
493 1035
647 391
831 543
376 551
1067 538
1015 176
776 729
570 868
342 674
889 890
223 599
510 815
63 522
689 237
742 231
585 828
788 691
63 743
133 274
628 1052
485 312
338 917
741 885
112 1093
927 449
699 1023
376 374
1042 456
341 231
369 745
623 403
912 845
930 1107
687 833
718 726
386 651
648 904
504 386
1024 410
506 721
596 37
919 582
201 1007
306 897
439 238
1062 673
774 923