104 621
188 247
569 904
117 139
1049 344
378 641
15 1085
291 29
868 381
45 577
317 666
182 939
504 983
766 39
589 976
305 1100
787 116
802 450
818 243
871 135
937 996
323 885
20 869
428 632
219 876
518 781
845 351
650 779
844 177
339 836
467 108
982 311
923 708
240 447
320 1004
645 769
739 148
22 601
81 915
307 381
662 362
362 434
873 908
799 452
941 169
661 907
271 709
429 784
105 1095
373 755
1069 849
439 931
632 197
394 525
407 525
364 1012
232 1116
586 708
1016 921
664 863
356 200
941 463
654 494
218 189
290 995
537 555
158 42
125 93
839 979
375 151
401 803
435 705
952 603
436 640
141 477
737 854
824 6
289 147
856 586
1097 710
80 927
916 13
1085 243
382 507
257 646
421 234
686 604
328 593
165 158
626 211
184 160
730 368
336 301
123 1023
118 72
86 277
760 645
326 449
273 897
844 769
390 723
988 333
1081 631
276 361
288 801
842 626
426 481
811 844
513 602
546 192
554 814
538 113
967 60
1015 530
737 847
463 311
683 962
484 416
730 553
345 338
356 952
774 632
1118 551
772 667
252 318
253 851
973 1004
139 1104
930 366
111 319
536 198
389 722
664 429
389 1001
12 525
612 147
199 764
517 667
873 1065
77 806
714 163
1078 774
22 9
670 607
1042 800
927 344
157 420
279 348
579 276
136 540
685 629
466 566
852 933
582 808
810 252
995 771
361 6
116 2
620 597
508 191
672 859
797 484
282 122
393 502
145 478
179 810
454 292
489 130
1090 301
819 1084
416 219
860 442
660 952
159 103
708 208
387 31
177 359
82 1068
626 189
103 718
379 892
255 496
809 132
243 509
792 121
875 253
348 987
1073 517
1065 554
543 623
966 258
161 403
1069 205
831 947
78 690
398 693
479 100
933 142
617 765
311 114
785 482
110 147
335 822
763 939
219 828
924 877
13 602
1017 418
481 598
370 448
89 825
580 170
339 616
363 127
825 757
252 680
158 818
260 552
802 514
180 362
190 645
1086 439
232 845
702 744
15 710
85 934
764 217
223 583
518 263
155 792
887 537
652 679
464 830
1013 399
225 634
518 981
186 268
397 529
862 182
590 1033
3 39
518 959
538 249
941 339
602 857
332 254
606 170
1070 182
889 240
657 1003
161 691
1055 923
329 395
849 392
721 10
660 448
834 195
503 129
348 110
664 828
328 639
469 475
1004 1009
1066 1117
178 575
1033 617
220 488
233 612
662 594
498 405
317 342
948 212
855 959
695 837
751 894
203 485
231 608
0 950
692 606
200 294
497 818
771 82
728 306
579 944
435 864
856 179
336 996
798 429
710 582
710 898
788 626
425 790
862 740
404 920
202 592
892 504
259 581
528 614
749 282
212 214
904 1037
908 61
676 226
22 610
315 541
604 403
601 678
456 476
34 1012
649 200
671 563
278 891
574 91
353 451
81 176
146 503
221 698
980 670
700 470
740 171
991 333
417 491
835 441
675 633
538 928
535 612
828 109
554 598
297 224
956 539
657 858
24 194
505 334
858 1023
672 305
976 434
662 926
365 587
987 274
230 782
381 799
150 660
424 872
820 307
991 952
1003 907
1044 125
1038 714
966 433
580 867
61 340
743 574
839 90
496 1017
552 965
105 586
805 375
814 939
236 841
309 24
562 336
180 628
429 899
72 786
490 914
540 97
176 965
291 486
159 135
10 899
117 67
824 292
505 964
423 538
966 669
391 397
863 139
857 747
666 408
898 872
261 940
937 972
864 104
537 611
387 109
1083 499
613 724
943 291
597 718
569 406
945 489
627 125
1116 69
825 427
464 570
612 327
262 845
946 348
194 644
882 126
892 884
363 423
1059 34
791 547
969 713
445 1093
533 917
910 971
178 580
643 290
234 498
927 273
23 886
513 692
791 539
588 364
531 132
890 530
277 595
322 490
218 703
697 421
94 522
358 132
1001 735
393 306
825 822
281 1076
907 382
957 1020
872 520
245 328
203 485
553 913
808 431
981 623
621 595
806 991
815 943
689 813
392 913
522 227
846 538
111 364
1002 197
142 348
700 876
948 217
244 1121
966 664
413 596
137 314
564 647
285 281
1011 748
458 528
714 271
486 791
552 987
662 127
443 819
892 764
35 975
720 757
205 284
811 486
193 715
948 974
791 992
372 925
241 781
188 241
544 67
517 457
856 785
240 132
391 279
399 259
656 897
659 201
804 450
446 197
253 69
1040 495
1011 805
741 306
284 275
1121 349
1065 533
231 1056
734 873
711 259
1003 492
1007 287
287 770
864 247
960 538
697 1119
1076 22
799 831
278 260
662 1120
1116 1001
356 601
699 348
364 338
759 1100
865 207
356 928
836 462
632 1032
299 570
1065 106
59 663
527 569
203 190
263 159
833 879
857 1012
321 943
655 303
605 461
524 289
520 1004
537 28
854 861
176 761
144 139
777 699
563 607
699 89
466 573
591 702
941 968
464 835
576 805
919 377
200 870
352 336
519 844
917 327
1006 1102
962 1087
443 705
640 790
1083 789
539 925
338 745
239 599
818 166
297 667
981 292
485 415
454 325
668 668
666 895
350 706
306 693
272 309
144 643
97 323
290 294
409 726
146 741
770 252
56 851
823 1122
720 596
456 652
904 261
267 24
216 558
1105 330
268 627
199 187
643 842
618 839
808 1013
828 131
218 431
893 619
967 237
163 645
453 860
811 181
492 628
548 806
351 759
247 1011
194 945
637 974
12 958
363 463
685 501
779 717
1118 153
879 776
151 921
1074 226
764 229
791 979
684 20
495 815
214 755
983 388
30 444
173 195
451 214
168 511
225 0
241 686
430 592
352 574
112 386
303 173
1042 1078
183 894
302 237
115 921
173 610
100 1107
774 845
313 569
1028 588
616 513
812 104
343 881
178 992
983 1056
458 410
652 1027
337 26
653 144
460 545
440 916
716 722
615 834
548 991
974 609
444 326
54 187
262 1076
894 818
1078 525
534 150
557 786
848 791
766 245
129 1023
277 650
456 822
212 702
807 191
1087 524
387 949
817 878
885 438
624 680
53 858
1022 442
121 829
1 574
1018 617
194 945
691 465
137 338
168 312
875 789
1090 285
286 476
440 670
617 745
532 509
48 653
996 635
1011 174
45 218
463 326
645 258
667 567
1056 387
671 415
611 993
742 952
575 289
139 358
924 899
630 465
313 595
375 233
366 7
851 759
405 122
189 594
399 332
371 366
136 362
953 807
766 682
386 931
1008 509
589 894
399 716
82 767
648 259
862 845
123 562
507 289
165 588
773 906
34 431
109 316
865 157
670 875
644 235
997 811
768 633
844 602
962 225
1044 281
1002 245
843 277
443 1047
800 281
875 570
509 789
1102 145
244 779
965 1030
734 825
269 870
960 445
725 556
1008 580
917 280
435 889
587 398
1024 945
875 513
580 102
112 962
575 1009
1021 92
1094 421
645 572
233 302
619 387
764 258
919 541
577 120
509 785
585 709
722 1083
1100 392
156 876
629 717
534 1032
833 1020
854 980
170 78
305 807
480 637
816 682
760 674
472 262
520 484
9 553
465 901
36 353
414 259
82 448
781 985
784 527
445 211
598 1096
104 400
458 768
297 1064
203 681
1115 701
643 310
619 688
704 799
819 691
842 871
192 898
149 901
962 275
481 986
138 937
913 220
456 242
462 479
413 894
230 957
983 363
796 150
275 862
453 893
991 166
461 311
633 121
878 749
1059 789
406 840
960 389
280 1016
786 350
370 794
140 410
653 532
851 875
813 269
1000 775
593 1010
381 885
309 535
913 358
679 204
24 934
972 203
294 431
863 295
666 891
1087 299
191 304
1064 464
363 614
234 477
531 738
315 1008
685 457
777 658
72 915
257 414
801 949
682 687
470 837
900 236
880 657
444 457
1044 707
840 323
695 1035
942 986
794 760
241 776
599 505
209 623
342 268
971 396
998 332
549 631
535 506
589 142
776 359
370 476
1093 1056
619 48
819 659
631 14
1031 704
634 130
748 927
404 1011
27 730
876 403
247 825
293 899
482 896
259 476
939 646
346 414
528 227
1018 512
491 456
365 556
736 786
1049 253
814 114
1022 202
351 796
969 762
872 772
1093 442
765 233
152 442
927 694
1017 244
455 1075
953 991
739 318
602 591
431 989
807 170
870 873
756 602
490 514
747 76
53 912
429 260
865 1119
1045 656
301 639
311 632
409 935
847 332
815 126
301 385
379 327
91 3
257 813
545 1035
172 947
601 632
542 329
953 330
1094 1021
642 553
338 1001
817 784
230 798
283 717
839 194
16 533
972 212
796 478
217 614
681 197
1014 341
767 243
319 441
284 604
1029 866
742 136
1036 923
729 470
789 566
796 566
195 409
86 205
970 662
421 859
520 811
627 881
878 564
130 409
141 568
1 496
1076 843
1098 756
581 1021
491 433
120 174
995 394
284 67
573 823
284 368
934 470
1032 470
173 758
517 466
234 137
74 326
992 568
668 458
437 955
267 122
1005 858
566 379
111 1044
324 927
810 271
44 393
248 912
871 1037
920 603
292 218
835 74
687 651
105 594
262 979
560 387
1032 759
725 617
311 967
575 399
673 631
712 862
866 779
67 530
936 762
900 1068
394 624
652 355
673 951
375 129
680 215
408 1014
999 507