778 654
464 424
384 749
1051 773
701 973
568 628
416 175
902 896
267 422
196 411
1009 190
943 805
332 457
436 551
309 1049
271 905
983 478
574 829
951 958
305 701
1100 687
506 213
724 585
556 69
538 920
247 513
850 52
1066 921
703 642
436 564
519 634
147 679
596 748
551 299
854 732
1123 790
786 936
650 815
127 1106
1120 742
777 315
393 1123
979 853
313 692
293 1013
245 401
206 617
829 118
1034 670
588 518
937 90
249 835
760 161
1006 701
1107 256
230 283
615 375
834 581
1017 852
552 29
173 708
479 857
1009 688
890 764
36 496
907 248
791 655
571 780
230 896
272 901
498 109
146 1038
348 821
322 237
463 409
571 894
466 952
1066 437
793 980
416 710
529 837
718 730
484 963
881 903
228 560
598 986
844 1019
800 134
393 348
641 938
854 481
870 125
630 860
542 759
751 486
700 822
996 504
59 444
235 501
995 756
783 93
106 382
692 870
888 299
1117 180
831 900
735 139
453 1114
582 1022
723 915
248 422
1066 952
795 752
444 210
738 428
541 765
986 707
818 128
999 577
139 244
189 647
332 698
425 436
548 503
89 162
881 826
447 1115
159 178
660 789
632 183
966 571
923 328
1123 1065
632 668
772 573
1023 650
596 858
600 575
643 706
731 154
680 585
833 1046
630 531
285 143
377 799
342 417
536 227
369 677
26 293
899 987
380 844
690 149
581 309
395 240
819 287
534 461
1052 468
169 418
548 599
306 915
779 695
600 810
999 435
391 838
288 888
1083 1103
361 472
86 445
633 867
206 671
448 562
638 446
1104 180
930 519
978 1093
452 648
262 53
989 647
692 617
62 689
411 690
264 64
563 155
661 184
542 874
1095 1105
50 868
85 501
819 564
965 878
647 398
1017 534
754 400
149 615
412 907
572 560
434 973
242 934
341 952
554 178
883 50
224 232
405 614
468 1013
358 729
232 29
332 443
828 741
87 127
912 529
246 173
307 162
378 399
641 767
895 629
744 625
712 549
959 471
1034 109
724 898
286 874
213 479
809 461
713 412
187 284
846 200
252 1046
777 397
452 279
29 546
970 771
633 139
863 935
206 540
828 713
652 1086
323 149
338 878
805 780
231 803
937 831
823 409
881 960
288 683
847 279
238 280
223 788
376 442
133 228
564 579
247 740
287 809
490 380
1065 223
222 202
844 1093
167 864
996 973
624 742
835 966
599 1112
1020 183
211 837
985 712
637 256
728 401
893 1114
739 1003
14 743
305 248
17 546
583 968
556 948
891 274
512 161
181 242
889 367
1104 122
775 868
836 1000
659 296
412 596
631 969
287 437
16 972
1026 430
636 901
384 721
515 680
925 157
554 378
1000 242
829 356
400 876
1008 357
53 456
495 895
319 404
723 954
282 125
799 445
100 732
806 123
707 718
643 287
1075 1032
35 129
707 723
556 842
37 439
760 1016
704 906
54 562
649 783
976 222
594 19
976 120
671 396
258 516
213 706
997 645
891 1078
106 796
834 527
1016 991
536 897
400 23
489 218
848 612
490 442
188 712
882 631
900 1120
1003 261
355 1008
860 312
924 702
791 112
894 309
505 279
692 707
496 461
892 554
957 911
682 833
306 625
479 822
1118 836
363 378
688 442
284 456
5 726
951 230
461 162
62 167
108 402
841 421
308 431
650 1063
822 320
389 237
33 901
897 645
254 982
190 529
694 263
235 297
1064 387
521 979
495 737
448 616
483 295
1074 320
366 878
21 461
493 1062
750 468
735 510
228 722
1055 929
288 297
293 887
693 586
638 556
634 110
532 490
11 347
422 383
408 1115
709 386
902 251
383 105
14 604
325 285
345 389
23 753
126 454
325 207
26 1092
349 309
277 925
427 1117
808 233
765 795
1029 908
1120 616
272 546
210 722
520 366
513 943
287 1031
275 849
693 710
383 1027
353 138
595 293
258 586
854 598
208 121
305 792
616 988
1065 628
860 1056
764 117
679 496
884 730
454 330
443 751
402 922
665 827
1010 675
314 328
501 349
596 765
968 440
76 321
866 861
647 957
672 533
375 896
944 716
535 967
721 534
800 156
926 400
877 158
864 273
584 1026
841 205
781 871
440 805
331 149
226 467
418 453
187 215
813 405
593 746
360 570
332 115
788 0
890 499
305 598
862 285
204 447
151 258
353 245
107 327
71 154
146 459
162 181
68 204
849 816
1069 304
561 899
569 745
737 194
865 199
1007 649
458 470
109 67
215 516
184 322
585 752
922 1099
326 519
111 59
104 607
347 264
718 136
1057 168
166 735
973 803
515 592
525 405
297 254
493 535
141 955
227 401
197 617
50 1111
900 534
369 723
559 501
479 310
766 985
839 1068
919 298
802 571
575 852
613 771
261 986
199 1030
930 608
264 232
239 303
1074 222
980 953
721 714
675 555
644 735
127 524
293 826
279 581
955 979
454 195
430 143
401 122
835 1109
820 523
88 183
472 970
1097 504
309 894
949 74
714 866
620 653
669 1033
482 762
206 473
547 673
119 381
864 844
43 418
725 940
578 739
35 478
297 524
609 811
205 552
614 889
940 981
739 1000
929 598
726 148
990 484
1120 1069
937 588
786 1015
216 734
1089 693
93 239
818 756
767 574
217 459
315 1002
45 129
594 154
683 712
979 764
497 303
311 973
601 656
387 380
462 165
953 812
851 183
54 89
867 799
91 221
253 988
837 909
1072 904
964 1118
501 469
117 451
1019 500
316 583
462 1002
736 144
187 271
819 576
808 633
72 312
568 392
205 626
145 208
523 678
921 182
1059 169
617 950
855 630
756 1036
1050 133
859 748
752 1105
82 1100
175 950
518 485
26 117
279 426
902 974
873 113
765 119
238 432
100 542
999 789
828 631
20 156
434 718
72 547
748 107
601 279
257 928
566 416
227 759
938 167
896 825
253 595
997 781
1017 582
648 1027
344 664
1009 500
899 207
1041 171
553 594
119 426
25 899
208 642
513 1076
289 423
1112 455
197 716
997 888
180 612
129 706
542 316
1002 232
1077 369
753 460
187 665
206 320
894 147
874 333
472 551
249 683
357 412
457 183
858 831
154 175
915 555
206 544
257 949
259 478
603 503
391 186
156 319
684 933
600 776
372 905
729 658
944 616
906 813
396 429
920 564
718 555
363 72
648 110
224 171
1101 288
387 462
403 159
859 925
265 752
356 465
464 755
930 301
460 216
791 838
459 324
155 856
422 777
2 254
214 467
668 562
618 806
343 448
518 268
482 771
98 897
211 869
116 436
970 96
719 512
917 346
101 587
853 298
107 720
631 809
66 633
427 249
997 841
446 753
257 349
660 357
120 1074
516 916
282 840
1014 660
928 361
761 371
578 758
897 49
743 443
571 957
468 646
178 646
261 881
932 142
834 258
1084 778
1009 193
40 582
1048 771
591 237
462 857
1040 59
482 224
245 831
728 914
877 385
914 547
719 523
560 103
48 698
411 97
927 859
755 577
415 867
904 908
371 1017
911 475
513 888
550 843
1102 156
272 491
638 395
837 376
874 249
85 16
197 224
891 163
652 1109
1001 1053
152 299
433 247
488 833
810 952
402 577
468 319
254 455
1109 198
142 227
1045 173
246 302
760 758
50 713
642 750
451 640
270 569
526 128
331 523
909 803
743 1075
954 129
509 555
833 333
1010 500
386 221
1066 1002
694 797
933 513
824 1081
239 106
275 101
824 724
610 871
189 187
362 723
994 824
785 110
657 195
796 239
802 678
386 1013
909 1105
434 661
728 618
935 827
172 356
60 233
266 126
707 930
721 814
1104 400
999 494
501 640
305 149
456 262
315 250
547 653
516 794
535 735
165 727
830 919
480 409
1040 1015
624 111
140 464
174 909
490 163
442 731
101 927
603 510
719 805
384 120
1101 652
857 409
891 91
16 65
555 852
283 1023
844 203
530 1069
204 473
668 117
167 281
208 139
1120 258
673 113
153 644
825 179
517 833
850 293
831 888
806 16
407 762
141 368
962 206
640 92
773 934
771 132
978 568
707 452
270 340
25 989
505 361
530 359
598 607
441 385
857 498
453 714
486 337
254 62
372 370
718 937
720 798
427 246
605 777
992 973
160 875
237 599
895 719
363 567
241 43
276 724
816 348
730 588
255 418
823 301
108 105
504 869
420 41
493 1013
741 272
108 301
1012 193
636 665
42 653
17 201
949 688
653 141
959 871
906 568
271 628
982 359
689 508
1066 1038
424 688
127 935
806 405
857 241
563 137
942 839
395 996
330 1005
808 587
459 424
950 408
835 443
830 720
1052 530
425 499
828 713
919 131
602 565
138 357
753 348
687 352
682 935
851 574
123 924
979 5
662 558
500 416
943 376
238 763
498 87
323 853
187 449
966 975
535 455
738 485
110 312
247 270
858 488
765 840
152 519
671 495
182 85
79 671
364 925
1034 385
382 350
417 618
845 968
94 865
220 623
963 0
850 396
190 823
253 274
670 921
922 461
199 976
1011 568
566 363
776 460
444 73
938 591
618 1041
984 133
850 444
243 289
563 376
440 738
491 997
763 531
3 362
787 428
627 152
21 989
715 618
518 306
813 569
980 81
685 721
274 921
901 684
338 846
314 729
487 1
701 962
364 590
404 478
237 496
527 472
516 988
199 518
278 132