1065 918
355 333
999 431
369 384
685 237
1004 498
968 495
63 224
733 890
962 899
171 179
67 562
273 847
992 322
801 823
251 892
526 866
385 912
845 248
1092 932
97 398
264 112
883 463
560 1003
565 732
537 168
126 923
602 303
144 194
845 892
637 1110
974 932
974 342
322 661
290 130
987 931
844 270
729 176
1000 590
911 490
858 506
238 431
1111 917
846 401
663 306
644 919
769 1009
147 996
250 469
878 1084
896 904
893 926
861 732
999 518
828 606
628 263
690 1014
803 477
188 694
882 307
538 907
476 764
948 811
418 966
272 922
718 974
625 798
628 938
447 51
826 329
362 605
539 521
297 510
871 1027
152 614
129 477
515 410
796 230
1013 111
179 1073
826 412
552 56
328 475
235 649
708 545
315 704
979 63
464 774
228 982
138 927
657 385
617 156
1004 363
990 235
1023 325
810 782
249 309
1093 132
852 195
894 483
755 655
976 389
896 350
475 554
969 712
204 958
146 548
513 507
509 559
297 560
337 686
175 482
746 505
726 402
763 1058
1057 359
725 868
67 719
639 688
992 874
422 443
229 390
767 911
385 232
785 974
1061 766
252 93
130 823
146 469
433 606
129 178
312 847
753 648
602 742
427 657
591 255
447 278
253 797
383 722
193 1012
350 712
842 1054
1045 494
736 1108
380 556
936 957
705 137
523 681
230 483
511 264
109 640
493 400
603 836
364 692
63 609
761 606
779 319
945 75
835 371
527 323
220 761
1018 733
625 495
806 312
505 311
985 801
542 7
768 966
261 939
674 39
837 644
769 265
204 567
176 47
109 627
709 683
766 371
414 710
398 1122
1029 976
501 1113
687 534
373 583
465 585
800 82
359 105
152 482
933 609
548 253
768 467
957 433
1028 307
762 180
1022 998
555 880
956 506
450 81
715 988
473 137
237 144
667 323
316 599
576 889
910 633
411 916
937 316
644 115
902 389
1109 784
521 31
495 987
51 943
389 922
628 200
901 493
463 1093
186 934
703 997
582 156
522 782
441 703
276 510
971 620
161 136
619 371
607 774
551 250
263 185
552 161
754 597
79 34
906 1087
711 610
858 434
690 819
770 388
261 839
151 1090
431 187
547 546
256 578
640 963
314 583
718 748
702 842
173 473
926 803
36 118
679 95
947 617
395 900
567 799
519 408
108 591
749 166
242 702
910 695
508 561
347 73
1026 555
453 808
1037 425
652 582
996 928
452 134
52 818
218 816
323 865
846 382
905 194
236 509
672 35
412 585
235 862
104 759
213 28
483 325
794 649
586 299
785 105
579 735
643 657
488 188
412 20
848 646
952 420
641 164
864 215
864 466
373 639
200 299
749 846
384 90
988 390
402 258
501 1013
979 751
522 408
602 988
849 364
236 866
1008 551
446 775
1038 710
601 614
506 48
398 875
400 1085
817 695
859 606
780 273
215 286
691 770
72 419
472 215
585 242
569 1017
616 925
544 999
234 212
25 192
355 370
1097 588
1032 214
892 1116
32 190
658 456
1023 174
308 735
357 931
845 1099
390 832
350 1076
122 645
932 335
732 780
135 472
470 333
428 1043
128 1020
745 159
945 968
725 175
949 73
888 780
696 893
801 193
943 308
464 1018
701 518
999 424
692 245
304 660
829 483
862 315
404 67
184 481
472 692
949 166
453 120
870 722
563 600
23 746
980 632
630 266
937 93
498 856
262 822
649 1008
702 635
236 26
824 308
1058 786
603 726
678 170
492 613
1066 569
757 349
893 89
477 690
903 455
758 542
204 202
590 121
685 1103
267 452
940 761
464 97
1095 772
260 901
364 291
252 727
107 74
1014 436
920 204
982 148
739 927
748 133
424 544
569 196
991 780
754 627
933 980
776 905
431 123
409 644
268 631
442 357
433 685
375 1064
691 683
279 683
825 409
339 294
345 141
541 864
520 29
437 944
223 821
764 562
428 811
804 1018
657 1085
627 968
387 1033
326 760
528 605
268 442
547 184
836 60
755 172
1095 245
372 829
179 565
725 110
1056 80
785 475
940 342
768 341
645 713
908 6
828 791
254 757
753 904
293 970
1045 1116
241 206
416 681
330 593
723 166
203 453
856 320
710 289
568 404
970 540
285 925
240 204
193 867
957 476
14 1092
708 447
895 194
337 124
694 937
732 964
575 585
1050 917
1005 195
754 703
722 189
777 133
800 752
375 388
14 939
670 238
428 783
395 639
379 258
177 724
575 983
1002 1003
734 333
203 85
293 231
565 579
449 418
1061 63
125 982
234 854
961 53
225 1098
477 434
0 714
415 835
536 522
642 544
921 992
472 167
756 614
493 808
638 160
557 141
153 146
311 553
533 615
844 552
981 631
903 162
171 1025
965 1111
409 827
250 104
1118 473
733 894
96 183
806 243
888 180
318 378
251 749
604 146
953 99
837 177
443 167
352 882
1051 148
435 316
584 599
597 410
71 721
1045 252
837 33
374 1009
500 702
348 503
632 356
459 438
421 496
510 749
226 802
238 1119
710 913
307 976
204 742
630 667
550 926
320 1082
510 665
527 458
635 976
368 839
627 51
368 64
922 502
566 14
493 263
867 846
907 825
828 944
161 106
113 855
484 71
47 795
413 617
728 1061
404 481
320 508
229 1095
403 518
837 861
716 284
518 786
413 897
641 110
533 1039
816 655
654 690
397 822
776 231
945 462
428 133
1086 955
789 185
127 387
312 34
463 271
554 406
914 683
667 644
463 542
744 1011
739 250
789 152
72 564
580 1119
749 337
37 62
415 179
823 682
731 367
15 825
441 913
655 77
895 966
601 902
912 472
636 754
297 602
578 558
922 437
324 273
970 3
954 729
1110 466
239 745
672 408
960 375
84 236
1059 133
270 788
543 599
1011 861
825 1073
525 333
405 668
28 788
438 583
593 839
259 976
596 777
387 685
106 321
519 128
992 233
22 970
909 40
820 670
371 784
103 505
1088 419
554 651
197 1049
884 685
650 645
632 746
824 414
957 574
648 991
892 975
172 848
912 539
833 107
738 4
1010 1117
814 743
715 673
758 675
608 666
332 332
842 294
945 454
1011 612
612 1109
514 75
124 43
505 935
633 457
117 313
625 561
285 853
678 261
182 688
1083 908
964 657
520 594
222 598
362 558
292 1057
575 109
991 617
1005 266
790 1015
1009 988
618 944
371 259
336 992
279 24
158 314
582 973
171 309
111 885
429 403
1099 1063
1042 685
24 475
162 179
768 1096
102 265
1057 917
113 398
953 895
693 414
842 694
63 770
692 624
24 879
512 258
252 870
521 420
229 784
822 631
740 914
282 682
978 678
855 574
876 356
299 496
515 872
117 25
88 785
971 219
486 550
309 579
114 1093
922 621
134 635
385 646
470 877
641 328
769 177
724 390
770 679
265 968
915 637
449 138
699 977
981 1079
458 579
373 215
302 650
535 383
357 909
865 1060
434 172
1027 589
801 344
705 842
386 412
816 175
395 1006
951 531
763 938
281 845
785 172
600 365
47 699
285 37
205 326
478 391
281 951
1023 173
625 447
332 637
173 803
722 932
479 41
189 420
449 543
478 993
336 587
518 1026
262 108
982 829
934 399
896 758
276 996
348 418
321 399
927 1024
334 792
885 577
888 762
237 178
521 579
26 993
898 8
415 956
485 191
396 520
684 278
175 432
682 864
716 980
565 881
416 956
554 739
1103 740
204 483
526 355
314 468
924 752
729 713
779 466
197 797
321 558
517 366
595 674
137 948
502 634
818 588
369 731
430 856
902 310
116 521
919 480
126 542
1036 919
306 888
1035 688
828 850
487 343
648 92
916 943
591 512
22 654
905 265
529 642
191 925
257 776
243 746
706 325
188 392
426 352
437 557
957 556
24 924
865 298
677 618
666 973
200 398
128 566
762 655
656 345
358 860
959 391
208 110
614 306
434 634
350 818
423 574
234 320
781 132
246 535
740 94
974 850
252 639
220 540
877 454
222 749
427 144
446 959
826 638
843 866
561 570
1016 246
240 549
603 413
35 1119
496 216
645 619
278 339
1012 557
970 598
785 728
155 1093
375 163
69 115
198 810
809 510
974 276
524 49
219 921
958 994
597 937
570 316
193 95
412 596
696 398
214 876
712 969
71 421
301 252
904 433
725 992
856 814
826 175
1046 365
511 898
293 357
212 743
180 68
184 34
390 930
591 785
1097 327
763 805
882 342
122 772
535 580
413 769
352 325
340 883
451 338
598 713
694 334
127 274
518 396
754 469
62 123
252 623
617 416
307 977
628 128
967 1058
986 542
107 343
617 489
856 618
1013 967
99 838
603 709
958 514
164 738
193 182
235 230
24 18
379 398
181 246
957 522
85 446
413 797
129 431
1019 965
67 790
597 951
576 416
827 645
532 575
170 449
248 343
404 886
90 814
980 568
464 190
1045 484
373 321
293 285
725 266
367 223
935 546
804 1029
356 477
1085 764
298 353
965 651
265 640
323 462
399 965
874 343
837 973
1092 620
521 829
600 484
588 1074
635 490
752 564
284 446
909 937
907 735
445 507
855 743
275 392
1023 1046
634 677
1011 403
765 303
275 235
440 804
119 896
645 852
792 633
907 217
647 936
524 347
268 189
334 644
401 230
658 463
528 630
718 361
790 418