262 241
966 592
249 132
329 786
205 480
577 371
608 91
308 392
185 550
834 839
365 422
457 238
413 407
282 1047
865 605
116 1083
711 22
135 615
313 877
487 961
482 1119
553 725
314 730
77 962
721 956
277 107
528 566
826 639
1042 467
518 703
404 208
597 29
884 853
799 644
158 735
257 182
607 680
650 909
200 375
1096 563
808 112
884 522
185 767
1011 506
100 374
1070 428
275 298
980 283
149 406
142 842
305 354
875 289
109 853
300 164
889 334
350 871
566 680
293 65
486 582
156 64
166 616
764 951
741 478
313 366
948 448
52 229
283 638
609 930
838 966
871 503
152 848
273 547
788 958
1098 964
716 523
677 575
449 657
534 598
217 572
945 684
598 700
193 279
511 379
35 764
191 994
259 429
205 611
150 944
670 153
418 162
709 725
1014 971
251 513
422 467
420 395
218 690
517 880
1101 295
684 225
857 956
769 913
104 347
509 497
566 661
774 401
916 437
997 1014
1035 232
882 1066
691 1002
161 172
926 243
107 710
64 37
995 418
615 658
613 773
206 753
456 345
55 1115
1077 319
898 551
39 951
253 610
153 80
1092 329
529 911
875 503
684 167
147 404
372 1031
517 807
28 819
654 184
287 976
183 972
503 731
171 75
68 789
934 886
654 384
771 1043
835 366
491 507
687 920
364 669
480 248
824 827
223 803
14 910
876 369
372 747
883 618
223 451
66 221
371 325
376 597
855 639
659 606
956 1058
480 482
92 811
434 605
178 741
977 345
88 378
342 493
856 165
188 536
950 830
539 120
1033 125
852 467
872 480
878 960
968 23
360 621
356 29
753 125
956 839
889 88
290 741
164 490
742 477
208 940
32 183
1044 968
922 345
171 582
606 692
246 1009
638 688
875 160
738 743
934 929
147 17
614 899
54 737
118 786
981 544
725 1100
317 514
981 708
800 1000
516 1123
289 722
487 740
389 117
464 487
136 135
662 837
886 56
782 930
266 43
241 423
895 52
850 0
205 1089
1019 897
433 466
1000 838
26 808
404 1013
891 65
70 998
613 582
912 62
960 14
1104 643
88 727
893 757
155 895
557 900
312 16
902 314
839 191
136 1016
463 989
750 537
595 136
558 327
505 306
725 722
295 827
1091 552
231 940
741 355
385 621
133 1005
295 624
1032 264
505 598
249 946
841 283
405 427
949 5
115 177
875 976
432 841
826 990
404 113
1039 668
1049 662
189 579
345 530
808 150
560 883
703 1088
909 387
240 776
893 429
129 973
157 972
173 839
553 909
652 337
550 325
616 390
952 540
811 393
359 108
876 425
937 910
748 190
897 172
173 462
553 933
291 828
369 385
350 193
101 132
155 274
626 140
441 134
457 894
787 681
295 821
980 211
751 187
106 941
316 516
454 462
423 439
484 71
189 470
1022 356
1043 630
806 628
783 558
972 421
937 154
137 137
1055 1027
478 749
130 232
536 128
1117 811
5 346
722 829
778 806
964 1110
1053 860
882 685
713 299
549 532
617 617
97 1122
114 433
73 557
756 602
321 530
158 1093
469 521
337 188
274 160
222 643
720 838
555 200
211 687
504 704
333 37
166 413
835 604
516 748
42 669
701 341
578 646
812 703
579 135
785 140
285 583
937 659
872 112
1105 1052
373 708
708 533
1022 73
140 988
632 265
793 191
938 938
928 370
766 428
903 841
408 787
879 453
409 154
945 338
789 346
925 918
169 918
275 624
453 178
595 858
486 698
155 306
724 494
255 660
296 488
245 688
371 1024
402 225
98 2
319 228
862 526
376 1026
337 842
486 210
299 620
468 542
76 819
328 526
208 205
577 808
797 267
703 503
1116 204
194 493
225 230
156 356
460 597
131 102
982 555
997 795
785 58
677 956
380 255
626 156
850 307
190 1002
838 280
754 236
632 638
263 273
751 347
527 936
999 819
548 909
862 1108
1057 60
754 741
271 624
265 541
299 226
949 662
670 1007
52 349
44 401
883 528
361 943
701 527
59 602
822 371
772 642
665 79
620 514
125 216
987 66
924 350
485 359
914 942
609 996
376 402
790 1114
189 587
240 575
427 376
914 721
322 861
852 582
964 845
1040 1017
909 889
447 828
859 587
318 375
993 355
791 723
836 206
801 854
607 74
932 155
232 1021
471 931
914 761
123 195
306 673
39 461
228 909
997 462
1071 899
641 984
294 684
744 1001
401 345
1008 326
268 924
333 430
213 473
850 906
943 653
504 802
33 948
639 263
777 652
468 171
704 821
754 274
842 581
564 584
104 178
202 135
332 514
787 416
929 1020
75 848
510 34
477 168
993 1005
475 897
133 893
996 509
715 235
645 938
1113 835
556 965
976 358
253 523
934 1009
158 758
327 729
266 857
620 449
401 1062
1109 650
546 890
613 1060
204 64
440 995
598 493
890 125
246 859
978 731
964 611
162 1072
471 960
809 332
471 1070
318 818
332 504
293 231
834 154
928 652
902 593
912 210
549 674
562 620
211 184
117 123
115 821
383 892
292 72
590 714
762 1081
1021 443
310 206
414 675
530 209
591 488
169 569
580 470
730 846
282 313
556 913
208 200
590 553
377 482
591 330
958 814
863 66
1073 869
639 334
643 293
990 662
347 544
669 746
371 1079
453 634
809 685
423 3
175 340
157 233
429 165
286 499
130 236
866 431
995 825
391 931
891 470
834 122
666 795
746 684
996 451
827 210
412 492
174 703
633 104
680 284
676 153
347 488
616 852
1052 263
790 223
630 1004
179 552
178 444
107 952
521 551
767 352
1014 760
582 769
744 740
498 252
251 130
944 132
1037 735
1061 429
135 950
281 830
92 90
658 866
574 886
255 762
912 260
749 373
739 408
271 932
292 549
195 589
310 1010
250 197
315 1067
276 421
688 689
591 318
481 500
507 782
314 1095
949 431
984 916
404 106
603 983
532 443
724 669
842 114
1025 756
498 207
1007 73
375 197
156 161
161 455
694 702
540 648
611 982
324 199
537 1024
948 168
20 738
1110 945
703 558
312 1013
432 955
803 872
208 402
596 173
1017 702
408 611
681 1022
154 195
247 949
979 161
892 112
82 150
116 732
914 987
165 109
54 488
128 867
959 591
70 1038
182 168
493 1023
762 599
764 131
1119 646
927 794
279 960
567 288
633 668
802 590
753 339
638 130
962 145
699 623
547 918
121 334
425 353
611 701
404 939
781 1009
977 475
300 909
17 882
932 368
1080 291
349 450
630 79
946 405
91 427
295 645
342 621
145 886
548 847
695 784
936 747
270 885
951 329
388 679
842 702
233 59
166 469
1123 414
380 377
89 544
529 589
662 405
865 500
374 564
774 729
1024 928
800 58
613 719
730 568
277 713
330 712
544 373
105 244
775 651
1080 666
291 327
183 1016
710 345
301 104
912 798
934 103
572 789
935 259
148 139
262 378
694 610
222 659
400 592
765 972
857 306
41 198
216 739
501 635
605 799
159 861
519 819
753 1122
118 743
384 270
938 465
763 909
670 192
957 363
0 276
459 196
257 698
975 1001
505 541
296 1043
525 618
856 896
1028 1003
138 452
758 333
1015 545
855 326
138 69
679 486
320 1085
938 265
743 385
511 553
1095 1080
36 540
81 329
957 853
72 699
365 594
426 316
516 352
338 1000
250 632
309 284
1032 923
938 667
901 748
706 401
815 330
488 444
834 522
512 115
461 276
856 758
363 1068
808 748
100 1001
794 838
917 683
163 1021
921 718
386 579
345 486
101 762
729 195
747 158
124 269
819 805
229 886
369 273
967 208
882 168
747 189
727 581
439 363
643 880
166 393
337 464
750 1023
728 518
273 318
341 679
184 155
619 283
569 1058
398 521
840 1042
681 728
399 342
146 1006
912 442
822 250
471 913
677 159
524 745
289 885
700 865
270 939
376 245
526 271
193 194
750 746
693 1006
450 485
645 638
175 1033
489 224
679 1009
592 498
537 666
123 236
587 505
900 980
243 662
155 311
143 333
1105 277
738 978
728 284
868 566
885 424
858 796
128 171
733 592
457 825
470 937
980 144
348 560
82 833
772 605
336 788
907 984
721 498
917 833
24 934
678 1075
960 688
1015 625
270 546
351 929
518 237
1077 507
861 925
349 619
555 591
978 777
297 221
363 1096
797 954
1005 6
476 897
641 1093
656 606
628 720
955 841
443 619
379 426
615 671
383 774
683 621
153 708
79 67
589 171
306 469
718 21
935 156
174 258
414 722
1071 967
500 960
992 905
114 544
965 822
203 88
771 243
1100 195
378 939
1122 98
428 52
137 332
858 274
917 970
1045 420
563 664
608 278
544 137
739 840
1038 777
610 383
344 195
191 908
332 876
769 972
266 352
366 761
237 534
438 803
908 102
377 701
1049 950
850 1009
736 788
550 659
664 589
1020 1000
565 970
493 621
859 311
945 748
88 241
19 278
735 922
971 294
116 888
834 162
504 137
1003 386
285 198
527 628
536 405
289 559
407 340
3 565
599 107
836 758
935 897
171 491
573 320
851 92
754 123
312 535
296 376
1110 639
159 268
864 520
150 564
443 1022
64 339
203 289
381 880
413 463
301 1013
486 142
366 625
872 340
881 349
739 836
608 747
303 224
48 393
56 965
182 401
72 251
765 915
603 964
715 172
464 323