23 391
357 895
1014 213
332 450
865 116
1039 217
149 848
174 13
496 1004
968 439
723 925
780 975
687 612
137 260
605 391
823 836
777 832
711 725
364 884
945 684
1096 824
12 863
885 526
594 352
114 652
420 688
930 940
1012 1115
154 909
193 707
242 207
380 534
1082 160
144 633
373 706
546 565
429 320
226 373
577 698
769 91
294 889
452 354
633 440
692 210
476 309
199 721
99 244
486 851
210 851
104 668
128 38
735 622
538 627
265 763
994 881
257 423
1087 698
759 751
246 585
448 253
991 20
706 344
273 816
10 727
818 191
704 351
558 669
68 397
718 528
537 140
257 102
775 491
155 1035
1020 671
536 534
272 434
905 379
953 638
503 677
109 1094
1033 1100
254 236
552 1030
773 579
549 946
859 81
996 182
868 465
353 334
245 31
478 825
700 850
729 850
310 620
555 667
921 716
126 481
611 743
1020 744
178 55
725 1056
325 797
426 915
1002 798
469 801
721 632
687 569
416 844
395 1080
608 325
276 52
112 926
502 201
216 223
1067 810
308 786
774 272
624 1122
762 283
739 798
947 841
744 89
848 109
613 1011
114 1004
735 832
614 203
472 820
601 650
763 988
320 928
725 819
560 395
485 616
593 766
662 1077
206 366
866 355
361 847
157 842
823 633
1019 432
202 341
935 231
116 524
246 544
64 786
494 884
492 755
858 140
962 994
126 462
455 406
703 491
215 747
838 453
843 292
380 274
796 1069
468 671
138 568
919 757
570 626
312 915
614 332
809 216
608 881
925 591
270 191
15 280
410 681
106 371
205 447
10 955
649 327
375 788
484 501
928 901
237 809
10 826
551 730
793 497
724 1098
590 547
651 458
514 518
1091 498
851 277
100 569
205 576
116 1023
140 607
523 236
311 246
968 306
539 728
368 1123
609 1003
1028 674
581 685
445 549
1016 663
978 455
840 776
653 756
206 164
848 791
1055 933
356 548
566 113
432 109
453 955
821 1056
219 132
911 1015
978 602
566 229
170 838
470 701
908 23
859 644
147 182
608 22
820 929
988 933
1100 798
174 866
959 998
608 278
782 207
700 84
969 654
207 528
598 872
80 372
885 327
34 499
837 429
683 670
479 360
440 694
1089 548
140 246
1036 567
485 865
546 391
296 545
614 180
273 771
973 414
765 667
122 971
275 1108
653 162
96 504
280 598
323 993
733 234
493 1023
662 600
990 968
847 193
476 1092
297 979
643 545
680 406
852 687
819 875
695 611
721 475
27 209
595 1039
609 526
320 479
122 580
520 1007
78 897
237 569
489 941
250 625
1052 343
269 588
349 702
412 317
405 296
635 1073
41 177
824 525
891 36
610 227
1088 1035
570 677
194 405
148 728
612 60
362 473
679 519
630 744
593 521
1117 385
566 541
145 285
403 571
707 1033
440 268
131 225
768 436
612 651
472 1062
188 165
1012 987
543 530
333 799
586 415
500 164
1002 481
599 1035
541 769
352 182
653 282
899 940
883 701
807 347
939 471
251 568
749 873
23 242
922 484
672 259
800 113
866 370
607 138
735 711
390 329
153 464
1072 615
483 751
738 391
668 105
865 313
335 719
128 939
1074 489
888 918
797 365
106 943
672 735
100 695
365 857
820 591
479 894
662 120
609 699
505 581
871 1093
719 91
910 201
827 884
945 297
1023 786
493 596
199 671
519 836
590 47
649 757
366 527
295 553
877 246
640 408
670 442
911 994
829 739
1038 919
951 566
314 758
889 1085
659 160
111 880
691 792
403 1009
1038 990
958 861
755 651
987 171
912 462
251 1009
511 498
500 817
187 135
253 1059
330 414
1069 610
170 314
226 791
420 164
296 839
646 39
683 111
80 1044
971 106
976 100
502 530
536 702
590 200
58 228
195 869
746 170
1122 328
1063 442
232 187
619 415
758 784
633 767
189 398
564 311
152 175
912 613
697 324
137 995
857 884
195 178
211 759
588 283
526 406
841 838
841 902
264 803
539 650
110 591
605 1017
443 67
376 561
530 920
530 689
441 223
107 40
301 52
756 184
579 1081
256 439
737 471
341 145
440 885
833 1095
238 727
113 154
394 595
1042 920
865 898
371 895
845 792
498 961
997 1075
957 688
225 853
224 270
522 197
933 447
739 1045
343 192
129 622
546 343
442 413
418 908
168 110
419 215
236 1017
41 579
883 411
120 454
421 495
494 391
314 427
167 600
463 394
580 956
942 539
408 385
425 654
380 741
265 549
290 993
387 274
87 370
609 569
156 781
139 529
274 490
302 1003
804 330
723 935
838 659
103 600
220 351
973 955
740 842
334 395
911 452
440 983
114 880
821 400
961 909
816 548
796 827
359 115
989 412
506 366
432 356
759 493
244 523
181 224
934 323
1086 205
596 999
372 143
957 519
119 620
575 122
157 143
948 455
578 422
712 1074
842 583
874 471
1060 696
490 700
361 30
894 506
261 270
112 86
284 867
112 939
970 794
734 1017
995 471
538 595
1110 960
847 82
715 410
464 573
779 683
836 954
752 189
773 646
202 378
835 1050
633 335
111 238
615 675
742 10
535 525
138 745
811 310
904 491
340 245
122 911
287 142
364 446
594 748
149 159
399 1110
918 245
850 424
206 376
1062 544
31 138
993 497
333 207
584 996
413 273
817 789
736 891
1066 888
648 67
1011 863
283 443
100 939
559 46
18 213
649 241
114 601
209 533
700 461
789 685
871 109
133 641
713 131
922 291
26 112
930 996
1093 638
224 902
1101 419
983 213
160 796
96 768
111 901
692 724
1040 9
52 301
397 731
935 168
865 975
37 452
796 688
961 844
394 177
998 1060
722 484
342 1008
422 584
624 846
727 171
577 239
1010 782
636 532
162 168
1013 572
594 670
295 938
534 257
749 671
203 609
991 944
862 628
989 578
325 863
939 388
512 366
318 654
980 288
55 686
1073 696
526 458
933 157
917 497
645 376
302 531
783 584
1005 769
916 1056
762 275
363 661
290 328
470 723
373 452
701 272
959 351
867 871
370 685
879 99
268 796
102 278
620 766
869 137
510 15
349 1005
855 980
642 336
682 921
766 549
828 898
684 222
598 659
571 459
945 1039
893 553
562 209
1090 452
271 437
195 894
561 577
421 993
346 865
905 251
393 531
938 872
173 529
455 465
227 429
162 797
227 278
517 273
633 768
672 361
223 641
578 911
878 543
403 72
453 778
723 496
221 636
157 232
830 847
1015 119
822 539
292 851
952 236
782 132
387 124
1033 493
356 251
741 337
676 132
972 40
191 984
414 847
113 1091
676 426
345 324
334 598
99 864
438 983
761 36
787 1001
446 449
260 703
454 543
313 166
857 275
567 203
247 781
440 468
668 841
373 432
325 727
213 469
614 1029
754 961
364 109
855 173
261 601
538 282
302 961
283 636
792 762
193 502
335 497
1000 743
140 342
620 218
1066 283
404 348
831 53
299 790
474 206
565 42
1035 885
829 524
994 727
499 539
605 731
944 850
494 17
566 1009
572 610
111 407
720 793
200 630
458 276
799 819
780 875
948 282
186 819
512 727
299 837
372 709
317 1010
333 135
868 180
681 601
244 1011
532 1120
239 1026
750 547
827 461
1013 635
968 906
747 505
269 283
844 854
594 760
320 1109
698 182
380 349
689 256
332 903
508 741
470 58
1103 511
867 1075
278 774
288 731
272 986
934 977
284 191
294 894
797 201
326 319
225 383
680 414
821 289
544 143
680 254
668 618
808 269
304 1004
787 519
176 775
770 272
1100 487
67 478
943 535
886 559
476 608
686 996
601 208
440 729
308 983
28 821
260 115
498 468
861 87
651 730
1060 504
784 596
161 1041
810 1022
140 92
1028 881
187 599
438 926
534 699
770 880
751 563
964 730
633 801
965 1021
241 761
564 549
140 5
457 609
590 483
706 275
316 1115
302 591
140 687
123 374
838 583
1028 499
694 234
1096 110
543 761
777 462
894 279
104 531
105 970
500 984
433 282
241 634
582 344
606 719
197 455
839 978
983 347
268 875
211 1093
684 274
176 454
583 742
794 897
733 936
985 170
563 725
201 750
1012 955
670 605
539 260
68 745
964 459
264 483
859 155
139 929
125 267
642 661
677 514
820 446
237 365
561 913
701 781
597 999
1055 912
469 521
45 464
226 514
528 1047
41 898
914 712
1068 391
1121 229
385 110
604 329
493 592
846 300
762 501
762 1006
189 573
859 199
767 356
828 349
517 1000
670 481
891 259
631 515
632 413
830 653
82 693
565 741
510 355
294 684
443 142
1018 973
580 259
1026 354
154 1087
624 502
738 257
81 833
972 686
668 848
316 439
702 916
295 366
119 252
210 538
540 660
367 1092
485 465
146 336
586 439
331 352
849 218
544 440
883 749
579 139
599 982
571 92
395 929
707 739
313 439
315 262
892 398
666 527
675 291
582 168
25 103
435 1106
871 758
374 69
335 718
389 543
786 513
1091 320
947 605
941 451
421 830
331 428
798 1088
291 681
1013 382
608 626
273 160
450 851
315 557
195 460
801 572
889 438
428 816
918 511
908 880
723 277
786 952
129 621
238 980
553 1014
321 81
623 539
989 414
161 873
467 465
30 404
897 429
782 277
725 84
383 823
209 249
531 157
951 762
729 636
680 879