550 407
918 440
970 984
776 197
144 326
108 511
177 615
144 422
567 826
312 217
1051 826
194 876
996 260
619 1057
227 239
996 330
751 972
313 391
242 428
239 423
476 946
605 835
439 291
669 131
175 202
210 1005
254 984
1004 581
951 873
923 594
40 83
161 793
477 914
380 107
821 568
450 624
488 23
446 865
189 428
783 848
419 63
239 815
981 613
1015 1000
489 500
1120 657
112 411
504 989
120 305
293 725
737 737
1066 712
733 322
168 128
202 461
340 87
646 915
1111 455
789 325
209 415
910 422
546 276
190 303
584 271
677 913
253 903
954 273
777 599
686 437
356 882
989 779
450 93
117 122
466 41
711 868
99 584
302 104
841 511
44 888
319 341
723 411
461 968
135 559
281 197
574 726
232 310
242 632
19 492
946 783
1064 69
755 411
462 804
870 1056
125 768
1001 221
832 856
419 566
1116 712
529 174
432 802
21 362
334 936
38 979
414 780
1061 282
681 302
498 166
1021 475
691 480
742 659
86 454
315 447
254 905
369 935
548 65
136 421
698 745
669 613
1003 613
431 647
1051 322
645 160
215 639
567 924
829 536
236 261
930 668
692 820
271 95
686 400
770 303
100 470
796 602
13 919
662 565
226 927
700 192
613 522
305 942
962 889
653 1063
375 640
302 819
311 654
509 127
522 296
84 578
183 984
144 152
629 357
207 211
683 1122
1113 122
431 77
435 3
1009 632
1065 717
176 1061
1066 428
420 483
335 718
941 509
776 244
715 1007
209 617
623 502
721 383
462 598
131 233
524 624
4 456
1084 99
58 153
317 712
757 868
615 863
142 376
687 851
605 304
999 678
0 28
754 883
517 384
771 546
825 566
997 342
945 149
315 311
148 383
552 234
709 334
292 166
484 418
1056 595
932 381
103 322
166 308
694 4
436 455
622 111
634 633
536 72
802 929
234 126
542 347
119 472
771 454
527 307
242 1014
0 808
318 355
75 582
1105 783
787 1020
207 563
100 327
365 664
871 817
296 272
85 817
639 367
564 210
361 193
161 188
393 28
903 916
278 53
783 890
924 670
802 972
502 1037
811 812
663 623
665 41
769 1038
384 279
289 456
38 964
934 410
624 604
872 700
981 223
209 1007
507 788
176 855
297 297
280 674
672 236
530 528
221 490
790 1050
347 775
747 610
788 912
411 837
281 870
352 379
434 534
284 742
599 453
128 67
225 46
981 378
260 333
851 361
781 226
281 191
462 866
99 517
712 393
504 543
457 775
50 132
487 1091
607 320
364 171
501 548
178 293
799 725
829 118
537 989
888 966
359 706
249 976
532 517
777 1010
923 1063
198 482
455 255
314 3
893 837
1068 289
170 126
661 1045
605 323
785 977
437 600
478 805
617 378
901 1119
230 876
351 600
93 661
602 1076
845 467
117 459
256 766
220 239
654 541
464 304
804 457
311 356
528 592
543 1114
177 1118
352 651
62 819
82 888
932 641
808 370
771 969
262 246
242 744
969 139
552 1103
957 533
121 435
210 696
565 972
491 653
974 381
116 449
455 1059
234 859
651 847
612 1093
439 39
447 762
344 555
921 389
513 539
386 864
61 514
396 116
333 455
786 229
960 794
991 867
616 657
591 153
577 1094
901 870
305 887
1094 212
251 1093
670 903
161 165
825 335
244 929
1060 384
987 806
92 153
280 1034
1099 263
670 901
233 232
385 551
1061 187
758 704
1037 272
581 668
1035 878
143 752
89 522
190 246
1046 679
250 340
809 533
328 995
166 173
656 250
832 1107
754 719
735 203
947 331
931 214
540 666
295 318
1108 1096
537 953
130 1038
502 558
288 358
562 1122
649 1120
214 550
457 438
605 555
267 1054
667 691
650 735
392 715
649 466
828 68
631 689
579 558
424 113
84 189
536 1077
221 737
228 22
1058 163
463 273
678 695
683 169
777 166
355 388
347 928
342 297
741 519
385 495
206 657
515 865
740 575
1081 57
643 335
911 635
466 66
383 19
516 374
899 217
77 813
939 450
134 243
806 650
878 163
819 713
242 758
572 938
1006 407
778 411
565 959
532 754
302 139
652 437
928 624
371 277
852 882
650 130
944 13
932 818
303 565
898 630
775 164
793 464
442 819
166 548
697 659
460 227
770 951
777 38
161 1015
528 453
632 651
929 300
833 60
215 562
736 614
80 357
1077 526
482 930
997 629
849 424
1073 954
701 476
110 727
991 903
366 974
905 965
722 563
1118 838
250 741
200 510
261 222
330 119
1092 657
834 515
301 520
754 787
980 636
578 154
350 426
905 790
241 540
741 758
350 989
491 154
1017 304
382 328
978 325
391 6
365 181
797 861
527 149
519 346
265 729
990 778
246 263
390 222
593 779
301 979
261 310
776 1039
815 295
128 377
143 834
102 655
134 578
788 536
544 707
785 134
170 802
716 149
486 335
744 35
53 705
872 306
377 1122
517 142
236 331
348 205
504 639
792 1020
552 1067
364 154
962 26
1070 529
774 368
787 162
535 1009
664 1010
551 359
671 575
52 525
1059 92
113 910
977 557
846 651
86 446
540 152
909 368
291 160
133 592
741 889
746 596
487 935
700 231
878 137
948 562
585 346
239 1094
484 461
175 406
823 852
777 800
88 433
269 665
810 416
987 332
783 171
974 510
511 56
851 10
114 743
32 368
955 503
1009 337
375 763
953 783
133 1085
102 368
150 413
658 967
1114 225
535 110
900 1038
1106 610
1040 187
229 405
923 172
147 1123
408 1030
686 387
1104 505
151 119
554 260
590 177
156 645
578 475
705 778
888 301
444 176
592 525
512 184
995 1105
753 513
1065 741
447 1059
688 296
601 176
695 822
836 700
881 816
484 710
1032 541
186 133
382 611
151 467
463 761
305 770
280 122
124 782
481 773
792 420
705 838
945 1098
697 179
593 409
686 409
804 382
1014 988
141 696
1030 693
734 1004
614 508
586 924
202 1053
325 1019
710 901
759 4
162 710
343 10
72 33
399 804
1052 573
310 938
275 566
130 396
294 860
855 547
370 857
506 852
800 637
1106 843
836 492
152 935
676 655
1117 705
496 946
465 1015
104 27
321 881
701 411
13 488
346 320
203 928
244 633
555 812
366 237
332 532
887 476
839 279
745 393
178 1008
308 570
103 752
885 846
1037 328
764 625
1022 118
547 217
523 509
169 1031
316 1112
999 732
156 912
494 1009
968 700
26 669
1014 672
443 565
772 953
956 157
338 116
493 674
745 637
876 1121
453 542
762 926
633 167
787 812
616 967
945 146
587 350
959 402
681 1019
817 460
518 929
238 886
728 394
515 496
842 708
720 957
163 841
1066 117
422 794
111 217
474 267
737 532
120 613
866 688
603 548
512 508
376 607
485 931
615 1009
646 486
718 980
338 519
179 960
788 211
1075 518
418 182
472 932
114 166
560 599
1062 895
380 425
968 535
990 379
610 682
279 496
616 1098
715 117
1070 263
935 914
110 886
8 244
844 947
716 15
782 463
601 672
122 520
812 916
857 1052
289 472
1076 343
240 1042
72 364
506 815
602 355
478 409
195 230
161 472
348 816
1085 411
78 382
328 1077
353 147
916 67
372 401
1023 482
886 44
795 540
482 104
692 649
881 804
1039 255
746 699
22 820
370 963
691 110
925 40
826 240
104 230
1098 809
326 256
801 428
471 782
158 770
157 688
687 716
709 452
380 234
156 904
864 852
1045 629
438 684
307 154
121 485
783 939
695 163
118 474
555 755
478 827
994 235
388 424
325 640
1043 551
1012 272
158 964
917 855
803 344
205 806
742 626
203 322
740 904
732 610
494 104
10 795
532 453
576 513
412 571
813 494
722 954
295 223
152 440
687 956
803 48
130 353
37 354
607 506
272 1064
415 366
1041 391
376 16
282 481
638 107
836 841
906 731
650 608
445 683
615 161
196 467
158 497
861 387
504 730
24 327
1077 945
610 709
938 276
203 860
293 768
486 592
387 517
518 818
705 52
710 414
1085 263
50 79
517 41
740 949
358 750
576 465
192 331
611 954
704 898
37 192
285 267
1007 14
866 46
1004 665
770 782
242 222
1045 253
415 180
1005 192
736 260
888 518
286 576
986 285
628 16
860 281
1012 258
861 1001
768 302
339 784
128 921
517 358
778 916
901 714
1021 590
231 414
793 302
309 139
250 619
324 498
836 240
902 1121
115 515
526 898
339 875
543 274
438 442
207 881
980 232
490 172
307 377
1010 709
727 1083
934 375
352 364
1101 913
435 516
325 951
117 395
233 213
815 560
694 156
470 964
569 714
537 2
325 720
636 446
564 977
867 1084
979 377
204 377
541 735
641 237
673 132
332 914
159 1021
556 899
900 755
808 702
460 314
666 9
1061 346
242 983
588 246
771 378
707 179
338 11
599 199
765 602
420 1071
735 415
329 920
882 172
302 102
776 402
1117 102
333 38
907 384
652 915
555 250
545 179
632 249
154 889
389 274
1025 242
1107 1056
474 52
234 855
729 575
115 124
642 807
761 87
468 309
775 220
478 499
634 220
1059 495
269 691
197 941
304 645
757 734
185 875
1057 543
522 968
25 419
697 1013
623 868
199 775
413 322
458 1012
620 332
1058 879
307 197
632 586
185 605
126 809
271 574
153 630
412 849
1110 45
1114 288
212 736
633 560