922 633
894 601
232 661
756 935
548 140
570 196
712 1072
341 857
621 865
149 769
607 755
743 1111
1017 617
970 114
107 1047
736 583
461 55
852 559
667 676
191 19
996 230
694 135
211 829
99 756
611 901
308 617
658 837
127 532
1028 934
712 536
551 503
819 495
681 699
1006 372
1109 728
53 761
537 281
1031 1021
700 905
778 162
1094 707
754 657
111 522
339 790
945 982
223 446
703 175
620 367
259 637
762 846
1030 953
500 1033
663 257
406 243
241 519
79 990
576 227
647 389
184 363
1039 656
1121 737
727 195
988 650
475 370
634 819
82 742
854 729
675 725
335 810
713 913
121 275
574 206
1010 554
851 1102
822 613
139 799
1098 327
648 302
551 583
468 508
127 118
708 273
900 641
22 611
992 600
874 1023
605 162
183 540
301 35
542 174
944 1088
511 903
185 298
602 883
293 504
160 87
845 800
402 765
16 366
453 100
198 63
832 127
254 738
679 351
498 214
944 1071
658 281
399 84
241 398
549 323
865 1057
537 298
570 917
947 30
521 910
585 161
382 934
947 932
343 795
1108 797
76 810
250 1019
1091 804
803 569
485 375
417 200
387 810
129 287
337 913
142 465
898 322
536 599
282 291
42 439
535 847
520 577
450 519
586 949
837 658
955 220
760 963
839 893
390 380
146 1019
969 266
829 163
546 771
743 409
133 120
975 238
473 587
1033 914
1019 759
841 271
295 310
596 998
599 995
221 395
211 382
150 266
297 601
239 598
822 229
670 149
997 908
585 712
837 941
673 1016
37 254
352 485
367 120
768 438
863 1102
1068 795
531 408
723 688
250 805
108 991
819 573
990 245
865 1095
0 152
240 986
535 1017
127 743
309 968
294 449
145 463
55 11
765 627
951 790
403 600
597 1062
124 102
564 341
465 184
782 248
348 180
58 828
1006 561
345 123
250 960
335 632
1017 1013
788 861
791 51
222 950
713 713
525 580
999 613
573 555
961 124
979 282
389 992
596 199
188 324
501 831
534 398
247 6
642 458
696 465
577 150
431 649
441 394
607 631
749 780
327 325
245 525
1015 155
803 580
504 316
888 493
606 1020
512 958
135 102
370 279
496 537
581 560
552 789
283 901
629 1000
1007 1039
233 1015
912 999
153 356
671 1032
584 171
570 547
959 314
226 888
481 835
531 297
729 723
234 242
218 960
839 927
1086 1119
467 701
128 131
584 404
928 348
479 248
432 238
574 141
314 258
595 865
212 964
32 515
1056 963
1016 806
986 952
501 482
972 818
706 1073
191 503
248 581
308 548
652 591
79 621
208 357
921 796
803 774
226 559
217 365
936 245
774 936
921 793
137 471
881 731
173 799
845 1040
12 383
414 633
271 391
689 401
568 672
419 909
914 881
436 399
742 156
491 369
798 129
800 25
683 709
788 273
674 247
681 571
551 142
421 616
398 1013
478 705
538 921
644 770
512 226
758 1120
42 281
893 977
359 163
374 438
359 884
596 109
931 780
101 992
763 1014
368 820
819 240
736 594
683 359
225 159
413 421
749 713
863 638
911 885
1001 598
890 892
65 618
163 197
462 218
552 579
112 2
618 944
708 192
700 115
581 689
579 621
953 738
996 852
265 1066
897 845
269 375
615 977
738 946
58 260
781 899
62 826
484 567
1080 716
587 994
471 472
977 145
627 438
284 894
383 327
270 910
334 550
681 1040
934 287
456 531
161 1055
647 590
414 958
36 481
601 1000
815 932
808 745
420 604
1076 767
654 873
999 1068
411 759
1035 260
390 6
769 619
477 468
847 592
620 286
994 88
632 605
341 129
472 46
354 418
504 830
469 80
400 259
292 863
788 871
871 174
732 622
701 68
387 1022
514 685
227 608
525 894
580 876
435 932
654 419
867 931
951 108
151 405
88 404
637 979
781 679
67 337
164 335
889 747
744 858
1081 33
550 720
456 393
441 797
69 493
152 725
219 650
339 621
1031 178
391 173
1088 1103
719 1005
84 657
244 731
60 43
774 461
261 865
412 387
145 770
701 482
224 100
320 327
421 700
234 958
941 943
142 269
558 221
948 874
641 108
534 316
15 391
1063 706
229 343
597 806
249 767
430 665
118 221
1101 325
105 400
551 818
270 280
515 511
786 857
958 700
930 307
624 365
506 719
146 159
490 827
121 368
218 532
190 202
910 340
392 649
636 307
338 338
790 1073
1080 170
945 567
403 575
1006 412
972 333
590 488
283 975
404 259
633 903
1085 254
915 840
743 721
183 426
63 858
942 761
807 770
1012 567
474 295
1017 752
591 601
849 121
927 312
102 437
960 1050
483 807
810 437
151 656
701 846
419 683
993 161
657 155
16 694
727 974
974 116
807 161
225 8
583 281
1056 809
1119 573
644 917
384 959
790 193
424 553
941 379
1044 856
195 214
310 754
916 1011
728 663
216 185
129 639
1105 900
549 255
729 546
194 46
362 590
24 1027
782 500
93 1038
575 831
51 497
858 493
645 278
923 193
697 151
768 128
1006 172
808 403
181 851
263 140
483 655
201 300
116 270
679 594
1010 366
764 643
998 636
783 662
111 96
912 233
833 667
1101 399
240 681
1006 686
958 554
807 205
998 74
616 279
346 386
732 322
947 1009
406 550
599 140
342 536
154 629
1017 626
312 428
712 239
322 1052
297 931
664 200
150 336
823 582
702 838
972 181
223 690
868 319
32 960
172 324
214 500
867 128
738 484
558 204
120 381
568 174
356 1116
603 376
135 189
190 618
342 612
1000 460
909 159
217 767
621 146
847 204
684 378
482 568
1098 518
635 742
870 173
1058 112
1023 192
383 226
974 181
192 351
438 327
920 1010
509 854
206 756
261 169
614 843
229 1009
784 1059
900 99
904 223
311 49
744 463
431 526
621 833
786 104
499 972
870 361
515 590
54 730
1003 633
453 1
347 47
1028 775
259 573
205 194
779 167
282 1103
695 429
501 993
1115 810
665 862
689 603
477 1070
529 570
466 195
224 603
681 73
149 630
1084 178
437 682
632 234
997 284
847 935
357 843
736 768
930 985
900 983
132 434
217 369
489 281
37 585
406 470
986 544
444 45
54 344
1084 533
421 386
735 13
1061 821
1067 591
101 289
987 407
121 1123
86 569
985 538
373 422
491 569
619 525
236 837
1016 535
590 438
402 932
1084 307
191 960
733 589
994 610
869 332
124 129
501 519
329 347
494 1022
1012 777
922 535
1032 941
710 964
177 454
497 315
553 432
874 936
590 703
452 148
212 812
885 741
719 841
523 812
203 765
810 314
1030 951
333 372
674 842
111 120
79 348
40 602
939 1105
87 899
541 523
33 310
159 1108
703 601
874 631
677 569
963 422
741 387
115 240
726 371
303 1000
1008 932
378 135
506 866
531 559
516 337
643 406
829 941
181 237
948 686
23 928
818 313
373 291
344 223
1028 965
114 381
645 1082
562 86
282 453
713 923
761 498
962 217
231 317
859 355
296 299
248 489
365 765
828 943
813 470
1023 1035
383 1039
535 349
139 8
880 258
599 867
267 231
249 275
242 290
555 500
970 906
478 192
275 470
179 26
758 836
467 556
347 234
1013 452
975 847
288 398
585 234
858 483
512 929
763 1015
893 51
182 282
203 1065
473 459
652 382
83 254
360 416
203 874
649 280
126 420
1105 999
238 794
837 797
137 857
688 714
787 807
497 759
1072 282
686 149
788 142
146 386
788 794
409 881
321 856
992 1003
843 205
914 554
1000 199
53 821
973 422
330 152
957 510
207 596
649 856
660 201
675 975
955 273
718 930
658 853
817 672
231 604
802 990
430 100
170 534
452 309
111 184
618 293
993 625
161 80
721 483
1064 974
618 495
357 819
441 190
858 255
227 999
295 721
773 480
1019 980
352 177
1111 619
565 653
375 448
495 185
752 1016
464 192
847 45
289 430
457 449
77 107
762 1035
843 473
665 164
275 309
642 805
338 575
813 650
777 433
870 606
172 108
738 752
102 186
54 588
844 692
1075 387
418 337
122 814
174 602
368 188
187 1048
669 449
132 103
919 432
914 590
568 602
610 358
292 34
523 595
226 148
287 626
486 326
784 281
737 771
854 597
138 1026
143 29
975 427
998 210
106 605
151 837
758 885
335 284
25 629
743 949
860 706
118 820
981 1111
848 521
173 319
737 176
252 811
854 244
339 372
1116 1103
792 633
482 142
781 823
965 327
425 209
147 522
1102 362
594 647
867 161
344 960
646 892
405 628
64 948
984 720
816 868
303 785
40 820
154 642
154 835
878 143
352 543
221 632
667 114
345 176
791 303
449 1094
265 624
200 618
1034 641
220 589
367 244
105 52
984 160
103 297
810 307
232 426
257 903
143 552
206 708
464 569
832 856
356 460
553 183
392 631
437 491
324 570
37 891
171 834
869 641
81 217
967 368
193 789
346 271
111 734
1004 668
516 783
275 797
519 295
387 515
75 775
730 267
911 203
287 322
802 716
749 458
352 397
912 334
832 931
300 577
327 490
482 525
399 709
626 101
372 850
736 498
428 893
767 282
718 238
709 802
789 912
759 324
412 208
833 763
172 989
740 739
989 1106
791 393
443 920
1072 793
290 503
934 823
247 902
766 1020
431 492
730 469
391 278
982 299
717 715
138 1068
587 158