998 898
631 543
505 263
961 754
563 945
927 683
139 409
714 233
906 1007
86 517
784 440
379 861
932 574
246 709
531 720
619 467
887 470
628 1023
527 727
218 915
872 536
873 4
559 666
653 489
288 248
451 964
837 752
821 719
257 385
610 309
417 985
1057 528
177 705
123 794
309 464
219 431
1105 880
392 939
534 107
610 527
673 861
471 772
254 881
131 136
920 695
343 316
995 503
232 935
795 472
270 970
273 120
776 245
279 894
1029 728
590 879
982 336
663 290
346 140
995 813
801 951
794 457
765 226
840 626
281 894
574 340
187 312
370 94
557 927
973 205
358 683
948 513
815 487
519 720
276 683
991 536
87 5
359 669
460 942
753 859
960 1054
531 430
244 57
190 972
874 372
348 545
821 847
630 419
182 635
0 847
461 958
793 409
153 177
1108 285
732 819
4 882
1082 80
287 702
351 507
698 442
171 499
1087 775
1081 234
245 265
176 435
131 967
77 568
921 792
503 725
335 986
389 794
1000 1022
825 665
892 153
718 389
269 511
788 102
501 322
826 934
44 155
75 615
377 1122
348 602
488 1021
453 56
738 703
911 948
103 624
782 387
159 251
872 379
132 991
89 850
774 69
127 78
714 85
304 897
205 709
778 749
136 134
192 777
12 922
723 639
456 101
866 342
71 474
421 502
902 705
370 713
1017 729
434 284
944 472
220 823
936 922
176 247
970 1040
466 105
580 376
535 932
371 656
768 219
453 30
485 543
262 1106
692 661
342 787
58 907
654 191
742 548
942 456
948 521
976 292
468 545
170 863
964 350
529 528
939 1015
258 176
216 286
545 785
517 913
935 507
991 438
323 191
965 283
616 598
888 383
835 872
767 1022
454 491
291 1091
777 785
985 1045
155 296
86 538
320 266
71 1073
379 869
105 456
614 90
1043 329
477 591
554 204
778 517
297 395
1063 483
859 397
153 183
465 1020
259 91
647 1085
103 421
544 61
809 532
704 101
350 478
299 338
538 89
308 590
336 899
864 269
617 1022
1075 262
456 819
987 756
372 325
675 186
317 902
194 331
864 699
396 863
224 147
501 354
546 541
525 119
638 1066
255 273
761 748
229 182
414 802
722 164
579 429
18 0
193 1123
531 739
683 1058
150 185
1037 603
453 285
766 577
948 135
117 589
441 770
1018 661
824 143
804 567
760 437
142 456
356 484
370 341
497 1086
1030 224
804 155
1006 548
659 942
567 1007
755 966
356 275
916 498
293 1016
996 728
780 721
308 718
854 818
194 398
353 649
499 1005
813 508
639 812
394 554
275 843
340 846
145 449
497 197
967 392
811 816
432 699
809 859
599 344
555 320
26 549
525 872
913 47
768 817
240 149
490 723
361 124
796 135
478 898
35 896
758 293
747 260
630 351
526 574
519 957
958 238
638 486
647 116
703 225
1028 837
733 254
284 137
989 107
349 417
522 742
517 972
265 330
252 738
1021 663
696 481
337 736
650 159
692 113
846 453
993 376
974 976
688 143
789 947
183 1071
726 163
573 354
408 220
1036 444
902 148
13 139
1102 618
269 845
535 942
902 271
321 1006
163 770
965 474
367 880
496 1095
64 623
856 984
583 338
235 258
855 903
1058 928
111 355
368 613
232 972
492 770
955 237
712 486
101 806
92 540
740 429
942 818
194 468
228 775
152 742
101 827
598 879
256 210
745 838
931 602
348 705
863 242
538 386
1012 144
1011 262
689 485
726 262
990 201
414 727
355 822
505 581
745 49
945 1110
386 172
564 1117
965 17
178 793
143 489
549 551
196 1114
661 696
426 566
653 38
1013 776
445 685
194 366
1000 149
1095 734
248 892
725 252
856 720
906 910
863 185
124 942
595 365
927 412
916 1021
368 940
1008 817
142 413
717 514
548 152
262 767
256 270
532 138
348 325
190 199
505 571
294 1098
693 438
524 787
842 717
882 636
333 980
873 248
1067 1020
1012 1017
307 346
1092 683
189 326
335 806
779 1108
444 106
539 509
722 628
827 878
256 526
365 566
544 230
816 626
1023 453
473 180
377 64
886 382
776 193
555 303
771 417
1008 172
652 341
341 483
333 224
779 874
983 392
979 788
391 460
698 119
58 404
116 782
104 761
243 844
532 107
907 497
730 938
660 944
404 39
702 1072
550 403
988 434
1017 506
178 276
865 492
240 372
419 499
869 170
700 721
954 204
567 202
812 265
338 587
857 544
1102 797
1094 242
912 728
648 561
134 661
19 217
712 487
507 848
448 1061
352 183
779 605
202 899
736 269
433 331
945 585
242 396
209 95
395 936
981 564
978 797
230 267
624 539
947 747
686 621
442 257
903 689
764 757
526 541
217 573
1091 424
941 903
584 1066
885 800
587 1023
316 435
180 350
426 172
268 1011
1077 13
892 326
569 0
582 620
107 786
113 319
233 1116
235 148
213 1092
688 491
753 529
1003 94
525 697
966 174
248 191
400 140
340 591
387 746
774 297
444 279
524 604
310 148
984 980
433 885
785 785
651 696
527 892
631 814
644 689
657 385
697 372
537 523
599 741
904 410
167 335
117 56
515 683
427 770
998 463
156 202
480 730
206 591
166 104
1013 851
782 1025
64 306
22 465
154 705
646 926
172 356
166 757
627 499
828 248
1041 656
459 784
435 881
768 1028
930 842
750 1053
461 446
1025 787
579 472
957 454
461 114
297 545
852 548
1033 579
978 930
984 680
1077 584
431 489
225 581
952 85
577 626
751 782
231 590
106 685
568 429
128 948
135 644
492 1048
937 226
218 998
447 430
701 1093
831 498
1002 182
77 699
336 1115
858 636
961 663
620 751
305 24
840 421
414 432
102 1062
747 809
62 1074
991 91
157 126
736 823
403 469
236 424
608 644
273 673
461 624
813 834
962 261
615 1019
1028 667
118 738
478 369
154 253
508 471
1090 753
799 327
478 118
510 1016
381 739
1021 489
65 406
690 562
761 215
692 513
946 768
236 39
314 625
550 282
225 533
735 324
554 809
790 632
225 682
325 359
614 400
244 178
181 704
46 965
222 583
903 896
320 461
293 769
529 902
919 710
481 910
782 322
511 795
392 421
1075 780
334 68
109 762
260 486
445 890
862 885
421 442
217 565
883 202
100 528
819 329
845 1058
1088 922
979 909
361 410
343 822
919 641
901 636
211 992
254 952
834 396
1078 583
36 346
436 188
993 449
516 107
544 738
1082 453
404 515
246 1073
880 420
504 70
316 402
275 502
593 467
675 326
750 364
222 390
549 707
286 714
209 121
414 764
616 889
1049 877
727 477
668 114
284 304
531 56
716 730
28 281
270 475
412 1069
155 162
907 310
510 445
841 829
139 409
696 683
123 565
191 723
179 689
284 36
117 972
195 966
66 270
489 365
121 278
854 1003
851 903
767 411
377 261
778 861
202 459
218 109
1 1074
204 322
154 338
805 527
899 187
369 389
822 39
193 249
700 505
274 486
628 996
519 978
461 68
627 121
1040 437
909 878
866 703
431 447
938 451
322 910
686 724
534 855
544 1020
207 648
998 451
669 904
433 262
602 966
193 630
257 536
836 641
363 580
327 528
275 224
142 761
623 303
607 1003
355 407
920 935
828 481
934 1087
702 569
153 121
983 1093
1055 453
688 572
246 821
197 472
278 449
179 314
653 186
616 949
988 758
567 839
278 973
876 906
710 370
893 863
962 641
815 263
430 162
288 848
206 600
300 785
120 659
530 392
301 413
1037 172
686 62
361 493
562 425
520 717
389 492
195 100
115 937
321 828
822 85
320 957
313 599
337 744
190 122
332 862
605 298
269 722
862 129
609 1018
1032 434
502 943
155 877
757 688
1012 310
446 716
639 999
93 1031
89 1044
943 963
1038 1106
201 1011
5 244
895 814
370 967
824 974
384 577
165 446
1072 1088
442 937
385 693
384 567
337 352
827 509
471 380
973 252
482 42
348 875
225 1022
306 372
340 423
997 754
558 507
341 283
180 397
319 708
858 208
584 415
372 306
834 293
1023 115
738 649
1049 67
917 301
9 21
689 486
491 729
975 116
783 986
853 563
840 124
905 839
987 731
996 177
176 783
669 771
170 451
876 1062
378 932
485 518
373 318
130 658
510 870
497 840
1069 181
264 205
1042 564
803 188
953 852
268 191
206 288
444 66
194 54
1002 949
23 190
501 304
570 66
675 469
343 161
250 350
466 886
1110 687
355 92
143 639
130 212
23 432
388 738
104 841
305 495
635 932
223 880
208 742
602 552
827 366
957 714
971 1007
224 1108
746 482
740 675
858 387
971 292
586 876
923 638
842 605
441 538
582 215
378 336
223 898
994 802
234 839
184 881
570 275
329 488
1066 816
507 742
1004 123
529 1073
1009 691
1004 538
967 972
788 895
784 423
592 390
179 879
463 1022
373 327
432 654
436 40
784 599
833 957
850 181
937 941
766 7
578 30
429 651
650 571
409 740
594 301
9 492
989 535
55 613
261 343
269 119
859 671
832 554
209 694
847 791
1118 185
375 626
798 117
600 503
58 1043
852 817
547 81
1037 403
605 737
888 440
1005 549
887 373
549 959
983 523
169 62
924 818
272 551
357 252
309 110
948 700
350 351
300 272
270 490
380 954
624 625
1080 909
790 619
534 6
183 585
872 337