818 703
621 504
1048 329
913 290
443 774
416 807
365 75
769 207
412 477
293 145
541 712
54 758
264 878
796 945
796 482
8 898
458 886
27 356
739 914
126 658
1036 864
891 585
582 291
730 109
867 710
64 587
952 778
381 331
19 598
388 363
337 187
304 984
367 74
36 503
971 418
524 949
649 255
226 768
180 151
318 1015
750 737
553 227
652 120
227 422
741 344
221 799
560 484
478 575
176 548
712 228
675 1080
545 563
913 150
702 970
1056 316
796 870
454 116
594 406
362 271
766 232
5 406
878 265
801 963
510 864
897 491
616 666
275 1088
827 948
341 237
1079 175
765 244
504 354
370 392
842 374
148 802
413 233
508 655
513 444
631 200
1000 993
125 952
562 750
486 285
365 479
234 155
757 166
1012 1050
350 609
891 551
473 775
339 429
167 881
849 43
717 545
218 850
340 106
501 736
1103 264
901 673
954 605
824 167
641 1026
801 431
970 526
361 1046
711 883
431 378
522 120
819 732
762 201
648 460
422 612
890 1104
760 15
691 789
304 726
954 549
289 475
1003 828
212 1088
901 349
731 931
464 1061
669 462
765 238
272 989
230 671
370 56
267 636
171 575
281 17
622 242
665 976
831 633
716 738
244 927
785 455
311 987
351 790
428 794
446 996
999 389
331 50
308 205
679 365
1074 827
643 717
416 768
488 843
833 693
117 1020
255 723
94 283
211 353
677 950
979 252
248 798
327 1001
647 683
153 681
885 972
763 584
550 399
938 178
656 638
1105 518
768 755
667 131
270 736
469 103
1001 876
902 55
286 396
760 305
856 825
131 470
506 865
352 906
348 792
956 423
982 847
789 206
276 46
873 856
776 284
598 200
210 928
649 398
979 507
754 900
933 634
155 286
542 210
392 924
939 338
958 357
901 936
1015 124
456 738
594 971
667 508
958 890
262 442
425 271
926 367
621 256
270 703
110 70
510 40
1066 638
696 935
653 295
645 369
990 12
123 382
708 785
648 293
333 730
369 590
256 261
776 198
434 1006
472 910
722 182
154 268
176 825
914 382
447 181
763 471
370 908
1118 392
773 325
184 319
340 49
442 205
899 761
574 369
343 597
876 43
501 791
388 469
873 495
159 575
401 164
977 662
283 803
939 402
479 829
89 753
705 589
715 384
578 773
727 702
646 637
627 609
722 17
185 876
381 507
113 366
592 886
496 629
257 1078
771 986
16 931
332 998
606 566
517 399
274 753
562 303
533 963
350 150
124 76
204 696
980 978
135 545
702 724
596 882
588 826
853 727
559 974
764 706
297 746
535 502
313 618
896 396
334 773
844 1009
729 111
699 242
238 692
840 1041
945 100
314 664
196 9
956 611
920 101
752 306
604 956
550 521
1025 274
763 131
503 619
612 256
288 291
708 528
939 434
634 651
739 181
757 43
113 400
929 96
567 495
367 411
542 623
59 304
689 178
324 309
394 29
1038 841
149 1008
734 1004
724 18
962 659
34 188
175 568
443 946
765 74
595 664
676 515
582 44
992 946
548 663
228 292
302 846
275 813
300 1118
931 797
303 182
495 703
693 763
589 1
907 870
129 501
754 757
694 119
62 539
568 88
348 196
98 286
219 772
612 991
301 309
356 140
685 780
692 841
484 448
1015 148
423 255
454 655
1064 321
14 794
61 355
747 810
84 536
237 594
41 138
618 380
736 701
946 400
671 209
238 184
246 806
834 565
984 405
373 590
623 367
399 216
995 814
328 111
544 131
992 907
752 251
440 567
417 29
830 449
835 24
287 350
821 694
278 1014
487 939
804 844
176 218
871 151
928 261
529 773
912 637
868 845
360 640
853 783
124 511
131 855
571 912
1025 766
100 681
110 518
922 654
332 216
347 667
701 319
324 491
237 373
152 396
691 357
409 832
586 399
1097 424
662 1052
757 1006
413 257
599 713
649 646
155 247
464 116
536 344
916 473
143 203
1099 549
852 116
930 1119
667 357
414 32
693 803
598 1013
459 333
681 718
134 682
697 692
273 124
439 212
136 955
315 684
425 649
363 382
656 961
90 835
102 789
1008 297
166 790
451 746
228 1019
944 819
394 334
295 155
516 358
656 608
913 59
21 447
107 280
282 521
164 253
462 501
834 634
764 431
110 940
346 358
575 1070
795 620
221 93
697 895
635 692
566 276
233 319
521 796
571 850
798 1015
444 704
743 632
1112 613
895 641
479 264
68 304
366 384
571 259
780 383
920 948
800 624
88 656
874 846
166 652
954 812
384 912
129 723
922 280
318 584
844 806
567 1110
516 957
928 294
929 591
667 194
270 1025
538 352
984 543
510 724
428 852
473 642
810 733
821 803
200 730
573 109
502 544
736 94
565 122
437 975
76 994
891 155
266 828
817 277
47 108
632 151
584 349
678 1096
639 1115
1042 275
544 576
398 187
816 184
768 486
94 842
45 374
955 1013
914 396
813 518
557 470
525 494
915 1022
930 912
291 349
1098 477
1018 619
381 937
552 923
513 699
490 885
150 584
112 495
548 208
670 1065
102 271
726 349
595 780
541 401
190 212
879 427
658 736
727 544
455 765
34 286
552 1038
346 216
186 844
926 105
910 815
882 58
342 784
244 806
689 513
345 186
233 1041
241 603
864 54
807 132
345 37
902 770
139 794
316 914
716 206
952 857
2 1025
1013 539
492 722
240 202
775 445
119 577
904 975
1107 149
188 605
296 790
706 776
395 175
595 581
564 556
857 564
972 282
903 685
521 193
339 746
176 592
515 1056
475 651
387 535
580 766
173 254
545 624
3 632
1017 355
41 1018
790 751
85 1112
243 827
550 668
313 1010
477 1049
61 460
834 959
461 946
384 689
44 582
377 671
1030 881
311 554
151 101
530 670
542 356
122 1057
862 636
998 1008
205 581
711 750
928 900
362 259
537 877
748 739
131 75
111 1012
539 448
654 847
303 211
537 542
204 561
847 631
467 724
962 992
872 827
846 349
479 114
529 6
799 823
1101 919
881 1023
79 325
663 175
128 463
1016 213
239 571
8 512
459 657
796 284
510 1029
576 291
921 322
1028 274
665 535
908 741
810 948
910 575
198 985
864 1012
504 403
762 702
413 641
866 375
812 619
511 868
883 232
689 943
509 478
21 952
757 696
194 766
268 547
554 767
507 814
94 279
912 889
158 767
736 691
527 512
835 473
958 224
1065 1119
165 637
865 321
1052 991
822 880
950 237
890 522
773 539
502 428
527 306
183 132
698 333
565 545
489 511
504 884
848 555
1065 867
869 654
684 221
288 220
97 558
1029 937
1021 404
983 931
702 785
944 228
1012 313
775 963
260 83
638 994
362 1061
213 891
891 898
309 177
382 1014
169 646
897 468
149 474
542 102
385 285
253 1007
649 980
586 867
509 171
864 329
208 1004
651 770
788 106
550 1059
105 224
604 409
479 293
854 501
792 697
352 298
201 945
726 952
994 427
722 646
357 524
498 624
137 743
322 615
479 557
1075 174
318 842
292 610
105 210
916 335
688 811
336 134
632 330
281 692
464 529
445 367
693 536
821 429
275 379
654 455
205 883
426 140
1114 143
607 857
401 452
740 1
331 954
792 1061
511 1066
903 450
821 855
106 874
167 761
146 524
916 80
750 989
518 899
128 927
879 966
671 185
798 66
1084 104
580 255
855 1069
1012 409
235 873
715 818
1041 895
1041 725
285 791
351 13
115 400
770 416
755 185
767 119
589 329
729 395
693 747
719 415
125 677
681 36
844 785
1000 149
253 200
861 981
711 877
188 348
157 969
810 215
132 547
152 373
528 543
648 423
248 1010
147 1109
624 791
221 212
179 396
582 806
440 1038
866 438
152 317
135 450
123 990
788 113
465 757
984 708
614 67
1012 296
282 947
718 488
695 331
584 235
421 857
168 613
612 902
728 214
15 17
256 202
927 57
817 847
687 235
361 342
982 265
101 85
636 814
723 654
989 264
713 433
271 73
758 748
564 569
822 828
296 807
783 858
741 675
289 224
807 1086
954 244
744 749
804 366
403 562
586 867
326 86
146 471
407 474
283 921
363 712
534 603
896 1041
900 861
256 912
805 107
530 375
179 52
879 760
951 222
238 347
80 572
411 766
50 251
324 735
1009 607
657 611
463 359
522 722
519 599
1009 620
419 863
771 743
592 670
1045 34
200 265
405 861
599 450
450 775
593 201
543 468
431 434
44 472
297 762
15 469
472 723
1077 795
893 274
394 594
293 965
831 309
637 1089
425 934
68 589
299 249
855 870
559 141
557 795
973 424
476 992
128 962
819 375
991 522
25 764
422 836
694 869
556 135
160 585
543 332
835 645
787 923
772 352
447 647
163 244
744 748
272 724
1095 733
493 1067
109 540
1097 578
150 123
911 264
46 798
1079 840
414 905
245 752
717 120
633 892
16 150
565 261
280 963
638 126
117 109
532 985
751 190
204 555
847 639
336 806
366 246
332 871
317 588
868 906
184 855
636 452
497 1023
716 922
324 1119
508 743
392 128
850 871
504 978
962 151
363 995
933 687
722 958
742 718
91 631
150 424
705 511
286 185
970 268
870 577
963 437
163 534
551 671
421 478
354 501
26 502
496 73
471 330
131 348
269 938
623 413
569 98