176 110
951 327
326 637
969 415
879 387
627 228
174 310
769 864
588 340
673 918
586 343
1075 751
200 1047
553 609
147 107
629 605
898 954
425 512
290 1021
755 269
271 271
530 676
780 319
20 609
385 844
225 823
434 918
980 413
277 466
823 905
480 415
1016 929
444 1081
530 1078
154 542
49 948
188 815
594 820
53 988
461 402
1119 666
820 210
187 1096
540 340
184 294
539 777
11 760
333 746
481 208
874 935
853 947
207 672
267 1113
779 154
420 523
153 413
621 262
235 471
878 260
941 359
418 992
859 265
636 656
676 143
473 105
473 741
770 824
293 259
119 917
517 574
612 896
206 807
966 246
1068 332
705 254
302 414
636 1003
385 652
614 457
422 121
143 491
815 760
480 727
991 380
738 702
152 264
421 26
377 891
571 964
113 404
1009 603
115 78
793 869
499 297
428 1004
333 609
812 1087
812 1023
576 278
933 613
505 402
652 770
1083 290
898 353
861 870
289 745
638 130
244 257
310 358
667 435
1019 486
814 350
529 138
752 110
451 938
59 390
536 674
1049 860
825 485
762 317
300 408
619 226
519 576
806 424
784 757
416 482
752 319
242 663
15 920
875 416
660 931
109 596
361 476
24 95
797 136
723 381
55 621
761 350
244 207
491 200
207 101
938 345
88 199
951 660
485 48
566 392
699 320
599 601
163 802
287 596
652 884
343 899
881 448
602 1019
150 453
140 173
454 634
928 1088
316 624
615 400
386 985
183 300
381 361
750 749
121 947
1063 322
551 819
960 188
659 776
446 632
940 874
593 627
733 705
748 548
125 921
372 686
1100 475
752 1039
296 1051
832 473
515 888
921 881
755 583
400 813
294 109
517 458
684 1085
39 419
338 254
341 254
406 307
252 411
876 62
623 219
896 862
291 915
1065 289
187 201
601 220
226 95
689 776
743 283
431 197
104 632
330 34
675 329
797 687
682 813
263 10
614 183
42 442
209 418
456 164
183 435
876 534
1021 249
843 961
1060 913
135 249
842 184
796 446
959 223
121 852
710 1001
772 1000
923 210
151 929
652 1122
302 786
931 117
725 550
439 421
384 879
780 585
965 947
624 505
375 953
271 173
1119 528
408 828
274 385
720 588
517 348
250 409
156 171
969 153
378 428
691 777
119 809
719 803
617 378
289 62
230 1020
444 662
496 569
871 493
880 985
956 592
964 659
493 702
775 776
480 986
132 495
297 333
546 730
462 155
368 741
171 852
495 110
238 491
565 1078
313 97
365 763
647 899
533 578
332 345
854 754
352 419
156 445
797 699
658 696
1095 472
145 648
585 624
282 688
238 758
380 111
290 801
334 462
136 371
390 446
259 428
640 916
1041 1018
509 158
67 729
25 315
260 401
165 800
787 429
423 728
770 307
32 672
24 151
862 506
809 295
638 258
438 710
158 404
955 786
38 402
739 593
336 843
715 306
831 293
421 148
719 495
628 171
143 234
564 395
223 840
801 739
351 791
844 557
947 439
550 307
552 76
326 457
814 31
46 529
733 288
42 350
947 711
778 944
978 680
878 946
544 255
152 240
473 646
980 892
845 140
282 251
280 105
434 490
639 435
155 937
486 518
905 284
450 36
686 650
1067 976
222 439
196 519
1023 211
16 949
975 530
737 1118
607 113
413 155
624 29
618 746
956 41
717 494
563 909
915 403
518 465
755 335
381 816
690 266
892 92
524 888
882 864
335 49
1005 713
926 384
457 710
435 305
1016 325
815 684
69 392
694 215
476 642
225 173
865 166
535 781
1056 146
600 278
153 434
73 265
524 585
325 204
183 83
597 668
1014 331
994 389
615 661
947 636
119 278
451 698
132 561
536 281
851 1011
1047 3
720 662
550 964
981 315
825 1049
828 550
486 260
328 599
240 480
265 743
681 1024
543 405
672 885
1020 265
544 374
846 593
755 423
880 567
43 467
782 422
129 29
574 875
1009 337
797 542
607 874
532 410
350 195
540 721
1114 534
327 422
529 238
687 180
823 872
1071 359
222 643
465 444
316 1015
739 746
493 859
61 14
55 189
130 568
795 685
214 274
614 437
844 862
698 134
576 350
933 688
338 973
173 801
612 935
721 237
354 104
243 139
880 815
147 527
109 850
211 935
181 1072
876 438
830 1052
731 968
655 406
747 230
706 778
111 945
817 397
893 18
658 464
982 600
470 655
325 643
559 1005
803 407
737 552
647 352
151 168
582 634
270 142
47 615
745 886
644 637
430 407
585 898
801 264
38 923
679 368
732 1094
182 188
648 399
962 974
800 884
490 375
184 231
996 358
217 594
493 530
283 651
1013 898
573 879
1014 762
276 874
332 71
88 626
840 269
895 390
640 473
304 463
699 52
994 149
288 839
592 814
1057 685
917 989
109 183
608 759
277 651
923 433
595 879
843 189
299 611
657 45
580 747
718 228
850 822
234 907
628 726
988 258
833 116
423 595
686 113
357 650
778 454
834 163
701 586
434 971
206 530
1094 292
756 814
167 911
1115 660
594 787
167 931
901 664
140 908
1056 467
640 581
853 433
701 882
913 74
499 659
846 771
25 931
293 296
441 813
158 1010
242 247
363 757
505 241
853 631
224 444
391 624
730 347
567 237
1106 279
864 736
395 606
403 461
264 137
439 1094
124 935
301 481
303 263
279 87
714 1101
337 145
388 377
101 919
630 899
882 390
1078 315
75 1019
375 90
137 1046
1071 328
643 961
163 969
489 452
267 954
959 612
1098 183
866 218
972 341
60 274
796 744
1051 397
675 297
850 929
981 316
363 989
886 370
764 109
56 954
769 1028
412 205
649 354
993 888
1011 185
220 143
383 369
834 230
803 962
482 937
518 687
359 287
1021 366
249 208
747 823
2 447
726 987
475 467
37 281
1039 672
71 406
108 1089
976 953
113 666
810 364
680 832
665 393
764 81
856 205
300 56
577 386
808 104
611 107
993 806
209 272
957 909
298 1039
577 562
441 974
273 525
115 665
1015 1017
242 1050
3 776
901 138
755 523
296 996
596 1022
1111 144
1000 878
733 594
529 46
610 1004
717 793
325 949
939 1009
32 722
905 634
207 454
838 222
729 74
379 440
135 867
109 698
915 189
218 706
906 421
860 396
186 681
857 127
621 49
357 473
215 344
180 876
388 520
908 917
673 885
1118 914
36 443
731 691
967 227
677 892
101 272
143 102
726 794
302 635
527 520
712 493
789 883
50 887
758 681
437 565
850 369
657 412
801 435
1094 875
716 468
847 146
663 1086
456 589
93 956
934 728
961 425
573 596
483 789
602 1090
1076 1038
377 607
263 813
509 586
225 738
982 817
356 269
799 830
194 468
457 69
828 610
195 834
434 735
842 524
73 985
823 278
242 575
576 861
914 898
604 427
399 904
499 956
95 956
1089 533
851 604
120 539
986 404
811 347
618 815
361 190
152 115
947 189
10 295
986 590
816 810
712 128
1011 397
901 932
368 853
336 129
883 733
1015 268
634 259
752 748
112 955
305 678
356 384
113 955
577 251
1032 975
984 443
92 806
595 729
85 817
244 437
66 844
5 672
837 525
620 537
612 834
487 2
1018 600
736 1104
349 282
895 471
488 1044
401 240
451 616
846 341
41 955
401 188
890 169
500 364
370 1018
401 574
721 608
648 725
267 784
618 107
1075 386
129 781
1091 140
790 862
867 843
876 815
714 1083
867 767
832 325
712 328
982 931
913 728
382 526
938 866
606 22
61 496
839 410
922 395
1002 241
88 123
303 411
126 34
705 658
761 231
989 309
326 703
1121 591
444 102
947 824
884 587
602 883
450 788
189 875
177 965
395 108
374 655
287 860
814 757
916 686
597 654
571 338
154 408
987 292
721 454
696 1004
475 1113
183 654
66 725
770 381
211 452
520 550
966 83
843 1025
238 318
589 360
682 323
183 68
875 153
780 590
634 382
981 757
193 535
333 123
132 191
764 312
807 560
199 325
847 479
683 152
475 5
786 566
672 136
389 417
419 458
700 1004
293 1015
1106 476
685 467
309 1013
934 149
636 836
562 724
546 241
25 949
787 715
616 990
397 354
751 273
590 326
997 631
947 558
628 921
375 899
877 826
613 274
175 170
299 105
14 450
168 1108
416 674
583 441
93 652
389 168
884 121
624 166
1050 451
697 315
656 1058
140 816
799 338
294 396
817 893
659 111
560 695
984 660
403 480
911 672
162 386
322 1041
738 912
281 379
1070 219
150 569
223 761
730 621
366 759
144 632
833 596
954 189
101 425
84 7
517 426
564 914
350 905
267 943
23 597
811 475
328 642
531 593
848 390
1019 383
229 872
412 477
391 703
1094 508
468 896
515 1103
581 532
64 89
305 693
106 970
745 1024
152 562
842 771
1014 683
1029 284
368 242
1034 651
208 514
872 70
933 819
144 566
525 517
1022 1115
176 976
480 1034
998 799
705 937
354 1013
773 357
97 978
677 867
482 179
357 275
150 210
399 966
558 493
406 895
34 173
780 914
925 619
916 980
1031 477
723 180
663 461
187 1073
1042 711
1087 558
479 83
377 140
772 178
974 306
920 398
15 967
18 845
879 720
354 1010
694 399
309 42
1024 475
534 115
595 686
987 375
658 517
893 528
224 826
484 1003
994 18
317 385