691 162
717 718
588 374
515 682
637 87
647 843
919 624
221 362
213 494
257 103
415 78
824 725
681 242
405 995
385 441
206 161
1057 497
167 801
430 1090
274 262
39 548
257 955
663 882
85 991
285 727
672 1024
713 421
364 983
913 957
660 904
629 944
247 553
932 940
36 842
925 314
370 198
815 230
408 437
622 1010
1103 465
281 608
749 131
668 217
457 510
47 163
69 342
815 587
151 560
443 781
876 446
172 232
265 912
262 809
20 817
972 577
234 856
593 531
234 789
745 741
305 214
786 908
975 438
86 273
769 1088
119 476
1015 957
643 835
917 781
949 946
797 1080
914 223
756 813
749 950
694 579
367 798
954 674
726 96
329 185
295 161
637 354
169 527
301 100
877 605
45 229
495 819
475 668
278 340
692 822
854 723
952 790
255 894
682 495
488 689
45 136
416 304
339 861
571 273
575 212
467 372
1004 703
59 1020
183 1120
960 195
78 1019
405 819
666 749
475 656
843 42
721 180
434 63
1106 571
459 1016
584 198
395 1045
760 411
892 108
408 525
23 336
450 262
118 613
562 155
451 316
332 689
344 100
1048 1115
928 382
850 464
769 411
978 714
850 950
133 783
332 285
450 188
324 940
641 914
776 829
145 275
219 897
346 466
701 581
928 260
494 587
785 596
193 240
617 228
605 234
663 296
836 1111
224 273
647 890
41 598
112 120
349 293
330 713
556 167
82 372
483 1074
982 1006
174 174
975 669
190 169
602 591
559 110
351 877
925 519
1062 1101
1104 806
246 450
542 441
528 1082
878 888
354 410
885 105
543 763
238 491
415 844
698 596
859 100
459 627
951 551
872 613
491 328
88 637
287 752
91 567
141 1018
391 481
151 854
903 374
161 174
284 404
121 931
297 93
390 479
160 384
324 730
332 129
380 280
52 139
409 137
827 550
369 570
1116 620
277 258
159 220
453 975
553 489
794 906
818 156
77 219
694 653
284 808
560 356
451 1109
847 496
1037 1016
297 846
724 281
917 714
582 669
0 871
913 253
798 823
620 458
921 951
471 934
22 881
860 185
1105 263
487 1020
160 769
696 517
846 822
542 478
989 527
723 975
669 412
574 617
771 131
533 428
583 488
732 579
200 629
172 309
845 562
144 134
730 442
1072 997
203 488
656 216
762 418
1100 200
473 326
420 539
223 604
443 695
250 1046
707 229
211 150
380 523
21 387
326 507
661 955
495 435
881 652
632 236
757 747
1093 895
59 882
348 935
955 224
556 241
817 810
478 1064
64 673
241 398
499 133
848 146
595 1103
907 54
255 9
199 834
470 850
827 380
530 809
428 328
670 579
830 421
587 1034
364 731
791 1023
501 186
728 757
792 415
291 724
802 581
165 296
926 101
678 1013
216 66
633 260
350 916
903 130
1119 923
989 239
213 126
881 1047
362 369
622 476
261 413
481 187
1119 266
904 688
955 852
906 796
246 916
922 459
440 240
156 231
202 119
226 723
49 1051
800 812
1014 347
390 179
288 737
442 190
934 810
14 457
496 1026
363 335
159 791
998 555
1076 933
454 419
711 998
140 155
561 223
99 849
715 544
169 578
815 231
439 837
234 864
353 154
428 399
594 724
305 968
1 328
825 721
791 848
158 174
696 946
411 492
304 717
171 360
95 1119
1115 771
345 134
201 418
264 1102
951 323
708 908
1011 377
217 160
271 881
526 321
151 150
380 508
752 279
398 473
228 218
421 1068
716 944
571 238
878 153
906 395
216 495
430 977
441 736
1097 28
973 855
679 765
550 549
340 486
976 347
568 780
917 543
929 912
747 585
908 274
289 750
373 601
473 786
888 920
978 109
122 555
317 427
585 676
1039 615
961 83
1060 217
287 874
810 1094
244 116
862 724
941 686
679 839
330 832
249 950
227 167
552 458
998 797
806 130
671 741
778 897
174 175
274 730
340 831
747 194
100 190
271 681
980 560
722 670
403 809
752 161
318 1031
870 669
571 626
848 917
536 843
879 541
292 655
332 525
617 837
668 368
782 600
100 193
872 524
411 600
856 892
798 1060
206 64
880 655
348 244
899 507
1023 658
1098 578
78 508
928 375
823 439
941 471
379 753
519 292
36 402
1050 16
322 926
1075 574
412 965
346 328
1015 79
567 623
838 717
644 311
1116 976
728 330
117 110
706 460
1075 833
990 392
605 732
328 507
1082 956
320 122
529 734
620 679
237 678
245 409
756 899
959 387
606 112
851 934
1056 855
803 202
615 665
1043 322
514 799
827 21
487 761
235 284
402 871
1007 645
339 194
547 386
529 1043
565 178
213 966
457 351
1098 726
1048 307
161 737
717 718
26 93
1005 947
878 385
413 503
967 703
809 1059
728 920
74 561
764 495
188 394
977 265
377 414
669 188
206 629
872 511
276 133
360 355
272 348
669 121
767 904
475 589
355 807
1027 560
867 1007
1009 158
142 529
721 65
301 766
99 268
223 229
154 477
688 468
966 379
970 877
246 715
631 475
1079 357
998 826
919 781
308 196
599 674
877 402
230 679
404 590
1028 276
228 894
744 604
873 739
873 339
1029 904
1122 320
6 535
572 940
524 173
903 180
903 278
633 39
259 725
546 33
958 450
965 1041
854 546
1117 887
775 436
954 626
799 730
335 283
981 358
153 1102
739 300
701 753
34 1018
541 916
1019 382
477 283
1067 584
334 944
103 704
488 259
338 346
882 890
559 1031
764 745
1083 587
949 464
449 604
978 335
207 504
682 849
429 826
1104 119
580 810
828 858
513 555
500 455
978 312
1089 947
45 827
186 625
671 149
979 998
788 515
240 728
549 341
692 455
869 719
965 931
671 212
769 629
963 103
786 801
431 374
521 255
781 747
490 698
699 361
192 674
790 408
267 293
363 381
622 348
523 387
1107 130
941 591
583 103
88 102
1089 411
530 571
222 953
307 463
117 459
182 114
323 833
785 675
778 255
267 427
224 952
259 865
115 176
54 764
23 164
778 185
679 508
833 945
878 738
331 656
1031 238
488 847
868 941
76 125
996 538
508 295
327 102
389 1007
728 500
251 664
522 834
860 774
227 461
645 510
706 176
501 982
773 683
1089 627
780 204
15 167
121 896
902 783
522 365
85 632
657 483
730 1097
792 380
994 238
956 212
807 272
994 394
537 1016
409 488
737 926
160 49
930 711
119 971
625 395
722 791
283 448
689 617
701 824
627 236
152 1072
591 259
237 448
751 491
1003 657
358 400
904 283
489 837
77 646
449 601
261 707
626 547
899 1104
401 1084
203 570
1068 536
550 606
527 745
929 900
222 515
456 580
986 136
542 111
240 356
132 908
1067 786
602 222
936 326
230 562
104 1108
747 368
277 276
956 831
197 1096
778 678
86 837
662 830
986 442
203 427
346 940
599 385
804 647
968 881
601 283
1018 524
436 922
991 776
725 1064
834 561
610 245
847 925
110 192
171 756
751 366
159 781
980 474
282 309
307 239
1032 97
175 1012
101 136
518 707
782 588
569 652
916 807
272 273
794 230
133 847
577 799
163 362
771 479
548 130
906 863
225 336
1056 195
510 343
1017 301
326 844
912 40
502 983
103 489
544 460
498 730
530 859
422 615
118 951
557 464
593 906
229 369
181 455
633 339
129 101
256 578
212 394
148 933
533 524
929 883
464 824
799 385
162 760
800 898
955 734
191 384
326 476
980 785
824 793
620 57
417 719
468 1008
607 660
228 933
655 147
995 538
391 274
777 305
825 725
341 412
594 710
551 409
100 436
828 999
267 949
703 895
251 824
131 735
466 163
127 547
425 602
602 843
239 98
536 448
264 358
376 379
934 985
767 837
380 122
467 925
618 870
188 426
600 333
912 950
873 97
646 243
317 58
233 616
239 163
884 296
755 646
768 966
988 924
405 938
911 161
287 473
514 954
554 1103
468 335
675 862
502 916
359 823
338 40
771 1006
462 963
453 1086
514 23
131 630
865 216
691 175
582 476
262 380
693 353
336 533
631 650
1084 671
354 228
691 1054
383 521
162 687
86 939
372 953
828 405
388 865
570 630
800 323
76 573
586 1118
563 250
232 323
842 258
247 66
203 393
746 1059
143 324
985 668
248 578
999 571
784 724
587 883
754 860
931 66
522 812
914 71
1115 1096
617 889
853 584
72 845
816 620
645 667
57 322
655 148
60 368
167 1006
410 258
900 993
1034 212
926 930
100 530
558 303
132 345
923 701
873 412
767 583
34 116
226 550
854 687
354 149
684 630
893 248
359 424
975 852
529 869
392 317
769 363
518 741
214 820
246 599
305 967
944 252
82 137
946 629
377 292
581 498
419 555
527 839
895 743
533 116
559 729
393 934
398 1045
454 874
323 573
1074 731
796 849
215 562
59 994
718 641
800 984
924 793
1055 406
391 436
235 538
648 488
1029 884
569 995
114 153
326 598
432 479
919 389
117 584
884 496
868 298
261 800
690 276
275 436
862 561
587 570
691 938
161 602
770 706
745 950
336 349
958 370
163 557
237 1001
1070 877
112 702
342 552
406 384
1011 917
522 873
690 236
837 916
478 1022
501 225
1035 712
1119 105
661 714
594 755
165 783
844 429
334 266
365 869
409 899
483 168
141 996
333 346
580 807
316 269
751 1099
1066 723