408 611
350 657
476 660
414 1098
349 1018
293 810
378 1095
160 916
216 1038
335 536
521 975
131 734
1091 703
846 1067
258 995
672 549
772 500
544 642
175 1036
596 468
405 981
196 1121
719 622
493 676
184 1028
409 171
222 1002
626 599
319 733
1104 515
674 316
443 995
245 825
685 1095
374 361
946 550
110 752
1017 954
333 659
336 904
129 914
147 710
634 35
670 351
234 175
554 561
949 688
612 440
201 571
621 655
678 820
1021 654
845 811
1067 648
395 427
784 361
258 1123
955 965
65 483
237 582
997 851
54 703
684 287
1090 783
424 99
824 853
72 254
767 487
467 644
450 329
233 528
691 607
638 283
987 792
222 486
865 708
619 268
922 562
679 444
599 687
611 889
222 109
612 490
986 954
261 518
647 980
150 952
744 274
732 70
674 293
188 918
628 1119
338 872
624 543
789 70
394 992
824 356
415 249
257 353
820 449
322 718
1088 562
243 511
595 411
648 235
1063 600
381 237
188 563
705 365
559 706
534 518
127 73
542 444
627 405
40 714
803 963
700 485
854 245
1071 932
316 590
684 496
468 526
713 631
1031 477
1043 1025
1022 420
657 264
290 147
669 361
707 322
626 914
1054 511
764 156
305 100
427 562
1003 552
360 576
488 955
909 142
971 654
253 293
983 204
580 532
815 358
1084 340
637 776
50 274
957 703
242 953
346 703
477 328
680 495
140 191
947 736
623 807
675 341
590 295
337 429
512 690
762 552
854 498
842 661
293 519
887 33
649 200
919 1036
1068 1072
443 409
667 922
805 195
374 755
15 701
967 266
404 890
880 870
915 677
252 880
403 927
948 4
998 934
979 133
402 419
786 406
364 641
543 213
262 983
683 901
459 1033
1091 81
232 208
761 375
162 418
959 915
1078 576
272 710
897 757
589 1016
113 637
550 242
967 957
1053 249
342 1017
1079 581
287 198
754 965
325 632
474 692
980 809
158 387
501 218
25 736
380 767
926 212
190 806
208 681
173 264
834 750
333 626
511 156
639 929
781 539
115 814
357 675
639 128
298 327
287 629
820 270
960 892
101 862
255 968
617 504
772 582
181 413
523 338
938 903
1019 545
893 260
619 922
451 453
860 1070
867 154
75 754
487 1097
1003 188
489 552
190 137
424 717
801 1024
347 1005
88 218
103 226
379 1058
247 105
611 453
218 107
196 959
966 914
747 974
474 1055
426 103
456 1018
130 237
500 413
321 288
797 198
253 592
118 524
140 225
982 584
164 609
873 539
1089 505
393 519
966 1071
458 1015
69 606
755 882
979 262
904 310
430 989
930 785
808 835
1062 503
560 1031
769 1092
247 769
120 537
433 291
8 880
420 830
778 244
577 414
255 450
1017 284
532 307
46 734
1110 372
106 187
695 854
592 316
527 139
242 994
1016 48
327 965
773 504
845 1059
308 334
908 633
765 953
1084 807
881 329
660 204
702 441
364 919
378 186
173 209
607 237
767 236
318 710
902 617
506 870
705 517
61 24
527 184
374 728
100 933
584 1018
923 257
996 40
1116 330
977 227
737 124
802 338
676 860
540 69
40 982
254 224
288 1038
1123 617
391 248
775 886
1081 109
436 916
1041 1039
715 201
396 50
166 556
566 452
696 921
859 763
409 882
132 852
668 623
730 881
295 453
267 492
503 666
323 621
708 307
825 549
897 801
443 705
511 948
830 653
918 541
747 465
339 412
486 873
715 205
895 157
921 503
438 860
869 696
522 904
639 317
67 439
1036 380
457 596
487 685
971 68
1099 92
795 197
263 481
746 33
37 478
400 871
568 315
1074 349
312 787
791 692
494 29
403 381
498 929
613 988
612 286
964 506
728 575
437 234
115 884
260 705
1005 1039
387 202
789 37
466 888
920 695
592 332
722 568
881 655
416 534
249 829
445 977
105 622
856 941
128 766
616 917
260 273
524 66
705 628
129 442
1038 768
24 1000
734 443
736 1016
549 855
696 1060
132 417
861 1122
1122 953
506 695
148 552
123 269
658 282
973 486
739 263
791 353
894 498
203 954
1066 101
442 451
667 157
803 180
918 46
938 388
127 933
1055 147
457 113
861 100
698 356
89 653
983 908
461 264
30 815
568 91
666 924
103 1009
816 1046
78 556
607 272
174 191
692 733
247 435
359 864
535 869
257 184
499 402
103 16
174 683
250 94
232 947
248 935
1008 800
534 109
987 727
447 614
111 358
1097 1029
737 757
310 445
945 759
269 92
726 988
466 455
209 724
346 809
354 900
1035 289
348 897
754 712
502 636
303 675
245 373
570 795
340 179
942 401
200 132
971 727
1112 962
887 335
431 570
134 957
47 931
58 959
58 1115
817 209
36 545
685 1032
73 832
691 242
989 365
504 196
792 206
224 437
150 480
904 679
250 496
194 853
332 280
239 293
511 432
1009 172
494 719
586 987
788 239
908 574
895 266
282 445
353 286
1010 956
657 409
596 517
274 397
638 440
630 791
337 384
396 603
28 775
254 879
863 462
889 713
82 136
429 251
685 313
882 769
463 242
1030 986
675 657
651 788
931 997
981 572
264 233
695 893
928 758
636 167
850 957
584 237
735 1002
336 951
42 354
226 380
570 674
30 1046
853 902
351 466
811 806
274 911
124 603
749 670
643 81
77 1058
220 313
834 407
104 556
925 69
1095 746
864 760
422 659
330 264
1058 646
979 385
304 601
916 228
533 465
822 1038
268 784
475 133
1062 326
528 559
626 763
111 232
990 386
717 476
177 364
411 838
114 728
961 1117
168 703
920 1079
763 214
155 960
871 989
173 891
671 270
221 1053
1076 505
686 804
342 883
611 563
678 920
657 699
533 927
734 829
617 231
423 873
982 174
126 228
308 896
588 873
622 250
176 202
465 239
623 966
390 987
906 896
349 634
315 413
51 373
1064 683
89 452
499 489
783 491
338 704
894 286
63 184
421 106
275 413
819 298
173 666
312 950
781 364
782 127
299 212
437 860
545 317
90 985
399 267
140 815
602 452
655 321
781 592
427 722
809 1022
741 54
1103 681
947 217
476 927
657 779
828 1050
193 1115
726 813
1015 371
355 843
1014 937
158 888
587 913
610 379
696 141
1116 993
234 599
76 660
239 617
150 199
786 584
548 1108
320 35
668 258
180 176
236 434
438 624
75 361
1060 486
675 511
244 529
694 503
760 463
701 907
852 400
300 773
653 256
814 394
371 614
1035 270
805 277
296 1073
498 641
247 730
823 313
506 259
399 795
570 648
362 702
933 147
554 203
830 928
842 503
387 727
760 833
25 409
450 568
670 14
212 944
4 832
1072 318
1034 817
433 244
761 307
64 204
146 753
777 109
400 169
913 950
871 753
321 277
723 162
959 796
193 540
546 883
671 769
855 914
1089 1105
322 461
242 116
546 929
761 305
105 232
835 224
823 264
193 208
165 503
847 688
772 396
548 289
742 1071
298 346
241 138
900 745
866 385
976 435
724 741
629 603
514 131
967 396
990 113
527 204
435 162
404 790
781 262
602 380
807 335
469 569
336 672
894 420
17 547
703 601
291 576
647 595
669 936
881 31
960 123
484 382
493 388
317 277
750 274
491 953
493 301
410 531
622 58
339 295
352 185
673 247
809 345
318 261
656 574
744 563
435 366
26 588
1010 850
333 700
172 426
756 851
991 965
800 963
509 480
746 635
677 518
799 887
475 985
655 377
68 472
818 603
485 531
102 689
690 667
877 900
81 252
316 429
807 848
669 701
423 1019
431 297
210 850
421 703
586 689
917 562
274 157
347 31
848 496
533 354
1109 679
296 706
730 427
994 693
908 154
492 733
39 852
715 25
173 526
666 345
584 430
823 126
816 183
521 604
1086 909
78 841
347 36
213 704
96 626
87 575
214 973
949 664
532 850
98 561
312 793
769 118
799 1106
1106 869
264 1100
354 584
674 563
854 334
812 537
636 598
985 926
698 782
718 271
787 713
204 140
957 603
425 605
297 873
533 254
270 1032
528 954
519 510
448 172
615 1096
368 937
630 380
1051 690
434 469
314 137
879 786
1082 569
613 575
546 259
595 923
296 856
100 278
610 650
1000 435
80 603
470 735
1015 28
584 532
781 131
358 349
995 610
828 249
166 342
481 228
874 1075
463 627
899 777
107 406
101 632
1070 130
170 429
943 1099
234 1107
1067 902
138 216
353 1082
529 708
957 226
788 1029
954 594
145 277
382 346
137 953
842 332
161 748
299 415
346 1030
796 164
999 445
1064 315
840 262
809 886
269 208
505 533
408 354
661 464
750 208
264 299
208 504
284 954
1086 496
543 586
840 721
716 836
735 1044
582 478
362 303
741 1060
797 346
31 638
298 324
479 298
1003 203
986 1030
415 766
726 942
452 201
899 332
388 789
466 672
227 879
924 496
732 770
618 256
138 227
715 1012
482 595
1054 1123
487 373
602 115
1086 1105
903 940
923 1036
696 813
950 856
172 704
185 634
264 502
638 17
671 939
285 185
356 735
893 823
347 390
1042 174
177 1015
501 149
439 533
843 287
238 1019
394 229
362 591
299 1003
649 233
860 866
811 525
157 404
223 933
225 663
507 730
981 865
642 989
1036 119
1005 948
508 588
761 119
1113 451
397 547
888 746
861 220
378 703
173 566
913 754
995 899
255 797