821 822
712 640
307 356
478 1066
37 647
833 424
916 391
603 345
1021 887
474 142
997 506
318 896
444 632
871 1017
550 989
145 636
530 930
586 656
484 753
704 375
394 107
815 494
724 272
169 938
824 643
281 652
338 886
132 600
225 484
514 909
730 605
1017 568
958 794
551 628
655 288
421 894
283 199
746 457
439 859
357 312
567 162
239 546
250 370
467 161
487 873
31 570
483 679
539 322
1057 408
296 843
827 1055
519 224
769 681
730 951
738 408
979 27
833 569
715 1119
330 195
406 655
827 980
740 691
1063 240
430 135
184 1026
891 434
382 262
344 836
15 133
551 517
500 781
839 891
419 336
591 643
681 484
628 427
768 936
923 20
721 182
268 747
1028 835
1017 477
184 396
386 635
302 951
890 219
595 1066
253 990
288 1010
954 470
154 126
627 655
105 178
171 424
649 4
704 90
802 879
202 315
742 85
960 125
538 327
665 859
313 900
989 641
641 487
244 485
877 794
542 538
607 629
220 116
852 1055
947 1017
616 370
1063 902
667 1036
358 122
762 239
525 189
893 212
859 646
141 818
413 954
1091 617
81 60
375 404
518 428
339 729
519 1103
352 787
374 999
213 588
952 19
121 376
351 597
135 651
147 840
624 416
477 917
709 691
596 963
556 782
609 888
757 333
501 999
546 264
145 391
292 721
510 261
764 119
149 159
394 797
561 480
337 119
388 962
734 322
891 59
870 716
613 1024
389 621
769 1064
754 107
582 824
699 1107
896 226
450 301
185 495
616 868
410 5
819 671
594 361
181 401
746 1000
448 181
986 673
501 448
212 635
523 772
351 555
834 287
902 346
338 426
210 475
209 1027
960 814
869 769
871 878
593 521
1113 342
169 177
8 483
844 200
1004 325
757 377
1083 980
836 157
380 398
565 864
839 173
606 641
1088 261
74 485
947 452
573 307
544 242
680 242
200 910
146 205
998 880
805 979
730 858
298 566
1086 699
242 172
130 700
634 942
515 943
969 274
391 837
251 1045
247 204
192 644
304 149
208 670
311 965
615 443
715 697
69 172
897 756
636 848
202 1024
861 381
695 983
911 654
137 963
536 3
567 164
100 435
569 800
580 415
686 139
997 249
568 160
340 273
615 513
541 307
871 859
221 925
1030 148
196 229
546 899
508 249
714 148
125 685
108 343
595 187
1010 488
430 35
768 195
716 430
1081 439
410 68
193 956
611 342
683 445
937 1022
763 784
523 844
346 612
1062 322
559 353
424 210
581 135
195 292
211 830
182 571
196 1016
274 190
320 250
803 810
634 507
781 1088
890 360
240 162
873 448
910 346
780 359
1045 468
654 271
74 352
897 196
844 463
450 179
246 559
1036 274
1022 359
282 1014
693 18
97 641
468 591
517 589
791 724
122 913
161 422
529 102
885 964
467 115
1105 691
589 699
475 639
909 216
509 809
557 229
364 927
975 376
543 441
648 465
954 436
64 519
746 179
901 632
547 179
807 1021
480 612
384 532
83 527
588 328
551 163
702 963
243 109
436 377
821 74
572 451
808 637
40 486
685 446
400 170
618 744
566 690
1024 362
6 944
229 861
207 475
389 728
465 740
665 131
423 809
191 874
616 820
698 531
505 203
424 526
985 869
195 346
616 985
698 919
297 1055
175 955
767 664
287 164
890 721
675 716
634 533
489 127
84 738
691 317
939 192
738 85
545 528
481 355
790 930
533 820
48 265
814 498
837 183
290 377
177 229
860 749
620 388
794 520
787 745
410 113
630 266
356 814
334 116
211 663
614 0
538 190
447 1046
352 726
839 396
554 309
399 708
168 175
565 668
183 558
887 271
504 128
802 691
53 618
689 346
538 818
530 28
959 323
390 750
972 522
1071 403
928 1081
974 410
240 348
509 393
615 406
359 267
597 490
903 962
648 401
670 200
965 938
384 798
1089 1065
365 824
485 317
643 800
632 11
827 1034
445 985
540 618
665 138
804 101
312 721
525 171
743 742
861 326
935 231
386 289
800 278
212 670
575 769
525 430
691 444
26 464
150 784
1019 946
652 1063
264 0
298 569
188 799
215 179
203 959
474 1122
319 627
365 857
647 575
106 282
52 146
480 63
924 948
772 329
376 703
401 555
92 799
178 806
460 829
822 353
114 151
467 898
231 279
314 567
714 50
615 763
991 420
884 900
291 28
652 841
580 384
1000 296
616 848
601 118
790 332
440 854
300 824
863 543
673 1043
46 279
526 1022
90 179
280 297
522 722
605 912
189 189
560 219
480 144
116 213
166 529
560 339
356 729
47 75
467 289
679 906
918 865
569 504
814 43
998 162
74 535
1001 633
855 393
514 187
697 171
969 59
546 265
276 412
1069 187
341 212
106 369
96 215
474 126
493 1058
500 324
849 219
207 552
1106 1104
809 406
475 511
965 600
429 709
314 146
376 387
432 249
521 352
807 1014
220 802
317 346
84 329
309 914
1121 982
232 129
286 955
755 973
124 539
833 30
118 1016
203 951
438 786
950 32
819 182
357 408
155 402
871 499
184 42
910 31
574 43
412 592
252 867
647 789
460 525
896 869
626 410
765 920
484 750
91 151
162 539
857 847
126 349
677 918
539 870
380 125
337 686
590 823
404 353
418 598
1002 798
802 256
727 995
713 827
1100 300
679 196
876 1048
642 68
179 900
351 428
147 556
380 746
192 534
369 188
1094 521
791 24
768 575
463 310
128 642
480 162
421 658
419 791
472 696
114 575
19 547
70 924
151 949
417 108
948 683
1096 835
830 136
678 101
93 207
628 1103
620 288
1057 150
87 789
513 300
770 832
2 358
1007 1006
363 207
218 970
831 384
118 682
800 532
708 788
281 258
65 312
439 53
665 635
739 715
346 144
458 951
694 889
489 1075
781 627
799 359
838 105
829 235
780 129
304 622
412 804
1017 312
588 164
897 227
538 175
275 587
838 525
261 728
441 361
548 892
54 1039
509 950
982 738
216 901
607 147
338 994
154 783
556 1008
238 470
1078 354
447 386
84 377
243 211
271 982
945 412
966 1117
619 565
525 516
674 768
55 750
728 306
557 440
950 626
287 912
703 29
896 655
892 418
480 88
1065 810
795 128
415 886
297 57
971 295
854 592
674 792
943 725
830 1057
536 1052
1033 769
1042 611
295 129
393 990
153 539
102 555
0 954
1021 442
107 611
467 508
573 1
481 742
938 202
241 974
280 364
370 965
653 323
1045 110
166 900
87 769
530 945
385 954
592 705
92 492
38 744
335 155
235 739
579 815
930 447
134 277
656 397
620 282
847 355
1068 508
588 848
629 1086
680 326
1048 316
209 721
638 737
118 908
803 1104
700 215
329 657
359 927
757 715
717 768
1023 535
596 41
479 211
898 395
100 565
629 163
642 417
1020 466
559 156
349 155
728 49
472 106
346 977
171 985
200 729
951 537
654 618
330 169
695 762
638 964
436 994
706 959
286 209
407 524
222 135
181 219
547 808
550 721
315 1094
855 191
644 205
374 84
839 820
855 288
1083 763
874 573
714 665
420 873
29 692
795 412
684 266
200 979
515 493
232 680
645 386
12 1111
179 410
978 773
703 842
614 596
406 158
284 545
266 74
489 841
222 819
465 1
595 939
169 267
759 1048
701 879
815 835
1012 363
989 645
659 642
624 552
662 940
874 808
254 151
580 491
646 777
152 566
80 140
315 1079
488 204
414 638
622 733
325 322
601 185
159 152
609 399
829 623
721 432
1060 293
582 710
378 225
664 230
371 922
95 432
569 147
1068 223
288 539
841 24
220 5
1085 457
886 26
36 825
468 827
778 315
939 412
790 282
436 299
158 1019
104 443
152 437
500 298
503 425
270 182
487 220
508 224
146 276
224 788
420 761
1099 242
441 497
168 468
861 754
253 678
831 487
398 352
578 516
42 604
996 789
504 132
696 152
175 21
315 612
238 204
681 421
512 875
374 716
318 405
691 962
347 431
525 594
402 150
965 387
662 860
359 1003
735 1010
133 512
429 690
384 781
394 1101
668 130
876 199
953 260
829 135
999 998
214 570
923 973
765 938
1000 198
524 1095
848 816
851 994
524 162
442 116
168 664
475 987
803 950
795 947
150 562
100 594
315 526
376 248
869 324
400 927
981 502
1056 848
52 814
851 963
838 967
639 483
509 127
735 899
168 303
271 889
785 636
387 703
782 835
836 561
1047 197
320 450
355 825
900 403
601 686
368 886
924 542
967 145
198 816
39 136
145 747
356 410
311 27
347 406
456 647
553 303
393 795
495 533
586 695
830 1025
860 597
682 873
293 89
1019 711
1099 270
286 958
232 242
525 355
742 438
956 572
786 709
74 365
967 463
330 477
947 463
601 547
509 399
144 639
520 419
735 834
280 429
874 1003
628 250
629 241
779 502
167 797
346 293
946 852
813 451
104 482
804 264
987 378
805 192
340 548
935 291
538 650
206 15
817 231
508 413
915 171
495 899
551 159
561 718
615 161
259 358
834 600
774 543
67 846
290 595
241 622
233 1075
523 818
791 476
256 954
714 739
1050 359
404 468
452 426
279 234
625 1000
658 199
315 585
497 381
566 110
926 143
765 821
974 867
177 897
828 643
347 732
549 739
744 581
272 292