671 122
691 951
84 969
289 696
411 248
987 261
192 646
744 939
120 1
277 177
626 564
228 835
249 503
873 87
990 202
990 263
357 126
998 936
16 268
364 862
736 185
828 173
388 449
1057 503
528 955
136 209
528 474
280 610
521 808
395 134
883 503
989 1121
161 166
251 1011
653 478
575 288
411 511
465 856
427 449
208 409
1016 1006
754 1043
879 105
873 752
364 255
1047 535
517 739
419 405
209 606
188 994
980 445
862 285
787 333
260 925
708 955
538 857
751 578
723 187
862 872
297 363
832 1022
595 347
986 682
534 874
118 442
496 801
1005 1079
1041 659
880 882
60 554
1093 430
433 413
328 735
1108 793
581 1078
929 111
307 499
696 976
532 126
412 518
928 706
823 186
736 526
929 404
923 742
513 290
199 632
271 237
35 750
715 1075
775 453
1049 985
551 491
783 415
854 672
1119 661
416 96
977 346
179 84
536 1105
516 538
987 700
204 313
838 931
298 342
809 201
332 221
270 850
974 748
286 750
33 600
349 1083
607 1117
526 181
369 338
115 112
460 757
82 1099
355 890
604 869
580 736
567 619
452 901
1066 810
301 1115
830 519
890 690
733 676
123 798
222 745
288 704
1095 1011
601 761
110 589
898 904
664 172
1117 210
187 544
684 72
327 272
208 676
392 689
406 824
806 981
100 171
865 341
968 437
1046 816
488 635
855 788
8 998
550 65
156 215
895 270
599 138
879 526
302 729
451 372
327 137
130 597
343 238
207 771
452 949
810 431
258 643
949 312
588 540
166 10
422 147
834 95
869 438
332 746
294 312
566 152
821 727
312 16
730 432
808 320
152 38
494 1002
473 267
496 256
315 280
255 863
132 690
227 284
382 648
577 942
718 164
939 902
680 320
476 1002
356 599
308 270
491 627
577 424
1014 707
1008 967
478 334
999 696
703 474
276 196
305 147
377 542
214 522
89 377
189 759
254 494
434 954
444 372
892 422
205 64
585 331
862 130
316 410
313 448
479 947
316 333
512 330
242 1119
452 252
360 519
796 316
582 419
837 707
902 35
925 383
389 827
883 865
864 278
824 542
990 317
875 485
979 145
914 244
447 56
858 824
352 597
813 728
32 944
300 72
580 442
1013 362
773 528
1082 271
960 425
76 96
4 260
235 57
257 803
404 623
176 30
627 857
681 172
570 566
741 703
1000 948
516 322
80 208
889 138
197 924
836 904
525 453
912 658
358 502
150 262
587 665
429 163
575 549
1115 937
263 888
587 726
790 892
1096 285
791 242
553 254
639 472
662 878
996 517
430 686
904 1061
1082 773
960 228
758 774
285 596
62 651
181 302
823 830
909 139
751 902
700 937
793 755
472 692
221 241
644 183
1023 716
120 781
854 865
604 770
819 554
643 750
202 227
74 988
338 126
213 966
192 530
220 137
861 228
1007 23
32 787
150 904
361 712
283 181
616 554
388 6
712 338
154 468
808 153
857 490
730 1055
629 535
973 161
992 333
878 448
52 1001
489 162
1013 622
350 874
347 296
409 228
224 345
994 386
540 245
590 705
843 388
185 521
1013 101
261 720
715 302
226 872
200 19
703 471
1034 464
544 966
220 907
1089 184
605 98
295 131
953 857
517 354
198 491
445 294
223 920
264 467
838 249
306 625
977 212
618 713
137 105
637 522
269 712
337 718
315 650
936 575
138 600
406 708
308 234
380 856
618 153
854 1113
718 1047
339 613
332 261
402 959
25 936
816 984
788 455
743 945
458 237
826 540
401 700
455 207
999 1031
573 270
157 768
695 1117
1014 617
679 469
460 836
351 184
432 751
12 940
278 878
453 607
111 468
291 481
861 122
226 492
391 82
583 524
208 930
923 947
152 489
120 966
420 578
857 445
560 1106
699 1085
604 679
698 718
463 187
129 131
138 667
174 1068
337 999
344 154
651 891
978 381
187 168
524 515
445 401
328 158
748 13
984 1075
111 601
309 216
184 268
287 907
831 289
834 439
173 248
347 353
343 193
796 599
1014 484
465 267
508 758
245 419
213 832
379 775
214 974
512 370
876 899
448 211
624 985
248 940
100 779
244 265
188 397
226 322
934 181
422 62
1026 764
550 1063
241 457
412 237
282 714
410 1018
404 947
474 666
263 459
919 851
358 37
247 601
847 820
274 326
638 420
790 522
853 1056
164 287
770 794
751 769
706 344
419 442
1054 132
8 881
504 411
231 359
543 174
940 603
879 562
333 133
247 962
363 451
28 874
1080 112
189 291
796 794
855 0
523 321
585 478
970 580
861 76
688 1021
798 784
111 821
461 573
252 582
552 114
1004 870
258 206
712 576
964 951
991 561
97 424
994 592
867 766
732 289
313 353
74 721
878 434
589 401
740 1007
1013 235
238 796
481 979
886 399
702 695
4 340
12 428
741 314
808 557
982 248
646 970
532 570
829 247
533 765
712 373
457 621
1122 1123
636 809
558 1019
921 697
800 644
467 665
332 803
498 414
277 359
322 573
828 844
117 702
1 298
539 343
789 42
859 176
890 233
122 965
327 918
474 618
952 548
403 720
317 206
393 892
465 261
631 789
194 106
554 726
558 896
649 551
785 600
410 783
572 420
229 266
328 756
516 425
685 227
503 729
713 680
915 121
308 1099
54 554
484 818
848 689
268 435
615 734
70 805
277 501
186 907
574 178
730 662
905 944
166 581
208 676
350 725
509 449
167 514
590 630
190 358
405 350
788 45
188 278
398 958
205 856
523 906
226 1016
619 466
134 840
301 604
734 363
322 513
520 1050
200 816
835 336
665 531
987 927
524 246
455 389
787 70
81 32
1111 170
826 868
288 1071
193 557
393 522
981 918
699 847
322 395
768 675
698 156
187 1021
923 573
958 575
237 330
979 743
852 1095
406 954
970 838
578 34
389 107
258 377
606 218
439 621
210 447
1016 0
609 751
602 304
133 109
496 594
463 142
225 327
445 1074
104 570
1099 99
923 557
452 736
864 756
341 678
913 46
732 732
23 110
672 432
1028 368
116 311
620 459
860 632
1056 690
459 570
829 820
659 839
233 669
517 658
107 955
1057 270
893 283
172 1034
540 279
536 583
463 456
554 447
328 232
895 824
202 494
253 855
109 456
239 1004
254 758
263 574
428 184
797 123
542 15
133 368
553 100
922 541
437 765
46 263
654 572
1098 875
546 898
101 690
904 466
455 296
452 1034
774 169
585 534
1022 902
994 173
662 473
261 920
872 718
120 283
264 277
885 686
196 196
540 631
402 531
783 839
460 323
790 419
671 594
363 1020
557 659
164 1010
5 267
887 1019
297 249
191 879
968 965
453 849
587 418
768 916
864 416
672 744
783 828
652 277
1114 651
346 657
926 234
280 275
340 911
433 282
9 804
814 106
354 257
374 301
285 846
778 995
645 354
548 579
993 734
353 642
522 707
863 510
466 970
743 938
980 874
578 1023
656 515
432 874
694 176
272 373
671 532
954 906
766 386
708 949
491 175
227 914
387 988
672 619
465 708
459 989
453 841
466 234
709 809
3 330
1115 643
875 593
1064 383
505 818
332 536
358 177
523 574
89 660
182 722
839 731
394 307
605 563
244 463
913 292
207 593
878 202
383 113
591 489
606 142
681 228
269 11
908 377
882 469
167 826
834 633
187 1120
851 893
761 344
1064 648
207 315
149 486
613 399
899 385
212 613
711 139
375 293
360 67
789 1051
282 108
66 777
931 446
547 860
907 313
140 929
232 314
597 1011
448 590
685 836
795 525
210 492
494 966
736 225
289 569
816 993
781 319
836 334
342 651
489 318
1123 1044
568 951
189 396
705 857
380 978
272 697
458 149
785 679
261 347
298 763
1057 803
367 170
336 616
598 138
227 481
500 258
212 1028
879 1090
302 170
524 365
683 271
427 163
536 233
730 702
787 188
671 865
38 923
1017 231
1006 110
972 723
829 276
524 689
903 867
471 1001
422 343
1119 888
440 258
454 628
1075 191
1011 782
801 368
145 54
175 361
958 990
749 99
995 1008
1016 302
569 284
728 192
910 342
518 990
720 267
171 254
886 139
432 800
677 416
332 505
1062 420
205 1076
742 272
611 171
741 701
37 801
163 141
52 604
170 640
382 807
369 386
395 683
393 450
1007 366
441 186
347 131
405 849
657 692
297 846
559 173
27 942
1091 459
626 256
164 685
489 1053
945 536
264 593
609 988
1001 992
1063 941
630 677
621 562
437 234
854 384
1095 817
643 758
718 651
247 364
654 638
303 538
534 712
553 122
607 467
308 1038
256 477
678 32
675 319
1011 311
308 1105
338 131
912 995
262 384
581 977
684 1004
927 729
734 223
377 841
622 471
572 637
171 680
936 520
941 912
954 656
13 559
397 850
720 499
924 138
68 289
455 716
585 819
877 601
696 1001
566 198
520 501
361 427
882 105
940 993
560 1074
242 650
810 105
340 564
486 696
220 796
21 540
158 511
971 298
832 1111
608 942
445 966
637 155
101 721
590 697
39 907
281 504
18 799
619 173
793 896
542 954
238 646
304 382
529 126
1008 952
609 206
969 778
338 901
344 979
208 586
839 767
271 330
860 201
740 633
373 131
644 571
975 482
523 863
1116 774
932 529
831 198
278 760
630 1052
317 807