344 516
441 231
490 105
648 234
1118 310
854 193
664 356
327 772
515 1095
787 565
255 761
1047 920
237 460
562 190
1047 581
750 307
959 376
456 81
930 998
209 333
191 770
206 665
1024 148
598 242
308 23
274 76
162 845
1041 755
183 787
532 965
1006 463
168 694
1099 657
753 158
991 1049
778 483
273 43
556 1012
456 869
844 997
611 273
528 823
890 568
163 631
185 1011
735 776
541 2
1003 610
61 119
846 446
981 429
775 563
572 446
982 617
486 288
111 372
789 732
125 184
466 773
789 791
578 128
603 995
866 837
372 223
275 546
262 1004
735 1036
388 527
700 1021
182 715
961 389
524 457
279 546
641 604
846 59
175 606
986 159
256 885
312 512
452 725
989 122
784 591
128 825
334 380
696 381
1011 536
84 624
96 90
330 135
812 615
916 514
333 846
1032 1081
262 967
637 667
629 620
797 104
214 1040
609 453
427 621
698 262
437 711
590 85
957 431
411 566
303 294
915 45
635 563
341 334
54 393
740 444
509 970
736 723
367 901
831 851
512 170
841 307
771 742
144 529
461 515
942 760
744 895
239 451
318 639
674 504
86 590
577 787
810 91
634 818
523 589
155 843
125 200
579 914
935 823
240 708
682 618
239 530
1113 666
433 247
1096 657
420 468
816 1088
549 959
914 548
389 944
370 280
388 763
779 842
601 479
872 334
725 836
622 191
647 396
616 927
992 818
759 323
349 917
650 251
409 265
688 941
905 532
620 992
635 27
648 470
406 291
526 844
372 267
272 759
666 498
119 949
679 816
1109 1107
84 711
46 284
933 702
899 673
13 307
961 636
912 231
770 533
233 528
865 346
942 328
452 445
783 871
684 6
1001 603
1000 724
311 942
914 225
848 102
757 676
665 1018
433 523
66 1080
891 431
701 234
234 133
50 924
561 615
1107 535
289 763
847 686
226 561
611 872
368 733
568 384
789 575
694 1117
668 957
417 663
741 587
419 836
463 139
667 400
953 927
107 295
613 500
900 690
545 631
614 477
143 769
932 961
907 381
218 612
435 730
559 149
807 403
548 462
313 281
594 242
135 572
994 961
247 100
847 239
676 362
833 478
583 322
606 196
599 450
720 139
284 1059
328 123
97 301
862 623
369 337
144 950
227 998
540 429
121 681
122 728
103 534
105 802
256 891
781 318
1109 121
961 949
784 294
340 705
827 706
534 784
637 107
262 652
278 291
256 1073
594 370
454 180
125 830
0 729
450 459
1048 333
185 1032
368 829
760 1087
728 163
584 1018
365 408
870 896
404 187
194 878
604 1079
386 870
130 684
952 751
141 291
325 570
286 569
212 728
966 826
170 739
141 954
1026 636
722 136
309 664
975 452
540 670
241 166
873 686
755 444
1035 1014
152 321
337 634
742 19
1100 946
512 998
592 256
636 143
0 1010
614 1021
497 709
800 759
156 825
143 103
184 362
868 313
703 987
682 962
942 211
728 248
482 795
1009 294
289 683
173 248
443 1001
152 900
929 105
1082 110
983 284
245 609
637 970
790 394
282 952
331 942
548 973
391 283
531 511
947 403
1052 159
949 138
969 220
819 601
847 243
832 350
371 1001
244 27
865 728
216 757
101 1067
104 157
875 293
1061 763
113 706
205 534
339 381
499 1018
675 659
799 157
1026 186
313 456
658 412
846 415
276 273
624 837
488 222
600 880
636 495
786 932
398 1005
213 918
437 865
280 237
509 1067
535 896
450 949
814 137
382 619
490 694
359 106
485 1013
319 375
890 408
797 1074
337 381
28 715
299 907
746 371
717 715
252 368
67 186
215 558
550 276
641 256
564 100
288 898
320 1007
1003 232
453 393
231 544
495 619
613 865
461 302
346 712
158 223
742 101
376 790
905 1053
305 505
61 1025
947 853
609 772
906 441
146 254
865 790
947 856
401 381
484 312
331 790
741 14
242 617
905 382
680 551
928 509
834 639
804 535
369 943
544 532
744 648
966 827
135 957
328 417
822 570
408 151
166 331
755 761
411 790
159 131
113 560
740 936
315 212
249 490
465 666
135 997
1091 940
365 361
999 665
957 899
762 833
619 840
365 949
988 678
216 588
766 778
845 280
861 294
204 640
264 546
1022 766
428 81
420 292
9 956
540 712
1004 433
997 708
620 432
417 141
816 245
273 885
360 275
871 591
531 846
468 166
177 359
383 963
761 618
912 717
469 957
526 50
668 328
650 74
323 954
466 491
952 302
247 1011
811 72
465 807
911 409
618 653
732 657
989 977
613 824
244 260
932 518
786 703
5 997
339 469
240 589
497 1014
786 577
667 318
102 591
733 541
759 1038
502 355
825 950
159 114
688 380
568 957
712 94
739 600
286 327
431 173
1103 528
487 806
896 194
590 174
449 568
971 914
308 896
337 689
1004 770
334 555
162 640
29 190
808 1021
419 781
257 916
959 164
424 941
767 594
360 984
441 715
976 893
980 367
719 626
171 152
993 106
882 998
171 80
1012 91
880 617
473 532
389 245
1001 725
784 971
98 228
940 684
954 428
143 141
1049 770
590 268
640 115
312 118
1040 779
355 1013
1054 913
888 829
275 479
1011 913
915 117
21 625
83 852
434 102
386 523
166 783
9 510
283 1019
175 683
730 463
567 800
538 817
68 435
632 984
200 332
529 605
916 927
492 551
699 649
1100 46
185 111
137 173
881 129
605 956
744 212
949 205
422 558
920 843
307 296
404 994
146 182
88 137
252 900
114 984
24 876
673 190
493 911
1072 646
575 914
539 925
711 975
591 1048
268 254
678 851
940 568
545 770
856 227
1008 617
74 585
485 615
745 739
224 186
1009 901
435 689
157 900
991 802
538 907
750 393
398 857
706 716
733 173
217 875
247 715
481 378
889 26
771 449
845 472
307 872
130 893
494 750
884 981
720 95
418 849
832 198
181 963
549 770
813 514
169 296
828 373
148 666
295 56
530 523
107 676
729 759
655 735
394 231
650 485
214 400
275 865
995 71
1033 70
248 180
607 801
618 198
234 572
783 486
94 1003
840 366
598 474
34 623
825 815
537 329
808 924
633 897
784 920
961 694
273 684
529 726
450 657
614 49
987 798
780 528
814 293
808 146
925 360
1022 702
230 387
533 1103
65 739
577 601
647 342
841 697
216 699
162 579
918 729
838 243
836 108
737 716
171 708
361 446
179 259
309 327
872 916
276 449
114 416
438 700
659 547
1058 761
607 218
649 753
747 845
815 868
371 733
1112 1067
382 528
869 763
384 177
1031 272
849 491
656 1052
514 446
608 636
67 993
234 684
437 628
328 186
709 490
652 334
241 375
472 1003
653 1111
979 786
1103 926
365 873
528 574
288 1075
954 290
872 481
158 12
916 1022
223 750
966 147
300 312
408 37
1094 800
425 617
257 191
855 969
310 96
133 339
482 422
315 461
13 438
1012 488
839 120
456 388
104 819
739 987
41 959
413 762
371 473
994 4
386 626
409 905
688 177
832 3
26 171
407 577
899 424
589 928
375 595
102 889
947 39
711 985
390 754
994 142
147 359
589 738
77 691
613 762
577 773
247 787
7 421
27 279
345 523
636 815
735 979
986 193
169 1015
513 288
4 792
431 835
470 657
689 300
714 713
639 707
642 712
184 84
1039 551
195 457
204 676
871 249
351 351
969 565
630 678
915 365
242 783
76 1116
437 708
838 266
589 421
400 396
764 990
333 69
118 873
547 31
515 357
376 117
652 882
613 639
577 704
933 521
661 352
257 1117
792 461
532 164
423 294
150 512
197 867
724 495
535 946
959 950
851 279
885 636
149 687
523 309
525 265
677 898
758 124
278 270
668 303
1075 236
918 312
238 515
104 557
15 897
250 1019
223 1088
419 245
744 762
987 815
420 561
743 718
700 157
638 790
467 732
617 438
876 939
1025 319
333 608
731 950
973 686
436 896
239 1037
986 404
600 211
857 1066
606 745
504 818
250 641
16 972
1004 466
882 560
149 883
136 329
693 478
935 354
1077 454
676 854
715 197
34 444
972 1022
446 414
482 278
609 865
527 599
218 101
614 949
794 420
567 556
880 223
736 388
596 268
961 18
379 787
552 1040
972 705
590 207
933 92
941 863
499 384
708 327
129 491
203 936
1000 949
587 873
344 799
48 540
617 43
472 958
994 186
552 917
864 429
421 861
950 939
210 125
48 954
599 316
1007 142
452 1066
101 360
663 337
1073 442
571 75
879 231
530 979
868 921
440 1014
830 882
185 1008
140 749
340 920
767 819
898 120
394 440
1058 908
255 831
597 526
848 854
635 955
237 601
351 831
88 872
309 74
1119 341
1010 608
399 124
577 377
206 407
619 67
1049 720
727 379
145 514
395 966
646 602
1010 22
990 442
223 357
760 830
53 1047
772 1121
856 805
891 79
376 181
576 685
364 810
101 1075
257 770
323 606
675 162
220 721
251 831
198 765
970 331
693 671
118 279
892 435
756 647
1021 447
229 1031
639 1018
1012 755
1082 256
618 431
458 288
628 714
346 62
990 770
190 912
545 212
46 854
451 667
756 204
812 68
760 911
684 55
787 1067
714 198
88 499
364 778
270 715
949 102
381 1000
739 551
846 342
242 840
824 932
863 546
336 917
105 520
640 691
61 377