460 115
924 745
771 529
332 797
219 293
329 927
958 274
173 565
795 725
589 911
422 226
506 46
1019 1084
9 227
797 426
445 794
298 743
930 56
389 855
137 474
116 966
898 236
853 656
222 451
265 193
597 407
641 429
914 470
1020 482
237 381
120 322
397 648
199 67
351 155
222 609
518 136
454 937
948 265
664 1077
196 250
183 602
1017 927
662 628
706 35
42 517
959 616
635 2
387 610
459 242
411 282
177 385
975 980
760 961
423 267
710 782
676 130
0 905
512 488
493 390
1074 689
793 353
646 971
891 308
308 642
663 602
287 569
973 948
64 326
516 731
691 792
731 409
203 292
886 740
713 487
1023 230
246 642
432 324
681 136
737 952
582 94
508 642
177 319
885 419
1037 183
513 1089
161 345
618 551
723 804
936 341
782 758
639 1066
651 101
629 918
146 498
326 1003
475 431
186 373
282 508
849 587
571 1008
669 505
311 502
732 65
306 623
392 498
566 632
892 486
407 1108
1011 761
136 1100
475 960
573 139
159 761
906 752
140 884
1024 255
608 1103
574 791
417 808
694 299
256 933
145 949
585 214
783 637
860 808
467 291
730 147
950 350
878 21
282 355
910 935
769 109
977 69
463 761
453 167
777 894
345 806
863 539
141 655
144 138
269 1074
443 820
746 165
233 238
1107 373
472 198
701 213
807 897
376 608
192 249
1006 580
874 531
1068 1037
832 178
21 715
704 634
515 856
1032 685
257 620
777 674
119 443
654 500
446 1009
380 454
478 871
459 801
578 271
788 304
625 815
764 987
841 545
629 164
635 623
354 562
513 450
372 770
573 884
1027 227
704 611
902 744
907 8
535 22
172 199
733 671
172 889
483 735
410 330
805 936
766 869
689 915
919 138
533 745
910 422
246 176
711 404
300 313
704 869
299 385
980 184
212 709
1016 334
141 191
935 988
1094 183
1043 35
798 792
1056 522
784 716
149 826
1097 676
987 288
921 97
215 582
865 97
885 229
161 397
989 154
875 202
983 397
955 778
579 656
591 449
732 838
469 867
377 792
99 268
935 976
1075 8
392 696
640 733
247 1055
1092 990
752 193
1051 584
815 166
203 815
534 148
973 665
537 10
936 966
961 454
900 242
783 801
737 237
761 639
32 359
560 491
665 608
702 688
214 359
854 927
132 360
1043 880
801 458
564 928
1109 607
246 142
844 982
412 763
239 882
932 569
329 839
943 717
488 442
444 731
541 27
985 948
225 914
195 770
753 890
661 180
1084 1014
834 598
1067 770
342 486
929 221
544 462
803 273
629 1007
70 662
5 252
126 397
799 1017
630 120
951 469
615 172
111 702
581 1088
712 520
1009 450
37 874
735 943
149 144
38 1
934 954
149 409
988 506
531 229
1019 683
711 800
836 742
105 628
618 547
1029 215
467 619
1094 287
563 730
1045 433
886 43
538 426
482 1009
526 878
298 972
259 574
765 477
284 340
795 830
673 820
830 544
118 644
490 264
922 343
1000 562
103 335
427 364
583 586
176 231
246 733
109 1069
1093 377
150 359
737 658
283 726
214 787
578 470
642 621
116 582
893 864
551 764
297 663
849 213
133 616
376 440
63 939
54 819
507 1043
623 138
243 315
458 118
719 735
955 142
987 75
862 269
184 532
29 958
791 843
656 1076
509 1037
931 979
563 1122
96 229
236 306
837 341
260 190
433 700
1110 209
175 373
863 710
971 743
425 837
882 1005
370 143
220 661
69 683
162 706
1036 75
114 414
992 1023
153 833
1081 365
440 819
306 612
550 531
120 133
931 793
593 312
781 974
20 738
284 1066
935 628
382 263
824 459
1091 963
903 399
905 904
895 583
796 920
587 238
303 471
972 737
1041 939
921 632
340 652
71 492
620 218
601 263
490 715
1038 333
734 142
241 655
618 709
948 811
1019 141
1033 233
166 822
142 962
573 297
680 3
785 973
849 350
763 141
853 768
963 632
581 567
1018 886
158 694
324 383
386 521
220 703
404 171
952 126
1050 1009
299 950
869 463
587 740
636 45
337 291
689 157
582 629
823 1011
624 341
502 797
114 654
535 155
584 235
405 712
456 715
343 483
230 894
1018 249
937 463
602 994
943 244
119 6
731 299
1071 742
774 831
401 276
376 389
861 680
199 349
978 907
329 1104
887 114
665 1031
118 714
345 54
189 128
265 898
478 867
981 257
969 380
417 495
480 412
509 27
819 623
618 1048
916 1100
228 381
1057 104
612 344
136 1043
316 321
396 971
1097 923
174 646
902 95
1101 250
1039 604
425 490
270 153
293 257
133 113
547 262
367 986
1077 472
535 699
250 594
700 449
519 207
777 247
223 663
302 430
1027 809
678 367
949 408
64 886
122 398
331 880
776 755
329 583
668 510
565 504
523 721
513 800
213 591
881 669
425 703
326 852
307 527
927 15
717 394
924 780
984 446
1050 777
745 539
936 1038
900 418
166 790
115 924
692 379
988 600
374 807
868 262
303 956
1010 1079
621 805
495 697
1084 416
750 825
1005 280
240 208
1013 176
210 632
1109 28
402 185
320 537
967 175
762 501
424 755
1007 331
290 776
686 745
149 1102
547 306
932 934
237 678
484 213
804 263
434 814
619 374
560 848
324 120
830 1012
644 750
573 847
142 968
1020 810
905 833
550 637
761 585
347 174
430 1092
140 593
822 649
449 230
907 135
1054 715
403 768
1106 1065
668 675
747 694
533 387
709 325
400 710
209 950
702 55
185 371
791 952
1042 366
954 785
497 892
414 186
266 395
747 367
597 542
459 331
378 849
908 408
623 385
834 609
832 767
1007 64
371 815
942 398
157 594
549 788
936 647
145 502
1053 770
634 87
4 511
1055 493
947 840
676 889
324 517
967 761
218 444
237 624
129 1016
510 833
309 299
344 864
656 174
903 899
832 909
999 810
159 752
308 1068
860 526
818 685
638 506
208 517
575 166
588 133
764 1020
825 475
418 529
297 400
199 140
553 746
273 928
1052 539
515 697
247 1078
654 490
477 438
395 41
366 705
751 722
20 749
638 987
998 597
428 2
773 857
191 244
513 787
442 506
122 584
354 807
10 475
546 228
620 477
706 1110
544 961
122 931
590 271
52 684
132 479
795 757
1013 317
862 1122
148 740
521 995
722 334
846 444
162 259
863 261
808 751
1070 1038
901 269
760 518
308 814
515 432
462 409
951 755
826 906
207 926
522 104
704 1000
549 438
941 66
897 397
12 191
516 721
1069 535
197 129
281 312
649 546
282 655
1005 665
264 179
905 348
430 142
719 292
509 786
540 453
257 749
372 468
419 602
520 1004
262 760
675 529
421 460
103 382
1084 753
1034 1120
406 974
905 742
495 954
745 353
138 675
741 518
389 838
561 671
859 831
571 777
257 954
537 758
285 676
70 249
695 125
524 190
105 1100
945 299
502 523
224 233
886 102
1121 257
524 487
788 741
523 596
422 557
914 261
447 1048
287 814
303 731
966 220
689 44
490 835
736 775
623 185
27 1089
1049 386
568 412
316 431
771 429
589 1070
390 448
893 897
798 495
412 692
699 414
701 797
458 538
191 904
199 1004
630 349
834 179
987 801
983 682
204 142
148 634
792 755
600 44
378 820
353 693
933 949
482 408
388 698
514 111
1010 594
576 363
895 29
827 294
884 518
932 682
512 251
296 976
804 321
889 1013
481 682
649 591
1080 513
982 274
887 546
446 940
137 1001
780 716
818 818
756 130
580 131
968 877
204 126
1007 531
969 993
1010 745
959 327
755 983
719 224
886 521
970 764
573 494
174 774
250 686
368 1074
816 398
275 663
1064 124
844 369
34 257
208 398
714 145
1018 950
549 277
841 627
810 202
101 754
1030 706
520 804
703 834
287 136
444 918
169 394
206 650
512 467
169 811
159 754
884 622
676 670
935 687
109 854
259 344
196 938
930 868
1118 921
60 770
880 299
889 445
462 105
961 562
548 331
417 127
623 11
580 457
687 678
753 735
589 956
658 331
767 422
35 220
890 735
646 599
968 195
594 46
659 1085
615 831
397 899
306 223
648 938
993 305
569 345
972 652
984 1045
904 475
1010 514
220 1118
803 331
332 424
978 137
1009 690
590 421
175 183
905 522
118 394
179 321
648 196
768 186
400 301
694 937
398 469
1094 755
693 133
801 88
880 266
937 882
382 77
617 594
473 739
1 23
924 914
646 794
694 1075
494 950
965 237
311 486
559 162
1001 63
277 1109
92 545
101 478
963 984
316 970
578 489
50 671
162 987
30 867
619 285
884 1057
901 816
499 738
587 468
962 425
197 254
422 435
828 684
723 916
771 644
891 369
1035 405
769 971
590 253
229 96
1000 944
243 571
979 693
929 581
274 129
591 813
504 111
336 336
745 145
529 742
432 1035
890 41
1042 279
911 727
239 807
141 849
631 284
702 799
819 842
1111 268
844 290
559 833
112 289
141 190
971 164
639 618
280 296
328 411
793 440
897 887
772 822
387 516
991 234
197 767
345 408
926 785
865 230
231 966
883 521
478 571
106 412
589 460
630 977
746 109
215 134
513 445
200 773
490 635
487 213
167 255
1097 583
16 540
946 789
30 1068
1095 425
851 231
335 961
217 662
1122 225
489 458
812 649
278 785
901 92
245 662
873 72
853 74
443 511