531 403
127 1054
226 725
795 123
714 318
157 753
13 239
308 79
40 482
907 499
119 775
31 26
119 171
1023 124
639 249
481 122
488 982
529 1107
212 1064
923 985
254 60
473 689
237 229
297 882
645 74
668 298
526 279
263 1085
940 124
962 359
796 751
166 840
912 1019
323 526
247 344
1091 604
258 422
1029 668
915 348
661 598
329 408
112 314
105 933
358 860
942 489
298 671
844 896
842 939
243 459
371 674
174 523
236 903
267 387
667 791
166 187
203 418
831 754
303 898
958 252
962 124
160 199
864 232
1107 903
256 1099
542 715
995 780
928 650
205 440
1025 540
866 1078
685 455
391 1087
1085 97
705 281
102 471
865 361
293 989
714 333
226 121
620 976
532 964
354 150
412 348
521 152
1017 544
929 950
306 466
181 22
972 270
742 440
372 704
909 159
958 258
657 327
932 1072
1018 947
478 927
967 1070
740 768
758 504
1006 479
546 256
102 90
173 1036
372 705
190 514
997 72
401 424
241 853
477 943
114 802
390 552
773 322
708 822
193 796
219 142
711 601
1084 250
424 679
807 1067
942 416
570 318
880 275
397 636
688 264
151 203
509 1067
552 988
1071 1015
800 757
315 58
255 482
545 1071
647 568
307 1095
891 1020
1023 1061
688 924
238 136
1064 740
327 466
485 438
331 701
728 228
199 390
283 56
603 544
172 1037
35 656
715 739
112 195
609 710
256 823
1098 271
498 244
852 694
675 125
433 421
869 694
942 456
851 502
365 1033
551 290
573 216
194 1101
720 289
168 988
509 336
936 959
134 192
524 272
884 378
881 517
865 224
108 649
102 547
990 846
1086 360
138 999
434 240
480 996
718 794
204 731
503 1059
820 851
206 554
315 793
564 1065
150 886
255 679
26 902
1001 152
106 506
486 413
427 195
135 760
810 376
317 760
892 1101
156 327
293 989
200 623
1039 743
944 115
347 238
337 769
199 455
809 340
70 924
973 187
914 286
5 751
950 182
821 374
573 183
962 355
1113 148
734 618
393 616
605 377
904 884
897 452
472 436
160 460
947 738
468 29
70 606
222 125
384 752
1038 254
493 641
1110 162
1015 609
439 322
423 1021
33 120
143 578
566 874
1002 950
740 648
257 112
425 822
463 493
535 978
487 35
897 204
405 983
833 295
338 555
187 544
720 543
797 956
249 872
248 1019
555 577
723 306
849 847
181 134
760 423
828 741
284 1013
388 116
61 983
1094 542
1017 218
138 1068
969 226
702 713
260 806
847 942
763 918
851 672
139 841
249 341
613 406
554 647
633 656
353 541
982 1074
28 174
415 104
140 654
570 411
586 1009
491 1106
451 982
145 913
662 205
894 131
515 276
957 127
39 608
524 967
622 14
683 113
1001 383
957 314
665 110
512 783
134 765
973 397
220 240
571 404
383 108
746 166
261 673
237 856
393 535
606 280
837 1042
130 1105
256 409
106 856
217 243
795 970
227 67
795 391
1058 337
826 947
85 42
670 91
709 838
282 902
158 1005
977 423
348 174
376 649
797 131
899 158
780 851
540 454
772 100
160 978
797 115
489 553
614 299
925 650
1037 530
589 264
336 762
862 544
1085 661
1023 437
192 807
59 367
770 655
629 473
340 264
161 563
597 426
509 486
749 282
974 122
636 98
1040 955
94 263
284 395
1087 1009
226 799
720 106
908 134
739 502
461 70
437 982
957 284
211 463
735 861
130 589
798 498
1106 294
996 1020
227 321
818 427
26 830
273 404
691 55
1035 218
808 163
817 118
434 631
486 412
765 296
643 363
157 222
692 252
887 360
87 447
725 691
955 517
662 420
757 378
417 628
23 965
823 446
567 463
719 1018
175 411
700 820
106 559
726 130
371 544
1043 680
466 437
323 1059
428 315
907 587
823 312
604 523
97 220
170 110
741 161
416 466
257 770
345 449
674 384
934 180
43 69
782 560
695 1062
21 923
532 589
817 774
156 793
89 994
356 521
879 41
1112 418
157 476
225 593
410 463
520 472
479 410
541 212
400 844
179 92
855 489
891 138
0 509
623 543
480 642
679 515
424 816
658 747
862 927
112 478
617 248
516 986
810 206
306 851
897 354
493 477
609 254
104 417
784 343
344 915
942 499
947 209
139 159
828 766
347 752
29 690
45 1038
495 717
292 791
23 908
1 476
109 241
235 130
867 949
393 830
828 965
577 253
990 925
898 553
1107 323
776 842
947 1087
14 15
128 1119
703 412
781 261
784 1022
188 65
697 28
912 908
691 973
443 820
642 487
837 511
868 492
1002 291
841 783
1050 457
307 717
900 646
420 22
1121 968
374 657
510 714
948 237
422 53
247 675
284 809
258 155
219 222
641 666
936 170
330 429
375 932
230 69
958 412
180 667
316 253
612 667
988 479
794 1101
600 508
283 456
1021 305
628 319
135 659
929 195
218 849
364 480
618 151
366 842
226 643
858 407
834 907
872 429
164 872
916 5
702 780
504 386
591 593
819 603
406 709
396 450
1013 597
1109 878
229 383
787 730
401 131
477 127
1114 1083
300 803
535 940
1011 994
448 623
199 615
871 981
129 121
925 556
578 11
258 201
571 366
655 233
413 236
724 542
135 685
369 980
22 109
990 756
297 870
565 1022
255 220
1005 891
837 608
549 432
739 225
571 233
532 801
573 721
212 270
434 418
927 182
942 93
744 1010
36 188
84 241
637 130
695 245
796 1015
707 856
8 585
343 862
273 399
694 790
682 792
128 643
820 42
617 853
628 1057
449 1051
496 473
1011 1068
269 368
793 218
604 486
1094 776
727 800
862 164
661 935
519 455
447 934
106 34
999 543
1081 850
146 678
656 555
841 710
685 742
14 464
892 691
1026 664
184 537
1040 716
1048 136
472 660
489 290
282 75
216 959
936 1000
587 274
713 1012
239 874
986 812
1044 982
691 636
536 167
182 405
680 306
732 566
590 562
821 552
771 10
939 384
19 1104
478 494
903 286
1030 755
429 869
197 404
15 364
831 1085
1044 148
179 31
459 253
493 580
718 201
691 172
329 275
1044 181
548 953
1086 151
477 480
370 651
402 867
247 452
542 777
57 351
1018 664
354 258
103 545
82 1010
818 650
1115 669
691 958
66 976
497 546
368 77
593 975
1103 421
358 138
217 16
233 389
42 815
49 816
1046 194
197 836
652 1010
416 789
802 132
857 437
984 340
996 216
361 356
299 324
236 808
497 3
620 373
768 928
410 431
577 132
376 881
301 433
683 865
402 518
583 818
151 486
963 919
163 793
266 126
408 467
236 988
19 758
1025 326
75 875
784 36
851 903
708 460
1000 48
558 1030
231 644
330 810
789 1034
368 889
856 209
514 246
818 824
120 330
836 205
313 383
330 339
788 685
285 511
353 286
828 326
1011 647
718 550
314 980
999 625
623 361
522 229
428 448
1042 571
281 473
941 204
575 426
313 1082
406 304
616 630
281 370
1062 766
803 749
217 152
554 153
137 707
702 161
577 165
585 825
629 1041
596 882
740 956
633 290
1004 489
233 919
892 756
734 594
679 510
272 225
775 529
371 224
420 680
1050 816
804 90
808 852
321 358
470 156
594 163
980 221
776 87
368 850
242 416
845 732
934 174
329 698
192 810
798 17
42 864
683 767
1117 385
639 448
748 349
773 862
1016 786
115 927
887 266
857 728
1008 163
1113 324
50 633
975 353
412 709
833 378
532 970
580 495
819 1060
1063 453
401 932
872 355
868 456
255 446
1015 389
1028 304
704 516
681 679
193 324
415 110
651 735
441 1112
759 1111
974 916
878 184
738 997
24 1117
135 336
512 524
95 224
462 398
674 564
968 75
744 756
922 918
482 182
173 670
696 307
853 791
1028 1073
215 791
383 251
276 565
334 208
1003 785
512 600
582 559
877 685
210 321
80 1043
120 828
284 294
962 300
569 226
632 434
837 212
820 841
858 680
643 961
796 391
660 177
803 548
1009 246
332 615
773 131
223 620
477 152
820 434
410 796
1092 762
715 463
450 888
590 480
987 578
844 392
930 545
869 510
405 1057
161 916
1014 357
937 324
297 195
176 918
840 915
678 541
224 311
553 280
144 739
877 383
308 195
223 118
771 836
157 1024
541 728
61 552
196 902
1077 650
917 802
597 285
332 946
428 355
1046 555
328 307
151 622
570 338
528 219
128 448
714 759
396 597
707 302
5 1036
671 179
627 416
405 1010
504 789
293 645
373 24
493 148
1099 969
338 631
283 216
931 508
631 768
125 262
546 944
398 782
672 775
738 252
1066 929
819 410
130 613
1058 583
482 354
622 517
634 642
746 1007
986 478
711 1028
432 523
421 660
895 279
135 768
224 401
950 974
178 694
801 642
885 887
361 653
625 106
655 438
673 773
104 936
573 359
832 358
1100 12
75 76
155 650
437 137
696 569
1109 397
291 263
59 274
478 432
830 177
308 88
603 493
480 949
701 102
1070 133
531 370
533 186
113 469
950 602
355 756
580 168
660 503
1013 187
522 947
793 443
476 681
1106 327
1082 362
547 38
338 989
275 410
1099 578
852 155
295 985
160 399
722 1117
5 188
155 244
353 870
790 969
367 1086
152 560
298 793
946 1050
142 858
272 212
278 208
883 62
302 986
914 1020
777 874
339 557
673 593
710 621
61 240
8 354
806 483