157 946
360 986
171 366
538 993
500 930
117 641
488 856
1108 943
13 283
363 829
970 122
1036 388
1007 747
923 315
1102 88
524 201
672 410
690 226
275 691
315 60
657 128
338 482
429 266
617 241
717 332
112 583
1038 788
896 160
1089 765
548 613
884 990
388 169
577 333
292 351
430 70
1056 524
339 577
168 927
531 384
571 123
892 378
1071 444
1081 917
592 1103
671 871
186 127
201 991
167 119
229 401
676 1008
937 1028
109 707
469 205
928 811
549 516
640 758
421 797
882 697
966 0
649 466
817 528
932 945
685 627
223 250
115 686
859 265
876 523
783 704
576 822
704 716
978 359
382 873
703 366
256 242
715 931
805 1029
460 217
524 744
855 1093
210 90
537 908
50 873
600 228
684 902
135 1000
482 792
699 422
383 606
593 772
617 821
787 443
954 437
866 857
281 508
533 735
239 462
378 788
591 88
574 448
202 216
398 70
60 628
678 334
798 668
342 1079
965 543
774 720
558 486
122 464
596 746
552 226
734 1023
1056 268
412 611
543 232
627 603
986 280
920 756
944 292
795 938
768 1023
965 227
535 954
995 331
467 550
835 363
581 361
574 405
915 254
1088 848
420 376
261 469
501 556
77 85
1099 119
606 626
812 389
303 643
228 12
383 819
937 970
623 460
909 170
1053 102
346 690
291 71
250 1072
563 189
205 900
35 757
322 200
311 90
1008 352
716 590
468 386
948 286
547 1040
736 52
777 786
194 398
0 495
876 755
98 160
513 155
573 256
225 304
987 862
846 1001
456 842
868 908
492 1109
105 298
811 955
159 456
774 553
117 434
519 189
621 534
1068 60
422 945
788 271
129 303
947 747
623 876
565 951
448 618
723 270
1082 803
488 255
882 856
187 210
895 1035
1020 932
909 186
889 843
508 782
474 1066
394 518
979 396
350 325
468 531
166 497
22 510
959 774
856 674
323 301
520 596
898 354
613 397
900 933
1012 171
314 1080
277 342
212 793
332 140
911 481
920 578
736 529
1053 366
368 1115
780 931
888 544
642 48
751 796
716 992
634 296
932 825
836 714
848 623
151 340
307 438
842 165
1104 864
820 296
747 310
129 212
111 213
1083 45
402 835
878 724
792 514
199 322
592 1118
814 1059
1003 1084
331 702
48 1009
332 570
802 820
228 334
553 589
406 503
1009 254
306 1063
1003 557
668 703
942 1056
980 315
197 493
576 948
923 906
57 797
1064 679
127 839
672 613
335 426
980 763
539 917
689 125
551 779
54 630
655 776
825 349
383 32
964 214
451 457
481 934
311 763
325 311
649 503
841 810
861 918
510 895
748 670
31 990
737 850
78 750
321 119
740 742
49 763
635 654
625 1008
326 124
366 949
48 275
784 846
1107 668
269 117
593 96
446 754
604 668
648 260
994 404
100 1056
17 733
299 617
655 124
823 84
81 157
631 702
805 927
982 534
325 933
705 770
535 245
947 297
984 449
260 755
468 1010
418 49
168 880
147 28
747 542
954 126
337 1009
152 93
673 454
981 759
346 250
296 613
952 184
440 450
476 1088
669 359
413 554
857 588
376 932
322 283
752 1104
992 1009
891 609
523 154
183 331
343 665
150 901
338 275
359 48
174 525
859 859
795 93
1006 150
823 749
321 383
161 618
111 754
695 624
177 981
310 595
123 696
675 419
735 46
871 1100
258 852
315 260
220 743
870 990
422 555
927 732
978 333
487 1010
295 628
917 265
966 554
995 380
660 117
653 191
708 972
336 289
240 57
213 623
286 722
550 444
539 938
645 142
46 20
315 409
647 799
564 839
740 956
825 836
1000 235
805 882
875 886
203 875
693 436
883 292
518 382
803 575
183 752
609 734
862 189
119 109
246 838
234 691
255 338
143 257
536 541
607 327
473 791
321 800
1019 528
296 170
703 383
550 703
940 477
459 659
1001 1072
842 755
1015 528
113 368
120 483
543 815
106 927
643 293
231 532
162 813
971 163
250 54
1073 921
757 826
604 774
571 963
93 755
788 886
986 81
544 170
984 117
272 171
1093 394
461 947
332 344
151 553
958 1067
560 995
471 433
345 642
464 724
841 154
633 1104
725 887
990 880
995 564
621 653
154 894
340 532
681 411
773 856
390 826
986 571
1042 825
688 433
315 975
534 353
365 700
781 76
285 674
338 906
1122 523
337 632
389 666
508 59
827 899
659 461
1105 828
313 656
488 116
77 231
513 580
803 15
379 932
218 500
540 284
157 1086
33 970
687 166
537 114
380 327
471 532
915 416
95 145
174 444
762 859
259 774
981 141
472 666
284 25
334 748
690 883
420 520
300 720
761 255
1054 98
806 967
314 502
732 711
127 641
375 125
468 899
441 1068
606 810
138 361
1002 2
846 542
599 108
14 592
555 709
280 875
220 906
291 1087
482 1009
552 621
987 268
507 615
22 117
342 729
259 545
674 228
731 440
1123 978
779 529
136 329
750 121
961 394
796 1008
857 280
185 973
616 600
346 643
1005 48
876 875
378 476
814 709
185 992
849 690
23 717
407 614
216 1019
862 1050
725 564
804 583
818 123
589 1040
442 176
252 255
348 891
315 45
170 944
1030 345
70 895
406 154
972 539
705 212
773 953
697 204
771 564
397 546
127 428
340 518
840 381
552 937
969 944
629 848
782 796
883 517
176 879
116 1094
815 834
219 644
1018 128
936 268
870 1021
816 424
1003 499
1064 1043
289 1016
120 406
579 1052
183 855
123 765
285 240
365 428
169 945
966 298
19 157
280 600
252 811
741 665
835 771
313 319
215 675
1094 7
531 551
331 1022
302 488
473 70
556 617
316 906
716 575
794 1085
403 1097
270 969
423 225
1118 481
832 814
694 113
1080 378
619 453
114 1098
191 990
801 755
995 647
392 940
295 823
596 121
336 735
553 523
769 325
755 285
502 670
238 8
594 627
387 739
792 263
627 840
180 145
471 331
706 128
473 194
476 571
471 826
725 316
327 435
1116 789
550 704
611 581
612 302
939 939
656 1123
776 695
583 546
307 1042
374 364
928 399
904 642
758 390
216 549
942 218
140 1095
256 737
30 971
141 807
524 199
1032 137
331 389
557 956
126 756
579 237
685 736
492 550
1019 703
836 395
927 1079
614 961
495 326
284 464
986 395
969 67
109 168
137 681
368 273
150 255
833 159
1005 651
639 927
816 852
603 375
974 537
728 566
382 217
410 899
280 694
1026 394
120 436
687 577
211 925
851 523
662 871
630 554
266 782
506 217
928 602
1105 481
411 972
291 777
389 778
28 1028
407 762
474 41
400 24
522 987
613 872
792 704
198 493
1118 870
301 200
445 559
151 1039
579 459
173 344
1037 393
769 92
629 682
578 185
686 87
1053 289
838 607
592 117
247 501
541 838
98 645
998 513
624 861
29 1043
667 568
287 555
536 684
889 601
205 484
806 914
282 163
682 858
171 308
425 297
456 948
870 991
1009 887
308 184
487 1016
594 1102
127 1081
1057 347
1013 559
216 327
405 279
516 524
614 1101
957 8
1025 674
280 1006
196 642
888 396
810 631
597 372
922 966
220 681
857 563
876 847
845 308
895 812
1003 365
427 366
550 55
665 1011
656 966
642 46
557 842
475 86
783 684
65 904
545 926
994 267
432 1100
291 930
894 407
541 212
1016 13
732 834
1066 720
49 774
801 158
529 683
428 242
552 165
943 269
655 314
249 776
1006 348
908 685
180 182
881 239
473 519
524 929
197 526
90 414
878 783
522 850
111 625
878 643
932 115
34 857
660 229
172 55
391 716
340 899
58 455
571 484
24 681
464 201
973 327
503 508
69 914
740 341
981 964
714 710
520 534
656 544
733 768
131 72
213 877
754 76
797 745
211 797
644 165
170 1017
438 797
219 434
977 560
888 217
430 885
651 416
299 549
240 170
109 465
547 955
897 252
173 271
210 382
848 148
770 482
668 141
978 250
1083 310
249 947
396 176
578 673
207 893
938 651
485 1111
704 152
826 992
764 130
589 544
1 993
112 431
512 328
516 1016
384 410
924 537
667 1040
602 984
129 824
905 545
646 172
988 709
524 257
590 945
869 376
187 1088
965 147
254 775
546 737
660 827
619 614
520 2
732 592
937 506
780 194
649 1046
846 899
678 307
603 432
677 758
301 678
93 125
301 284
62 979
333 562
1122 924
607 347
733 977
114 117
976 850
466 703
374 548
822 217
363 535
548 1115
905 523
797 361
956 1104
442 108
388 270
722 485
216 525
540 204
866 393
581 1100
153 628
629 737
734 788
309 227
859 153
539 534
581 997
936 53
992 655
263 1123
712 219
625 161
1077 361
371 993
619 750
560 221
219 1094
482 906
196 492
213 314
455 993
414 889
761 785
854 536
306 639
579 649
802 598
244 109
97 934
998 875
155 547
770 579
814 861
133 511
721 116
414 936
365 905
579 901
528 465
356 251
1112 683
681 449
270 583
290 789
252 609
766 1001
940 239
835 325
986 756
240 19
643 181
101 449
583 116
17 421
560 1019
271 445
92 978
475 338
1048 212
201 157
134 740
194 388
737 458
148 849
535 501
545 196
195 311
567 961
955 926
784 963
776 112
372 349
580 801
454 189
136 566
680 910
655 382
831 737
546 570
1071 712
77 411
274 346
289 866