265 702
316 760
867 518
84 545
501 389
268 939
149 270
175 240
1007 279
831 1071
405 601
449 820
722 129
663 375
928 541
405 885
993 493
535 339
916 320
338 176
696 922
330 868
333 719
136 719
919 653
949 1004
98 759
870 500
103 785
513 74
137 631
931 434
696 1094
362 510
541 253
1077 85
237 288
322 665
966 308
148 630
1101 386
22 206
296 1107
612 174
1002 537
536 300
775 841
150 300
851 175
1020 575
36 145
843 663
718 1123
699 423
907 206
10 620
1007 218
210 12
1090 952
933 53
1026 896
100 70
41 516
520 1020
637 531
660 485
273 503
458 346
766 104
732 1047
802 290
194 157
944 113
378 530
194 144
627 140
812 303
877 448
246 697
660 630
1015 758
508 504
587 271
249 994
107 817
767 933
1010 145
244 110
650 527
212 488
933 573
1041 641
497 806
1083 540
631 834
290 968
784 356
323 634
888 1078
544 955
106 391
347 357
1040 590
888 103
4 472
641 287
852 146
750 79
217 258
215 878
622 276
966 549
526 387
601 179
903 349
646 297
860 662
232 530
35 921
378 402
935 583
186 234
146 657
244 536
107 1103
583 919
948 369
888 534
314 572
222 368
439 1101
885 110
567 769
702 961
168 828
994 1045
250 50
741 759
1018 930
706 395
304 971
181 704
633 1076
941 197
470 343
850 855
854 1039
564 938
1032 967
693 953
774 927
0 666
902 772
276 655
404 434
644 59
943 125
839 273
30 958
583 840
51 281
325 147
206 382
1035 398
855 209
133 109
1106 810
381 966
1120 306
197 928
565 155
898 996
347 536
711 310
153 408
911 1097
913 269
783 835
513 516
578 167
391 518
678 1028
307 419
675 580
1045 151
986 575
892 851
260 552
1021 186
508 970
849 207
465 622
831 252
536 920
249 372
545 897
146 846
688 168
806 346
439 187
923 473
282 403
104 1059
595 175
732 739
941 130
833 807
842 561
894 491
576 438
959 499
241 649
909 146
764 127
777 206
942 978
139 255
661 249
649 839
433 1096
406 866
292 935
895 549
656 199
156 227
312 711
440 855
364 838
161 418
720 434
995 328
162 788
554 900
866 766
915 494
371 294
178 178
424 370
882 877
129 586
960 205
102 532
18 795
723 787
321 683
293 617
189 1109
353 197
1119 588
691 215
300 827
469 614
184 833
385 863
756 153
4 900
654 591
67 800
80 20
975 952
1110 634
180 203
158 250
430 878
631 196
871 288
224 867
896 648
604 247
983 705
60 863
236 665
751 788
592 818
124 263
834 770
252 913
467 770
655 643
508 153
921 719
1022 857
280 257
1058 220
431 957
466 22
664 62
819 1042
463 449
851 922
448 745
998 124
864 447
668 820
193 497
745 13
664 217
904 652
984 961
421 1116
924 179
250 821
329 1045
12 153
755 224
254 187
189 535
829 620
522 654
214 959
191 140
308 1104
945 455
182 473
711 780
803 208
156 239
791 780
682 85
287 246
294 888
872 769
226 793
637 659
899 264
504 961
633 931
601 334
219 771
742 796
227 996
822 149
304 1010
145 963
234 783
424 79
843 114
801 942
277 619
748 698
595 527
316 54
910 701
236 491
688 933
209 381
174 224
601 157
478 908
337 385
1028 29
763 860
843 694
168 10
861 438
584 526
257 145
889 755
325 281
593 531
385 643
183 1060
899 149
536 376
664 495
349 363
345 756
604 198
435 714
55 931
450 248
464 922
534 916
375 797
261 1096
960 426
1037 135
353 965
251 445
443 206
426 352
191 1105
498 726
919 821
262 694
877 445
560 131
608 109
1050 628
414 713
121 1104
1021 923
201 135
125 739
284 724
485 1095
257 240
1117 636
727 337
780 768
974 806
698 898
774 254
556 950
404 505
822 318
528 920
636 203
830 494
1053 408
1006 228
460 395
842 208
929 490
271 960
359 450
914 318
182 536
501 62
964 1045
518 1048
871 751
235 137
390 965
755 305
103 582
684 855
103 762
84 801
561 807
617 652
525 542
377 808
713 679
288 457
572 77
267 985
329 313
559 556
865 849
881 556
717 770
282 463
907 1043
170 286
759 120
64 840
1004 976
48 522
108 668
756 487
144 290
211 406
340 164
731 258
598 501
114 241
990 755
593 771
286 167
552 348
698 109
509 933
393 928
26 527
413 312
81 630
748 886
343 536
448 248
503 703
174 568
231 829
282 322
712 781
509 127
340 394
321 682
569 405
813 1012
798 987
805 325
263 212
949 275
506 107
86 296
820 705
131 102
225 727
288 491
906 628
960 752
697 910
758 855
1061 373
642 997
715 795
461 969
215 1011
637 516
233 338
732 17
615 592
919 837
945 308
986 411
768 143
164 900
393 338
896 513
545 38
934 539
163 947
483 597
943 155
449 397
385 108
796 444
55 573
721 604
320 449
623 1031
941 216
755 172
1057 694
551 160
1116 241
688 1004
653 396
576 69
756 212
322 374
490 418
588 484
865 647
384 1074
153 274
455 509
826 347
883 839
894 952
691 397
592 322
919 1012
374 14
77 780
175 123
666 875
87 325
998 926
333 119
846 628
229 384
610 711
947 91
246 660
477 42
236 393
679 676
885 215
803 898
833 263
553 3
831 122
906 512
432 881
387 62
390 197
680 3
937 900
895 176
758 59
967 1019
603 189
186 291
581 705
285 944
835 171
263 799
1011 357
594 248
964 1040
652 630
512 719
457 341
202 356
1059 594
9 877
451 397
550 406
1012 386
751 341
235 829
261 850
115 534
644 569
715 427
137 931
462 114
756 185
870 858
110 943
838 462
169 315
484 884
758 273
1005 693
739 961
792 854
942 112
628 433
13 186
796 746
407 1105
350 246
826 205
640 126
293 339
1013 743
621 683
382 627
147 824
795 292
357 679
1061 448
142 390
274 877
642 1011
698 995
694 1092
429 619
10 467
981 1047
800 228
151 1013
717 750
706 793
390 832
525 139
701 835
673 450
269 925
116 306
243 682
967 865
222 418
452 187
316 336
986 556
1085 395
433 368
445 460
271 856
341 579
459 779
819 605
274 582
907 991
1096 1085
840 832
202 1001
311 265
160 453
316 974
170 985
510 624
235 614
929 260
106 116
10 1097
860 1023
784 425
897 563
112 623
717 503
909 117
75 325
57 321
360 122
243 501
535 466
113 699
386 25
549 225
244 889
204 232
968 975
666 196
595 592
380 895
530 967
582 90
211 1028
252 979
700 99
675 109
432 272
840 135
758 667
357 255
796 172
1090 219
25 529
1054 116
433 40
463 746
29 384
859 293
234 814
216 773
545 769
261 957
935 1002
330 950
742 1076
1017 231
1027 536
726 1064
340 422
473 480
258 545
1113 195
757 330
248 390
791 164
645 322
117 412
626 366
503 715
503 962
552 291
601 684
655 769
367 711
1054 744
541 400
561 804
875 653
162 972
245 295
873 597
780 111
193 259
160 361
566 890
967 980
118 495
1081 907
637 628
693 268
105 474
816 302
133 696
579 369
1007 913
735 942
981 841
211 1055
727 189
501 1108
1007 221
545 788
704 938
190 676
1109 269
720 782
183 432
988 400
390 1061
267 663
158 840
348 196
886 216
739 636
864 844
516 728
153 765
183 151
39 184
722 680
203 980
168 276
529 390
223 176
93 371
665 807
764 902
849 359
846 771
245 428
963 732
788 412
333 835
360 958
785 1029
855 975
998 771
165 798
357 188
524 500
428 299
87 72
80 434
887 819
484 433
864 686
360 468
451 427
592 887
925 548
336 618
755 482
665 554
495 695
462 527
267 484
325 660
611 804
673 820
849 645
998 203
1003 862
802 668
720 585
906 384
428 767
885 163
284 631
331 1033
814 8
693 532
380 347
39 119
39 1060
1016 1034
1042 976
363 481
464 453
409 925
951 511
120 357
294 745
128 170
237 277
231 1022
554 824
19 120
107 206
1085 857
290 680
991 476
772 136
467 809
230 201
138 830
704 728
922 705
211 227
512 775
781 209
359 660
43 716
1023 707
220 196
369 327
379 417
889 935
482 446
589 939
196 384
349 999
563 25
258 969
892 36
502 906
494 486
905 584
122 985
481 932
739 121
1033 517
292 755
1072 1074
151 1075
826 523
356 164
485 221
612 1098
1069 247
991 979
32 125
435 630
983 34
669 410
876 656
888 514
398 924
1092 395
43 519
457 512
202 885
637 1098
715 498
611 820
892 289
221 1066
741 605
72 41
726 797
798 1045
578 277
15 487
42 693
875 326
790 460
351 835
1116 754
471 953
202 36
420 927
533 867
863 281
887 434
141 845
27 512
899 413
876 142
592 451
0 120
1 150
310 427
857 933
1062 451
426 313
331 255
624 563
458 625
908 257
487 884
910 222
503 744
1110 633
1010 752
539 330
760 746
831 736
726 1056
607 823
375 631
623 167
290 582
385 601
986 324
843 746
263 438
147 137
31 905
30 809
897 1021
601 374
962 344
331 331
922 766
566 101
913 22
828 1037
352 841
452 663
827 51
454 693
638 949
740 1015
111 682
610 760
950 196
56 240
667 741
470 996
427 824
424 1044
717 641
634 848
643 557
402 757
884 474
484 479
683 643
709 208
877 225
940 362
606 30
798 605
468 189
704 171
623 576
862 385
92 423
689 730
649 345
629 828