267 137
322 290
69 370
318 771
869 39
960 561
501 867
340 422
283 453
77 505
279 865
709 269
723 152
291 787
740 177
721 457
387 577
639 566
527 942
654 752
216 1034
161 723
172 397
164 431
595 975
207 1035
845 972
278 510
1068 250
210 243
46 863
923 587
974 1112
591 848
740 263
791 446
836 531
1071 106
1049 858
927 835
175 971
751 823
608 493
488 173
839 990
241 844
972 574
216 447
413 804
233 920
393 586
579 824
1061 372
658 116
22 549
944 703
439 160
255 165
826 791
437 674
586 886
841 102
477 950
207 202
513 683
463 566
919 736
951 355
888 245
690 445
728 739
286 453
150 310
813 381
831 317
63 695
809 735
787 553
210 330
659 790
377 89
656 594
773 560
292 780
454 660
247 1097
968 770
879 386
494 118
675 227
1084 166
288 171
205 502
454 466
970 13
950 77
164 501
413 787
529 125
112 821
896 860
361 811
927 458
338 154
398 327
1071 358
310 945
418 1061
940 375
377 299
566 538
619 531
343 358
532 930
58 986
185 657
369 106
1040 963
948 553
363 825
823 657
315 204
309 889
1111 206
95 332
854 974
566 934
250 530
77 580
1014 442
657 41
150 113
990 319
340 641
878 373
550 259
440 219
382 59
577 819
785 590
873 165
692 241
1081 559
351 242
376 375
83 202
551 210
130 596
752 939
413 701
104 168
675 291
466 560
288 350
611 273
439 1101
471 633
971 837
265 765
410 859
231 279
68 902
165 738
523 601
145 39
1076 365
465 868
458 975
115 599
16 982
481 345
1077 627
672 462
962 273
794 415
659 180
749 525
495 380
1064 536
692 433
998 547
351 730
740 242
395 128
512 854
1008 594
1032 278
302 103
989 512
291 863
370 536
858 198
881 545
333 777
433 992
109 556
280 126
392 509
585 1023
234 478
1025 247
319 476
921 527
140 892
401 983
197 374
271 694
919 601
18 953
1023 851
208 798
410 369
816 567
789 1069
501 1024
47 657
1023 129
397 372
577 138
602 870
580 328
112 414
750 565
1099 374
464 734
204 816
388 163
387 298
799 1114
304 301
713 977
930 320
996 220
843 611
551 231
496 430
125 612
317 127
118 680
208 867
570 377
635 974
1117 695
180 790
78 258
128 292
628 851
912 148
1041 241
407 630
338 323
187 822
522 787
770 599
572 918
879 680
848 339
982 161
92 216
681 147
592 313
972 1084
1105 257
855 868
821 776
114 695
459 772
1013 621
931 757
376 941
232 449
445 206
419 415
932 774
895 660
630 916
429 338
862 832
775 323
481 971
629 999
164 294
410 191
231 866
293 227
791 650
629 53
1052 957
1075 250
173 1117
635 850
516 993
130 200
221 623
109 143
220 621
828 824
350 815
392 485
217 981
835 540
424 608
1100 345
966 95
655 300
441 866
299 634
433 527
1099 165
433 464
738 722
498 900
814 161
950 506
855 703
992 992
731 945
753 865
512 917
146 567
106 712
888 298
531 885
550 673
306 987
130 759
670 226
898 986
1074 749
278 332
1113 1065
734 331
899 217
188 951
58 623
695 976
427 779
762 610
730 37
920 740
840 943
120 1029
236 57
823 546
695 482
1084 629
715 514
141 460
868 261
207 605
799 247
783 724
145 957
191 532
396 129
254 396
888 300
795 291
784 889
887 265
350 487
1018 630
256 434
67 595
280 530
244 765
336 329
209 743
494 721
423 864
64 866
299 1053
6 879
499 633
958 490
305 292
528 807
447 661
408 11
442 960
788 604
754 574
339 921
469 947
219 437
122 546
368 438
521 873
530 1018
905 1071
413 827
489 459
248 296
298 964
957 1023
437 1005
897 682
145 370
261 871
519 351
224 381
72 591
461 741
883 826
269 179
99 621
804 243
299 886
831 1010
53 223
376 470
27 793
402 498
920 707
281 507
591 534
390 771
770 168
872 597
1052 939
791 971
1034 607
1005 961
371 464
72 621
775 694
209 751
558 236
1072 966
929 12
866 4
881 253
597 814
590 584
147 43
494 137
341 597
519 287
671 967
213 174
508 577
48 595
493 465
661 342
182 1037
259 1111
627 1056
313 155
1059 742
894 740
486 696
228 977
1007 20
736 425
208 652
249 777
903 822
1112 1014
123 622
820 805
333 688
646 864
329 1055
707 891
1018 787
184 665
876 1093
914 267
251 763
543 246
994 351
1024 585
910 279
999 491
698 271
707 485
815 556
994 1083
779 905
600 772
261 158
374 454
299 169
380 304
584 921
586 782
258 53
208 757
508 326
133 439
697 529
454 986
267 925
575 111
600 161
574 159
454 110
918 128
812 162
302 9
919 944
811 935
146 828
602 630
306 48
674 295
637 1020
37 912
123 971
806 579
801 174
298 689
549 876
586 497
374 297
72 243
802 789
137 535
194 444
291 405
479 412
935 325
15 962
1036 372
105 746
493 22
912 959
1057 1060
559 589
801 319
640 969
119 186
135 489
555 216
242 950
437 391
298 79
722 1041
1049 428
852 781
808 4
1117 1008
76 346
217 224
268 189
67 403
775 839
257 1122
1103 533
987 68
1105 506
754 614
662 853
524 247
382 279
819 438
283 700
271 1016
1116 160
440 975
575 132
408 904
606 250
303 1054
770 807
352 1122
319 546
960 267
433 52
382 92
998 161
334 1006
1078 20
857 578
991 965
592 116
867 53
72 493
556 601
166 949
295 537
418 395
1005 151
593 877
512 437
526 590
254 508
378 6
135 346
885 649
60 995
1055 603
622 446
3 758
592 1006
276 997
839 435
265 950
469 685
1100 243
653 159
230 980
302 602
253 426
657 657
969 695
730 237
548 555
924 724
753 62
714 139
767 250
489 787
701 113
984 658
913 549
1116 538
724 178
602 782
289 127
200 509
463 265
324 618
699 202
450 366
1098 264
471 945
429 401
406 452
295 255
767 462
524 621
698 270
322 369
906 1046
813 587
531 700
718 530
874 989
1068 548
198 741
1038 1114
366 815
908 427
639 907
717 567
1105 388
1028 450
490 100
999 343
327 335
1020 1116
553 1023
925 185
747 653
191 285
693 723
261 727
1064 322
635 790
560 243
696 493
61 398
127 715
58 769
747 821
635 790
656 181
233 979
598 614
184 11
700 417
452 157
800 966
600 1048
801 774
918 704
336 279
408 353
813 962
746 562
574 870
911 724
400 564
772 645
240 291
826 919
107 213
379 302
437 458
955 467
432 920
157 638
318 1022
707 748
560 909
843 444
520 608
294 219
1036 716
659 280
163 288
772 631
1044 481
534 251
470 144
456 426
363 589
343 1010
392 411
244 515
465 261
925 935
729 992
744 285
728 840
639 784
567 1073
275 414
971 365
261 12
585 788
134 822
410 884
833 782
824 618
632 289
600 289
47 506
737 303
195 995
828 821
158 458
900 126
654 235
628 195
88 605
472 126
304 768
489 1030
2 666
117 191
914 630
13 923
1089 801
256 126
797 394
852 215
847 569
930 867
1119 421
840 1002
482 721
961 771
906 222
116 973
771 980
742 560
245 162
825 521
739 639
174 425
312 154
928 698
1032 298
1113 362
919 29
1053 427
395 580
766 273
685 969
432 1060
301 199
1013 962
330 506
34 196
315 383
531 419
613 518
348 842
1113 414
882 603
830 879
993 1098
862 75
758 892
674 74
899 767
124 183
777 576
620 633
342 628
109 520
711 204
901 831
464 1041
711 630
675 124
435 269
890 724
643 464
705 576
446 50
1066 37
685 689
682 996
10 975
79 449
580 515
51 143
771 432
581 80
567 922
693 171
306 126
442 974
686 300
135 383
288 901
189 661
658 337
1120 708
812 367
35 338
71 343
597 849
743 702
1 21
1057 537
209 775
802 449
583 898
748 754
40 129
954 910
821 921
471 415
403 613
211 822
633 640
1118 524
703 643
566 979
570 232
53 610
829 438
728 139
611 693
850 95
852 1012
819 520
292 15
991 982
683 749
537 644
172 819
882 298
727 769
1023 598
382 107
78 1088
99 525
252 119
757 1009
824 827
987 735
407 302
272 895
213 388
880 10
1072 878
498 1059
843 346
191 190
513 164
439 228
814 312
954 177
201 57
833 767
550 377
133 101
253 789
575 700
897 145
938 58
885 47
1010 873
179 1093
990 919
781 327
355 532
930 533
649 332
935 112
511 1092
115 758
26 974
991 659
287 458
553 741
801 458
417 951
1036 42
653 239
435 128
869 133
812 452
865 164
938 485
1003 613
391 556
829 584
282 507
896 491
911 923
246 130
413 317
896 633
108 289
452 354
616 216
688 721
673 682
586 1005
820 901
573 425
101 539
387 88
806 648
393 134
283 704
978 189
327 425
538 580
346 867
254 648
1004 778
26 404
1110 589
436 11
751 446
728 598
885 381
1028 126
44 680
535 458
267 223
300 159
709 483
632 609
798 347
934 327
479 122
1037 565
454 713
966 924
1011 440
805 674
255 693
821 79
598 249
285 290
514 921
334 800
289 290
668 381
348 977
1090 934
105 410
746 209
927 571
117 593
536 443
119 936
279 560
305 440
802 506
341 120
946 6
556 778
353 942
953 288
645 121
1116 175
546 838
638 263
964 853
681 545
678 101
887 1113
845 850
59 364
1018 97
710 460
414 429
75 691
943 197
119 378
347 752