119 464
584 437
864 1104
71 666
355 400
16 479
355 636
959 1006
848 175
629 223
373 302
782 995
160 1119
345 1095
728 596
425 824
526 627
497 712
150 347
465 221
576 129
279 241
593 624
647 1016
189 330
734 1012
523 358
1000 350
498 993
226 848
1111 1021
131 128
1117 190
701 1064
1056 113
1058 916
424 568
659 571
1085 360
257 999
691 861
391 295
709 243
311 137
472 1096
1091 442
788 607
439 256
430 276
885 107
272 249
1024 796
632 957
236 485
410 973
605 914
223 338
983 391
591 27
418 819
623 536
342 749
596 993
473 802
536 865
807 114
99 603
694 615
173 100
522 114
939 518
255 531
360 15
526 539
272 806
184 649
612 797
434 978
823 552
889 1098
290 986
964 428
130 1023
99 1029
773 169
502 1011
702 123
303 1039
470 127
380 132
1004 1022
611 176
1088 732
847 687
869 194
575 677
597 249
237 979
560 521
433 414
849 405
182 588
814 917
821 946
626 903
1040 308
653 670
546 879
650 1056
149 654
1091 824
939 249
1002 916
288 528
520 714
143 211
572 281
308 874
1123 1032
1021 753
800 816
660 492
158 858
669 315
971 310
316 182
808 872
165 526
998 199
751 908
1042 518
353 865
1067 123
214 1062
914 341
424 596
75 772
776 1010
644 218
612 678
651 656
908 879
186 647
530 459
560 326
456 793
1109 328
879 403
1117 199
326 636
867 204
796 132
891 329
650 981
996 368
351 239
43 1045
333 354
565 338
808 1047
853 522
341 219
729 849
513 239
857 536
362 831
139 436
334 586
1013 966
131 668
301 1049
14 760
678 260
967 714
258 275
448 991
637 1019
101 365
936 166
131 838
424 753
108 877
747 443
695 763
998 357
923 907
709 691
282 1031
939 248
210 561
235 472
19 903
153 1026
287 207
711 224
466 904
978 545
627 216
306 618
425 146
117 270
570 875
302 156
901 422
405 207
407 415
53 868
247 406
967 309
509 522
143 658
416 861
606 544
647 893
577 353
974 838
293 263
1033 322
1015 710
732 3
421 113
428 134
895 1057
666 856
817 638
350 973
1052 51
470 108
468 863
176 916
494 491
832 431
838 539
1014 990
904 996
455 1007
1066 967
267 281
464 762
483 817
230 422
522 441
608 39
277 1118
701 965
790 295
422 870
1049 676
697 335
531 228
580 1085
811 274
1087 897
874 756
827 431
545 140
889 97
401 726
790 469
1027 821
417 724
225 134
652 835
788 847
359 171
806 894
980 367
446 788
531 917
659 993
723 717
170 463
346 714
611 901
531 970
530 908
775 225
985 117
915 201
765 597
1019 122
1017 717
933 514
774 412
1070 789
76 668
651 188
965 868
963 682
928 784
1015 1023
296 534
834 756
454 284
958 697
280 993
926 132
339 323
602 425
746 906
279 62
815 206
513 482
590 689
573 678
329 118
959 433
451 669
892 385
464 744
1044 752
696 921
819 364
1019 61
923 171
553 737
241 173
659 884
634 582
133 544
830 710
108 468
766 499
502 348
804 995
544 306
414 334
795 167
163 95
187 684
595 934
877 357
373 62
448 181
193 888
850 246
387 181
546 477
945 258
937 360
964 804
796 1013
681 859
397 834
123 292
754 407
746 291
345 546
506 731
174 262
839 405
901 766
351 456
156 1058
409 753
315 1006
581 599
685 619
108 679
720 1008
124 449
280 642
517 467
421 548
877 148
789 151
299 720
198 222
875 746
672 1001
796 252
506 663
483 568
540 609
199 626
441 987
374 512
853 691
844 510
169 158
369 671
77 433
306 1093
597 832
670 177
304 993
364 700
301 778
709 616
1071 218
105 561
576 973
682 425
889 124
682 238
273 310
832 878
478 284
679 741
110 873
53 581
962 786
872 186
540 753
1110 207
976 877
877 192
381 618
513 33
812 569
582 542
389 917
687 479
240 406
123 569
742 356
433 941
568 670
888 716
715 11
1084 381
358 749
122 512
617 173
552 405
222 605
138 610
457 921
301 588
779 817
439 703
863 1016
34 676
449 460
941 135
1067 815
670 996
121 87
167 313
1014 363
864 137
504 582
599 567
533 71
475 309
663 939
355 200
19 364
519 832
820 639
408 160
34 702
1030 840
400 549
237 218
974 911
1016 773
952 995
731 368
205 490
372 106
541 1046
646 989
984 201
895 392
227 81
824 353
237 96
869 1021
917 1116
943 617
207 335
275 757
7 26
639 393
474 1012
167 536
707 302
351 831
732 216
991 102
405 260
798 136
736 444
859 202
1007 465
501 715
483 341
91 1085
782 726
773 342
390 196
143 995
706 265
105 697
517 382
688 419
554 397
585 667
576 899
941 652
614 518
198 325
313 583
855 229
435 601
698 852
535 820
1043 969
883 865
515 465
473 807
889 420
802 455
56 179
595 582
634 975
706 290
784 839
120 895
911 377
856 1003
229 683
883 268
528 434
509 33
308 919
527 919
451 706
397 704
289 137
455 266
563 856
491 723
1066 600
926 419
811 829
316 537
719 484
476 321
212 390
631 900
261 458
139 793
103 486
539 442
349 872
439 642
419 473
73 407
116 647
1090 315
470 762
1070 492
187 175
1016 37
742 727
91 947
488 438
609 306
43 1015
557 298
1023 85
186 1020
185 418
101 374
542 150
256 113
757 824
224 195
505 801
921 823
617 986
208 480
678 449
473 494
244 477
121 875
516 993
334 251
278 154
837 358
800 889
1028 475
880 512
49 530
712 631
562 785
656 641
734 191
646 86
527 688
898 944
104 991
469 1109
1050 723
426 169
338 706
735 920
818 1058
493 889
737 564
888 152
267 146
414 554
796 662
805 695
707 421
853 601
843 461
1077 553
334 269
606 272
117 400
903 348
510 494
155 651
576 476
300 621
416 938
737 1112
852 623
908 695
1009 754
892 928
584 440
447 665
557 803
325 941
980 296
686 223
224 568
442 256
382 528
910 1086
156 807
653 911
333 401
716 852
429 322
120 58
529 365
361 830
513 388
742 779
153 350
438 880
173 693
791 413
763 208
643 850
997 908
645 563
319 580
976 26
219 824
487 148
204 136
624 710
1042 471
736 494
330 46
146 145
39 528
889 619
735 528
568 306
867 673
669 514
755 816
445 204
180 896
752 130
947 830
84 152
934 990
942 10
625 592
851 457
919 991
681 180
834 428
789 549
992 211
580 740
911 510
914 186
890 225
1061 669
453 1020
1062 695
42 111
377 685
405 274
120 570
106 635
396 253
396 151
125 1034
801 261
1025 194
604 255
87 876
547 803
535 925
458 409
504 187
382 1003
853 959
830 503
1080 704
958 140
521 334
254 430
186 360
922 117
215 876
450 604
787 287
757 204
440 811
649 827
803 476
558 961
659 297
756 278
755 961
993 186
461 242
894 741
275 433
231 716
569 152
442 754
719 614
302 808
751 927
980 11
944 743
387 580
881 210
62 323
433 424
281 443
1085 367
941 536
470 280
341 763
784 847
474 201
658 582
56 155
265 479
322 836
949 864
707 112
854 162
934 693
897 218
524 699
133 429
436 571
450 187
314 719
145 243
140 554
623 8
109 144
813 725
251 647
253 605
180 462
482 642
947 435
857 449
1005 128
836 534
609 557
680 738
848 467
664 392
998 347
378 176
388 365
1070 872
543 286
496 919
708 785
4 89
494 892
1106 196
536 416
746 1071
862 984
583 21
281 589
484 858
354 59
90 809
865 988
412 129
799 552
513 604
733 726
605 232
989 1048
367 587
632 214
159 512
538 290
14 517
971 510
837 366
1079 615
501 473
280 131
680 664
393 213
576 531
157 286
307 908
681 94
317 703
343 745
838 595
805 252
100 541
65 687
625 783
557 786
1004 199
241 652
826 994
38 109
958 31
174 951
173 210
762 545
921 500
764 64
458 240
766 578
204 450
263 790
193 811
507 322
815 704
308 795
288 716
150 945
214 82
383 981
543 381
1081 351
304 280
843 356
435 191
479 965
406 979
884 186
632 200
619 577
93 845
541 926
685 57
274 559
701 245
820 917
444 794
1036 234
779 1121
953 942
136 166
359 652
513 344
886 439
542 876
852 1048
381 750
24 631
876 388
536 1091
256 416
953 120
226 363
189 959
300 1078
188 788
815 112
518 730
862 24
948 979
569 865
638 438
492 750
841 1043
884 117
58 278
757 528
494 717
652 101
786 215
198 255
297 1053
280 738
596 503
1004 1115
690 709
340 945
321 913
221 347
4 824
268 738
230 973
163 728
735 70
1017 720
981 191
956 408
452 373
482 516
953 532
954 640
936 1045
501 638
693 976
804 246
774 620
1050 197
966 915
531 180
144 642
433 960
460 441
789 783
730 881
888 290
182 781
815 164
954 221
491 373
851 154
360 9
825 121
234 999
833 911
190 824
1009 263
1083 952
961 600
986 88
165 139
37 704
1113 469
814 1069
1085 955
337 1000
1089 525
357 921
759 680
659 891
511 181
86 1057
746 1001
681 903
507 575
376 464
447 809
172 488
339 717
741 645
631 738
470 981
648 967
132 568
1014 640
157 542
911 199
749 167
952 1067
486 421
706 923
454 361
258 978
761 735
517 827
1017 275
945 605
603 854
145 976
665 1025
400 584
609 39
539 225
467 919
881 1026
98 131
414 1002
254 129
476 754