432 301
1049 649
1042 289
958 328
471 314
179 790
977 603
850 448
398 635
98 514
856 1010
93 156
673 577
1020 290
990 870
770 413
464 625
977 203
828 855
722 883
267 156
545 850
71 763
631 871
159 395
760 700
1056 812
984 197
925 420
713 652
467 1086
360 1093
531 390
904 356
610 121
410 782
710 891
1007 552
882 293
1018 222
633 352
194 631
425 122
275 355
953 807
779 466
928 685
323 692
294 916
1030 545
593 750
150 481
214 901
598 180
986 269
1004 718
676 594
1063 276
1021 725
802 707
1043 312
1065 179
159 674
733 142
876 197
492 297
588 969
259 865
854 960
798 255
178 463
499 478
167 762
974 477
801 710
637 654
401 785
653 824
888 254
192 462
718 446
304 293
507 115
179 929
111 776
1039 784
257 672
529 695
1035 655
801 657
800 542
216 164
92 194
990 368
582 855
462 171
213 904
915 693
331 200
843 583
404 667
450 635
261 446
300 448
41 281
191 960
1023 224
856 1028
8 50
836 934
663 615
237 972
777 428
478 589
893 722
952 435
430 610
397 380
828 113
86 195
276 192
16 709
983 629
743 504
934 322
839 151
366 593
79 812
847 786
215 841
480 268
692 190
985 269
426 166
514 456
822 648
347 669
748 711
132 969
103 773
437 1008
239 1098
511 879
727 559
534 672
784 793
692 671
660 306
572 658
127 311
95 330
203 277
511 489
803 925
518 218
994 958
752 326
868 466
811 553
688 367
669 1121
735 711
1099 531
381 666
881 1027
390 758
166 918
371 753
144 136
893 115
157 561
162 210
438 100
782 146
507 743
892 915
53 986
430 211
995 795
986 900
425 413
214 897
363 224
225 520
575 644
347 1106
686 388
202 1001
56 591
630 759
886 991
34 116
797 852
820 617
330 510
1106 818
1092 582
215 255
735 168
869 447
756 582
883 988
384 1004
265 131
907 604
674 510
165 382
530 250
422 665
337 558
233 858
631 816
113 744
800 837
608 248
979 158
124 198
518 1068
696 497
841 1015
151 334
411 694
469 601
144 495
271 653
1077 210
994 440
560 964
657 790
427 888
1013 57
115 943
511 348
989 105
631 491
549 461
727 856
106 325
573 729
360 567
999 349
759 1014
290 457
765 304
922 142
735 194
958 847
673 441
320 413
166 170
173 365
401 376
628 835
821 468
957 792
251 683
180 43
169 835
274 288
902 402
665 435
628 928
1067 299
874 898
552 885
59 334
1044 1076
885 892
385 676
294 139
772 120
559 580
253 550
531 735
981 891
603 924
534 1011
1090 613
645 361
592 405
1013 922
874 1093
181 248
241 364
465 644
771 781
557 693
153 939
173 400
19 763
342 311
144 475
154 350
689 386
884 702
764 505
632 531
253 215
326 65
685 783
801 884
726 272
825 354
310 310
103 1076
546 883
314 625
801 274
871 476
922 833
117 200
603 342
971 668
955 772
594 710
409 316
88 179
518 489
439 560
748 863
532 920
104 87
176 861
206 776
214 342
963 521
614 207
15 1107
357 840
619 284
176 673
665 84
928 841
250 20
796 676
300 859
927 711
125 813
1016 256
1088 116
926 970
101 962
78 930
962 634
260 498
431 616
1049 89
246 511
480 615
1020 997
585 623
415 324
561 135
970 832
865 177
793 734
908 850
681 692
512 165
818 977
551 17
446 647
384 256
1014 996
222 83
595 371
750 260
608 499
878 735
709 847
555 596
786 608
809 398
789 252
37 707
841 416
557 222
512 22
1012 762
646 940
956 280
103 262
228 576
482 1038
735 921
752 747
424 638
132 537
253 613
387 537
302 959
853 433
683 752
389 661
520 430
259 768
999 916
160 630
749 386
463 239
138 638
217 796
823 662
549 954
393 447
953 348
58 224
768 268
156 672
117 270
406 937
771 461
364 206
1062 960
531 85
1030 811
284 498
730 768
965 761
847 568
833 900
977 365
186 87
405 758
818 212
184 673
677 426
1024 742
250 896
930 440
769 197
627 750
445 545
602 268
502 49
620 796
270 925
674 608
206 196
236 504
586 630
527 663
318 55
877 714
882 1017
378 346
342 456
350 988
337 145
568 668
118 132
550 105
268 497
739 764
229 465
753 412
1018 109
408 670
726 997
817 255
88 34
407 121
990 953
971 239
704 842
222 804
942 1083
524 995
1000 617
766 307
543 803
140 713
190 930
836 491
812 340
878 897
460 923
2 787
603 921
362 752
917 308
139 547
704 829
518 150
1067 236
442 227
36 1096
129 872
325 139
620 933
657 1006
203 534
576 635
193 1018
424 414
995 197
148 311
359 224
635 392
404 325
407 354
751 790
111 201
156 254
162 355
310 1032
686 794
312 668
1019 457
189 555
501 559
918 327
396 572
1098 362
416 1061
626 1022
31 380
725 901
523 132
453 533
997 526
804 694
608 710
669 990
1000 600
95 378
443 436
875 798
446 169
668 454
476 410
488 131
683 968
884 327
1064 174
909 853
758 761
412 759
731 201
438 411
938 805
110 995
732 777
19 241
884 713
893 191
342 91
318 993
690 657
820 994
336 865
806 677
692 504
192 748
278 540
411 882
996 313
945 569
264 827
820 248
56 673
349 660
533 282
1032 676
788 219
30 264
372 977
109 240
336 788
399 817
283 418
580 780
132 141
242 564
473 526
267 814
365 795
461 1080
164 117
534 598
384 426
856 215
190 1056
239 666
710 694
720 454
754 705
458 529
436 1001
1016 28
183 263
1073 439
260 1056
75 137
1063 265
988 399
593 453
491 920
127 696
898 781
681 725
885 225
674 228
291 553
1117 164
1003 554
477 458
897 686
1083 404
784 342
775 979
675 536
200 857
576 519
960 512
1108 689
89 89
461 797
98 880
164 866
69 964
627 474
250 926
482 730
160 354
701 229
844 38
229 807
820 10
429 77
392 739
76 750
904 43
280 329
446 947
146 824
693 1087
376 324
1001 997
390 99
954 850
192 448
1021 426
1103 580
203 470
619 113
224 804
1005 940
944 995
190 409
267 871
1075 280
150 854
354 663
876 524
1044 128
659 170
1003 235
774 903
186 265
870 270
739 550
207 1033
837 882
230 598
215 424
593 931
721 683
141 222
505 505
80 721
875 474
910 499
485 940
207 315
304 317
455 616
652 383
1118 454
687 522
264 639
907 697
491 488
1014 409
261 926
197 915
1100 665
629 936
148 760
541 789
762 919
1115 1102
631 150
381 164
299 244
479 985
535 551
467 978
747 416
544 514
143 365
238 909
831 923
97 1043
242 603
805 101
306 399
414 1055
1022 566
528 690
753 841
293 843
163 180
717 405
736 567
870 1022
554 363
412 617
320 215
915 997
361 841
452 228
1027 918
37 239
227 35
252 754
367 608
1065 452
669 556
106 844
637 684
931 787
402 455
696 571
439 297
695 817
231 393
858 323
752 647
491 614
943 667
265 618
886 750
695 176
704 891
1019 407
1083 715
897 149
750 571
872 228
599 179
109 36
465 610
607 800
416 365
58 116
944 943
15 867
667 910
167 626
481 616
678 548
1059 508
403 648
745 663
886 653
706 329
926 1122
81 700
339 551
959 708
837 400
513 204
982 827
901 529
561 374
269 346
341 60
299 935
469 1119
488 347
680 131
1025 851
636 278
522 383
966 637
439 94
412 587
202 447
950 975
817 956
1070 803
875 87
390 1056
862 821
851 481
810 221
200 894
796 826
128 230
716 403
552 1107
808 964
1107 589
422 11
887 529
774 411
468 226
896 572
283 991
979 584
529 677
0 550
413 764
448 567
834 1020
152 544
409 456
738 318
178 885
1035 124
337 970
303 556
252 313
308 510
731 1107
657 51
804 940
831 680
142 591
772 572
607 974
889 336
577 35
422 680
1026 413
902 919
541 897
540 803
991 560
146 932
398 115
306 567
6 453
601 192
261 335
482 551
257 533
247 967
625 948
161 865
905 652
672 807
625 831
406 541
895 400
721 169
547 1022
700 958
352 291
469 560
553 1087
257 399
14 376
183 306
359 862
891 208
740 57
992 1081
326 630
272 973
658 162
330 354
500 388
679 117
354 330
571 646
994 172
701 219
505 176
1061 308
844 269
57 1118
916 885
9 255
341 856
167 850
863 876
528 745
784 1120
251 728
593 140
21 693
472 339
133 807
825 741
712 152
761 770
229 956
1087 319
757 351
756 388
1058 728
865 117
544 549
63 262
449 881
1015 1113
1000 2
819 611
891 192
104 559
938 807
412 138
903 30
375 816
473 731
429 406
672 899
410 874
817 941
73 358
257 273
1042 18
575 888
443 637
88 554
253 839
972 614
1023 552
550 727
334 786
733 138
759 460
914 900
101 494
540 349
367 134
112 828
440 1076
981 347
824 884
205 279
908 674
639 93
745 939
715 995
962 1104
182 397
153 697
280 888
374 650
628 808
15 1097
780 958
7 11
147 951
370 400
819 548
445 283
1026 568
802 56
256 800
401 718
998 276
93 835
535 687
209 841
951 586
786 1015
489 213
934 538
417 490
690 462
717 434
688 889
420 155
297 247
488 235
473 203
378 301
10 128
78 494
770 880
1050 215
160 638
684 175
773 373
999 692
830 1080
488 777
333 867
938 398
312 563
299 685
481 494
783 921
360 810
708 925
741 712