801 626
200 905
454 661
514 238
803 319
565 368
607 299
83 1020
321 323
523 546
954 969
706 299
543 644
348 897
875 1018
789 932
601 1044
126 854
388 286
592 217
135 222
1096 378
193 744
778 82
186 1073
1072 516
390 993
131 539
815 947
815 830
273 995
128 188
246 229
530 893
545 670
350 468
850 0
779 1085
1005 313
103 791
686 929
103 1017
965 990
751 760
406 979
22 749
1120 834
633 744
127 977
590 293
97 871
680 276
523 551
1096 2
331 284
491 822
1070 770
513 670
522 530
676 959
1050 681
987 545
0 648
628 419
798 958
505 375
911 875
218 460
827 929
854 549
559 581
176 404
971 486
239 117
210 64
973 336
738 39
324 290
207 41
86 273
118 916
675 158
1046 670
984 665
362 884
445 643
831 147
939 29
645 87
1016 131
646 465
434 341
67 733
795 814
562 255
101 989
87 571
165 697
471 604
694 575
799 700
166 1041
442 498
172 181
491 62
483 762
920 556
923 372
293 650
551 1100
224 640
746 925
640 668
357 572
125 46
112 385
553 920
407 511
668 966
456 72
47 722
378 397
933 1054
209 989
962 774
815 783
760 442
46 170
416 767
708 869
820 347
306 109
829 567
761 161
238 541
505 441
314 252
388 138
278 225
154 163
443 345
509 959
389 502
119 428
735 41
114 257
572 556
865 197
694 913
868 543
1121 701
321 1045
216 884
161 826
316 176
575 202
918 1019
760 666
467 596
371 331
928 806
984 1078
486 905
739 941
891 567
673 342
202 1037
890 546
560 288
529 830
726 484
1093 644
38 438
456 936
1048 131
960 1085
397 957
244 874
370 367
313 420
233 527
678 100
954 760
218 966
263 282
571 818
1099 262
666 162
830 351
437 320
559 126
492 430
653 500
344 1037
559 49
800 594
269 58
301 197
304 606
176 619
214 920
458 330
992 812
163 291
977 1023
647 821
218 686
378 612
782 853
1074 765
896 203
746 351
624 250
140 162
337 882
592 219
294 324
547 628
367 234
425 94
124 271
1030 1023
288 890
282 774
433 422
868 393
1102 902
701 626
884 468
221 548
520 1011
1 153
383 1014
103 506
255 568
311 244
902 855
506 998
1034 843
368 909
1119 113
101 887
320 896
591 1021
786 915
407 987
1021 301
673 369
566 550
1022 219
39 349
456 531
952 173
1067 1123
671 647
707 975
613 895
860 466
258 491
1018 886
865 1028
1009 444
629 292
187 555
344 9
960 308
580 146
374 759
507 1075
610 1100
846 773
161 745
902 148
411 537
601 206
117 613
782 280
437 953
1082 873
295 492
524 827
470 997
343 1043
28 870
885 23
101 1003
749 230
390 782
426 860
713 285
783 382
280 269
162 559
730 942
502 1048
285 735
470 786
118 901
1007 1013
610 350
15 365
510 1111
693 388
900 440
1084 188
214 997
488 225
923 561
478 203
488 165
524 358
117 971
160 135
546 589
511 654
732 562
178 752
755 141
584 546
928 318
100 414
722 81
47 138
86 990
695 881
439 602
31 110
412 374
518 79
416 992
303 930
1026 426
1113 580
782 1121
687 72
546 314
583 104
701 722
45 1079
1013 226
533 491
1039 950
243 613
716 107
776 902
442 985
394 664
776 539
579 789
1013 462
952 1059
566 867
973 869
463 112
999 1093
288 706
877 200
696 1013
496 358
474 882
741 770
310 352
376 728
658 295
759 504
978 426
536 809
889 688
865 667
808 874
360 209
487 100
90 784
891 684
321 674
727 273
659 572
734 521
269 970
488 119
936 553
1036 938
810 104
1025 1017
1034 595
441 179
694 527
414 267
963 91
814 459
716 417
361 848
939 667
377 439
470 215
342 432
873 176
266 23
405 188
524 857
847 1107
792 809
123 261
769 578
1023 371
618 582
1016 675
958 729
895 38
503 4
392 358
764 637
804 192
790 815
304 140
128 517
697 676
174 667
218 775
337 55
365 645
248 581
976 568
56 82
417 456
432 549
922 292
899 236
1106 759
439 250
91 64
467 132
402 528
124 1042
163 1020
616 955
62 603
718 4
345 869
621 707
526 54
692 694
1047 656
729 367
755 1110
373 777
331 397
1056 513
445 924
528 463
919 120
911 461
1003 1092
278 366
242 374
984 693
857 779
971 1003
773 561
612 740
911 707
216 422
873 245
786 836
677 337
724 799
351 482
527 527
861 432
326 957
418 364
888 754
1010 795
957 863
108 510
362 211
663 1064
360 525
424 851
755 243
465 665
742 133
38 418
814 711
778 648
296 187
956 562
567 702
275 851
202 1095
516 12
377 246
214 620
238 1095
778 584
1034 918
904 473
952 276
243 289
54 438
465 691
723 5
468 560
548 162
275 935
850 466
712 304
559 668
572 888
304 299
543 861
123 343
279 890
689 550
848 1019
730 124
969 537
670 963
539 364
819 1064
784 336
133 123
314 949
58 876
1010 282
503 652
859 755
438 765
831 613
529 684
190 250
682 586
793 953
835 455
921 374
640 24
763 614
652 874
874 662
509 271
586 972
779 355
1112 1107
355 670
975 993
296 944
971 408
909 1069
822 567
905 900
910 398
971 887
399 978
933 851
426 930
936 966
461 765
1077 401
959 700
546 885
136 951
997 690
254 448
261 103
65 662
840 1069
605 763
272 143
595 860
1082 697
659 347
803 871
771 399
859 831
556 959
731 1017
570 781
786 252
607 175
441 792
937 546
696 490
435 686
100 553
1086 874
241 438
557 473
846 890
627 279
743 661
492 675
963 722
932 653
887 474
501 886
45 241
836 1097
81 184
566 1091
341 75
141 342
988 255
129 430
209 248
444 669
512 63
834 522
308 952
1077 511
474 177
1035 137
109 639
369 18
475 320
876 460
908 62
275 790
801 163
407 408
732 939
858 732
333 728
391 34
535 658
276 426
1020 750
1093 154
725 590
935 472
622 808
992 720
502 682
490 614
442 1001
374 144
855 103
201 155
920 1045
748 870
925 953
806 917
957 239
204 1095
538 929
13 609
115 708
58 686
565 54
647 296
454 641
1063 797
546 398
286 855
296 63
720 172
296 676
84 971
205 551
936 856
970 381
862 188
640 572
799 155
1011 171
695 505
565 670
433 438
998 200
321 868
933 399
100 788
102 910
551 530
149 790
738 841
890 424
585 308
398 952
1018 725
506 850
417 673
343 732
541 111
917 956
345 816
567 385
519 1018
369 411
613 434
787 967
130 259
935 857
489 206
6 885
1116 676
528 656
778 947
84 10
370 132
204 19
397 163
582 360
1003 82
1123 805
475 179
473 354
909 196
507 193
293 524
670 347
846 506
680 975
619 620
1044 936
953 655
1076 886
1000 422
1082 450
877 633
1015 1092
715 29
589 270
496 670
860 391
724 333
1072 466
685 949
521 473
987 579
279 365
250 1085
315 907
879 31
987 225
447 239
789 945
799 954
657 1013
1042 1017
988 492
342 131
211 237
256 285
637 1010
485 1039
1085 127
234 244
391 737
75 210
241 578
833 316
684 993
832 782
524 829
566 423
197 264
730 290
590 105
465 897
223 452
128 231
438 7
136 953
1119 500
421 281
836 894
546 592
66 639
89 198
869 1039
42 1009
861 164
705 894
635 164
337 616
367 886
820 182
90 813
595 285
782 138
356 386
668 65
1117 523
866 994
396 389
262 914
179 799
238 493
704 147
481 933
223 980
277 819
122 737
378 748
1116 964
722 1019
582 649
290 944
340 502
648 144
931 342
662 752
473 142
531 773
256 125
888 736
128 560
149 32
773 482
988 357
34 789
194 973
540 655
892 667
820 241
969 756
39 705
517 909
903 474
536 438
308 1027
264 155
85 610
955 869
818 880
586 244
452 349
726 891
699 132
148 390
665 582
203 901
160 172
187 886
545 110
341 203
351 1115
201 960
717 858
880 938
42 115
962 783
663 341
294 883
532 673
208 153
978 354
943 155
1043 643
432 689
334 858
642 200
271 142
195 395
777 760
150 922
49 293
958 929
676 314
682 24
966 374
218 1019
289 859
861 222
300 969
268 521
315 775
547 885
223 437
526 196
46 293
614 474
384 122
420 706
499 228
822 254
588 745
153 955
825 152
710 212
277 648
231 511
1006 73
32 776
760 1007
626 884
315 76
697 275
365 334
14 921
1021 220
142 807
463 605
980 405
573 692
620 168
654 234
210 192
1007 613
677 561
435 366
952 899
450 879
633 492
535 359
291 384
1031 946
766 866
216 335
597 402
821 639
665 1009
485 660
403 1007
101 208
535 154
967 830
934 515
470 801
100 558
112 749
859 775
952 779
167 482
495 713
643 969
366 1017
915 343
67 399
1011 830
440 241
604 489
257 427
1029 944
746 928
704 802
561 488
278 354
93 660
243 451
313 874
70 115
798 170
420 882
393 677
819 137
783 1094
449 638
548 442
590 693
283 695
963 813
305 128
284 832
108 228
904 392
610 57
1062 604
550 513
274 280
230 731
177 708
533 1014
159 306
291 182
311 653
1072 492
700 441
525 462
565 668
510 441
532 126
730 778
171 393
822 864
551 886
512 443
159 714
17 256
672 454
231 268
778 653
840 590
850 400
454 779
809 330
791 203
285 416
682 672
61 266
359 590
298 830
606 779
332 145
778 426
622 992
1036 461
477 346
468 927
583 502