424 429
520 514
768 742
521 339
164 967
472 500
929 323
798 905
38 644
979 401
170 613
9 675
788 908
1074 891
267 293
627 941
31 399
393 595
239 890
957 633
902 283
451 350
707 959
479 621
1076 1115
436 668
1057 340
824 1078
965 657
788 881
211 596
240 684
11 370
530 299
268 393
213 1046
644 842
191 551
565 920
278 978
205 260
991 472
614 372
35 1070
178 332
156 882
1008 375
207 674
625 62
467 725
350 178
337 466
134 724
196 599
295 669
623 255
280 924
294 589
904 256
450 594
886 311
401 969
45 758
476 835
510 252
402 121
560 891
173 853
553 475
746 607
550 945
835 510
922 490
79 285
775 465
813 542
656 283
186 242
745 525
1120 394
919 1011
784 764
805 814
49 16
405 524
777 1012
288 577
988 886
1083 3
36 400
501 111
1117 735
892 205
225 572
15 478
161 29
231 810
1069 1102
998 337
657 889
803 624
218 316
576 783
292 526
792 931
876 851
719 877
100 793
706 341
461 808
580 322
745 420
783 683
849 845
513 110
209 791
906 969
723 949
727 865
893 624
804 657
239 367
502 274
299 735
853 302
678 462
448 163
538 568
992 575
1061 491
1015 1014
126 1093
241 292
397 904
493 199
33 322
24 948
109 1030
464 796
590 1119
201 710
276 102
563 1045
550 578
282 234
919 200
369 541
370 203
269 691
17 219
652 1094
742 718
459 547
990 115
225 532
706 572
559 510
31 762
382 250
179 649
1002 375
785 654
26 511
739 118
710 1117
901 504
176 807
314 216
840 535
682 299
228 395
109 906
16 723
207 474
1105 428
799 628
503 943
337 100
825 997
351 721
241 522
867 891
853 622
1112 334
952 650
233 878
481 969
781 978
755 594
588 458
965 174
641 668
200 1014
577 214
213 598
252 546
456 930
962 877
154 867
788 979
1101 609
195 602
991 200
372 998
407 919
830 983
221 904
465 568
296 951
1032 938
1113 411
948 554
1076 270
457 661
903 853
530 752
534 775
152 782
742 963
104 581
1079 1060
877 378
160 296
807 881
506 699
397 520
808 348
181 649
491 236
706 124
685 453
318 559
677 401
848 351
768 462
308 630
370 967
545 394
381 514
123 224
295 199
946 280
653 192
866 743
582 768
276 809
1056 1018
596 88
483 729
1004 586
1074 805
1016 626
826 762
771 78
912 997
229 299
316 900
670 514
206 1040
931 980
1070 854
903 964
1108 678
936 624
348 966
970 893
437 802
287 361
472 133
633 325
576 538
349 763
700 474
361 432
342 361
247 648
255 246
1011 1121
590 100
862 193
389 303
668 408
787 305
1011 252
531 582
77 60
519 846
343 248
911 977
803 101
142 520
520 50
736 579
32 188
281 232
994 1043
121 1071
56 497
418 187
955 576
18 559
325 347
124 265
695 457
290 114
460 873
119 854
857 123
779 171
470 1001
401 529
540 270
522 380
712 944
363 294
347 888
320 776
555 581
973 890
454 1048
280 902
644 749
800 698
1058 779
49 821
397 164
242 971
989 1114
373 526
898 240
630 23
1028 1073
524 15
262 688
1115 22
206 252
344 338
443 717
240 7
904 906
1004 740
253 768
165 378
311 671
482 60
464 402
202 581
376 95
65 470
733 498
667 492
817 971
561 319
218 1020
202 47
369 118
291 646
751 186
116 655
116 5
598 162
649 224
112 195
516 646
337 805
314 992
308 1090
981 640
612 820
983 344
638 891
362 244
557 290
441 742
676 167
986 691
697 675
509 665
367 808
484 242
451 154
836 195
1021 59
108 483
444 797
731 688
459 211
203 303
451 210
756 907
980 117
435 19
662 955
756 986
976 956
877 806
543 359
227 179
342 818
24 744
1023 734
375 74
159 31
333 505
264 607
105 241
779 149
69 650
278 159
54 1111
922 281
133 887
709 1108
671 686
884 540
199 492
600 127
425 688
610 497
818 762
644 254
622 256
1116 985
474 643
572 569
451 734
214 885
525 850
174 863
768 646
422 614
664 260
109 652
923 227
281 945
612 985
190 544
141 245
944 133
185 868
497 450
699 697
908 280
530 1120
5 90
110 179
813 858
114 234
298 296
420 725
719 444
801 727
100 420
60 665
814 257
158 214
705 813
262 775
963 1019
407 354
348 308
529 664
701 998
587 530
816 127
819 934
236 156
711 981
979 910
1045 393
212 950
885 642
979 87
972 760
502 246
687 301
411 981
753 1117
378 401
666 554
396 534
490 158
212 663
669 577
921 97
351 248
937 778
994 910
282 470
501 775
214 75
472 804
191 550
535 554
976 1066
691 852
194 1014
1032 11
466 544
886 812
951 257
402 1004
607 43
397 290
677 147
130 649
628 776
953 237
752 526
809 811
149 421
1086 684
352 266
885 757
44 160
1016 573
930 940
582 944
716 309
578 169
1012 486
729 1054
801 933
582 49
631 374
849 735
554 863
599 250
489 244
465 282
845 147
14 213
892 115
467 586
383 94
197 295
25 356
660 612
134 862
887 664
538 829
597 334
191 587
627 1043
231 897
836 367
412 215
372 373
178 707
769 802
387 705
190 293
914 249
473 909
623 327
868 113
515 251
255 202
435 197
116 882
863 503
614 209
288 1098
370 994
1056 617
904 332
436 336
985 494
111 522
1058 905
529 925
361 878
131 952
1045 278
765 1102
391 717
95 830
647 398
994 94
336 296
1007 497
144 1102
846 750
251 583
1073 145
334 659
710 1080
558 301
335 517
609 62
1028 924
845 319
1003 575
111 110
1001 602
598 468
1049 780
465 476
954 776
970 664
950 599
1060 978
1043 929
675 176
579 424
74 2
317 586
172 1051
11 322
230 664
830 147
461 877
435 346
803 532
194 253
468 971
531 192
878 60
818 104
176 195
347 813
183 104
745 805
858 654
583 526
181 694
1001 516
391 142
620 948
415 317
853 572
495 966
706 982
499 192
632 562
657 924
704 527
946 904
599 1072
561 315
40 330
162 395
691 1
297 768
293 738
1083 862
734 591
341 818
329 1012
635 100
772 103
351 190
518 945
898 1077
482 671
27 1119
821 480
494 95
350 646
619 503
915 50
897 172
4 952
988 600
319 653
438 522
470 621
784 123
574 507
111 365
250 909
746 879
247 215
1018 163
316 488
914 932
184 549
471 706
142 957
754 510
559 1116
380 431
619 942
958 668
487 723
577 770
702 330
664 276
758 696
812 818
138 802
132 945
801 285
855 363
923 558
894 780
927 1016
1013 807
249 183
607 887
934 1059
192 753
490 969
1084 7
855 202
582 1025
601 393
387 452
324 255
455 300
156 752
336 106
453 329
1113 415
475 580
525 660
1052 978
500 755
468 58
978 558
457 277
367 1072
783 791
310 702
444 350
881 78
433 108
380 739
544 136
528 1056
661 324
702 109
824 969
582 784
483 22
66 737
429 706
343 261
142 599
364 672
881 111
268 569
959 358
585 188
816 668
1011 844
206 281
136 201
37 981
540 575
1100 309
576 665
1006 120
733 206
261 422
923 814
952 1060
528 555
1071 805
514 638
530 319
1064 618
581 315
622 255
971 1068
287 211
113 194
836 254
532 62
555 882
282 757
266 886
588 986
532 950
266 312
736 113
495 342
232 541
332 445
952 304
751 783
952 484
857 71
742 729
422 992
464 535
724 760
821 643
533 278
370 279
599 805
612 283
138 762
412 1042
905 246
942 779
178 403
429 501
524 561
414 1023
44 128
628 487
1085 834
988 392
1070 549
865 343
371 718
374 265
460 787
538 914
477 681
796 35
377 486
712 595
633 228
1028 490
173 204
839 8
857 910
923 290
965 887
586 638
913 801
934 925
640 825
140 222
888 100
802 891
365 496
719 572
444 485
117 356
55 137
433 326
564 1084
954 940
573 244
163 253
388 261
41 898
893 582
945 786
515 228
940 200
599 922
396 439
828 1093
987 593
203 1023
299 546
724 360
461 749
74 475
901 137
1013 737
217 898
637 159
600 994
379 177
2 599
40 203
710 156
878 759
639 314
628 662
947 201
834 838
420 605
211 1040
344 829
160 640
1015 993
113 509
499 361
97 606
616 682
128 875
581 192
148 1003
170 570
184 53
530 734
1063 732
807 11
949 406
164 184
578 997
1088 425
888 1066
801 905
274 909
307 221
590 540
977 540
949 91
675 501
322 200
273 1043
935 499
407 928
791 697
658 770
174 1111
1019 931
231 524
538 330
37 1003
473 190
124 154
817 903
473 604
557 662
888 563
766 775
941 808
718 196
174 125
936 97
887 679
367 948
505 186
582 379
417 503
335 1103
30 753
47 311
1033 668
798 451
227 607
690 258
929 47
22 799
866 870
592 736
1104 213
742 327
287 286
381 592
399 445
250 606
431 1022
659 846
819 913
561 166
779 1077
350 849
395 398
693 601
8 466
528 858
790 363
83 706
106 1056
911 695
1065 896
1056 493
494 1027
323 890
626 418
589 1013
887 891
737 603
181 399
1013 176
256 938
98 963
1104 721
390 206
683 181
700 505
224 339
523 200
257 15
680 340
213 267
872 1079
242 955
698 838
705 696
616 520
123 638
781 738
542 365
550 821
253 521
1020 133
196 381
514 757
1042 538
330 472
477 697
1017 920
317 190
763 286
858 563
884 462
473 132
457 576
239 430
629 955