803 866
160 1058
152 556
496 865
156 434
522 192
804 1113
825 152
403 972
116 449
328 790
187 297
744 1046
592 769
994 146
648 1008
796 514
338 459
455 320
324 25
541 308
997 319
902 247
38 669
997 785
884 441
72 927
845 815
334 546
914 160
715 679
765 898
839 771
851 800
64 80
924 790
859 1018
384 509
835 409
489 643
738 442
863 1013
44 698
376 134
4 196
729 235
653 829
312 343
147 335
947 166
48 132
224 484
561 483
805 257
929 64
642 785
973 673
174 17
682 763
1087 610
1010 559
877 546
464 413
385 504
289 364
970 903
61 173
591 199
200 728
107 371
64 565
729 658
655 685
703 832
668 359
746 1095
991 1024
215 1099
459 262
932 975
730 161
903 684
594 842
199 513
409 745
298 359
37 840
510 10
293 181
836 307
915 586
869 897
747 832
445 761
94 342
349 339
234 472
948 601
209 825
635 859
85 844
810 153
101 120
922 515
162 35
1099 227
287 739
144 493
645 193
329 847
568 256
385 300
1014 1016
81 980
393 768
495 898
732 778
963 1010
488 848
343 452
237 704
510 377
833 952
787 786
440 896
578 372
884 225
438 786
391 489
124 334
125 264
603 793
989 1093
701 378
1054 406
538 855
741 113
579 541
649 221
542 684
54 607
687 402
697 620
925 748
804 660
926 744
341 548
227 1000
569 514
640 247
402 663
1016 867
188 319
476 611
872 309
921 129
987 972
506 788
420 893
323 322
598 224
55 204
188 721
732 571
773 907
581 254
374 475
491 655
601 963
48 1070
793 812
868 975
678 769
138 249
924 137
170 47
164 693
295 1057
632 738
256 928
1008 742
610 374
551 418
1013 389
891 820
1071 1003
1009 283
524 169
189 14
7 334
150 94
232 744
889 859
415 528
146 979
572 1113
987 1118
624 167
482 671
764 300
929 922
897 1110
829 889
531 317
437 218
921 214
825 580
755 998
121 668
693 254
274 653
565 938
123 545
1080 666
292 497
18 267
476 558
654 644
868 142
270 45
159 845
456 290
547 924
741 464
301 669
467 604
511 409
209 690
209 511
528 778
758 225
734 682
683 726
310 981
683 921
1018 144
516 336
924 1111
671 707
181 670
923 775
439 773
644 552
286 280
870 887
898 268
905 828
523 1106
31 510
825 487
698 583
893 492
619 201
797 667
497 940
919 779
979 643
587 751
322 131
670 495
744 941
437 295
616 231
895 460
777 648
487 505
558 1022
269 276
605 931
595 252
717 902
46 940
212 697
430 500
936 817
315 674
434 419
1072 419
537 78
77 893
850 81
472 641
634 963
161 526
183 1084
582 243
1108 973
708 985
137 688
1031 294
542 688
1055 277
595 863
333 734
121 975
113 848
774 288
380 474
325 551
588 971
768 300
382 342
911 597
928 572
478 624
680 777
455 681
292 784
716 422
723 308
145 670
279 1068
332 284
116 870
412 371
1016 220
194 819
804 362
390 832
366 379
245 320
464 490
525 280
385 136
824 935
650 719
360 215
419 697
937 76
766 620
276 543
1088 743
46 1081
542 954
102 1000
331 63
633 939
287 842
791 868
474 775
140 516
746 192
519 175
681 926
516 747
620 91
680 642
792 917
461 814
758 261
453 323
845 304
1010 662
349 723
145 67
259 869
471 444
827 111
383 833
166 900
362 654
228 649
393 228
228 998
550 740
50 339
542 428
817 757
743 365
538 171
738 313
1092 1122
417 696
789 197
699 450
836 116
657 830
480 110
456 836
848 889
216 544
860 437
25 165
991 295
638 947
942 352
495 913
953 15
331 1000
752 969
298 588
988 948
256 740
830 60
1079 1006
632 24
1118 108
315 629
107 949
72 927
293 819
137 950
962 872
1070 162
394 25
132 174
749 531
295 972
625 184
48 934
637 587
208 833
225 263
662 335
111 510
530 979
2 724
372 442
609 239
1019 930
325 79
426 456
1002 313
711 454
983 465
581 250
761 449
64 124
234 249
439 241
615 92
607 892
567 382
1005 489
983 90
333 52
1113 337
904 658
734 552
658 776
322 1111
381 897
938 277
745 1020
875 883
69 382
416 822
889 322
947 538
557 568
554 496
714 666
237 213
231 309
924 839
718 699
561 963
320 361
335 345
53 221
843 699
360 813
1104 756
426 972
987 911
1117 326
129 464
183 865
182 269
128 1007
439 897
453 519
437 1002
318 442
606 238
878 681
414 732
648 534
594 1022
916 626
1080 228
339 91
135 565
353 972
667 279
681 199
738 950
242 403
1101 233
543 867
734 830
986 408
738 692
525 616
616 701
621 464
594 165
577 711
899 138
98 873
377 205
380 455
548 280
852 618
10 117
755 452
727 725
195 371
956 842
959 73
863 920
400 135
944 534
1006 907
190 564
304 483
414 247
703 351
316 454
469 1039
620 660
618 1012
164 114
367 976
205 856
806 994
238 804
997 341
797 1024
801 1005
635 520
985 196
401 355
1004 472
934 497
644 879
848 626
996 940
343 156
516 175
517 422
874 347
756 272
704 257
892 332
380 735
647 300
179 484
987 531
58 154
319 183
341 878
478 470
538 92
639 490
821 442
141 178
308 822
1058 739
349 1008
694 224
318 829
331 884
377 779
771 743
129 227
186 648
144 535
617 534
114 183
541 150
505 350
333 903
1002 652
529 845
776 572
119 423
439 983
489 605
875 49
402 591
345 1018
1002 749
113 241
129 1053
573 1102
704 619
422 751
780 106
310 660
874 109
133 653
486 837
79 1012
304 186
869 733
841 152
778 765
888 615
632 163
216 1120
444 615
603 495
383 618
20 621
382 855
201 538
168 907
581 390
446 285
481 82
923 1000
771 325
716 927
553 574
910 471
998 743
597 433
662 310
204 855
86 1112
812 807
405 187
873 990
356 1073
356 597
425 281
657 283
758 287
663 914
798 131
833 147
196 942
378 308
892 251
825 687
91 129
358 587
707 812
253 557
1030 684
9 228
241 107
895 771
329 466
899 488
893 1014
314 863
1020 137
842 530
35 394
738 1058
481 458
918 862
1108 635
778 177
949 289
629 663
860 870
905 44
503 385
360 203
173 737
102 806
132 530
196 805
149 587
1083 209
460 538
1091 1045
849 412
462 867
505 694
408 405
789 967
663 985
687 245
270 86
770 940
615 76
503 766
506 919
215 679
553 1017
73 857
884 185
807 236
411 920
1114 151
779 772
386 759
425 270
972 826
430 211
975 765
743 347
921 762
475 443
244 517
1010 429
168 880
563 392
429 606
1051 107
1119 904
668 13
974 605
956 939
1077 156
110 585
850 609
932 347
337 971
527 819
196 973
419 1052
882 1093
647 650
797 846
492 131
912 466
396 472
384 333
534 158
839 841
472 234
6 352
924 884
542 520
766 667
217 387
1081 237
772 963
664 336
542 176
504 310
792 124
660 397
929 877
512 951
809 273
82 736
74 730
278 1101
530 747
136 372
196 696
970 546
613 975
398 548
934 500
882 111
409 144
18 84
820 998
463 120
528 476
870 593
806 2
601 753
275 491
533 709
695 436
848 17
436 595
1105 701
151 609
465 741
738 182
720 852
838 320
978 168
740 402
1082 358
747 756
431 227
258 993
885 433
171 625
481 578
354 605
842 435
68 696
427 832
692 982
917 249
1088 814
1008 437
1024 1052
904 476
195 997
351 495
989 483
976 531
680 1066
887 303
56 488
255 845
414 214
167 1063
990 311
1105 645
3 503
747 939
1011 24
39 17
405 595
945 1116
803 172
527 992
38 1011
553 159
169 418
505 139
1093 667
485 1092
547 161
595 963
190 612
478 471
324 330
559 97
287 73
537 210
777 514
88 518
46 520
467 489
467 883
32 632
557 669
77 573
875 956
477 183
791 637
528 449
470 958
408 321
616 47
359 1017
489 717
660 793
299 638
736 302
817 323
989 318
511 322
851 187
483 369
790 500
759 649
151 459
348 165
409 737
121 110
559 281
727 805
492 342
173 656
1014 22
236 1012
246 259
87 756
880 695
621 167
726 724
195 689
854 827
473 999
652 906
601 877
237 761
463 578
782 682
306 984
584 240
1037 283
821 495
156 45
374 406
372 1094
333 969
580 413
261 411
731 4
9 473
785 917
334 1057
505 716
716 887
497 258
818 878
155 448
609 44
962 400
42 243
128 277
835 475
387 916
252 816
983 533
982 269
499 169
52 348
474 653
613 709
1092 374
860 815
499 670
577 993
973 612
981 884
726 159
385 396
549 436
680 645
942 569
956 183
914 252
329 782
346 922
208 117
942 823
951 306
158 636
671 1008
73 394
481 497
197 330
205 35
345 955
175 736
373 89
387 703
150 781
23 1057
132 429
375 1028
472 477
293 583
429 496
834 81
786 863
811 852
780 510
496 495
513 570
534 322
853 92
260 398
422 1059
420 126
640 189
881 152
895 160
211 672
118 700
658 349
913 995
872 101
892 581
435 1017
964 166
617 907
705 554
469 812
1068 460
406 780
258 434
230 999
1014 1101
1118 451
552 110
119 129
377 158
1087 521
407 803
852 253
14 836
901 355
674 213
1007 480
953 912
879 433
357 373
974 351
214 1101
184 513
845 0
377 799
365 434
619 202
836 324
396 143
583 756
688 626
531 712
779 573
588 817
21 216