519 859
480 1120
119 180
760 649
517 122
196 196
560 416
591 538
563 174
437 618
650 113
962 1058
151 75
195 73
855 135
941 159
184 135
412 548
369 442
118 382
638 33
304 308
102 994
577 665
409 499
830 147
406 269
921 828
327 843
789 580
110 467
729 237
39 111
827 746
661 887
672 1046
190 361
154 878
941 1060
429 1123
850 185
422 486
529 122
660 956
122 84
712 765
286 229
927 126
719 205
174 353
253 431
578 1017
431 793
297 838
686 987
711 242
585 871
533 648
579 321
155 300
614 819
548 348
720 925
727 183
454 822
532 145
378 494
536 391
247 334
196 695
959 877
1004 272
325 616
1115 775
115 968
1006 465
600 363
753 875
599 834
954 576
1001 648
164 412
157 301
502 88
0 917
213 636
665 23
518 560
15 865
480 107
1096 632
821 54
402 968
584 751
710 549
1054 484
362 804
968 348
357 680
964 363
91 298
899 667
863 250
59 511
362 924
644 501
490 271
724 202
266 280
655 627
667 709
241 999
562 248
87 763
354 884
606 400
656 789
629 103
793 754
505 978
933 993
176 239
865 31
248 412
543 98
1119 338
977 558
237 339
1023 871
121 716
662 972
377 192
808 138
373 40
275 614
234 194
1025 951
1034 264
500 911
1095 597
258 960
897 436
775 676
604 688
34 1004
365 766
445 1033
1079 709
683 549
74 503
940 958
808 886
524 37
900 29
497 563
262 669
839 210
1083 451
836 760
900 583
644 1104
901 665
319 153
390 371
416 238
924 522
80 175
809 839
749 471
132 289
793 648
366 883
104 895
343 933
913 298
891 989
962 248
945 139
865 227
580 1108
144 697
147 134
8 680
660 206
200 240
972 757
277 438
341 122
328 536
1051 687
757 964
976 252
591 492
183 394
459 298
127 608
1048 386
183 401
533 816
869 193
744 890
554 735
528 582
1013 350
661 339
513 390
451 302
1067 109
869 791
352 163
282 582
893 863
181 593
400 57
300 42
819 935
403 254
264 174
785 1000
37 936
100 482
367 1087
655 976
780 695
651 687
268 946
78 558
868 553
654 409
423 59
1012 220
120 940
245 740
29 362
930 177
540 306
534 99
671 149
512 944
347 225
841 412
187 172
615 882
231 580
696 671
1026 838
740 438
135 406
564 19
841 146
324 990
832 964
218 433
472 1011
19 606
424 915
297 198
982 639
458 375
481 229
539 110
170 384
219 845
164 892
183 883
851 247
645 342
888 107
273 9
690 1119
101 1015
923 566
734 391
1019 1074
108 935
764 398
1074 331
872 686
394 519
156 904
612 1005
261 928
975 2
1040 361
746 854
597 524
511 686
180 146
439 388
428 681
347 132
203 915
294 320
546 37
721 590
553 431
778 103
206 109
387 1066
352 136
966 326
265 717
1000 898
527 368
218 119
943 221
1065 417
454 699
1024 1068
834 223
69 138
484 44
360 589
326 463
878 362
544 380
725 977
198 202
339 955
500 374
651 502
374 932
945 324
289 165
711 791
494 360
533 916
837 421
334 290
446 811
917 577
212 567
630 775
852 554
201 488
56 13
691 732
975 286
169 557
196 770
418 697
720 1029
328 125
997 1107
638 177
764 492
929 129
356 663
217 720
171 279
571 141
233 412
413 1054
892 380
924 228
591 546
870 611
591 651
743 773
350 1118
965 128
457 339
702 285
1020 417
352 789
1028 951
841 885
765 781
609 453
996 4
865 1018
367 941
251 278
979 719
403 290
222 862
488 153
749 682
300 391
628 928
190 468
437 1075
56 224
142 582
132 890
31 422
1023 439
362 331
1052 1062
644 205
391 814
327 651
687 197
817 928
828 807
517 6
196 295
39 179
935 862
862 1008
912 773
349 501
383 404
393 163
679 157
73 857
153 440
651 220
930 8
979 213
272 869
593 635
50 174
179 371
391 631
83 179
781 252
126 25
474 206
881 863
848 366
428 366
566 436
592 507
586 782
1077 912
337 938
301 679
226 792
543 606
301 1006
1011 311
533 665
314 1007
835 1020
208 805
1054 987
308 737
384 383
500 525
173 124
645 292
230 349
726 50
523 1013
437 985
106 77
501 547
235 420
849 644
920 206
1068 414
516 242
842 554
365 921
170 941
886 220
789 1003
506 732
951 858
507 901
316 504
583 601
945 1057
887 1028
19 782
238 681
271 907
415 975
212 682
764 952
1050 1074
974 1014
684 603
246 835
499 826
825 658
43 632
460 865
991 983
1030 849
24 551
448 146
503 328
738 379
251 718
702 117
384 580
374 209
529 432
956 285
372 410
1000 849
940 194
630 748
803 623
686 322
464 1028
703 799
251 931
245 327
359 918
140 564
48 699
703 884
526 821
121 665
313 935
827 948
438 444
492 764
293 750
488 897
4 531
508 138
503 926
554 1018
1 525
977 1085
878 429
233 809
874 631
979 140
829 109
885 792
993 1018
151 508
421 990
103 983
882 926
456 159
402 109
779 452
303 605
575 124
262 1109
641 440
749 125
979 882
202 760
797 217
5 421
800 597
159 263
648 1001
252 292
702 993
610 479
755 367
187 231
889 123
180 891
175 71
351 395
643 553
531 209
188 447
1002 856
588 622
551 307
226 960
392 117
230 615
734 412
491 144
875 290
134 392
784 133
920 384
192 743
1030 398
424 402
992 959
744 988
870 176
801 773
764 342
664 217
1095 198
1082 331
1040 616
521 1001
622 805
631 1018
902 779
560 287
1095 778
881 771
292 234
535 495
790 223
710 490
689 911
914 894
919 953
282 661
469 263
859 296
571 518
979 438
958 911
543 762
334 624
1007 858
688 127
1007 419
727 585
748 581
147 983
680 876
867 1082
235 155
1112 102
651 961
242 966
878 814
143 1044
502 642
290 485
456 1055
378 1122
168 192
903 118
460 644
799 19
825 785
531 980
647 154
639 52
960 940
926 309
398 234
187 419
243 565
809 532
653 1003
103 661
1051 1081
47 873
575 1033
908 686
645 591
682 497
903 222
1033 787
514 322
837 70
637 293
553 641
255 485
144 505
550 135
790 478
478 566
161 105
380 512
819 140
852 699
163 505
40 132
456 792
345 496
239 597
1021 755
7 314
187 666
447 744
736 480
371 985
571 223
112 452
858 400
1063 9
110 893
20 877
272 787
869 331
205 792
421 86
484 734
568 406
421 662
23 721
273 857
32 112
360 603
335 771
19 98
869 748
867 624
712 481
1008 799
583 895
742 306
597 166
41 383
676 1113
1103 291
361 682
883 697
338 906
463 937
796 995
554 123
676 603
675 674
807 119
689 357
661 121
524 24
1108 824
995 908
502 686
551 875
884 984
348 760
1009 281
230 677
604 795
327 101
701 607
470 840
164 349
690 365
282 747
359 693
1117 827
12 766
343 893
343 660
265 602
646 412
600 233
199 343
303 839
1002 9
835 434
716 913
1103 528
154 945
539 414
1023 236
279 1016
699 427
938 843
1006 967
744 525
328 169
278 765
985 947
1030 433
762 588
198 568
941 709
167 792
283 1055
449 807
605 529
761 623
488 126
728 1061
924 936
318 377
601 483
44 820
676 939
939 294
989 793
581 908
538 978
779 493
540 1120
352 142
935 618
227 624
71 64
878 46
297 455
689 529
787 364
783 375
592 283
655 303
447 919
849 887
513 448
785 998
1081 181
479 397
390 374
426 833
896 981
813 403
725 359
330 1052
865 270
166 470
357 269
977 714
666 749
1001 927
116 93
191 627
10 244
421 237
99 259
182 914
336 965
741 375
256 1045
785 632
491 404
808 392
187 829
44 456
183 452
524 955
625 478
818 116
907 165
859 1091
420 310
828 727
589 429
341 774
18 462
559 1027
309 651
117 764
650 703
265 433
606 197
111 181
26 562
620 701
868 378
724 208
883 437
996 377
724 1072
590 612
435 228
649 559
119 672
610 275
842 793
242 200
868 469
667 884
733 161
22 976
9 249
151 125
567 53
355 991
466 889
399 509
331 606
967 686
649 804
605 39
531 661
876 1108
363 958
1048 79
844 811
187 789
918 620
643 305
376 1036
788 420
105 813
455 567
386 669
660 659
931 149
906 254
1085 410
853 1123
684 330
127 945
46 1006
818 1013
691 1112
660 212
317 783
312 408
522 632
29 506
520 912
856 540
414 399
672 144
913 869
1120 699
512 668
803 865
1059 412
308 124
464 719
647 662
656 391
286 430
1118 509
502 720
70 576
248 166
516 984
1016 366
165 63
919 998
914 224
915 581
867 338
436 35
726 411
740 48
888 396
290 917
896 1002
314 957
178 876
796 186
894 679
440 894
642 68
745 995
73 829
386 102
878 708
961 578
99 656
1077 625
253 343
171 840
903 481
694 365
886 520
879 510
753 900
442 993
737 414
257 900
887 348
215 990
980 525
1006 288
421 311
767 834
423 777
212 1053
109 271
173 645
864 754
312 923
787 17
821 729
1049 627
945 592
195 737
1119 529
173 995
995 187
638 67
439 138
478 592
658 436
357 1048
262 911
538 535
448 25
830 508
119 1012
577 695
512 137
237 377
834 507
1057 864
573 609
100 81
804 778
202 197
756 873
787 951
1070 1107
779 858
330 960
989 407
961 482
211 924
758 888
220 1002
579 978
808 569
509 276
113 866
399 31
884 287
891 510
483 483