944 381
811 310
339 453
640 687
789 575
269 451
313 48
807 1122
748 691
826 472
473 194
909 895
253 626
820 400
1102 913
825 980
524 173
383 225
123 914
484 1030
780 685
550 886
352 697
604 852
939 765
477 587
925 1010
612 999
416 123
828 998
703 801
123 553
749 943
467 745
925 756
788 310
163 152
1040 568
988 337
443 1047
161 176
786 639
209 674
251 16
707 560
634 536
777 92
306 467
986 362
485 1110
392 342
184 770
329 429
147 539
342 610
797 371
488 45
515 380
512 1038
614 764
675 550
181 673
266 286
424 923
604 1063
878 390
765 1053
673 591
901 318
376 221
532 84
184 816
775 354
735 483
403 331
797 595
734 524
437 1019
882 582
103 694
1018 171
662 107
972 179
321 602
480 328
117 912
821 970
358 181
916 946
1014 976
653 660
184 388
1019 641
162 635
220 350
1105 318
573 675
78 525
948 522
565 181
737 1000
595 571
554 596
605 618
797 664
16 619
663 1021
372 840
643 324
355 1079
457 756
76 1021
685 499
308 494
676 725
765 150
331 483
491 275
1020 890
355 442
277 204
501 220
302 222
923 624
295 103
802 180
834 842
558 966
815 163
370 342
513 859
578 46
785 936
115 435
340 537
543 905
153 821
933 587
723 894
631 251
497 794
262 1048
591 998
178 277
175 958
414 403
980 314
146 796
796 153
501 998
301 871
828 450
491 268
664 652
918 987
490 832
1001 836
152 529
1015 505
703 161
244 490
802 940
358 762
471 290
994 383
648 1073
240 291
532 587
243 1080
566 705
840 835
806 199
363 717
862 1080
323 292
327 131
390 208
893 548
1116 78
144 462
1090 38
291 328
455 150
1010 237
1022 592
431 902
913 184
750 521
767 925
129 324
704 187
497 993
783 789
702 550
93 328
868 680
595 657
1024 338
1057 42
446 113
802 1087
939 476
977 209
653 720
302 925
809 472
741 294
989 834
431 486
151 599
504 848
89 1098
194 392
118 206
286 582
520 1020
216 746
699 203
518 455
833 823
128 180
415 800
332 448
499 994
1111 870
615 871
237 975
166 124
370 57
797 664
560 339
132 249
979 202
261 513
192 872
545 626
380 548
1001 155
886 537
547 470
45 450
814 759
41 44
291 1066
22 838
621 185
885 952
890 462
112 537
875 308
1010 566
457 73
170 194
241 534
369 804
370 422
277 254
380 176
1045 463
284 353
919 943
430 547
851 506
870 228
472 109
667 1073
323 585
101 633
660 406
541 953
26 848
38 828
891 931
385 443
212 118
301 751
971 707
120 286
265 42
329 931
988 973
191 577
1010 51
317 333
960 538
279 428
415 485
364 863
642 153
1029 925
527 126
670 601
785 49
147 1106
926 776
637 691
443 547
149 146
895 750
921 99
182 279
197 22
609 978
741 901
153 713
200 36
659 111
695 188
922 197
919 1021
539 987
439 732
107 678
135 152
391 191
705 836
681 610
1009 800
725 364
155 905
195 953
387 884
801 624
704 694
197 257
204 689
1042 689
1020 101
389 624
1012 381
115 486
509 0
1058 540
994 755
419 172
727 770
653 884
604 694
905 598
653 1006
963 691
171 598
406 787
214 1111
78 469
1052 314
838 911
150 983
18 558
640 948
229 323
638 152
375 448
580 310
906 296
963 1014
243 744
458 308
1050 1055
303 379
173 449
207 1010
379 290
466 592
281 126
1011 398
44 676
515 739
721 932
356 432
275 791
1048 516
134 166
819 360
955 9
534 855
495 153
421 237
808 547
342 228
252 766
803 168
126 863
897 186
220 460
842 795
905 322
978 928
501 338
156 252
822 209
818 372
827 1096
198 216
536 547
211 860
986 485
632 297
766 698
678 150
1000 730
296 594
1047 497
483 108
1065 856
975 629
1010 257
305 121
214 643
338 701
179 69
559 1109
548 196
1018 437
101 741
981 832
820 347
964 840
160 160
917 686
920 458
658 925
196 350
362 272
680 851
441 444
620 694
136 411
111 386
369 1054
612 405
770 670
529 278
1000 285
205 548
226 240
219 742
687 17
446 314
809 190
46 481
1059 945
993 144
629 939
931 129
165 172
218 868
677 823
480 274
819 281
203 760
652 672
731 911
493 505
93 944
778 399
1000 1013
840 964
231 393
113 485
837 61
351 92
632 180
342 503
396 855
925 525
219 197
942 326
237 690
532 807
1096 1012
129 231
245 437
361 330
391 581
806 697
373 521
773 573
215 205
241 932
669 717
334 85
333 532
400 804
204 856
236 708
1000 546
94 752
427 923
332 112
154 555
707 737
164 340
640 629
890 414
94 1076
666 605
861 100
352 171
378 329
665 259
397 738
998 236
585 628
401 654
163 812
435 392
304 1068
1010 256
1113 872
111 174
625 258
779 237
732 407
99 403
179 315
221 568
1087 713
253 1014
386 566
1072 887
380 167
336 277
333 1090
206 674
534 872
145 332
230 725
247 743
147 607
701 853
145 661
544 705
874 747
108 425
754 194
272 492
1 602
166 783
38 202
579 834
33 701
15 249
906 836
778 658
328 964
1107 98
356 694
1039 301
726 167
314 270
731 224
10 712
536 359
783 393
259 903
312 923
353 1023
1008 318
671 520
553 503
452 517
204 258
786 326
961 813
939 281
730 937
394 277
994 768
747 280
671 960
812 468
660 628
253 43
317 317
854 1049
989 862
719 818
213 991
92 492
149 94
577 586
790 706
156 364
129 669
353 281
227 459
742 126
641 1123
799 277
253 975
276 848
432 141
305 722
52 1012
1002 731
956 924
481 236
733 232
643 651
435 281
930 928
400 729
159 136
80 298
46 697
57 363
387 851
291 909
435 558
240 266
352 1054
405 549
593 658
410 92
261 283
717 856
406 981
587 594
576 448
576 599
466 848
467 510
193 666
964 743
403 518
499 425
939 578
535 267
394 889
1012 233
217 452
856 438
637 224
661 924
198 801
396 733
499 935
318 785
741 637
700 611
907 333
419 377
901 651
873 899
181 905
168 245
290 302
621 329
247 489
766 545
451 142
1106 922
249 997
290 4
683 407
47 712
505 225
199 589
836 123
960 254
841 0
285 935
394 0
223 761
884 362
864 36
957 941
262 405
684 174
215 404
222 652
358 541
423 529
552 930
266 476
516 357
781 624
1064 304
860 291
62 928
76 148
965 122
574 781
624 609
724 980
186 41
456 392
1002 685
860 163
402 586
325 1049
74 246
1051 896
987 557
476 351
443 483
423 134
1074 798
964 810
726 962
314 858
766 42
396 256
322 1022
263 447
965 654
668 831
499 660
202 133
947 75
178 893
318 251
573 1097
177 156
1122 497
609 44
420 871
768 511
410 379
1013 536
578 653
146 182
159 667
46 812
465 934
941 497
266 643
149 255
591 363
664 184
795 581
251 685
987 298
1011 528
922 53
656 995
988 344
891 681
993 948
694 592
1066 703
304 392
572 248
741 730
683 175
307 456
825 545
275 647
936 31
783 198
168 1106
406 774
533 990
521 336
428 239
940 999
620 495
999 1011
256 329
501 1107
1027 520
745 352
167 722
457 142
241 20
765 725
221 301
401 557
845 689
581 574
91 910
639 985
767 830
567 38
890 601
61 544
821 594
748 828
193 219
143 613
544 305
946 958
47 989
390 1019
692 729
566 729
506 1045
1035 527
875 1118
393 442
339 18
325 347
259 924
333 1009
187 465
387 955
603 281
526 1117
951 538
644 541
410 536
997 139
781 76
631 871
217 918
689 194
213 603
150 972
443 551
734 1082
825 378
277 289
588 898
963 551
621 346
1098 565
199 1017
345 187
968 617
958 59
255 881
192 197
69 1021
439 904
1015 251
326 939
935 820
102 93
602 961
552 43
618 841
903 753
260 192
25 519
372 1011
757 779
438 425
564 645
152 1089
544 75
294 646
740 1025
486 971
741 738
877 82
898 834
488 828
864 1014
791 189
947 780
343 15
971 958
1062 168
948 843
20 686
410 523
16 682
439 975
128 1091
797 701
1068 398
215 483
977 588
832 1004
969 246
998 594
186 744
199 965
1000 630
480 164
503 842
381 289
893 764
1104 465
702 103
576 472
193 226
815 590
20 801
203 890
603 238
672 651
26 519
114 407
242 324
957 405
428 864
771 35
565 676
942 897
1001 310
171 538
19 629
409 1120
1112 273
906 1099
387 336
1099 75
801 1093
339 59
110 487
692 135
906 183
158 252
768 202
866 358
839 143
869 773
650 625
779 651
191 184
900 644
419 320
776 249
425 876
499 907
978 346
473 292
843 87
747 272
766 149
876 375
34 610
631 437
47 252
670 429
1044 186
356 46
898 845
964 510
188 624
218 71
312 380
797 942
582 455
274 844
359 302
521 142
448 105
714 438
200 575
763 826
923 978
272 404
999 128
291 853
440 731
143 597
455 1109
542 881
967 497
984 19
571 445
418 818
875 498
68 838
382 610
567 319
644 711
308 472
708 54
851 223
483 645
923 233
710 204
1059 723
182 954
805 849
651 669
890 1018
106 167
14 875
121 999
1101 775
307 513
1008 551
944 352
567 289
647 941
133 758
431 1012
502 63
931 782
196 107
877 816
314 799
801 359
634 673
450 226
671 445
1008 518
788 584
379 485
375 399
235 509
816 902
1097 213
62 538
1078 273