668 859
335 253
804 483
324 459
537 683
745 397
553 1026
242 157
272 807
61 178
491 751
563 746
885 884
765 237
285 806
990 418
222 135
30 26
400 431
509 531
915 511
713 456
638 346
140 610
747 838
811 705
767 114
199 280
874 738
149 1011
258 763
824 962
153 658
388 643
168 14
114 849
888 768
666 877
374 364
757 808
99 696
235 271
626 746
531 912
867 134
593 683
469 170
832 856
140 903
337 321
633 644
819 302
674 435
900 952
1116 810
275 566
234 490
71 705
287 335
1023 1020
905 475
475 493
848 387
878 539
549 429
301 534
196 103
852 850
1016 346
671 1084
983 538
299 918
697 176
5 770
782 436
491 539
623 462
346 424
968 205
347 770
654 269
392 140
1015 947
465 357
657 532
563 673
356 961
502 528
806 420
647 249
1094 854
163 708
424 962
565 514
300 361
893 182
135 495
499 461
120 1007
214 782
102 970
777 304
481 356
458 488
80 379
132 922
208 1100
879 383
305 308
598 804
1054 948
110 479
1118 537
820 767
366 122
572 1015
1120 588
103 901
767 979
609 780
311 434
356 980
257 453
408 639
818 117
740 305
727 417
420 293
346 916
532 808
639 582
825 966
538 848
534 936
147 661
785 350
920 813
639 828
1016 740
612 224
584 1103
903 96
263 140
53 303
258 810
468 278
1018 1051
166 548
957 479
1119 973
558 937
168 971
668 69
509 250
679 990
377 805
101 919
839 516
649 361
455 166
223 511
978 465
416 512
188 1039
828 859
888 197
729 708
13 55
582 708
606 745
199 969
133 756
297 239
300 630
543 424
636 898
1019 447
120 602
572 469
605 803
896 968
459 186
411 195
291 300
639 976
690 362
608 224
1038 502
387 773
318 119
208 144
315 123
855 784
133 158
659 255
927 957
805 361
206 466
381 148
804 115
467 879
425 954
891 1021
414 186
532 147
901 1072
933 271
756 184
258 411
1056 451
274 232
124 592
664 263
459 566
541 665
851 625
567 205
523 255
1056 423
435 50
716 488
777 457
933 174
811 484
547 518
507 271
158 759
546 80
508 215
409 1037
192 837
344 785
69 128
673 1122
452 117
612 701
212 237
83 361
473 827
552 595
221 379
317 339
738 703
500 837
132 203
592 470
561 758
819 826
322 881
561 311
884 161
168 993
126 322
745 826
840 440
151 543
542 545
310 525
194 808
646 372
281 577
488 621
225 536
960 213
488 647
892 942
197 1014
409 1113
777 933
853 967
33 427
280 1008
781 736
470 586
455 1050
288 1001
592 188
745 987
985 911
327 198
269 187
635 442
448 479
814 500
945 1057
797 975
1018 901
311 1053
748 898
61 717
504 210
542 1067
394 704
555 391
544 105
477 889
955 115
660 644
383 449
507 602
669 1018
843 639
50 934
888 65
395 75
1067 741
354 612
384 469
503 177
486 90
703 1003
100 1109
285 440
313 903
1029 774
1000 1003
824 3
485 889
506 292
368 16
15 711
392 503
454 833
494 582
720 589
658 400
628 126
21 1026
867 356
649 242
762 336
785 549
498 300
949 657
433 825
537 133
732 700
884 365
499 945
376 239
952 549
839 702
698 396
713 808
925 988
899 120
748 854
1002 84
659 348
386 13
526 263
93 70
194 465
535 139
300 402
6 540
822 112
349 969
249 983
694 1007
1100 266
753 55
576 306
344 252
518 916
787 583
222 471
494 714
641 306
450 151
793 578
664 209
857 542
669 454
326 619
694 638
384 1062
922 526
1021 528
645 1072
111 299
50 822
810 214
426 78
518 419
539 800
229 179
43 238
956 910
925 188
787 943
1023 1022
696 678
1094 262
457 787
978 1055
697 896
166 957
980 825
631 486
183 365
1043 302
535 429
209 865
648 539
439 754
125 523
619 824
773 372
421 1025
304 142
908 624
1013 126
791 1027
597 539
555 362
959 888
443 928
182 387
859 1018
406 652
945 1107
65 1000
561 496
743 375
399 583
155 200
629 293
172 522
685 1074
861 972
897 387
448 684
529 999
1005 988
946 580
1053 215
725 537
669 941
980 532
250 326
468 453
526 666
867 219
891 526
976 112
974 63
836 200
807 498
823 103
605 256
577 1003
107 4
233 14
482 962
766 390
105 188
316 913
816 705
528 862
223 625
425 230
341 720
446 532
475 1074
148 585
727 1038
299 632
193 622
1079 1082
826 656
558 307
708 463
295 723
255 309
74 178
255 284
158 0
1103 628
822 987
867 1009
208 664
538 909
90 494
122 915
390 900
790 539
1024 128
156 135
150 486
509 638
344 969
870 477
280 702
508 902
1012 679
74 827
594 723
1015 388
1113 1041
331 581
1054 340
1088 500
700 470
240 861
535 1068
1079 531
414 108
772 302
703 555
682 1019
476 945
274 471
348 237
1008 701
811 1005
515 569
967 948
809 858
170 477
848 424
979 351
514 9
271 305
962 126
188 625
694 128
1122 783
778 971
533 708
910 447
134 1093
297 160
200 724
730 281
254 316
624 879
683 169
260 694
585 409
649 438
661 950
142 18
163 410
114 450
941 842
218 636
709 894
326 409
603 253
602 408
828 156
566 29
901 304
265 478
887 844
596 701
84 546
1107 792
389 505
793 737
132 1119
953 744
488 862
226 104
120 247
178 253
113 165
480 551
995 458
122 232
993 1009
844 948
768 858
447 392
669 726
453 849
194 843
154 106
875 627
644 656
229 384
234 468
387 318
321 631
812 664
795 828
907 306
4 985
608 815
810 290
232 727
63 507
640 1055
798 511
151 840
879 52
363 319
927 935
644 338
627 134
1015 53
517 66
870 181
357 311
574 163
1018 962
844 165
330 454
332 281
750 390
690 291
150 980
978 573
791 981
794 837
747 441
110 727
321 867
344 35
500 555
609 644
201 1098
382 439
821 410
679 898
920 602
401 398
860 343
483 300
797 401
371 130
629 1001
304 536
214 6
414 234
979 119
305 267
200 590
247 72
291 959
306 233
219 369
132 206
584 165
564 415
291 247
1009 878
59 1022
813 813
763 472
337 351
293 937
598 436
560 137
714 891
252 255
595 595
165 378
1088 1062
995 208
974 467
1072 952
574 468
588 464
141 197
301 883
523 900
490 180
568 151
420 797
158 941
397 607
11 517
606 703
543 350
154 268
986 293
845 348
612 378
425 377
264 218
1005 269
249 973
692 630
831 482
1068 339
465 420
793 873
643 326
11 733
35 556
324 100
974 116
600 742
745 875
376 174
6 662
793 457
356 514
1004 501
883 1081
719 344
918 519
903 772
810 675
951 849
710 1047
539 495
372 433
140 414
512 810
573 887
855 300
280 271
659 953
569 494
156 81
662 180
145 718
134 855
1063 994
714 388
850 771
518 206
531 931
999 720
645 421
275 255
547 267
879 173
169 122
537 685
130 451
136 1111
266 466
887 398
100 555
294 168
890 564
188 1073
115 224
252 518
260 62
386 782
411 315
599 737
1112 855
1043 565
365 153
430 1057
653 1019
579 588
704 678
762 197
833 941
540 783
219 163
479 321
1109 384
785 759
997 331
295 49
903 143
175 546
838 488
86 167
506 530
375 317
867 414
174 162
993 589
727 759
789 52
823 458
932 949
119 311
834 1019
810 945
150 577
960 167
819 134
219 594
569 1036
724 326
357 721
771 713
561 443
262 938
952 412
363 1006
237 481
945 388
1051 1108
713 936
1069 533
794 916
798 424
939 393
890 836
810 112
558 308
842 811
105 416
172 962
300 66
26 850
632 653
320 199
334 505
1096 340
508 1116
686 208
109 625
745 199
417 130
442 452
182 166
962 529
609 685
81 1030
249 826
523 606
654 772
705 998
581 642
334 318
1003 712
773 580
330 779
905 175
247 619
109 234
293 1042
122 995
37 472
418 812
1096 319
604 891
257 842
861 701
975 282
551 828
346 757
477 943
540 925
50 136
454 506
496 650
651 93
473 669
529 169
252 60
719 764
20 531
886 555
422 350
275 341
970 584
753 108
369 368
10 915
507 307
879 516
644 73
912 148
194 148
365 547
1004 721
103 108
571 744
38 875
537 390
579 736
575 744
612 103
489 762
574 327
478 672
219 372
118 594
669 62
261 195
1038 1033
373 457
552 952
133 262
487 404
1005 299
390 196
397 752
143 686
1072 787
511 688
571 1045
952 273
239 461
856 129
609 755
322 360
778 149
779 776
707 177
231 1007
635 678
788 803
399 611
735 982
694 890
853 177
1053 387
432 451
465 417
811 646
422 428
958 589
974 130
326 131
416 1079
1057 225
392 414
597 856
201 167
154 98
708 577
328 881
138 956
290 353
1097 663
700 215
406 737
735 1088
584 20
563 734
981 801
168 214
251 715
289 984
226 683
646 504
323 561
224 318
625 810
954 660
383 501
629 117
1022 388
431 227
263 937
760 457
717 813
1122 817
787 196
328 656
536 109
1041 577
750 614
325 978
295 1076
447 4
119 69
276 687
673 1011
904 485
641 307
943 909
528 783
646 414
161 884
778 650
1086 627
805 741
1006 915
287 678
269 277
891 89
126 654
707 843
1101 330
1057 204
405 551
671 840
36 868
600 742
398 162
199 422
252 529
864 786
876 129
214 854
984 752
309 570
249 952
49 881
324 19
1085 883
1012 397
127 1015
626 380
896 205