247 411
14 790
1070 869
618 164
316 865
1001 662
267 785
119 572
122 671
641 489
816 293
386 485
792 298
722 167
683 589
1119 579
391 645
1071 484
94 798
805 495
455 589
450 216
287 426
942 596
693 1069
440 278
88 351
1051 86
532 231
259 782
748 925
938 647
591 913
238 277
189 873
367 840
662 1109
893 621
195 202
104 111
1110 575
642 28
369 724
749 634
641 411
89 823
437 1037
416 865
401 390
429 540
436 1058
657 593
727 352
608 170
766 1035
152 1008
924 976
847 941
643 529
434 770
772 1016
316 1077
1055 833
1000 870
153 908
939 860
484 690
980 185
197 846
485 511
911 641
898 644
344 950
1008 743
1001 781
832 882
1086 66
148 363
211 613
546 512
426 458
951 834
700 1002
639 719
839 120
115 181
860 945
626 464
165 905
547 892
181 161
1114 159
117 12
553 326
998 758
822 296
21 779
939 811
290 755
985 531
19 93
81 297
910 508
592 637
267 1073
265 905
484 276
1095 118
976 6
580 287
185 347
984 437
922 277
822 8
797 929
300 799
645 741
409 954
631 978
428 307
529 454
658 449
813 960
309 161
931 535
811 241
450 777
996 334
545 625
952 448
693 878
959 954
387 130
1090 654
855 921
1070 665
832 929
1039 949
151 864
387 710
215 385
551 502
616 322
578 123
473 804
1073 316
500 304
270 284
419 425
724 974
679 952
66 506
31 1082
678 171
555 109
637 135
978 792
641 1019
805 993
802 102
258 987
817 93
735 174
453 116
1094 299
1063 813
466 663
12 1049
421 327
777 850
259 879
875 761
317 127
255 515
170 327
104 471
1003 954
544 914
897 558
968 363
155 753
515 562
490 225
820 739
158 97
518 690
496 313
305 95
513 926
139 933
273 765
605 883
468 202
566 64
479 528
767 937
990 985
896 933
919 566
123 253
479 881
223 1005
386 589
767 607
356 603
204 436
603 1040
327 53
973 147
923 913
4 113
1078 269
942 62
630 400
86 966
1115 271
802 430
755 990
557 531
665 297
302 672
297 1000
401 887
367 707
764 383
1023 684
120 386
453 368
661 230
942 472
261 281
617 963
346 1074
626 428
406 249
839 503
724 597
268 649
32 395
798 148
643 372
835 571
957 588
100 668
795 713
622 743
171 623
266 447
151 290
387 128
204 855
566 1112
626 679
252 464
479 591
511 997
51 601
293 222
354 34
364 668
968 631
639 709
593 1112
617 940
1112 1015
1120 898
98 1002
964 396
389 939
193 825
302 842
689 970
459 24
1014 777
463 748
659 692
802 985
1066 931
1000 604
877 562
942 137
624 455
99 1065
62 875
52 293
35 1048
66 159
30 202
635 664
999 891
871 827
51 515
410 726
933 598
955 347
872 248
170 754
395 1021
213 1059
749 379
660 415
234 232
644 404
693 208
872 194
599 891
245 633
502 569
4 854
858 260
185 648
513 936
821 231
385 984
448 26
435 112
374 792
222 387
173 1114
1053 164
760 381
645 572
128 526
90 228
667 322
272 523
717 1023
644 1064
813 625
283 116
384 230
6 743
355 880
455 497
110 630
244 556
787 114
315 731
175 502
165 968
1094 128
286 756
671 1010
712 866
657 586
799 947
406 127
257 103
738 144
718 777
1056 268
849 704
262 582
616 132
46 986
33 130
187 434
334 646
372 901
263 700
497 598
1038 528
574 370
335 1068
636 69
537 67
620 1014
624 217
660 37
347 987
868 225
929 699
342 664
871 776
109 995
324 190
1102 258
392 736
718 808
58 508
185 780
945 174
877 681
413 1055
421 53
446 915
371 991
457 538
253 696
305 420
249 811
808 625
312 930
886 196
356 263
837 110
726 81
671 112
434 103
412 347
420 160
896 842
812 571
645 146
268 180
116 151
803 914
797 671
175 1103
766 874
767 405
772 778
1040 510
233 946
579 267
670 610
953 875
945 71
337 530
913 151
940 907
760 115
412 534
380 12
175 64
722 539
29 742
371 1034
388 506
281 887
551 246
133 95
904 670
793 473
905 771
565 187
1046 806
645 628
877 67
509 162
99 544
281 792
807 437
826 636
955 614
181 342
615 432
922 777
222 164
640 869
1091 905
953 1085
1058 117
403 1072
925 988
901 584
507 950
778 381
993 649
205 34
828 601
327 546
356 796
37 742
893 802
935 597
191 271
357 0
501 750
986 332
309 1073
38 489
647 424
15 765
1010 180
72 602
826 730
342 915
25 130
623 1010
565 195
68 778
458 250
129 624
645 410
1059 17
829 871
733 1001
154 1023
951 438
39 890
596 788
713 803
362 497
923 993
258 1105
454 556
128 246
810 180
597 927
308 315
692 200
18 997
939 946
1052 612
42 903
309 578
863 994
314 509
106 378
851 10
704 175
1023 775
332 153
426 815
42 333
138 222
854 45
187 566
887 427
152 303
87 6
805 697
338 4
789 292
960 411
283 1092
788 1071
672 827
838 827
1006 307
530 219
723 908
338 617
577 601
356 926
389 326
80 110
510 377
298 335
697 683
819 636
296 497
581 639
728 689
664 234
159 200
734 909
814 167
510 248
1111 287
428 83
619 915
732 608
457 573
121 933
812 346
651 543
200 875
157 114
463 1103
528 682
164 459
631 232
967 51
644 515
516 529
294 879
578 253
796 121
192 702
453 245
141 79
400 796
260 821
611 674
488 478
856 421
552 420
327 841
769 628
762 382
593 369
638 668
401 621
1094 479
166 1098
152 530
387 61
587 812
740 260
731 1093
78 424
478 769
50 444
372 290
911 135
426 152
1094 133
303 898
880 603
451 443
804 483
148 377
566 1002
290 156
1001 882
309 903
870 722
1076 999
202 890
741 1002
1011 927
859 412
746 448
463 713
872 1069
547 2
919 27
608 138
953 981
766 1006
584 1102
981 302
797 134
217 383
921 1094
550 687
829 969
853 551
924 701
749 250
256 189
103 930
690 405
107 238
756 777
936 59
355 396
359 336
441 747
877 531
387 393
314 284
775 199
912 1088
609 782
1074 602
960 641
493 815
750 442
219 948
174 291
38 1109
871 137
139 296
193 234
344 868
1043 170
11 654
377 865
628 303
324 183
8 20
128 419
614 467
354 726
759 79
305 549
161 825
240 568
205 382
445 1098
834 100
337 92
836 993
878 205
953 1021
246 544
148 205
732 1003
427 692
747 931
519 668
622 861
1090 480
590 245
629 1031
184 979
403 755
836 551
201 731
21 20
423 647
128 1012
42 817
582 303
139 251
701 603
951 219
1028 127
496 1105
448 1089
744 878
534 397
523 1020
947 851
130 522
170 591
518 756
745 467
275 292
249 1114
461 975
975 277
871 669
313 422
338 608
162 210
792 842
512 769
970 166
364 1021
827 1017
1042 1094
494 878
826 237
297 914
1099 465
979 1005
697 421
484 602
982 988
562 83
292 784
382 1057
511 1015
448 312
432 89
845 1006
261 560
967 550
123 202
1017 223
601 333
668 962
71 597
368 770
333 602
727 297
576 865
111 527
408 565
390 385
39 364
738 746
477 765
538 975
435 365
1116 916
21 152
952 817
814 893
636 572
445 816
233 234
669 559
557 439
90 101
234 1025
510 258
163 694
988 661
733 1020
491 1053
124 252
827 664
599 320
329 916
752 434
748 670
912 973
113 993
390 342
455 366
814 512
925 416
213 648
392 440
986 233
320 808
343 891
848 100
344 209
298 254
457 778
1017 897
852 490
919 224
217 434
360 87
432 908
613 314
450 1000
364 255
727 129
623 535
308 636
991 742
830 993
78 679
797 1006
597 102
829 843
695 402
781 562
198 940
218 429
1063 194
776 633
526 306
1070 297
735 491
603 102
110 774
366 406
235 360
842 516
543 16
627 133
236 609
724 862
1030 689
362 1060
674 416
493 126
503 766
421 245
27 399
787 417
133 426
777 282
348 824
314 756
1022 306
926 621
415 949
469 160
917 1071
906 58
325 317
263 955
942 391
630 525
681 361
274 915
635 956
887 768
691 1019
55 104
25 27
134 442
835 501
368 494
888 783
273 224
757 256
440 463
443 587
104 397
614 489
1115 168
1116 242
840 554
1005 793
900 991
901 692
628 270
129 393
465 498
570 567
943 242
443 1062
302 491
302 307
563 277
603 878
378 37
1117 456
165 563
705 1016
629 888
810 740
174 920
372 729
832 850
830 146
1067 611
353 665
868 5
929 175
670 683
857 611
843 466
729 914
892 1105
822 514
69 100
461 660
701 111
171 929
517 183
303 261
199 212
650 1108
418 420
514 309
387 642
757 305
771 601
403 600
223 1073
583 387
66 620
441 938
842 203
552 514
964 794
243 409
482 395
223 608
540 332
1012 461
793 621
992 604
548 608
262 388
460 284
1080 953
435 332
981 16
635 244
798 855
750 559
503 984
996 730
109 838
866 706
426 82
473 617
249 1014
103 656
1095 398
613 768
688 338
892 338
734 430
26 39
368 405
297 164
990 1032
654 192
757 364
348 783
526 130
905 596
892 1049
176 208
53 861
24 229
508 496
206 1024
1073 1092
1006 83
203 427
18 12
143 496
766 133
838 422
726 707
563 238
834 202
208 504
276 523
770 107
887 794
131 230
363 163
769 936
1054 414
582 494
450 193
601 122
509 310
545 113
916 869
379 388
604 1012
703 283
141 677