1050 3
551 980
1077 8
841 256
444 196
271 1064
229 277
234 993
143 345
491 1023
764 368
174 1004
1087 154
227 1044
459 151
838 140
610 437
181 721
803 726
947 891
311 956
194 952
2 544
549 230
533 503
959 68
778 279
643 307
246 332
229 768
257 16
549 803
909 1113
1066 718
915 1072
721 788
350 608
582 514
210 222
190 186
501 873
631 573
555 526
405 494
749 323
285 448
154 826
946 608
386 1078
670 935
806 307
291 339
654 833
867 684
480 462
602 8
855 874
834 537
626 669
598 620
439 123
338 927
281 349
738 280
656 692
418 591
1031 104
997 529
750 586
754 522
980 321
483 501
302 528
431 338
477 769
687 1109
850 443
332 198
279 231
347 566
889 699
508 419
1086 213
96 142
947 329
905 409
169 253
1047 717
920 866
1000 785
290 962
192 337
995 602
211 349
965 865
155 1008
517 147
525 884
784 974
986 604
964 843
241 386
456 396
72 342
444 955
468 779
1049 498
502 161
522 863
943 396
899 428
1081 240
1021 709
590 202
489 826
924 358
638 854
291 492
474 368
904 374
863 384
155 705
329 501
1011 26
953 452
135 181
134 785
172 988
557 824
573 999
561 866
731 952
520 207
469 425
848 498
382 920
1018 668
293 591
618 182
105 926
663 1106
646 337
566 527
970 14
854 1110
108 534
783 142
281 280
157 953
353 951
329 546
214 802
790 115
1010 616
338 566
474 284
377 862
529 434
904 901
342 556
839 932
73 475
808 571
356 656
237 609
990 500
822 959
743 445
59 498
482 553
78 959
912 359
795 1008
17 341
804 228
668 702
259 491
1022 773
1000 464
790 942
471 970
915 616
161 1041
255 274
958 269
446 838
852 187
501 764
953 2
942 466
288 573
252 1005
403 532
626 668
439 471
889 35
268 503
330 261
561 394
5 583
939 460
660 987
765 140
747 354
892 605
784 819
884 362
674 1106
894 261
717 543
442 130
352 526
619 711
1098 18
397 648
861 132
812 683
597 668
412 682
793 660
590 598
1088 904
203 723
370 659
337 8
759 897
859 675
367 434
677 547
91 698
852 375
63 499
240 140
162 164
449 621
687 449
340 246
772 795
383 737
860 586
205 420
792 1123
703 418
350 466
665 1010
453 823
909 827
644 347
344 734
225 662
861 93
917 145
182 309
838 680
248 507
520 844
1056 931
448 110
915 412
113 211
734 29
960 542
927 226
610 388
905 386
804 888
24 145
807 172
650 325
876 861
108 118
918 708
113 73
87 203
28 559
656 370
674 1011
180 213
159 945
178 597
856 230
233 346
1023 451
253 626
949 324
128 732
640 756
466 856
963 323
1021 674
611 484
507 449
838 556
793 422
894 529
172 118
595 1005
410 125
40 122
979 379
896 1098
392 249
1005 418
261 705
803 1013
290 795
111 1026
346 1013
383 633
1031 429
219 617
1065 112
634 1027
870 597
1036 9
117 333
947 862
238 181
144 971
373 1015
408 968
854 634
203 1040
273 705
718 631
487 756
626 644
1043 972
95 781
244 575
752 694
295 803
448 211
153 569
898 986
808 418
169 163
865 145
1017 152
844 322
834 235
335 896
426 613
340 337
241 421
430 411
557 385
601 651
560 365
433 429
623 358
816 763
479 465
524 445
584 267
264 211
208 738
520 410
398 886
942 261
492 404
563 946
460 311
816 200
395 697
30 825
569 214
647 246
706 793
661 428
474 413
1111 828
1113 866
1115 865
291 31
1007 468
294 638
491 1010
482 318
754 181
88 116
552 772
597 659
928 833
217 160
606 518
601 948
1034 243
396 976
126 390
466 713
766 162
829 109
998 354
590 256
233 711
790 317
407 312
389 771
862 175
814 18
405 1010
430 187
790 393
68 47
875 957
687 475
191 858
673 10
76 787
784 996
447 708
640 965
851 507
662 516
495 986
709 533
420 314
1092 268
706 165
873 707
744 1047
427 957
477 930
143 301
397 68
183 339
146 578
703 926
964 374
229 418
1006 873
425 594
522 1121
91 967
1109 496
342 682
191 594
462 728
834 1027
859 1102
466 1022
580 591
1017 203
167 262
882 21
351 160
883 518
995 366
214 146
961 424
173 274
666 972
695 982
545 816
317 646
274 930
537 432
326 367
111 407
169 285
358 307
423 1010
954 550
1019 150
954 626
829 1047
713 435
444 529
904 993
428 915
162 624
219 709
755 1038
958 749
898 311
845 459
518 453
944 1024
1039 885
115 910
893 399
665 776
336 891
325 354
506 517
886 905
953 908
59 781
649 51
361 847
693 337
284 415
827 432
548 646
310 968
474 95
607 752
662 1089
852 529
956 463
821 362
670 1042
203 479
793 354
209 468
958 234
668 909
670 141
1070 282
150 1010
515 24
182 722
280 728
132 203
424 885
196 142
897 995
489 254
542 1013
788 684
309 270
470 515
307 405
336 984
518 848
386 696
1075 1052
654 687
976 655
677 815
392 834
919 1041
326 365
120 470
335 148
299 293
459 64
950 154
802 272
729 83
298 914
714 949
684 365
235 859
247 1094
261 467
308 829
740 1087
76 485
881 1079
682 258
751 449
189 626
600 310
921 933
674 750
132 487
373 392
95 213
406 834
941 985
938 288
853 415
582 256
443 853
977 88
1032 969
608 348
258 1013
451 654
604 765
62 400
219 37
786 444
757 888
372 714
1051 571
157 926
589 792
164 500
219 418
810 693
1107 1011
1019 907
513 712
512 439
691 192
53 545
502 198
790 688
908 272
620 477
983 973
647 384
725 847
597 989
1061 481
401 603
117 739
744 265
684 500
356 748
999 662
782 323
927 978
98 942
270 68
525 767
690 504
1102 781
497 493
952 575
47 1049
632 433
560 518
731 843
418 552
316 577
318 550
776 178
861 1051
678 163
1005 958
472 58
373 485
633 591
906 337
254 999
595 657
1020 156
1106 865
737 682
587 261
510 243
513 531
904 641
952 291
955 613
1095 211
951 313
230 856
16 12
862 254
928 856
343 308
996 555
962 125
783 240
639 224
945 922
377 280
1070 377
440 312
100 346
259 543
147 158
463 932
767 823
1047 192
647 1118
501 316
634 484
527 928
701 835
14 224
143 995
748 969
1026 494
133 409
424 864
209 599
406 758
247 291
108 557
983 545
1103 126
339 1086
943 12
739 150
545 410
449 546
523 311
488 494
810 235
135 817
565 598
85 372
356 1032
805 586
605 1037
600 1081
799 130
43 737
651 488
189 229
904 223
606 646
309 765
232 604
208 224
231 995
425 953
1018 541
485 634
291 117
733 915
1117 209
594 241
340 632
535 392
133 787
776 712
174 136
140 157
515 157
101 275
203 771
874 349
738 203
517 887
368 792
1010 551
857 278
791 171
502 298
945 432
415 362
794 256
889 380
545 383
279 681
371 143
1052 215
178 867
601 695
775 196
68 946
932 306
1002 811
297 1009
168 213
862 201
323 883
323 733
392 517
883 455
655 944
555 408
515 634
306 808
289 774
887 427
319 845
1021 539
399 142
681 682
612 408
319 314
53 468
362 344
417 189
161 966
435 339
789 1083
614 801
964 492
875 275
475 561
721 786
770 917
4 232
774 190
993 376
953 846
1002 824
814 727
654 985
1043 453
1095 334
945 596
175 495
783 311
735 421
575 484
914 807
702 211
145 993
796 895
744 554
523 519
680 578
512 692
789 245
666 924
955 310
697 805
260 782
48 313
121 868
260 229
234 954
310 39
426 289
568 665
319 501
903 686
696 413
457 470
512 837
884 66
691 696
85 187
783 649
820 657
974 327
1045 929
593 170
117 142
275 537
413 559
127 502
192 915
503 19
725 661
534 869
409 511
119 246
858 139
663 544
670 714
352 503
411 126
455 519
641 999
772 574
932 193
1008 1078
606 978
675 488
75 345
543 341
672 274
1104 301
313 242
868 473
673 67
445 747
705 357
21 216
1028 397
342 794
772 566
1034 359
607 672
422 775
368 539
226 1054
400 514
872 425
635 758
318 455
928 582
95 606
233 60
513 480
801 630
319 494
906 1023
662 284
350 1048
462 853
555 308
297 994
15 481
860 494
862 83
44 561
674 192
604 883
957 237
476 810
168 358
100 383
505 362
266 381
336 622
709 1053
891 584
443 1001
937 787
289 1102
285 976
824 786
177 314
347 472
198 863
639 635
1114 616
666 985
68 962
176 550
124 930
458 806
479 353
352 225
181 132
669 569
983 875
234 191
722 788
379 96
1034 1020
336 803
258 3
295 191
846 779
686 225
469 574
964 279
502 890
312 465
827 781
754 343
1043 246
712 508
527 268
394 421
918 1097
625 895
167 681
341 319
415 392
286 106
323 775
133 602
405 358
124 476
834 165
710 848
548 608
603 470
880 903
715 78
109 783
849 516
496 675
799 539
1028 1026
375 618
728 844
800 1109
376 704
658 733
324 917
47 580
820 1034
203 11
386 700
110 564
118 214
128 495
267 974
836 823
154 357
753 233
19 660
401 753
398 111
1035 1020
647 539
932 626
808 139
320 584
34 939
727 1087
160 935
637 267
473 648
226 603
392 661
851 750
154 737
472 246
247 139
783 1121
354 610
472 548
702 675
931 431
696 547
690 825
555 425
746 130
452 1079
1004 147
579 464
151 1036
268 379
221 684