532 855
573 936
343 613
414 243
915 849
242 976
78 470
719 508
520 224
433 1005
885 277
433 292
357 201
900 459
203 147
920 638
1001 365
374 148
804 571
840 325
691 1076
314 212
688 869
63 789
47 155
260 296
434 110
496 581
254 838
1021 288
959 887
859 197
88 729
19 346
207 859
174 586
626 542
822 628
1015 824
165 817
930 210
933 772
304 667
1059 807
368 639
303 427
410 595
951 386
1011 851
115 324
871 969
1092 217
152 534
848 250
297 439
74 1020
651 521
365 910
320 994
1050 54
467 98
482 373
494 1068
758 930
313 193
845 1073
365 533
751 339
666 623
239 189
744 439
884 922
1040 330
780 198
196 739
446 763
469 698
111 304
208 404
862 778
850 398
483 146
240 996
473 352
148 167
827 437
297 615
465 695
924 218
227 536
1061 666
77 186
1022 267
828 804
744 678
825 676
449 527
764 800
881 158
355 782
1027 1054
476 708
621 334
379 104
722 837
240 1001
649 112
624 894
270 761
339 346
689 275
205 502
111 862
352 752
1023 937
566 985
270 700
538 1044
957 988
652 133
923 114
29 583
414 534
780 207
226 130
618 536
138 897
612 137
615 610
983 178
301 1012
512 903
960 209
445 496
545 369
251 774
739 839
912 55
457 193
459 585
680 1015
731 935
891 410
581 675
352 1027
297 537
213 599
327 182
286 470
877 1042
102 917
508 678
465 463
819 899
943 182
343 1097
667 526
188 944
651 928
324 592
564 298
166 591
172 202
405 1049
391 954
594 502
489 42
50 137
778 591
301 875
700 277
115 834
930 889
599 623
194 732
369 821
422 812
743 122
945 404
872 375
386 734
724 752
529 684
523 393
117 720
909 227
470 666
854 127
371 214
115 632
297 958
628 124
176 118
90 246
99 755
215 271
408 448
348 983
787 751
678 575
511 348
1029 842
680 685
870 396
362 1001
600 774
626 677
589 299
489 1020
968 849
211 789
957 299
443 434
400 493
919 545
335 337
1006 440
860 999
534 695
138 408
621 701
974 943
624 1020
484 266
943 680
1010 590
640 352
196 1001
1076 548
473 448
1016 459
715 360
969 302
602 333
967 778
578 114
472 134
973 685
460 556
349 1058
513 882
950 243
123 319
127 714
756 501
992 585
926 14
492 300
954 676
543 726
362 920
586 1051
468 864
893 266
843 953
240 252
734 193
1022 739
836 535
234 885
410 36
203 223
958 1074
111 836
868 643
619 756
352 85
490 1067
660 144
230 675
526 626
373 606
366 668
240 441
746 813
785 916
557 445
260 325
768 614
316 875
565 789
806 268
404 680
618 619
770 674
800 415
389 477
153 720
994 478
118 157
749 146
572 205
212 219
882 930
703 349
840 389
274 1057
880 649
939 1017
274 272
49 839
547 40
1081 636
834 283
792 892
847 804
1118 297
436 201
100 513
828 869
746 386
1069 539
388 844
842 684
82 432
810 205
387 616
567 623
722 157
118 648
551 432
226 251
445 91
191 599
78 791
268 906
137 826
725 840
277 450
194 702
1009 1035
506 703
942 1004
117 295
1016 519
447 957
151 353
73 88
871 1076
706 369
284 842
105 543
162 738
238 432
326 424
817 113
681 1010
715 554
128 955
675 664
72 289
7 355
449 887
939 99
1011 45
689 479
265 175
667 843
64 347
1058 397
933 297
0 414
330 845
739 795
639 445
218 223
203 726
92 1058
362 458
744 599
873 926
41 374
339 259
10 627
1123 673
720 936
441 842
653 985
408 174
376 963
80 786
499 379
988 233
308 162
889 451
944 982
464 206
596 959
546 332
286 999
550 519
675 695
140 405
266 1065
1114 722
524 961
37 1021
821 445
432 160
298 906
557 298
1067 39
816 662
124 877
479 262
255 1008
638 446
997 338
641 753
221 591
89 1047
985 727
193 1033
615 1048
463 652
394 837
600 501
537 108
996 435
419 516
251 31
21 268
212 843
473 211
385 582
896 916
1023 774
437 458
171 489
467 724
1065 562
1068 87
993 399
995 468
368 440
187 1110
576 128
393 392
801 978
943 690
217 637
1010 262
50 656
366 637
721 59
560 345
607 499
252 458
999 269
999 935
525 1121
939 1108
661 15
129 487
380 666
971 291
76 636
763 941
763 808
31 696
139 707
757 741
353 258
438 70
361 328
398 211
786 66
943 221
800 112
230 1082
844 209
629 834
164 397
355 587
610 428
956 625
401 396
492 703
462 892
174 305
293 184
49 1005
157 1048
479 136
642 93
801 202
582 0
1013 230
166 376
1010 551
110 292
852 888
203 928
220 5
407 529
244 760
581 919
502 815
940 374
214 726
683 996
856 144
274 584
147 264
544 580
280 336
807 1036
445 375
854 866
285 618
91 73
560 637
1081 891
151 572
704 404
318 367
68 72
181 8
139 772
1115 270
979 504
877 206
697 57
1086 20
857 213
455 885
267 739
354 1100
671 956
890 175
1087 148
746 506
288 661
542 11
736 554
814 144
399 256
89 704
708 817
1056 760
330 581
163 495
657 148
883 620
590 322
369 432
1006 931
339 545
253 745
1021 160
280 377
1010 966
787 254
1116 410
950 935
605 458
1038 863
39 991
1022 503
113 388
256 612
315 102
884 218
783 529
533 964
889 1115
60 720
253 731
816 831
134 922
374 1081
438 779
963 373
380 824
977 349
1030 447
440 909
575 1019
926 241
411 773
1033 782
570 898
237 269
69 355
677 907
576 397
523 686
211 339
657 132
426 578
5 652
560 33
592 644
367 917
723 559
415 196
863 503
7 596
358 967
384 521
353 965
1064 153
1089 133
772 619
492 681
794 475
514 14
985 372
594 702
114 234
984 594
332 998
160 145
106 573
381 440
976 884
714 539
303 487
983 164
50 576
186 384
290 1035
628 101
547 191
913 663
920 872
1094 456
740 1009
1107 665
202 162
153 771
291 1099
103 914
702 827
543 405
1031 734
52 444
652 824
703 445
328 909
686 982
265 534
1062 115
433 288
769 688
911 467
468 513
408 488
961 560
403 485
345 137
361 1033
568 233
158 332
1099 314
543 418
167 929
573 344
846 293
249 827
283 902
130 148
608 938
1019 736
607 577
640 747
981 723
62 355
925 340
290 1103
163 269
340 392
780 1010
668 116
9 551
586 703
876 980
873 1010
756 745
399 863
458 716
748 208
721 476
1108 1004
650 512
607 776
950 467
975 808
990 543
703 985
77 245
322 760
569 1002
1037 870
571 277
390 985
171 280
654 703
416 779
2 844
1113 752
284 768
806 732
404 1000
667 451
204 655
694 538
655 578
427 431
566 364
14 661
391 265
293 237
400 349
1058 969
115 811
194 236
403 659
992 944
815 49
618 578
612 1016
916 778
376 1062
940 196
429 348
286 196
526 405
263 499
993 859
512 380
1105 817
145 939
187 566
1104 401
392 170
1022 24
888 859
677 987
325 1015
683 486
568 932
625 306
815 309
724 787
801 1111
647 675
223 773
590 605
92 302
286 331
943 509
436 763
558 552
594 456
318 953
243 41
449 679
1033 210
659 868
116 595
888 410
119 359
873 592
412 235
174 1040
774 325
332 208
547 980
1088 869
972 107
295 568
875 596
686 183
514 19
148 502
340 318
894 626
384 621
663 451
436 978
41 23
837 933
11 619
324 219
276 802
498 111
624 632
954 644
9 540
393 574
587 373
279 1049
643 580
965 511
909 596
110 311
149 729
227 759
325 409
330 773
260 146
812 318
769 580
639 621
408 366
769 1087
693 841
420 237
584 568
435 421
515 340
821 30
267 144
745 710
944 701
837 813
567 83
765 576
122 417
257 349
805 938
151 110
184 106
330 131
171 885
684 476
446 834
301 977
1009 978
95 622
242 69
436 235
357 100
672 731
647 347
871 316
119 842
840 816
522 689
202 418
21 805
762 631
676 695
784 598
976 985
246 293
177 116
182 294
461 764
106 980
112 175
263 684
342 1107
372 226
389 819
525 819
1070 657
484 637
1014 915
398 1017
161 238
131 297
175 532
882 198
321 833
424 573
186 189
710 873
842 255
1059 530
663 554
577 29
487 316
440 33
1117 382
447 741
634 283
941 962
998 556
507 965
368 91
720 1116
247 814
12 390
219 673
100 770
390 782
933 297
678 464
1079 641
679 1056
680 548
933 197
1083 1023
160 71
846 471
770 551
1019 1004
929 338
643 51
785 911
813 312
668 136
649 925
869 372
266 485
969 809
725 399
648 770
332 547
292 553
660 279
863 434
251 809
234 545
786 343
1012 141
407 486
544 318
559 3
1099 692
414 458
268 552
227 495
669 652
593 60
70 29
254 861
936 562
527 234
632 355
566 730
396 680
587 637
1114 841
674 866
367 666
820 770
107 935
761 272
299 781
724 457
682 424
925 801
835 65
813 441
182 887
621 797
1089 857
350 219
366 768
491 260
59 614
284 523
273 276
11 245
249 897
892 1044
648 726
3 152
193 225
92 551
387 295
456 183
124 284
561 736
716 909
146 685
238 483
311 654
612 1015
637 614
865 530
495 685
484 236
265 350
802 793
1111 216
393 178
1073 104
899 1092
826 801
540 405
507 1033
216 280
813 646
247 937
379 282
250 305
665 433
114 625
568 200
967 154
993 307
247 414
719 1049
223 590
992 346
510 836