762 246
283 704
244 560
1121 320
722 568
130 25
885 516
866 308
819 281
1006 669
235 849
708 255
705 133
768 1000
139 422
841 630
429 441
869 913
359 228
161 414
826 780
557 164
119 925
900 441
129 896
1079 699
1044 832
691 179
905 227
707 253
232 130
135 245
599 188
814 912
998 1012
1106 572
94 869
58 13
188 534
559 285
424 347
707 1118
811 458
818 210
545 585
1035 255
964 242
1038 312
544 778
926 826
187 209
46 975
417 1034
127 701
527 984
241 843
560 277
802 1011
1087 251
177 317
688 853
992 551
1104 863
860 889
649 361
262 97
811 230
802 992
304 808
453 881
994 842
932 1064
462 259
644 195
163 658
281 649
544 401
521 652
710 48
519 207
226 545
1108 330
162 941
519 978
674 611
629 81
83 343
638 767
975 302
945 1103
1009 789
356 1088
898 196
592 433
455 974
137 448
782 1050
426 128
647 518
295 402
855 642
837 900
294 223
206 664
968 944
369 869
560 536
808 666
863 887
125 482
604 397
889 1079
757 573
510 772
738 973
544 679
638 786
639 819
382 789
571 248
322 1086
652 335
872 189
75 352
1108 112
1110 217
396 270
1075 252
322 881
658 195
765 373
568 877
631 86
490 391
201 440
903 168
965 722
458 812
848 621
559 783
168 97
420 530
518 429
414 501
798 989
45 416
123 838
517 426
372 791
717 165
295 528
409 627
522 1107
499 409
742 756
379 754
805 410
1071 225
869 607
784 937
1098 588
190 653
646 968
233 172
620 394
1010 696
895 556
629 158
277 632
391 202
315 139
734 360
572 1051
959 1052
632 895
452 772
1045 645
407 233
807 345
926 118
964 696
688 487
313 404
979 977
962 957
39 558
682 879
350 503
629 897
1053 13
256 769
774 204
934 270
607 507
102 351
891 720
167 835
927 164
1064 101
267 1015
406 885
441 383
826 759
6 499
89 344
591 48
472 405
410 1000
674 304
126 659
1098 324
620 239
628 600
135 55
735 213
725 1011
874 444
871 487
756 942
722 857
838 1118
639 83
304 642
597 305
403 755
756 951
217 954
793 1116
1079 767
816 308
91 1023
854 562
218 454
479 652
206 424
474 265
567 563
723 889
103 310
301 846
894 481
801 871
1059 1012
1042 954
882 787
978 258
963 212
564 1049
344 575
499 663
1029 379
1046 173
107 646
789 313
884 826
87 472
784 543
437 407
998 569
619 333
448 859
229 179
1025 733
444 785
799 238
225 572
26 541
158 1003
617 530
587 587
612 111
380 567
368 983
200 546
144 530
800 929
337 676
897 262
444 152
967 418
439 1000
523 382
682 113
910 755
356 926
735 1021
954 1053
1018 867
899 913
1003 283
650 711
1117 505
30 498
526 1122
688 1111
319 468
661 745
928 631
139 229
658 984
998 167
312 978
937 581
699 1028
306 595
156 5
597 159
1019 483
906 547
789 516
1095 416
226 365
389 952
496 266
455 118
243 983
222 1082
766 476
218 951
721 851
6 614
380 9
897 760
816 906
962 168
956 53
594 951
246 888
991 458
699 1085
1078 1009
819 529
823 154
857 254
425 525
310 565
965 595
380 591
913 111
929 960
1059 207
61 252
102 103
945 701
730 891
1017 754
618 703
231 45
984 467
945 351
381 432
92 133
410 513
170 866
401 696
291 557
187 994
350 706
126 534
98 2
637 658
586 806
482 194
136 980
958 298
110 809
880 775
297 233
300 474
976 577
131 601
496 111
523 488
361 153
195 814
688 462
32 996
118 685
262 1009
1096 245
784 937
56 642
179 775
996 1017
1026 867
948 572
372 679
118 738
173 298
548 318
285 534
489 556
505 606
461 180
409 294
973 611
611 407
503 915
422 158
985 655
231 164
288 1116
363 775
215 643
281 174
425 602
564 311
848 997
903 611
743 433
323 845
386 154
584 644
723 644
511 290
616 290
412 712
219 483
1010 963
765 763
986 118
607 234
966 149
729 572
842 991
52 204
356 969
834 765
840 314
245 892
292 250
957 1080
114 629
941 25
650 377
371 1010
245 98
990 789
910 449
716 285
1119 264
125 300
1017 620
451 1017
641 853
195 426
594 385
956 782
680 851
606 430
961 1060
1085 1016
987 88
494 335
150 216
869 110
495 485
648 110
195 383
296 738
878 609
38 138
93 410
85 951
205 1099
438 579
31 302
835 69
177 66
903 970
486 12
548 632
445 672
567 607
310 383
861 949
782 547
103 490
947 575
140 699
871 1092
725 798
425 511
69 8
509 465
465 1113
144 123
1009 517
68 257
776 385
346 890
958 506
488 653
333 717
350 984
621 439
127 933
179 657
652 936
491 481
583 762
724 761
380 857
945 952
267 1071
781 649
618 689
383 682
133 559
703 201
611 718
473 845
1048 217
888 760
103 157
345 147
24 974
248 904
467 705
154 765
841 49
1012 159
1066 766
324 398
876 751
359 665
973 904
438 939
385 838
316 711
525 400
583 171
318 396
1045 162
657 484
754 1082
892 561
135 638
65 1010
597 1028
464 695
428 904
539 622
821 580
285 1108
911 857
702 799
781 729
622 975
243 112
329 743
427 1113
53 455
581 711
892 843
767 1021
1082 879
757 794
1002 1000
443 722
213 748
498 672
708 999
1123 1086
3 862
715 282
526 502
738 320
335 939
974 406
1090 924
380 776
817 438
108 870
174 95
755 1020
592 500
259 421
358 624
846 27
318 495
707 1043
392 594
356 985
593 339
266 531
344 929
741 104
147 843
1016 832
501 999
760 635
762 21
435 999
16 898
948 309
168 650
356 418
565 323
756 938
786 792
801 339
599 724
727 497
785 1081
833 419
194 994
484 375
1018 250
531 689
39 292
834 238
201 458
135 463
379 187
825 572
669 708
963 183
840 444
504 812
704 350
367 138
559 958
626 441
884 710
745 848
948 480
733 263
1070 13
355 675
324 920
225 469
169 811
192 301
1075 1104
798 716
625 961
586 896
817 707
905 982
692 164
535 715
1024 797
663 143
333 316
879 656
439 802
323 128
189 826
600 510
205 164
447 597
685 540
410 457
817 434
799 1018
831 379
276 933
688 579
110 245
706 231
709 1097
1084 170
791 997
404 852
747 1068
533 400
117 666
594 823
648 572
162 616
939 457
672 979
1031 806
750 527
289 1050
882 1019
460 502
924 944
181 299
288 869
354 259
650 343
951 866
347 425
826 593
557 344
129 110
605 950
650 924
705 20
856 966
316 1092
540 19
199 574
981 856
880 722
187 417
1085 772
568 203
646 633
25 530
1005 81
841 543
284 840
364 236
111 453
1122 1009
747 464
428 384
1065 701
987 55
727 21
95 186
173 786
542 673
934 354
462 591
625 495
287 85
586 885
373 61
327 873
1013 619
580 463
566 1091
1105 916
347 461
494 246
255 718
1017 700
852 737
357 562
863 908
955 742
540 440
109 1027
453 283
1035 297
108 731
1055 1066
385 452
1098 811
209 167
428 554
833 429
137 278
822 108
306 721
214 497
254 695
566 319
910 825
340 389
644 429
455 234
940 199
342 236
794 1002
830 1063
334 205
823 242
814 1117
348 560
814 864
345 42
227 690
930 403
17 162
98 460
699 838
686 64
844 912
891 247
969 58
508 954
597 678
144 965
120 676
130 1001
968 797
402 722
1055 542
1032 893
992 1029
952 181
86 244
305 699
303 964
441 377
352 642
960 963
465 459
427 333
730 808
337 349
1057 666
584 739
659 681
421 35
839 263
28 1098
0 861
165 1079
846 251
472 101
743 299
731 815
577 550
650 180
398 763
891 970
799 390
451 215
852 475
783 1037
264 467
599 780
545 170
592 497
146 22
912 684
869 728
287 196
452 238
660 288
234 603
1017 380
233 458
1099 182
459 343
448 229
780 562
921 202
220 173
891 891
150 646
730 299
281 281
214 713
431 555
881 442
1034 417
995 399
202 333
359 338
466 100
715 897
702 361
883 458
543 228
163 194
387 703
844 493
638 886
1115 359
829 5
369 426
995 312
214 645
135 496
193 754
414 945
983 476
327 353
651 819
593 631
390 297
333 971
192 172
1011 716
237 1093
223 405
388 1047
539 261
1020 942
1087 841
896 406
152 197
66 169
203 259
275 1074
919 781
450 111
213 1004
252 851
127 782
886 781
166 963
626 1067
240 986
159 443
99 609
141 324
889 578
291 661
147 822
346 135
730 750
201 932
201 176
458 1000
117 963
965 933
356 885
635 268
566 1021
961 560
392 497
654 692
919 835
370 196
552 545
543 190
547 313
685 767
903 711
241 307
767 619
238 759
50 294
663 483
914 750
888 994
149 585
844 383
1116 1022
839 225
785 143
580 28
504 682
961 49
410 537
1081 455
140 598
313 1000
902 1083
999 472
978 308
63 663
273 361
15 849
1018 371
154 273
981 582
120 370
230 724
448 857
397 654
601 226
572 1097
750 130
543 189
305 64
350 1095
702 110
134 238
1056 84
281 638
31 513
258 975
547 284
111 810
492 698
831 1039
539 971
385 684
85 590
79 1030
318 955
552 383
805 305
987 779
773 1097
22 321
894 723
1111 624
1093 909
1054 1011
748 279
615 602
166 139
632 875
950 498
687 122
727 743
77 585
183 741
375 649
328 136
351 400
115 819
514 50
966 133
1017 1037
400 126
773 467
578 649
916 612
909 25