142 844
262 167
635 829
515 831
1022 875
1069 163
954 456
667 843
99 952
554 1060
470 767
621 788
275 1117
902 701
1100 286
447 809
468 22
293 288
1088 675
526 328
1097 448
786 475
246 101
93 635
348 167
849 379
1114 1081
797 309
338 925
108 364
889 570
331 120
373 230
559 755
692 201
862 940
1001 998
364 75
380 545
152 144
162 977
440 312
868 433
478 5
666 776
44 743
740 594
841 1021
258 675
909 802
725 236
314 651
520 1051
772 27
231 955
246 1074
956 91
710 126
251 154
743 259
1093 384
141 587
466 138
529 37
267 358
973 969
951 32
745 1060
533 383
928 370
672 1066
150 1032
305 880
115 760
808 806
411 594
1032 266
103 309
781 842
859 565
900 342
496 923
433 762
949 705
922 506
777 884
993 982
608 76
910 725
743 583
1011 414
656 1078
178 496
129 356
777 251
639 180
804 633
351 950
1020 127
801 640
202 884
968 756
1113 805
457 755
148 467
314 733
897 543
781 826
5 866
661 1001
203 390
53 527
886 252
712 972
276 22
961 745
259 221
355 115
488 641
839 937
275 851
212 24
385 486
366 163
730 1070
106 556
852 175
674 808
1023 243
781 429
651 295
401 566
74 110
996 319
549 613
943 658
970 572
173 615
596 7
435 1022
359 1086
968 789
926 958
364 139
74 840
404 244
316 320
313 46
938 694
625 149
120 881
453 840
138 375
237 816
419 231
344 501
763 889
968 174
711 995
852 256
989 226
303 201
989 798
301 591
212 375
436 612
570 450
982 1059
786 1002
940 922
571 754
497 476
542 455
624 188
984 189
323 780
576 681
261 1108
761 842
393 621
935 134
628 722
412 140
28 971
563 799
594 434
221 173
846 858
343 200
233 458
611 916
391 186
234 439
838 700
249 345
757 884
681 235
121 520
509 574
305 537
174 797
1056 1013
345 801
344 397
815 830
1083 478
977 311
970 688
409 1073
537 87
302 134
966 783
1017 474
906 46
212 620
1007 691
590 942
764 565
878 1046
249 441
135 566
511 106
201 266
214 407
972 400
704 851
553 414
54 741
519 406
945 364
431 382
832 545
729 1047
391 378
267 533
778 674
218 993
939 931
968 373
113 118
226 701
394 696
219 1031
147 157
1013 50
789 489
911 988
758 908
284 608
322 1030
405 708
452 596
446 1064
1017 431
983 452
782 216
625 159
159 373
749 811
927 480
806 734
222 463
399 258
975 957
345 916
755 800
788 1015
253 146
346 138
303 184
807 437
328 641
369 973
375 746
619 845
560 527
987 697
725 959
222 1054
178 329
732 88
868 507
914 565
1007 257
1096 1064
359 740
141 601
621 956
279 50
755 557
874 637
512 423
612 220
768 396
567 677
655 92
488 1112
356 113
119 455
701 158
185 945
456 1009
177 824
1108 303
319 4
833 615
499 160
733 1012
1003 197
968 893
699 625
234 362
684 54
715 887
807 85
442 827
525 556
425 327
216 789
309 899
274 348
314 701
159 285
1034 850
1111 1118
405 658
883 869
335 302
590 288
328 489
749 219
676 910
371 349
1108 548
461 823
276 383
225 1121
774 602
115 861
218 842
976 398
944 470
684 777
158 701
50 313
421 442
15 174
358 799
844 198
400 975
513 813
921 365
874 394
734 101
790 711
711 815
159 740
607 270
413 61
323 883
771 877
545 651
474 969
728 1031
968 821
85 1105
147 638
580 435
983 450
40 280
21 936
964 261
180 859
1004 399
550 1022
902 837
935 674
884 418
273 821
70 15
352 814
859 668
1096 265
562 698
920 573
702 99
472 830
565 575
699 442
285 594
988 692
943 698
265 448
454 590
381 379
1112 484
764 124
1018 248
107 959
425 1002
1099 760
198 762
816 567
354 676
643 1112
668 865
552 594
519 126
81 976
903 1012
295 257
50 553
313 428
330 1037
1005 390
754 491
281 455
890 236
173 53
147 460
151 532
911 626
99 968
724 343
483 856
984 1022
436 667
908 678
575 111
964 900
471 197
1110 901
148 835
577 275
706 138
308 829
723 216
0 728
190 157
608 667
141 930
695 432
595 912
190 935
615 101
414 419
305 997
1051 128
825 548
171 665
681 383
1058 779
445 652
758 784
664 929
685 886
271 885
565 592
836 1065
128 1073
616 102
177 692
88 783
139 67
1086 484
223 977
696 1041
783 114
886 278
281 878
360 711
721 140
314 442
426 912
532 335
983 522
105 436
662 883
1107 868
248 822
767 872
463 746
57 781
996 149
1060 519
145 366
150 875
962 535
717 409
639 527
585 231
373 105
543 52
915 499
555 149
628 803
907 777
906 748
933 1015
926 282
1006 600
582 611
917 641
410 224
760 312
874 789
493 827
183 214
626 665
626 498
649 552
166 722
117 480
1040 197
276 997
595 939
223 210
672 165
807 889
788 77
736 64
717 1007
1063 147
926 243
1085 216
1001 642
402 289
653 487
699 805
129 299
650 875
765 565
508 145
935 248
27 781
791 247
393 346
1111 772
734 107
209 623
424 506
290 1067
487 711
275 527
155 191
710 299
514 838
178 395
878 289
291 103
461 979
661 533
769 877
1055 378
440 920
1119 720
360 88
724 416
526 108
583 528
524 1094
157 14
900 878
876 44
1119 191
732 688
933 375
821 465
111 354
911 1117
739 608
158 538
613 881
982 265
878 398
29 816
662 881
295 898
791 107
830 887
692 116
283 898
315 387
211 242
248 1057
158 300
1090 310
725 922
500 534
66 141
1052 885
433 378
448 188
812 655
196 527
528 278
299 114
966 771
264 166
647 287
358 1072
12 183
381 248
928 215
976 1022
1039 522
137 722
707 116
787 266
373 854
961 675
637 534
407 1111
838 349
920 767
717 736
832 919
673 1032
993 963
586 1005
539 48
453 415
958 578
59 873
534 950
712 289
650 676
287 498
162 298
964 753
499 536
306 863
364 545
293 252
561 724
813 674
1090 272
972 338
184 917
414 796
228 215
439 1103
418 288
109 280
955 446
870 822
1085 832
568 947
346 917
808 5
20 916
256 420
539 672
316 682
116 1041
1014 1049
846 342
432 637
279 857
411 1003
771 784
1046 130
557 617
656 643
583 890
258 555
505 874
795 918
225 814
989 114
15 192
44 296
147 779
213 734
444 806
845 511
543 553
635 592
373 964
479 632
902 920
27 1008
897 958
311 119
892 615
551 176
658 1057
485 206
987 12
653 931
170 27
204 733
142 770
860 312
501 664
107 12
886 374
1107 894
215 196
278 1006
519 410
323 332
773 133
523 405
535 18
944 18
88 1013
610 152
728 1123
259 1000
605 340
706 113
1026 286
859 510
1027 685
301 421
683 200
567 858
111 373
392 965
856 231
141 283
465 492
560 109
388 746
279 648
838 908
962 965
182 601
665 152
586 449
280 322
129 523
668 225
473 527
1054 551
239 512
1006 81
428 648
223 380
356 456
704 986
856 1019
217 734
850 108
1039 116
280 542
804 622
384 768
1003 41
586 135
647 672
119 711
154 239
1008 513
513 367
548 968
646 370
810 707
169 948
773 320
843 698
980 514
915 208
438 1114
874 143
469 733
281 155
997 802
657 486
166 874
147 492
305 125
369 881
28 576
104 765
247 958
439 655
936 895
591 539
420 526
579 753
910 600
482 638
888 893
244 1001
1032 255
318 739
664 1066
169 513
861 870
881 340
907 717
649 803
632 509
918 986
958 814
573 376
357 902
457 243
175 171
561 531
391 213
885 807
777 989
214 327
334 247
944 528
170 148
995 83
1002 227
530 978
749 504
447 180
763 1004
882 160
155 583
985 537
450 551
595 820
866 401
97 435
1054 256
365 984
417 575
652 304
1071 699
806 928
743 6
259 154
404 86
201 175
444 7
180 535
800 1038
646 660
810 1012
816 66
814 862
940 391
51 112
843 706
901 439
905 629
907 311
864 881
507 709
694 581
815 918
907 237
500 786
625 831
1003 679
236 251
755 121
641 304
584 726
746 970
573 168
833 73
1072 372
830 609
215 130
521 396
843 699
796 421
205 582
8 254
470 448
510 177
508 868
616 256
13 1107
184 853
888 525
1025 675
452 164
421 146
677 349
618 334
585 796
584 287
172 780
323 935
585 833
652 487
337 719
237 236
962 753
397 550
224 15
785 604
1000 121
957 983
204 597
793 1102
558 193
960 676
288 205
694 706
844 273
448 197
505 559
600 379
440 441
921 908
127 851
429 1076
720 743
910 45
1121 178
1107 280
738 597
427 117
860 751
485 1
252 223
608 371
1079 490
754 345
303 115
932 748
537 46
321 979
575 1025
896 369
524 771
490 947
322 686
320 673
264 161
536 258
258 319
630 509
190 618
765 332
308 870
879 433
538 7
753 169
1027 943
875 429
840 972
1007 743
846 838
489 1027
687 508
663 198
218 877
777 35
567 1046
718 682
718 1018
216 57
235 892
677 558
209 398
24 721
381 728
343 636
407 385
821 962
698 187
682 540
268 113
929 144
637 746
94 366
900 23
912 505
269 298
490 113
138 122
189 977
192 615
104 248
797 314
844 263
1068 882
381 823
545 383
709 360
319 148
352 975
223 422
256 846
16 921
450 306
989 314
339 725
441 812
876 358
879 857
285 762
174 664
685 923
161 307
511 225
901 1077
759 613