599 671
804 288
774 824
672 816
328 819
905 298
296 399
247 681
453 759
255 557
726 515
525 1109
113 725
846 432
799 206
903 244
596 141
499 753
326 156
300 634
129 545
767 814
480 852
986 984
133 324
944 288
998 292
580 938
816 520
615 196
363 53
251 921
93 245
641 230
971 788
404 517
637 418
895 146
106 401
643 863
569 173
541 757
1123 531
748 963
684 401
638 962
545 290
44 924
473 221
646 1033
158 797
664 276
821 342
607 927
656 686
655 72
372 413
813 758
607 864
223 286
780 508
730 291
588 10
356 660
180 846
227 602
455 863
597 309
524 22
360 1011
151 276
580 217
542 522
224 738
900 853
438 219
315 708
195 239
754 968
233 442
532 144
606 290
651 610
445 682
303 801
611 918
1000 263
1004 922
916 1101
918 982
284 363
746 300
351 243
1089 504
283 893
905 1026
928 877
960 815
87 237
481 183
53 607
198 186
812 213
462 597
393 252
1023 883
399 247
877 472
373 386
92 961
458 1022
1023 969
830 746
634 393
144 266
150 122
152 441
475 561
212 292
253 978
886 514
1011 192
802 1091
676 413
16 826
540 150
537 436
30 469
475 272
802 302
319 320
802 413
313 384
712 762
1023 1115
779 535
228 195
322 206
893 552
828 270
921 624
905 438
765 262
940 717
158 552
522 532
941 514
675 815
160 616
343 241
212 133
927 364
521 59
692 220
235 864
592 1011
129 773
683 809
389 47
1012 681
556 825
1017 21
383 769
407 360
343 804
702 435
849 293
313 345
98 561
425 1011
866 998
631 290
402 738
1002 966
696 543
598 322
910 812
439 1062
478 423
60 1015
585 594
199 629
519 898
193 360
623 730
290 898
748 1094
559 1058
947 1005
1071 352
569 841
254 896
589 744
1035 291
305 817
357 251
207 950
41 488
778 813
199 97
66 162
133 106
910 1001
543 39
672 1040
416 752
322 650
1076 557
270 853
87 255
614 390
610 976
160 722
476 595
772 357
243 649
344 110
883 319
339 753
631 334
312 986
230 188
898 852
700 828
830 668
274 408
670 399
795 499
993 75
296 704
622 883
945 267
530 425
341 299
65 944
123 792
1027 317
234 899
979 389
362 601
867 483
612 893
388 916
1084 782
280 233
613 118
691 612
805 141
405 56
569 263
96 110
247 813
904 534
786 845
222 893
1019 859
772 980
29 692
765 220
413 464
717 672
699 445
229 894
419 440
950 134
929 739
441 810
267 820
314 422
264 945
959 594
1081 712
938 534
1021 101
822 229
330 816
905 122
498 626
428 970
488 308
515 616
876 498
422 107
351 702
940 509
435 386
989 619
105 125
286 851
293 1019
662 131
491 638
468 721
626 820
239 205
222 937
174 119
1121 722
938 233
739 444
967 141
1082 120
429 1072
736 493
547 815
91 183
130 1072
996 868
411 619
372 564
78 815
555 573
435 924
146 437
768 438
895 908
903 154
839 219
982 413
404 210
774 982
432 994
836 962
353 255
699 87
334 378
526 407
373 315
677 749
790 569
943 619
879 950
681 305
609 740
559 608
927 834
782 109
124 301
227 180
267 170
859 856
105 154
920 437
126 875
228 340
533 29
448 336
264 243
438 750
272 682
754 493
123 425
963 543
552 823
872 496
1008 228
758 267
542 463
405 549
44 690
112 905
879 617
328 252
652 780
351 729
764 432
704 723
182 205
78 242
1042 683
984 433
485 341
802 346
675 804
630 667
977 892
583 627
724 705
550 424
837 703
430 709
333 66
648 1115
151 356
723 748
676 686
32 353
295 942
518 44
754 671
346 692
192 301
400 843
620 108
90 411
633 86
917 375
971 538
927 178
102 1033
316 89
669 461
869 883
1056 740
1084 371
290 691
434 292
693 879
719 519
367 650
545 404
438 341
892 634
638 975
704 352
358 388
308 64
540 462
944 920
758 128
1014 676
314 424
414 136
1072 490
493 1042
989 440
484 538
374 266
501 915
111 425
268 853
713 251
766 1000
491 444
138 995
400 645
145 711
100 988
397 554
461 967
520 129
127 554
230 959
975 464
1023 333
164 768
908 772
242 757
232 792
721 409
792 913
634 576
454 927
663 854
672 215
468 12
785 557
835 891
208 204
452 817
192 549
806 205
141 61
141 797
276 986
406 463
196 1025
439 313
442 826
875 393
582 24
653 320
451 398
890 737
959 952
669 126
727 636
830 753
326 921
1083 842
557 694
770 453
917 207
817 978
746 159
1032 424
138 110
300 976
243 717
869 758
692 221
70 956
52 1083
1042 405
657 975
390 117
443 884
901 903
404 686
167 849
1002 617
582 475
531 801
769 158
576 947
162 572
319 507
539 605
121 329
972 225
1071 607
183 4
325 601
439 283
166 209
181 832
738 501
877 543
1032 511
96 407
681 869
675 360
863 636
848 43
148 910
978 252
809 1062
534 911
596 273
232 332
248 906
975 589
71 813
325 797
264 145
914 159
877 220
447 149
594 455
461 186
293 794
526 1013
134 663
488 334
557 770
480 156
655 982
441 511
955 505
534 123
260 88
113 674
948 256
645 933
130 681
270 915
883 863
167 904
335 705
127 316
765 563
319 82
502 915
684 562
965 648
408 653
412 668
319 4
641 649
959 1042
414 353
1063 496
283 929
964 99
241 1005
537 381
489 686
1094 189
431 330
126 172
750 466
564 720
789 1068
738 846
942 241
1036 261
953 630
285 352
272 52
975 169
323 327
768 1068
122 1084
835 742
839 737
104 868
867 616
176 546
728 620
44 972
755 653
932 563
80 762
822 291
742 902
623 657
165 1031
894 528
1080 546
927 905
580 322
527 994
187 775
998 651
120 583
195 896
921 631
1031 285
132 310
863 536
900 895
396 51
844 146
53 1024
682 616
187 413
176 756
837 425
112 788
268 252
936 384
489 1014
203 229
1021 479
681 738
1013 777
497 417
398 958
160 101
1115 806
344 410
766 512
144 297
340 134
361 658
1068 745
581 350
133 884
715 641
590 473
711 570
298 692
588 577
573 467
860 545
331 551
301 987
1039 156
1007 820
342 512
578 974
940 634
908 530
987 452
385 276
450 545
232 536
232 161
262 615
866 1093
304 270
753 303
395 343
856 666
211 638
281 306
293 372
918 364
891 1081
311 108
620 434
289 480
899 872
426 329
233 134
355 860
630 219
405 993
322 307
600 290
324 163
755 996
259 981
273 808
281 291
821 500
1036 278
820 59
844 397
391 118
102 995
425 112
468 124
571 825
18 154
750 729
237 577
530 835
65 729
805 148
879 88
1053 135
624 56
489 560
929 89
377 579
667 976
861 634
873 1113
147 0
712 337
484 112
178 481
113 370
356 480
58 1018
388 794
579 1033
281 623
153 365
536 720
723 484
79 445
357 448
667 46
193 282
1064 673
1 901
540 841
804 56
957 67
168 374
1099 690
971 869
790 339
365 658
696 89
893 801
162 912
106 769
222 617
781 783
862 883
525 353
818 717
15 524
102 769
935 390
279 1069
237 896
890 717
539 757
393 738
211 784
259 819
661 874
1014 363
899 459
404 686
920 338
513 789
990 895
391 876
927 594
699 209
641 582
556 916
869 529
454 103
1033 312
637 654
461 802
232 586
800 772
201 282
250 189
140 627
313 57
917 1081
88 513
1012 423
1076 604
953 160
410 533
481 824
963 340
503 903
697 595
357 365
374 978
80 63
164 202
634 591
484 994
376 282
762 1063
576 304
748 619
841 72
745 801
745 341
877 812
430 385
451 990
128 828
1071 348
648 647
308 672
120 18
683 249
843 940
717 695
634 445
943 794
461 808
508 1087
241 338
483 214
320 505
594 278
310 435
105 347
862 472
491 748
750 290
939 535
823 692
1098 1015
598 786
519 561
356 628
98 719
338 209
730 474
308 832
238 574
999 626
270 485
88 25
282 75
191 863
982 284
687 437
311 528
424 919
978 699
309 564
331 909
579 895
56 139
605 1056
351 894
411 791
144 855
316 308
39 818
403 719
881 432
726 892
861 811
279 567
854 476
261 420
919 417
335 987
251 485
142 879
1101 253
859 340
873 676
823 241
460 764
792 571
201 548
1050 853
133 1050
864 977
937 320
187 167
454 1074
223 497
313 369
175 972
736 741
559 665
364 1109
881 662
615 287
435 661
644 548
342 689
630 473
491 410
602 748
804 856
744 618
709 516
1004 553
894 801
672 348
798 250
92 276
747 973
938 152
521 325
756 702
178 377
839 583
577 849
413 296
872 896
293 879
318 550
486 981
289 853
277 139
817 178
131 425
246 766
931 688
744 585
843 180
228 915
770 876
1106 572
954 157
280 964
373 618
691 160
493 210
706 984
871 154
879 740
552 314
755 558
468 600
658 382
211 19
619 417
222 46
841 107
685 882
196 349
833 643
469 944
844 491
978 482
190 432
71 874
403 127
973 874
540 620
1106 364
327 671
600 122
435 419
888 674
118 1009
607 308
927 738
181 988
546 862
475 1086
355 1015
143 441
780 656
268 630
683 445
110 251
147 122
580 607
584 720
540 842
509 226
465 1071
184 59
932 381
221 844
452 934
348 917
896 960
607 200
55 347
17 338
593 1043
347 878
90 823
263 745
924 202
870 970