1013 146
600 409
190 68
313 7
15 763
455 329
256 907
1039 801
910 251
206 397
819 302
420 195
434 580
453 770
980 188
137 46
857 315
346 404
151 881
715 155
1120 859
734 110
896 391
835 600
1030 944
223 268
330 602
850 109
367 35
620 505
899 1040
725 487
903 533
644 968
171 874
146 974
108 668
951 311
233 753
956 927
984 888
331 895
272 596
836 459
385 723
904 1054
1070 60
787 934
894 296
485 350
201 694
628 897
786 794
265 460
975 271
292 927
151 272
418 533
899 567
925 164
274 146
1090 1064
1100 1070
1103 994
75 413
252 865
306 414
927 761
616 83
428 330
101 596
954 768
723 603
172 22
951 958
787 823
913 128
704 697
643 90
909 338
114 26
1011 467
817 149
490 569
286 281
711 334
435 286
314 618
395 454
522 112
849 382
669 974
798 204
875 1019
751 924
737 271
641 1098
185 799
268 257
653 544
442 151
756 994
704 694
1016 453
80 52
506 440
416 749
851 647
554 649
748 633
249 361
835 626
763 466
886 169
1040 865
608 670
510 883
634 587
171 873
537 1016
467 273
230 552
266 595
813 746
981 117
1065 813
533 335
203 799
618 349
698 128
768 659
923 554
709 681
145 915
1081 703
519 876
143 498
884 944
467 617
191 816
398 1072
908 366
1028 662
821 147
597 399
693 940
933 285
1058 588
830 908
305 406
139 954
171 393
12 736
782 772
420 364
497 106
96 361
987 766
974 364
361 916
69 499
1071 76
966 872
989 350
459 456
546 329
273 931
1097 759
383 452
466 832
201 367
735 599
509 219
672 1004
637 647
600 409
449 657
744 212
560 988
844 296
153 384
349 476
596 455
814 1118
870 103
706 132
567 430
545 1109
748 980
514 500
279 591
644 635
82 592
705 671
932 258
279 1014
778 893
808 420
390 430
244 613
1090 1020
165 474
905 1091
307 816
949 853
937 964
266 701
635 771
383 793
544 416
1010 992
718 717
590 203
172 711
774 859
529 437
35 289
579 162
962 437
189 1004
225 181
860 383
557 373
283 726
239 722
174 733
923 458
90 906
287 438
386 877
474 56
339 758
90 411
612 37
605 790
436 700
686 251
229 860
697 17
334 623
1037 934
980 473
584 700
1029 470
157 834
416 448
267 554
612 720
208 1
976 996
879 687
434 110
641 282
11 686
343 762
323 116
3 697
400 830
420 704
552 345
851 499
560 998
588 1088
643 748
546 909
335 1018
197 56
485 260
5 1008
662 1011
253 662
673 910
754 824
524 563
758 946
380 442
967 657
824 734
379 190
236 336
707 519
849 285
199 712
1071 795
1057 643
366 381
196 847
870 1108
38 103
926 487
391 763
900 12
680 455
722 1103
797 943
626 68
667 868
934 615
742 483
6 870
850 105
252 996
943 442
549 929
295 271
440 378
764 514
371 954
593 698
501 737
188 150
443 336
295 273
374 397
961 240
353 429
533 476
454 810
75 388
610 490
602 440
505 1047
764 559
147 209
848 744
216 219
769 186
178 639
505 547
497 171
447 855
599 556
243 1023
725 889
783 930
425 999
174 108
673 742
116 789
671 277
1071 803
965 904
488 428
63 790
251 369
104 629
485 549
994 1015
990 768
1074 247
405 124
118 176
355 240
768 783
972 551
214 913
884 150
643 493
270 904
306 734
136 997
921 6
474 980
793 1085
287 665
227 51
644 462
609 416
262 141
126 1014
423 940
482 779
935 527
90 595
870 256
820 638
341 614
614 1
541 415
500 166
679 403
753 489
632 441
646 684
1053 331
891 1037
944 642
422 996
849 987
930 419
57 411
335 670
839 556
893 441
576 800
139 730
799 746
997 546
960 408
974 1116
180 563
95 48
972 390
718 732
249 256
499 836
590 1049
264 136
813 479
432 87
1002 222
470 128
880 882
38 628
670 467
743 618
714 749
210 688
106 545
214 923
3 666
277 584
195 812
519 1091
45 88
1085 770
697 688
237 834
223 497
987 410
965 723
378 507
368 607
836 149
713 550
851 457
288 712
721 366
777 882
205 631
267 639
542 228
430 911
1004 63
141 575
622 735
344 256
744 187
425 884
325 288
570 645
167 54
980 441
237 786
746 316
756 971
432 876
698 854
711 4
639 693
864 637
966 620
1119 192
1115 1023
256 273
926 411
927 179
255 922
679 101
306 146
344 16
710 457
488 372
297 956
108 480
1007 694
789 145
939 612
481 637
541 1103
221 193
789 914
353 535
771 868
967 349
665 22
442 818
649 631
264 18
915 207
397 875
702 627
638 524
37 409
268 587
116 5
740 457
235 1038
166 26
964 500
712 862
424 432
187 1002
627 190
665 510
1008 932
843 319
733 914
368 999
860 909
119 396
6 199
254 1042
129 1005
796 34
276 547
295 461
200 596
276 39
467 389
437 31
224 414
1018 402
945 956
733 235
120 655
924 666
322 782
921 645
1029 165
6 239
1085 434
452 173
898 883
774 714
1104 695
670 430
211 938
930 391
996 82
844 52
833 987
348 363
464 914
500 1033
969 819
177 999
645 944
846 587
765 822
407 190
684 567
145 145
545 274
588 135
216 977
838 629
895 890
102 347
76 251
864 902
148 548
349 627
490 396
986 339
1008 965
313 102
462 977
788 610
754 578
0 605
820 389
851 630
250 66
207 810
681 193
830 899
813 699
346 218
407 848
712 205
309 61
184 53
954 589
432 1033
582 579
197 330
427 1009
1018 181
1018 942
146 96
845 282
633 1036
1118 457
651 954
239 73
330 403
1011 998
855 649
764 208
250 411
902 118
854 376
311 1065
451 1085
712 713
784 428
227 691
665 741
390 207
152 273
988 513
792 997
242 894
640 171
112 389
639 4
88 152
119 780
811 502
311 172
362 445
632 816
524 415
293 535
421 214
748 582
425 730
794 938
490 279
967 106
606 819
358 250
294 463
193 828
367 299
436 776
746 176
870 703
430 614
933 1100
419 776
496 524
686 1047
621 148
51 505
990 200
783 161
290 791
718 401
810 930
351 339
565 551
846 970
551 196
570 165
288 40
992 139
933 491
419 325
1087 151
341 107
459 333
201 1111
962 558
186 972
959 196
1071 871
739 202
448 821
254 535
628 767
1090 310
132 740
604 310
480 168
791 701
968 792
153 448
353 800
711 61
441 149
918 123
967 814
594 678
743 819
324 668
677 814
1008 894
160 995
852 489
797 771
55 1033
292 570
228 366
232 385
271 120
138 788
552 603
419 1030
361 642
906 597
298 410
1079 507
981 487
178 940
348 600
946 541
506 838
962 91
105 124
772 513
449 1018
151 624
296 794
728 482
548 475
499 575
937 384
1100 155
787 858
411 745
570 171
1112 548
400 871
744 899
485 278
951 972
33 791
247 466
677 91
872 1105
172 773
617 798
292 981
302 808
406 701
139 605
1013 297
1041 549
435 1108
607 804
96 637
219 711
1049 842
978 98
32 390
668 147
149 621
1076 624
713 379
163 635
711 315
667 848
149 988
710 225
900 499
544 369
740 505
166 1082
676 604
800 347
168 516
957 391
710 503
956 769
819 442
218 139
462 730
985 307
548 831
1060 103
395 869
481 145
119 665
411 495
471 513
897 940
720 315
661 926
1084 310
361 250
432 276
890 191
208 801
327 740
457 294
1 643
1111 131
876 387
843 996
881 141
778 677
957 1032
64 662
226 673
286 308
323 132
842 983
613 927
790 473
540 592
363 536
875 549
94 525
1080 547
565 121
898 187
115 286
668 383
405 1087
442 780
567 387
850 736
262 287
130 149
553 844
119 157
1042 606
957 758
569 403
764 526
327 141
281 802
1119 371
590 492
578 950
59 948
886 609
671 160
617 338
805 105
912 671
290 756
580 469
682 117
618 514
642 121
904 413
286 747
228 526
428 119
1006 386
272 96
518 213
944 526
267 1096
70 847
978 252
228 636
750 773
56 709
891 294
785 1045
86 244
545 315
635 486
732 117
422 374
668 812
569 345
430 358
354 812
765 500
892 138
493 1119
632 214
754 275
664 644
65 809
1007 541
970 573
471 597
31 135
767 148
273 997
332 860
386 791
727 904
966 621
273 883
853 451
419 539
948 815
599 190
826 468
974 287
645 1047
341 751
478 1115
244 809
598 648
636 448
946 386
996 457
393 322
633 955
644 978
957 155
178 794
1049 156
1092 542
264 1121
683 882
908 496
191 826
182 627
331 668
496 538
712 761
30 595
694 605
671 876
826 175
304 159
112 373
782 1045
343 910
133 588
1010 87
1027 974
556 274
598 800
664 470
509 370
1098 833
749 683
246 645
684 208
351 233
924 644
762 238
623 825
1083 951
875 326
319 331
579 1122
460 1016
340 151
689 465
906 604
450 102
263 693
487 304
835 493
795 324
465 103
172 780
478 497
232 578
697 953
571 826
518 1106
110 787
333 577
398 534
212 667
855 37
273 235
115 10
623 427
894 746
144 945
718 724
842 1059
934 896
1025 1037
292 263
573 472
1084 397
170 900
580 991
889 699
1072 647
644 438
588 104
439 754
1009 769
936 456
820 145
655 441
398 410
854 168
696 447
775 475
981 863
188 293
725 756
1024 897
407 926
1016 394
236 355
706 844
682 690
731 418
303 460
379 785
406 877
353 535
317 40