387 513
244 77
935 1026
441 201
728 985
806 796
435 431
851 506
733 196
156 656
1115 301
372 433
306 837
415 313
760 361
677 751
211 227
675 170
593 470
160 227
166 965
867 172
646 721
396 354
1040 426
419 288
725 137
753 540
740 628
189 938
242 387
449 405
779 1017
773 296
989 719
231 184
403 881
821 376
874 573
984 48
817 555
354 563
948 623
809 13
393 255
420 220
629 437
790 340
1026 844
834 662
581 293
639 495
263 716
420 458
147 131
102 1033
643 875
191 683
258 208
518 437
90 852
525 280
646 843
238 469
597 246
1090 629
954 1003
202 650
674 423
952 414
362 508
221 361
598 278
796 1016
196 1012
390 691
303 319
1103 463
346 1026
484 700
631 172
645 972
538 56
786 735
851 1025
153 130
168 416
315 260
489 755
159 126
261 569
1107 864
753 587
129 863
633 750
836 438
1104 631
371 446
892 1109
157 399
389 442
175 441
1022 45
791 389
331 135
354 681
617 552
815 389
1019 299
237 230
105 916
82 104
555 384
1085 915
1000 346
181 65
544 187
803 469
843 897
269 403
641 30
1012 984
798 743
1000 664
629 125
586 352
265 184
770 1020
1055 911
393 556
869 254
673 710
681 746
795 286
320 15
329 518
788 382
285 252
263 74
293 1057
539 1029
767 162
267 100
624 888
435 202
1000 760
508 393
141 79
320 633
736 204
374 934
1043 133
878 399
573 506
910 89
906 611
923 837
1030 977
632 257
616 164
623 314
387 434
949 885
277 250
86 799
635 604
662 399
47 649
818 313
596 956
186 859
258 106
981 738
1014 258
833 883
706 42
143 281
824 622
904 1021
1068 1103
779 173
210 743
566 42
625 617
1096 357
1010 34
659 377
1079 873
864 932
311 1009
773 683
490 688
899 76
441 398
170 187
956 136
718 266
591 629
437 467
721 1039
413 250
127 925
803 347
952 1021
99 535
337 946
181 136
540 223
347 830
812 174
809 566
228 364
960 1111
920 536
266 524
616 66
89 258
307 914
112 339
878 129
122 135
365 769
753 246
417 670
490 452
203 770
984 128
913 122
593 466
151 562
924 392
560 745
287 512
566 297
544 1118
1059 700
466 673
833 497
424 604
703 727
842 631
405 293
94 124
777 899
73 902
275 50
480 485
275 141
1018 674
864 620
354 1115
48 253
615 878
166 575
773 802
960 112
258 527
921 845
392 664
661 375
797 976
596 111
637 386
639 326
625 908
538 351
629 976
1101 206
923 454
708 596
601 494
278 851
666 518
969 999
523 977
921 54
745 953
929 742
912 937
186 588
1067 967
154 363
427 562
894 605
412 628
100 749
482 1101
403 422
924 832
972 572
962 175
1094 88
298 851
260 975
129 666
10 1062
660 220
385 758
577 966
632 635
510 194
1084 562
776 324
201 497
909 298
1034 442
318 389
734 92
519 610
612 820
713 562
185 334
305 404
1088 368
393 439
661 551
62 510
678 586
361 31
1078 190
102 935
299 693
1022 277
815 491
405 473
41 357
792 227
782 154
395 691
365 954
451 256
227 763
834 148
808 649
203 479
133 212
241 803
151 87
618 492
755 685
165 129
1052 294
138 908
849 163
651 579
626 957
319 245
184 341
423 918
828 353
663 367
410 442
86 116
502 441
581 516
768 74
1014 879
1027 671
452 926
457 672
726 974
198 863
157 915
462 423
986 322
377 901
352 312
649 313
858 929
793 190
425 151
536 106
877 549
423 504
613 810
228 395
1107 185
360 942
266 813
636 359
509 635
310 530
464 929
334 921
759 788
110 174
526 193
901 180
53 625
208 857
466 522
637 906
751 1007
290 434
234 704
1005 541
838 325
685 677
906 1103
277 386
450 149
190 119
638 172
654 920
672 646
327 745
840 166
328 327
977 84
547 266
874 926
543 803
667 493
725 840
250 720
310 923
328 154
722 173
655 962
635 464
1003 1025
722 209
411 871
873 487
670 1045
899 102
241 453
601 1015
344 374
886 832
712 810
617 815
1022 654
368 397
828 133
312 299
637 228
315 313
313 692
973 278
318 85
682 207
483 574
719 1090
140 868
200 919
954 935
210 770
511 519
410 695
438 269
421 170
501 790
328 1097
1094 226
146 759
798 1088
656 327
524 911
529 940
702 125
211 596
793 842
1049 254
284 1117
710 884
220 492
106 490
1114 127
931 686
947 544
161 295
993 1018
373 790
881 44
819 477
850 624
511 1003
983 1020
139 778
742 903
94 484
964 992
507 669
777 776
562 768
555 1012
751 1019
366 495
810 10
1053 1116
305 637
761 521
1061 674
253 40
618 528
349 320
657 677
999 482
116 787
309 152
799 572
193 387
278 540
498 486
861 298
916 713
1080 308
157 1043
763 740
777 563
172 246
272 414
703 950
138 893
125 973
871 791
657 567
728 421
512 355
658 164
1007 122
868 622
542 425
148 385
234 1003
1014 135
363 709
242 168
1063 1057
262 1051
646 488
145 437
240 746
996 209
859 374
215 470
672 832
846 159
1052 901
830 690
699 331
611 872
885 517
234 328
155 1030
356 804
120 918
848 555
996 657
845 839
721 732
523 352
57 782
1058 344
779 953
143 254
836 813
577 292
672 767
1093 566
458 685
954 1022
241 935
406 833
341 307
136 228
704 529
17 330
552 162
929 675
289 530
664 303
959 1122
741 609
1114 888
664 266
916 377
467 142
799 29
771 142
427 801
573 26
214 1003
209 671
263 329
662 1116
835 539
991 826
930 788
246 200
478 762
734 746
441 343
997 203
584 403
668 793
910 164
903 827
346 257
249 294
573 902
776 1004
346 538
711 552
183 926
945 158
512 654
410 976
770 401
505 908
438 700
704 117
550 58
373 396
148 138
620 100
841 108
768 548
485 464
515 82
789 394
126 808
356 1019
693 163
565 806
649 347
176 866
1015 735
635 491
392 701
716 899
471 774
1085 341
260 557
907 221
123 311
275 414
432 729
578 135
1083 587
611 870
728 713
121 448
82 377
918 174
859 85
262 1038
858 944
640 818
1023 944
82 745
903 191
123 975
409 527
670 1085
609 433
164 408
143 634
615 747
955 625
381 214
542 502
754 728
197 106
434 490
1113 168
369 132
735 723
788 579
889 531
544 484
898 330
297 607
761 794
949 681
163 731
377 992
48 745
568 773
667 767
827 675
214 874
908 742
363 858
678 56
969 181
820 1123
353 323
464 85
397 295
267 209
852 370
691 800
199 398
824 65
358 885
539 647
705 669
375 917
1096 572
249 151
1002 785
562 547
999 432
27 431
357 942
925 67
447 832
593 786
50 1089
218 609
1067 1108
634 959
645 616
122 556
413 203
581 156
268 1048
1062 140
992 716
368 1116
644 1011
611 1008
109 1016
733 143
179 759
691 492
1016 612
176 106
1027 842
477 522
774 444
258 474
1027 851
505 1094
115 124
377 663
996 519
305 912
998 949
222 899
765 266
445 1102
721 750
813 766
328 278
744 727
1014 193
584 143
994 832
845 537
562 712
669 501
399 717
495 748
1030 897
475 23
819 1086
225 589
190 634
145 214
1114 188
227 1082
1021 887
368 845
807 403
271 588
430 588
900 598
906 691
125 833
716 662
990 974
604 536
980 286
325 526
1053 357
159 646
278 614
29 186
560 337
631 1001
40 201
487 619
445 554
480 529
872 731
1012 769
846 698
385 60
13 222
1013 1011
1055 264
1030 465
202 870
458 337
337 559
829 757
1115 373
620 160
882 185
150 932
818 317
1031 261
979 291
426 68
291 611
79 243
512 1075
177 315
325 967
1002 138
940 34
266 339
627 411
830 419
642 388
965 227
972 949
950 895
341 770
990 665
308 1108
479 562
121 421
583 629
997 205
950 944
775 309
743 469
654 770
748 268
669 167
841 477
667 286
780 249
60 210
294 142
807 11
554 733
1001 677
693 520
680 515
262 304
956 878
987 703
159 593
1001 1025
491 725
802 724
741 257
782 57
592 621
649 967
399 1053
698 791
279 614
288 840
524 430
707 1052
994 373
421 28
490 1011
541 651
933 811
994 475
568 561
997 1009
281 704
182 880
870 182
981 587
725 194
755 411
163 603
258 1114
240 243
811 367
294 331
261 868
817 861
134 313
271 177
612 746
448 430
450 723
707 586
422 1089
978 686
16 329
1087 844
189 469
544 1008
918 1023
173 581
51 112
288 391
672 812
385 374
766 952
875 45
424 752
414 355
1108 191
749 904
164 283
1107 526
222 114
1097 370
825 666
566 425
130 1052
922 138
48 482
364 70
571 287
515 408
783 675
683 425
359 463
1104 957
279 654
551 740
767 1051
3 270
283 421
806 635
168 956
648 878
244 892
375 287
162 427
689 602
814 1038
14 997
808 826
786 689
556 117
311 604
328 142
406 257
1093 905
803 937
675 856
784 788
609 591
914 333
700 337
859 215
735 773
528 492
217 773
1091 625
817 332
835 440
942 101
970 477
436 656
314 534
899 602
540 632
127 160
545 685
518 340
363 646
201 515
247 824
716 441
995 259
141 829
755 892
530 256
999 222
655 378
751 940
933 651
979 623
137 111
208 198
317 647
743 443
323 823
496 898
160 541
810 911
995 206
151 368
766 582
949 922
959 598
1003 594
573 976
540 282
753 520
443 851
136 474
473 1036
172 323
663 368