248 267
926 1047
419 689
386 335
568 507
924 837
894 775
177 764
430 547
679 509
718 239
885 782
501 615
992 771
801 704
248 1010
994 987
604 237
873 227
1075 146
163 507
372 807
754 361
500 363
709 722
462 265
111 620
610 754
582 466
481 351
718 815
381 503
726 353
869 832
161 518
1047 249
511 1035
945 112
159 147
864 495
597 1002
571 363
768 472
731 518
290 448
508 416
424 74
740 325
537 726
1073 570
289 304
120 588
775 530
27 841
361 806
699 287
715 882
984 1065
914 912
757 656
863 537
424 400
88 176
644 292
402 45
928 257
390 170
736 264
1050 287
186 986
597 106
848 982
1038 437
203 966
651 28
1015 593
362 111
684 204
452 656
939 827
192 835
994 43
209 497
973 121
361 421
1015 587
110 65
639 439
933 1081
806 877
973 451
808 745
460 759
722 380
277 785
832 51
547 174
976 665
145 914
338 763
127 745
184 708
32 921
116 447
793 261
152 963
903 760
582 1024
134 419
753 370
669 154
979 180
458 1064
696 954
711 849
115 848
76 573
710 615
1089 442
275 180
1009 355
489 889
95 292
316 318
269 1114
977 983
924 183
792 1060
822 549
867 328
514 62
571 135
879 785
298 519
818 486
588 652
950 283
993 106
1086 430
226 586
584 772
298 701
139 1001
856 752
196 529
434 346
835 959
168 538
175 1092
10 1063
553 427
455 755
1008 339
840 296
391 510
880 118
622 393
596 481
203 859
729 507
267 976
859 591
776 313
1101 977
51 214
656 239
141 1105
421 957
680 310
30 952
487 978
202 888
863 978
215 1110
866 306
996 815
914 975
968 1047
646 1083
786 840
80 407
930 268
25 122
204 372
993 266
923 322
901 902
1028 321
970 454
475 218
418 1021
821 115
52 241
968 505
279 898
87 589
183 888
234 790
636 84
561 497
680 150
735 750
202 826
614 432
655 164
280 895
950 576
333 689
387 18
642 613
206 763
745 226
839 96
975 197
785 807
77 217
38 708
730 483
665 1107
972 967
352 7
343 514
526 966
966 207
1020 760
40 558
937 778
778 980
508 567
953 609
127 757
438 344
380 379
293 843
32 1083
310 981
148 717
734 375
627 719
234 470
726 1018
777 126
605 384
271 1063
659 741
815 547
157 664
998 675
153 676
398 76
454 484
333 864
790 222
374 666
398 491
11 143
408 659
493 1006
197 165
820 1037
990 83
507 546
932 391
495 818
739 485
343 527
333 534
287 643
122 844
104 404
708 543
571 128
971 137
436 864
357 760
546 847
435 105
996 481
1079 923
379 430
387 521
822 798
1031 292
150 774
544 332
266 108
192 183
801 818
246 403
534 542
502 256
523 171
247 269
178 940
862 567
681 1039
796 853
397 122
339 1034
432 661
831 486
134 939
41 881
360 747
162 972
723 359
78 692
333 107
617 354
334 194
486 738
581 781
893 179
290 882
1054 785
747 574
549 573
754 792
60 350
758 888
599 250
691 588
698 553
211 812
558 637
542 299
812 894
915 832
615 267
703 972
268 343
217 707
275 342
664 188
609 516
222 315
412 564
126 166
304 565
996 120
285 480
427 377
541 852
450 303
903 835
811 659
713 14
736 49
766 636
1071 381
235 970
796 673
267 52
765 107
951 283
458 903
422 370
125 590
962 356
824 451
260 1094
814 326
28 317
43 1100
583 669
543 198
557 475
732 270
759 195
30 136
266 579
460 746
743 795
125 980
477 893
673 453
101 153
759 182
781 430
694 310
375 328
352 157
302 377
898 493
1054 198
827 916
492 1115
878 1095
1118 874
209 561
545 232
667 810
819 581
280 551
419 1000
917 185
987 63
138 309
781 1005
182 932
245 1110
866 968
760 992
324 320
262 346
259 339
1072 1106
691 414
408 1012
568 707
488 989
171 329
656 482
517 609
143 39
441 156
919 682
917 788
804 992
841 746
628 946
537 824
275 835
877 246
951 203
703 944
1026 897
679 111
196 928
857 585
213 7
881 573
584 621
842 473
635 412
552 904
527 655
1085 1000
152 491
377 441
475 243
1110 534
985 560
770 750
254 128
430 788
846 886
1059 496
833 117
491 44
870 297
82 679
896 421
981 793
884 445
640 338
395 853
611 354
885 264
773 394
128 389
700 385
539 475
540 570
984 427
423 712
502 871
448 59
579 955
523 1056
392 456
188 697
558 728
359 213
93 966
1016 805
64 820
331 1015
290 836
246 294
556 807
477 27
553 960
138 712
874 590
134 724
490 744
711 452
431 612
394 313
542 979
431 256
803 879
420 1118
458 823
295 858
317 318
503 7
617 576
908 1121
586 107
782 893
583 387
379 395
853 65
445 951
122 663
463 705
802 766
93 585
1000 248
381 383
712 220
844 33
934 96
563 308
971 686
363 564
935 945
962 1096
618 313
158 180
1086 376
322 1041
283 302
672 1012
781 463
398 668
502 375
1028 932
240 888
965 747
296 543
1093 816
269 208
971 706
815 624
943 62
302 480
709 832
676 844
323 842
578 200
725 827
714 790
983 383
218 463
776 812
640 761
196 696
429 830
829 431
500 402
894 860
754 310
929 1021
486 348
768 389
142 1066
1105 450
671 692
557 274
318 867
206 928
68 201
112 523
46 891
1018 426
861 837
381 465
248 493
840 489
341 424
333 111
250 0
1120 668
939 821
350 371
547 897
145 776
777 595
209 22
1005 828
1005 522
335 818
459 230
126 589
460 517
402 223
500 933
654 455
329 812
1081 518
763 458
799 402
231 57
950 362
111 188
471 746
314 583
1017 511
359 906
215 169
788 1015
908 520
172 602
1105 210
416 862
608 572
898 626
402 760
586 701
584 817
979 846
757 748
337 713
895 214
283 153
577 1021
428 752
286 510
125 916
332 485
713 1049
423 686
148 762
889 299
365 140
743 399
643 22
78 157
374 1046
587 478
430 521
842 414
407 744
791 766
975 744
134 873
508 516
616 981
546 547
871 62
628 726
806 787
8 555
747 397
497 906
2 832
624 887
122 114
703 358
1022 242
937 659
286 840
509 457
617 474
314 756
602 136
843 835
1006 945
779 138
980 687
430 713
814 771
145 557
982 193
975 236
886 395
709 806
473 353
629 1038
400 725
166 272
208 972
722 891
836 837
690 556
16 114
266 766
212 814
113 375
907 554
159 319
185 701
747 480
472 744
1122 380
169 253
644 530
0 408
433 293
51 785
487 792
168 543
283 992
928 524
80 606
312 820
103 770
412 156
657 905
138 506
173 699
651 1082
1038 47
1010 169
792 515
930 802
593 263
675 886
218 614
188 868
246 355
944 294
1099 1021
909 781
832 552
123 714
871 114
752 293
171 359
543 392
239 882
632 749
951 656
644 390
608 360
232 219
852 691
563 597
416 933
278 432
592 944
592 116
1078 204
201 628
1002 523
460 458
790 574
223 438
483 956
740 920
931 976
626 925
952 884
267 743
428 899
310 329
394 617
177 106
840 205
38 930
973 564
160 682
538 875
552 647
156 674
826 203
957 614
643 463
867 172
577 175
440 731
356 229
388 636
62 1040
1011 831
137 772
179 408
1000 757
321 300
145 934
490 379
750 638
932 1054
702 412
638 1004
989 277
781 110
134 906
327 549
742 81
753 297
333 948
844 933
523 44
560 591
344 286
1013 1102
371 239
882 852
268 521
991 499
998 386
261 418
440 157
652 503
852 1037
869 534
523 665
368 866
334 483
284 214
664 52
485 404
369 149
482 209
601 160
240 1035
835 861
418 1077
803 138
793 815
560 308
246 361
443 155
327 480
395 317
95 279
220 499
898 927
576 471
476 296
972 1096
975 862
865 260
906 974
865 1123
616 406
511 846
102 656
225 690
145 593
713 613
163 666
170 376
724 263
61 285
79 133
200 1001
998 274
385 254
719 735
231 102
1024 820
587 475
668 782
664 6
439 338
671 731
215 473
650 1092
1092 532
289 720
741 654
28 619
692 592
243 969
855 181
580 886
585 240
839 555
1000 493
854 817
791 791
984 811
738 194
143 551
184 963
1106 490
377 621
649 182
537 445
920 313
432 732
377 640
458 563
593 771
798 981
984 280
242 271
555 793
742 567
13 851
1017 542
778 794
191 600
479 948
733 742
280 712
989 641
507 278
381 260
878 1006
646 365
927 677
25 756
415 251
334 206
821 525
784 501
250 642
608 727
989 778
456 786
707 844
402 299
491 799
633 406
703 1004
892 863
442 208
546 220
573 330
190 8
655 871
547 972
2 425
698 357
689 130
930 458
854 652
299 863
978 187
262 561
681 205
781 1104
682 512
311 374
287 142
618 397
411 400
1116 971
439 478
182 550
258 867
1019 529
641 206
180 223
568 299
908 371
619 538
527 395
524 571
206 968
584 447
330 772
1020 169
641 537
71 790
260 180
1112 182
835 303
106 125
177 1103
932 501
468 355
269 880
1071 279
183 1119
713 513
864 752
306 535
597 1008
668 709
188 383
841 872
124 257
930 241
379 916
342 429
670 997
308 970
406 514
490 956
563 862
495 68
245 504
10 755
148 1015
532 582
27 1121
971 697
595 398
552 609
149 413
1003 460
432 893
101 826
920 344
390 449
25 883
79 356
986 27
174 723
1113 109
337 116
879 958
792 270