365 186
474 387
775 329
453 686
750 284
554 1046
566 490
681 328
687 166
474 395
314 722
958 659
661 641
517 958
1034 262
556 363
780 699
583 597
539 157
1121 328
16 567
931 1003
346 794
497 456
379 200
540 1014
748 810
647 290
583 539
971 374
352 10
503 260
171 955
743 104
680 824
642 455
714 330
553 848
927 652
296 614
143 93
284 381
343 217
265 841
793 24
435 594
470 315
543 302
466 144
891 763
777 473
926 431
921 867
676 338
1032 879
149 439
238 812
932 998
844 325
539 462
519 721
548 122
116 1003
910 178
522 209
465 279
194 876
811 75
762 246
732 431
924 268
128 1093
417 1084
635 89
394 931
392 146
804 782
870 801
1089 408
659 725
219 361
602 555
378 340
780 1018
374 326
665 532
714 976
629 809
815 404
688 129
994 1018
622 350
801 965
912 248
156 906
726 899
460 829
695 235
240 264
649 1090
917 863
420 680
429 1104
852 776
323 543
53 800
982 925
532 318
131 1023
156 73
906 336
1047 993
102 823
286 229
885 669
233 478
296 389
963 916
724 757
393 526
262 386
817 381
269 648
450 192
783 789
273 304
300 749
830 791
1072 574
528 630
690 617
26 669
4 965
672 827
839 473
696 479
442 103
1076 423
310 452
704 719
413 463
855 438
487 687
412 462
179 394
1110 196
627 693
887 1063
272 866
97 788
295 606
790 502
942 372
366 419
690 985
610 509
611 699
246 353
804 850
899 333
488 277
695 165
287 382
564 1059
499 303
624 504
559 973
765 521
645 597
447 1084
298 815
248 498
688 795
791 455
438 745
828 414
596 692
1018 1081
808 844
245 1082
534 540
1012 467
692 787
346 194
1062 173
160 433
363 1071
182 653
454 270
368 653
688 1016
164 872
479 768
745 945
416 726
295 397
268 905
852 719
677 440
850 152
702 808
527 757
696 351
740 935
152 125
986 509
282 231
505 211
166 738
587 134
662 1078
680 857
210 524
122 274
777 542
83 1009
882 618
1053 105
185 456
202 128
527 335
893 947
1019 1055
1017 743
426 833
272 271
949 664
545 1002
399 359
813 196
163 910
519 488
971 895
955 851
859 306
945 682
544 876
802 620
604 554
502 1066
168 916
143 747
536 799
450 708
45 808
821 527
807 501
268 819
275 558
391 642
479 550
223 1039
428 998
895 573
602 775
258 615
201 279
218 182
180 542
884 1081
957 578
378 1109
316 553
1008 76
395 156
427 411
658 1097
414 702
1097 809
750 1046
690 619
196 356
638 941
1008 1011
303 87
21 18
200 1018
612 999
446 145
54 344
513 629
189 453
187 370
820 643
1060 257
245 577
204 820
1083 44
984 962
842 937
967 306
947 748
981 346
1019 270
989 776
626 259
1085 607
39 41
419 282
747 229
965 755
270 101
890 589
965 515
598 59
966 262
1104 24
405 659
931 386
519 355
760 880
411 113
452 834
359 496
397 172
521 255
368 457
256 810
871 540
425 370
983 242
1069 447
737 212
990 388
536 496
944 482
268 837
971 333
1057 7
143 1059
70 687
876 153
124 522
642 994
983 272
1071 644
899 943
911 803
901 418
832 287
605 142
671 4
557 1115
573 1006
217 405
774 708
567 298
927 617
540 662
158 780
491 395
203 638
939 967
989 121
911 790
418 468
708 835
602 213
451 723
573 218
89 117
108 797
130 370
1018 224
685 1079
1003 900
786 501
1089 809
992 950
181 497
800 890
356 1117
982 1015
619 537
387 861
656 877
897 684
689 445
1014 109
617 860
808 866
737 104
877 184
841 300
1057 306
384 657
822 843
813 130
539 410
888 866
271 320
1032 412
802 6
829 514
852 611
403 697
665 744
312 992
363 600
8 304
767 725
535 508
865 786
687 1024
272 613
939 979
366 1021
610 927
507 1098
264 350
585 158
510 189
904 690
312 1087
45 163
208 637
377 964
841 890
724 927
878 105
882 289
714 916
936 228
134 271
378 222
1082 557
318 164
738 607
856 926
169 502
729 802
1118 475
288 248
597 57
823 828
1012 878
158 265
159 716
199 828
357 453
135 492
747 162
982 296
789 294
701 518
212 186
726 1107
927 978
550 200
669 833
135 2
446 693
285 1067
241 420
464 486
385 823
167 666
171 225
442 914
720 535
824 691
127 689
120 491
565 744
644 927
776 768
325 939
480 192
513 228
263 1093
52 318
292 798
359 1044
579 17
632 331
1003 756
216 666
1011 516
786 327
970 586
977 836
446 555
974 370
1118 228
669 58
43 724
525 326
1016 913
41 285
17 859
463 954
926 737
824 195
761 912
428 980
540 27
408 812
679 478
185 479
837 683
986 578
612 737
707 306
27 249
725 959
655 170
143 72
706 1117
129 649
295 370
845 887
553 133
770 708
770 461
1023 295
307 646
755 703
922 100
459 30
0 207
664 421
483 733
378 1041
909 441
141 1002
231 809
500 828
772 814
18 160
570 532
997 485
854 851
17 677
53 947
487 600
138 441
792 754
679 356
827 179
473 171
651 823
1103 1030
157 685
144 963
177 281
700 870
531 966
244 595
925 386
733 914
484 980
487 608
830 209
809 329
251 939
220 698
693 294
217 689
869 104
519 1062
189 280
937 224
806 560
787 302
574 318
634 782
377 1006
950 732
431 554
555 268
192 610
188 970
1013 192
443 830
340 162
320 548
871 388
105 420
543 552
161 275
113 961
1077 416
133 360
223 388
372 483
868 502
146 575
352 799
510 926
191 116
765 630
1063 131
425 532
396 183
141 63
900 315
703 756
564 451
441 457
722 337
22 741
764 728
634 725
455 581
179 416
156 1093
714 597
632 104
780 114
1043 382
113 281
771 368
432 190
224 722
1013 179
823 780
571 1050
586 13
128 780
155 105
193 685
1098 218
554 165
135 512
792 615
868 435
1114 29
614 70
459 609
738 312
744 367
298 411
16 104
320 523
171 439
799 786
779 726
785 881
318 847
356 17
340 408
281 874
329 179
921 830
921 178
832 857
114 93
543 983
981 470
253 44
774 338
671 196
549 849
441 241
107 564
184 354
183 526
856 338
717 579
504 2
683 850
4 684
324 492
506 695
475 495
321 226
948 1031
451 324
829 807
650 662
282 648
897 989
639 626
411 32
232 1115
183 896
620 1065
1108 522
376 984
488 501
354 248
989 914
160 1106
219 411
438 122
844 299
469 614
284 39
1067 411
840 764
1063 499
446 369
129 839
218 378
271 648
899 808
375 250
567 355
879 923
975 601
394 247
327 843
651 255
574 202
665 113
145 269
908 738
137 549
275 165
1117 911
408 817
449 679
835 543
560 895
206 843
352 46
104 935
84 799
220 475
309 208
224 989
725 381
167 620
1068 836
171 779
677 1004
648 980
584 795
1000 267
560 143
131 200
1076 1080
561 867
393 890
441 826
471 637
634 151
340 882
375 1016
683 630
976 976
890 190
634 833
662 811
339 363
888 307
149 381
1008 443
916 243
991 974
450 940
350 1114
792 20
726 533
141 751
19 354
682 1107
675 1054
22 191
577 912
172 738
678 796
780 186
589 196
370 421
399 1102
509 1078
844 1073
459 449
547 142
219 695
350 683
738 639
1002 1091
503 253
451 882
1078 540
300 495
243 115
929 900
865 1019
1007 662
198 833
136 202
676 385
515 695
8 698
678 268
991 1081
791 372
902 111
751 922
191 446
472 723
110 239
410 418
910 189
921 837
296 631
673 42
396 960
318 244
32 900
737 281
456 875
720 363
892 893
393 174
878 883
876 754
103 919
690 712
129 664
1028 665
553 538
321 218
271 867
668 126
908 468
229 666
306 803
574 703
906 655
732 822
744 223
519 181
387 467
895 979
126 601
183 802
1083 882
743 933
84 469
589 126
350 662
373 491
773 348
617 883
1033 65
1098 44
54 78
920 351
622 949
867 670
732 131
28 458
435 142
123 849
333 250
809 233
805 306
984 513
828 708
473 851
572 244
186 999
225 391
953 187
495 635
792 241
340 1018
698 505
227 246
353 771
12 831
857 640
404 273
572 674
149 323
535 159
810 1008
576 126
910 272
825 717
464 897
1013 706
689 389
441 363
210 199
721 41
1038 390
795 606
804 409
768 460
921 1050
745 861
988 804
468 937
620 241
600 1064
210 102
946 408
382 881
81 585
137 567
399 966
102 830
961 294
990 848
880 203
208 1056
1017 741
346 100
747 658
955 982
462 38
1093 988
679 503
1089 778
842 699
773 68
324 100
36 505
825 43
970 586
724 891
193 757
621 48
171 43
871 512
328 98
451 825
141 278
908 684
124 85
236 276
323 633
410 172
816 449
421 745
957 322
528 358
223 641
207 838
728 796
913 394
60 545
679 710
336 1115
441 319
676 660
79 762
171 156
886 835
535 127
451 641
4 644
920 580
957 173
741 1016
398 126
946 346
314 217
410 1012
762 308
154 714
417 486
667 792
464 506
749 691
463 1019
613 976
916 19
904 101
580 864
121 655
618 511
308 277
77 403
157 1005
500 1054
727 276
398 125
792 884
346 697
581 133
1009 412
250 508
629 391
648 586
762 130
338 868
313 295
245 999
764 341
118 983
703 236
513 213
148 846
47 193
1009 319
968 159
463 361
74 348
1123 536
265 784
104 323
664 627
190 422
679 628