455 225
733 381
252 817
799 421
972 297
592 758
271 1008
661 966
939 165
572 142
928 908
640 808
236 238
1041 408
299 729
295 907
575 211
141 403
726 499
429 262
684 126
466 310
598 242
853 262
1020 411
499 247
432 591
350 361
647 613
490 385
393 893
927 583
907 553
765 563
895 859
640 295
611 992
756 927
450 177
43 423
870 343
1045 728
693 689
272 557
562 819
969 1011
307 649
933 567
566 390
780 133
864 209
151 583
376 1084
624 547
848 702
191 593
368 209
66 786
176 762
506 403
937 1048
980 537
544 927
689 516
420 662
378 141
923 73
666 1037
462 155
317 747
157 88
221 939
721 865
611 57
561 932
1099 869
789 420
1012 270
758 344
727 1110
638 574
919 734
255 393
972 620
793 639
675 309
178 75
1117 958
212 685
694 375
54 773
493 424
586 720
850 972
331 107
284 981
588 647
147 309
591 229
891 984
858 1078
762 1000
672 254
428 787
674 110
221 933
320 225
447 974
559 612
532 844
641 89
394 809
664 763
718 219
818 858
1102 227
543 198
474 107
338 218
772 271
1036 397
926 211
131 159
105 744
385 125
452 920
965 623
286 10
645 959
624 606
981 560
361 716
735 331
955 264
1005 582
686 1117
1105 512
843 321
520 876
283 693
925 168
809 129
211 714
877 607
708 317
137 710
573 1007
569 118
820 484
549 731
368 938
755 931
665 387
531 614
470 865
410 659
438 545
682 265
461 465
541 130
914 829
961 113
245 394
356 292
159 631
897 994
365 1035
537 907
981 553
670 872
1014 571
560 629
736 265
305 345
955 1005
524 280
320 901
457 724
127 627
495 612
425 727
597 581
333 1080
150 187
548 461
635 580
111 818
794 547
1026 841
709 409
490 389
748 716
244 191
111 110
104 18
870 120
217 817
154 44
439 952
312 988
173 486
220 794
842 718
369 562
664 711
878 853
694 769
995 1108
82 913
757 647
280 975
934 1005
184 591
25 959
296 138
937 823
821 429
136 325
128 327
719 556
716 366
788 648
910 201
311 42
323 453
17 144
1010 787
993 175
974 896
1032 432
947 384
499 657
419 264
383 316
68 432
989 162
165 291
1055 903
378 838
1014 292
179 419
1005 869
932 837
413 1096
680 1076
113 135
322 222
668 981
54 18
738 236
628 800
1036 594
278 976
823 668
385 876
511 475
615 530
1015 598
150 462
1040 784
994 75
875 473
323 268
983 233
447 145
799 860
805 992
767 708
135 860
324 578
172 1066
570 902
1000 699
81 809
264 20
532 520
1003 542
493 479
323 114
1004 695
551 301
1119 988
608 776
1021 625
906 432
367 644
636 774
507 1102
701 677
290 774
1101 438
884 255
331 629
1073 816
882 988
291 677
890 493
930 365
702 79
592 330
680 154
862 691
140 977
826 204
369 982
441 789
675 850
843 802
649 1094
638 263
729 331
452 284
223 845
1105 835
146 509
547 46
767 148
666 790
849 127
271 823
872 316
88 928
1115 227
399 895
904 291
108 172
181 299
23 707
777 673
18 136
921 977
470 436
852 269
876 812
346 957
114 630
649 632
294 555
150 979
335 802
706 202
803 1064
387 483
612 931
1109 1009
846 373
572 823
181 356
497 1006
570 765
681 213
727 354
674 855
251 1020
254 394
863 315
716 470
123 621
160 504
755 581
1004 600
686 506
428 787
520 376
960 798
110 0
855 328
486 674
758 287
319 869
925 878
251 106
212 269
444 1006
319 891
865 367
18 827
921 715
200 1114
279 254
612 133
14 270
347 496
156 224
463 696
810 101
55 756
99 882
61 30
350 722
1076 300
1016 618
256 389
558 1015
504 231
298 440
330 524
484 19
706 368
139 593
180 204
989 135
922 461
1087 790
443 981
921 472
550 1106
657 956
574 556
879 198
845 167
393 259
2 275
695 313
1039 540
860 800
268 255
30 242
647 269
1119 868
1077 180
566 359
859 251
537 753
835 310
875 792
600 769
380 939
788 560
591 1025
373 1117
1004 228
196 893
182 719
205 240
172 167
904 137
763 188
414 688
886 719
987 544
274 861
714 184
75 692
777 293
115 126
413 154
338 581
255 363
214 804
240 212
100 104
475 608
641 875
407 178
110 413
813 831
523 1104
588 291
319 1105
105 896
237 759
739 910
265 987
933 435
524 895
661 833
868 10
227 322
977 410
683 716
440 483
332 153
168 281
618 471
506 73
955 1076
900 359
174 168
415 973
481 286
90 831
620 991
225 378
930 145
161 542
123 132
631 1067
199 922
784 45
377 266
1070 435
894 1055
1024 72
562 330
151 676
346 239
542 980
693 470
361 585
165 81
699 1010
503 234
597 828
529 522
612 889
897 260
605 1047
599 71
554 495
537 392
160 281
761 435
34 581
447 164
230 693
648 198
997 245
264 445
669 157
274 461
138 19
139 643
977 72
689 873
1032 243
534 459
868 1104
545 113
812 277
203 283
291 473
954 694
185 708
960 1094
295 1047
1045 126
171 439
159 629
976 195
798 977
515 855
646 633
578 503
417 15
302 396
809 610
119 852
605 785
654 657
296 658
479 115
816 772
503 260
964 1089
420 271
667 873
131 323
169 1020
34 1072
316 376
887 123
280 77
924 87
555 183
172 784
670 870
641 214
493 375
663 325
181 848
148 807
590 977
817 995
205 431
792 936
443 400
431 865
806 228
1001 1007
120 114
267 647
93 589
341 683
977 817
193 679
867 777
940 723
216 967
307 1105
847 626
28 899
167 323
454 901
987 345
790 606
1077 142
531 277
484 583
399 1112
793 662
990 1073
1005 724
908 1008
767 92
531 393
919 322
675 796
904 375
292 345
318 457
379 453
1000 599
780 823
580 292
691 1094
820 993
967 390
187 537
608 330
992 1114
727 863
958 647
143 827
997 276
393 441
340 893
964 211
537 466
910 832
104 621
122 989
565 219
331 577
670 1089
268 484
1028 990
937 330
955 564
553 884
839 291
709 246
552 1021
153 127
43 577
1041 418
886 448
966 134
1004 120
817 663
550 750
704 371
1010 626
1071 940
923 313
953 388
243 491
576 1048
451 913
522 592
1048 108
589 164
213 849
172 165
627 404
67 245
597 371
356 580
221 853
1075 687
103 1002
392 561
312 724
435 608
685 1045
875 843
911 138
266 688
79 572
1065 807
339 452
840 101
184 534
216 729
335 911
508 633
806 688
988 993
727 710
508 155
1034 19
516 443
625 395
673 429
43 438
103 1009
546 498
224 583
850 471
937 590
973 593
466 819
225 498
611 943
411 9
996 1007
387 881
370 786
365 462
168 995
263 509
192 940
573 631
587 855
735 318
285 216
127 1082
829 617
671 536
824 66
330 294
444 194
870 260
1023 760
356 686
153 859
491 220
491 161
421 759
1009 682
469 155
125 573
785 586
485 731
361 573
626 240
177 516
946 644
372 913
497 277
518 242
954 603
743 985
267 661
344 892
634 237
61 568
142 827
240 209
242 180
583 452
207 932
656 781
808 531
632 867
570 273
812 144
165 1111
1000 4
886 786
778 257
846 298
542 749
190 613
575 840
332 29
576 1012
310 789
697 454
860 865
823 992
548 298
958 154
288 940
786 284
231 226
582 616
533 654
898 178
759 899
930 926
923 318
605 956
151 860
233 248
800 587
384 774
757 123
980 246
965 888
611 620
990 137
658 287
311 59
110 462
948 363
407 565
935 63
543 623
630 926
721 299
291 482
531 808
503 204
101 581
1003 184
228 1018
323 144
887 1082
860 313
237 634
268 932
49 392
313 328
955 119
795 101
149 105
69 683
285 365
113 330
1116 353
458 318
327 854
634 290
124 962
1005 234
438 755
1017 1066
346 748
1047 128
147 572
818 345
159 631
173 241
774 169
255 536
338 136
601 51
917 157
687 546
298 160
144 264
190 844
402 707
897 464
842 427
212 375
347 835
466 349
749 565
115 856
800 253
1080 930
866 702
469 514
990 477
264 156
151 189
275 988
627 332
454 27
219 544
1044 76
802 585
1116 230
940 1059
268 1112
146 711
916 1120
284 744
868 161
27 792
927 620
552 815
821 614
836 314
411 590
592 435
206 515
779 163
356 217
851 225
222 647
680 505
494 185
512 55
885 363
759 636
232 634
357 903
515 595
373 411
797 646
1075 608
228 712
455 251
335 156
416 669
1004 844
435 91
681 948
980 1089
146 1001
1048 177
872 669
956 236
147 719
426 47
703 1104
267 250
349 338
248 503
582 664
700 377
576 1039
409 1114
633 427
433 832
682 153
1023 128
775 733
855 648
748 856
335 461
415 232
1119 826
968 520
1035 623
432 664
599 700
863 568
647 514
223 798
239 970
861 972
1097 1069
994 931
565 897
279 119
320 509
163 623
697 358
923 230
1057 126
376 350
593 691
215 816
597 415
100 477
839 452
925 840
828 708
249 742
998 558
795 1021
790 754
394 718
928 440
879 922
388 857
741 664
107 615
617 1118
571 675
911 926
687 886
721 919
46 781
524 398
410 1070
257 493
267 456
220 915
668 427
966 408
1018 376
832 554
243 346
3 811
786 182
233 147
624 768
420 827
578 237
654 917
1073 29
720 432
365 770
800 945
341 661
425 700
434 1076
205 540
707 567
524 254
292 896
736 474
851 616
719 893
431 463