314 589
193 552
1055 173
549 485
888 152
691 25
741 862
250 328
291 777
898 460
602 1102
336 581
211 567
200 670
228 771
915 46
799 1041
729 296
929 1099
625 1021
625 622
144 172
990 942
802 125
728 1023
279 295
330 91
285 1122
566 699
466 180
244 381
857 61
710 736
541 40
334 165
661 706
173 970
57 399
632 806
369 656
914 580
299 252
246 819
862 710
390 162
957 685
474 107
1085 987
355 407
116 872
572 463
261 943
489 94
152 772
875 272
889 166
216 580
399 627
263 905
1095 738
427 925
242 691
61 852
700 468
834 154
261 95
487 529
441 152
268 754
116 227
661 76
447 666
1075 966
537 691
681 709
437 770
704 329
439 748
611 919
616 366
908 980
698 614
510 162
714 325
950 1052
276 933
780 714
140 308
810 144
50 616
190 592
166 180
116 130
821 726
1047 105
979 561
915 122
954 14
226 284
302 268
214 228
450 855
639 452
906 905
296 683
531 596
751 913
535 1082
936 134
261 154
715 485
431 612
276 517
1005 649
248 452
510 885
854 350
709 33
463 418
215 979
527 737
994 130
680 1030
849 728
529 103
877 627
390 444
602 143
390 77
123 115
199 281
819 242
74 334
837 870
631 1049
742 732
268 598
121 538
846 215
410 598
663 657
311 247
583 660
991 316
112 876
588 335
1031 932
227 520
1069 830
106 412
269 664
862 343
839 694
318 1092
746 939
572 105
527 720
281 352
820 724
194 721
347 279
992 721
704 55
876 330
936 301
156 280
702 678
1057 992
806 167
363 900
197 469
637 4
179 690
141 376
748 647
822 504
975 840
1047 1043
252 595
440 359
803 34
771 342
147 550
794 461
654 785
294 937
644 851
935 205
364 743
553 220
501 304
537 632
133 741
289 101
704 967
1005 1031
902 536
1032 495
915 1118
621 665
430 830
801 984
337 461
768 621
1008 14
823 703
46 1045
426 919
130 217
911 712
388 720
702 721
206 469
657 746
353 446
206 680
170 242
571 444
819 1087
350 259
408 1002
302 551
1097 202
421 320
159 824
1119 624
262 412
803 679
803 249
711 603
311 974
1049 644
266 985
308 244
562 371
1040 721
333 137
422 681
591 651
1106 154
914 863
755 250
408 914
111 543
206 436
851 1059
708 1051
698 149
1111 919
212 499
117 261
766 230
421 242
423 642
71 549
742 204
681 945
529 563
467 1050
140 698
149 720
827 107
1000 488
249 419
1049 1016
483 121
938 936
212 200
1023 392
601 579
398 540
739 640
120 618
587 1104
685 668
601 544
674 841
137 640
58 170
799 357
471 578
297 462
562 228
374 530
907 441
564 342
301 129
854 763
135 1023
439 832
357 641
738 504
326 1010
611 415
1000 826
370 373
891 350
342 640
950 1025
204 652
682 405
592 717
556 20
295 265
607 1100
519 830
379 875
1068 979
364 443
51 466
339 681
1083 666
361 500
378 919
162 903
418 108
722 260
517 207
1020 799
103 269
442 1012
922 991
652 1042
805 418
334 651
128 425
240 695
963 507
589 425
1086 369
731 926
592 98
400 934
524 389
753 11
188 1012
411 306
807 208
879 392
690 490
276 74
978 365
769 237
1104 849
847 425
8 899
105 749
911 911
487 573
875 620
949 318
596 132
476 284
24 282
477 358
511 189
425 225
273 855
210 748
556 690
468 698
129 589
853 1023
609 843
330 77
443 98
129 767
133 260
565 668
964 223
201 500
169 1100
819 567
420 382
194 79
413 635
963 804
786 472
649 387
687 1046
732 163
117 900
470 543
9 1020
495 891
1107 871
336 969
838 822
943 564
1077 868
567 203
749 1102
585 463
953 844
104 526
550 576
267 139
223 644
451 952
311 502
163 877
381 531
457 675
1103 146
934 602
1003 307
588 738
611 167
780 420
672 979
445 1116
156 888
684 781
1059 277
863 445
967 441
329 734
770 638
110 789
1017 929
393 452
591 785
502 226
1095 78
757 394
821 147
143 470
287 200
543 333
600 842
666 1042
272 204
275 179
938 989
688 476
43 523
1059 296
807 295
580 999
989 440
359 424
922 370
743 121
597 447
475 502
453 736
636 288
972 760
274 599
574 864
814 651
132 376
441 722
572 925
183 548
121 657
527 200
718 894
717 717
528 524
110 19
820 832
526 846
594 645
728 430
388 895
1103 734
430 911
628 709
854 666
900 1033
19 813
534 178
409 316
166 859
451 344
1119 868
492 933
686 260
602 1019
318 292
877 869
792 271
252 192
936 157
574 845
338 798
863 1045
510 1007
194 247
926 915
522 842
1079 879
437 933
151 171
840 930
973 1039
330 569
514 233
938 607
902 486
1018 717
344 752
641 164
1108 642
275 109
1054 959
561 908
638 214
727 378
840 556
433 1024
858 647
65 802
548 471
608 621
365 613
148 23
624 194
449 638
576 568
851 659
648 7
380 539
213 1121
26 46
456 331
987 929
900 964
260 918
841 185
594 1120
354 165
658 767
603 540
299 719
358 599
75 69
649 360
479 411
118 670
710 414
800 403
15 1002
330 623
441 899
169 136
632 326
112 875
894 763
546 811
443 843
403 1000
193 468
72 298
886 1104
312 719
851 1009
600 712
149 581
573 1104
922 497
585 855
490 223
894 616
1054 85
716 146
774 123
649 818
382 1096
461 874
781 198
323 444
41 700
631 827
950 278
655 525
526 302
51 765
160 649
201 749
220 900
1000 984
690 649
792 925
370 511
286 401
616 576
752 924
640 996
784 363
952 715
551 943
492 368
623 451
942 784
1007 507
287 1120
747 461
413 268
514 1042
749 748
70 49
1019 587
880 863
673 467
1078 612
185 198
210 223
350 292
260 1
252 945
375 45
1039 812
694 100
733 829
784 887
408 1045
331 700
867 300
802 237
290 326
657 141
899 116
439 869
419 262
1019 115
551 1011
563 184
340 1040
761 844
876 528
970 182
729 58
280 378
746 877
567 1071
733 1103
159 459
988 1081
745 471
803 1086
846 174
1057 75
505 611
566 819
909 461
445 307
441 726
178 590
270 405
745 251
41 268
776 343
966 301
363 129
357 544
646 832
814 109
1104 315
430 197
637 191
794 342
887 889
613 1120
897 306
766 179
537 361
473 876
797 581
794 570
219 175
738 420
308 1020
939 68
862 343
529 1054
721 607
760 1019
636 892
499 155
16 719
489 797
508 93
463 823
306 290
142 308
530 49
57 848
589 389
70 555
685 845
894 598
26 941
990 549
435 996
530 399
302 267
218 346
636 183
660 685
625 800
809 358
35 650
559 903
314 407
527 516
739 199
551 341
32 421
119 1082
76 647
769 516
178 244
86 1000
88 122
688 688
1057 646
501 726
342 579
172 565
209 212
901 316
182 876
919 772
300 538
310 676
683 1105
527 451
6 783
748 667
684 243
816 325
170 159
77 1106
1011 422
379 399
99 599
697 721
513 28
702 330
900 266
254 702
280 520
898 947
201 935
542 376
703 659
433 46
772 549
623 352
578 890
965 527
689 327
298 145
304 725
571 695
817 428
893 533
987 930
419 510
747 634
403 201
935 257
801 10
967 66
473 644
927 327
333 156
665 206
489 254
395 746
212 579
284 462
398 1004
480 634
948 456
892 538
762 695
563 574
519 193
971 371
403 261
791 403
654 622
261 95
374 560
602 713
937 32
171 408
754 459
328 855
388 956
636 141
146 999
599 747
485 572
328 523
164 689
384 425
784 895
371 572
992 185
641 213
553 620
424 172
375 82
249 976
59 897
291 155
172 174
347 333
598 363
182 433
1118 785
531 400
602 691
845 384
1018 403
304 137
1057 1087
986 195
635 414
1000 15
1082 449
145 646
233 520
135 1007
208 795
301 120
342 675
277 16
1012 229
298 993
221 926
555 441
725 537
168 116
489 534
142 953
1072 32
399 833
242 468
952 320
736 592
1029 29
702 796
376 241
871 429
305 889
657 580
958 45
621 482
764 109
614 547
385 506
322 713
555 810
597 665
120 710
905 488
759 265
925 534
346 697
59 498
516 766
878 236
1062 258
980 386
893 214
996 569
415 885
249 389
446 941
209 574
972 476
996 459
713 505
764 548
633 115
503 1037
906 906
144 766
949 3
816 649
1107 471
741 665
974 103
221 856
433 815
85 429
413 769
34 779
596 277
760 718
447 231
114 148
259 209
233 995
84 822
638 1002
326 722
114 799
484 406
535 781
186 801
328 876
917 477
419 532
865 132
590 753
943 219
695 193
471 932
564 770
740 357
81 743
542 1051
889 301
984 440
842 236
771 1121
463 175
398 545
918 690
1095 623
315 963
1108 311
1007 604
542 842
583 232
1035 334
786 142
675 627
847 586
706 889
227 988
1018 56
211 201
658 706
1115 114
285 713
712 863
1036 228
158 859
648 752
959 595
319 633
360 1019
93 515
85 646
669 878
201 709
449 629
763 289
511 329
617 518
1069 708
871 503
286 459
989 297
118 268
412 1073
923 351
465 567
469 755
64 672
631 240
933 241
127 1054
754 852
284 441
1000 853
558 168
363 786
466 850
546 219
670 1017
222 490
966 1009
606 123
1041 362
991 399
851 117
156 549
972 690
289 43
700 863
145 1096
664 530
380 178
112 994
315 634
321 325
1002 831
1074 270
99 399
282 662
244 686
225 424