537 867
380 200
470 140
357 450
204 773
643 225
401 1068
615 803
394 216
292 915
288 622
140 429
565 813
18 545
228 486
919 897
435 712
1040 897
904 1018
291 493
607 562
9 34
1097 871
244 505
864 172
929 307
1114 392
752 129
196 437
497 49
337 734
930 284
147 530
223 996
396 126
314 732
599 999
852 674
666 330
846 1043
400 200
932 519
873 1113
907 323
242 567
937 776
457 610
170 225
120 234
769 435
1001 1001
912 940
7 379
587 90
231 886
751 939
488 982
214 792
916 56
934 788
748 717
931 867
950 947
113 278
691 423
158 893
122 62
134 143
1111 590
344 390
1080 307
877 999
552 636
160 805
297 286
138 116
527 1088
229 873
962 156
990 1091
813 579
942 157
465 203
197 598
133 1096
674 557
404 482
742 288
801 645
936 447
1001 865
893 948
617 251
809 324
433 902
576 754
241 803
209 1083
893 328
507 256
172 953
337 672
515 755
65 366
915 951
544 490
893 1020
700 649
123 205
53 794
973 404
833 1003
438 79
719 43
432 1009
530 228
321 851
589 419
655 800
530 394
845 121
366 371
850 312
648 637
223 311
467 788
1033 250
928 690
597 931
248 924
531 731
616 394
780 858
511 579
995 766
597 489
850 246
276 919
1035 414
392 881
455 350
666 858
365 84
69 275
916 385
996 772
932 731
715 996
595 865
909 62
414 623
1010 54
683 83
801 872
721 596
395 170
42 521
481 799
768 847
308 853
344 167
443 392
226 572
642 593
949 561
544 923
806 609
89 712
737 954
325 363
430 260
519 1067
109 559
754 276
32 82
37 1
609 9
30 550
812 596
213 1111
804 358
513 371
623 784
206 438
380 338
1096 490
229 425
1091 210
955 863
452 899
267 454
112 860
559 258
763 767
535 481
839 689
563 653
822 152
546 911
409 184
3 836
242 617
996 429
391 585
173 347
191 648
806 530
993 145
799 806
868 109
428 859
970 814
458 609
200 578
469 65
422 248
860 919
99 145
787 451
559 479
443 698
811 1068
446 955
916 70
968 177
599 409
261 976
69 207
231 492
192 916
743 404
337 396
758 82
403 395
661 283
583 578
711 221
672 1013
961 210
466 963
946 874
1014 856
755 678
472 304
944 680
581 315
846 721
434 286
627 960
170 220
1109 10
295 1045
384 180
406 889
537 884
225 467
694 70
431 728
181 839
623 542
495 386
510 463
282 229
450 709
954 424
184 148
602 908
59 288
578 780
406 605
367 721
778 251
870 32
20 909
178 438
815 926
917 989
693 589
202 549
919 983
248 784
61 529
685 384
191 216
820 818
1014 245
521 625
662 962
577 656
164 724
668 904
710 633
577 310
1073 137
661 762
879 896
853 512
538 197
692 834
136 199
273 274
639 361
432 599
459 627
637 1102
471 314
133 851
825 950
228 478
570 634
219 971
48 612
51 100
789 269
922 965
740 46
136 829
762 481
983 970
1023 982
883 1088
789 1012
1003 979
149 800
104 70
152 104
714 339
460 686
319 544
1015 861
230 976
648 466
692 114
221 666
667 923
577 976
232 384
1014 414
990 666
980 947
990 597
787 273
761 769
490 516
1023 797
561 116
929 952
721 958
663 332
226 753
963 458
772 717
597 245
874 952
241 481
271 248
975 397
371 673
712 567
485 223
508 580
145 409
206 120
445 449
696 554
479 453
622 737
146 658
835 903
145 505
766 715
675 489
194 266
608 321
870 124
243 1015
189 636
473 1023
890 357
458 353
415 754
1006 316
707 421
166 422
1000 558
299 378
442 190
311 821
374 383
258 281
308 479
951 356
649 1004
560 896
684 121
62 131
470 910
517 1001
554 872
448 501
449 420
928 1054
547 905
222 253
551 437
449 593
609 802
633 381
907 351
582 273
107 1087
207 617
482 997
606 693
758 936
200 611
608 766
665 1120
699 356
530 854
764 551
262 363
232 825
385 315
236 667
322 529
1122 831
384 159
78 713
320 264
463 941
78 732
161 580
164 917
733 743
902 770
329 554
1047 123
881 653
891 360
527 136
118 234
947 606
905 84
927 1006
627 233
755 773
1018 644
9 722
498 605
244 601
862 272
833 813
317 967
599 388
387 232
221 14
465 710
331 903
962 782
608 606
319 651
967 950
332 997
35 796
332 617
656 1080
390 250
364 791
225 14
258 59
945 148
130 534
115 203
401 1015
1123 425
791 124
508 449
408 522
300 391
116 811
376 767
559 913
858 815
839 105
361 637
397 1024
510 869
549 391
852 1058
174 276
848 738
76 586
66 136
852 705
810 563
533 249
664 1121
776 973
114 342
911 377
511 828
296 1109
668 788
969 874
692 592
647 1096
113 610
136 534
137 701
923 141
751 815
400 1115
483 157
291 654
1094 818
417 848
842 626
50 705
304 199
635 69
100 291
293 358
70 409
921 909
137 618
1012 1037
249 804
525 1002
704 765
1017 807
366 1054
688 487
529 771
866 614
515 552
868 354
530 191
527 350
523 1023
410 437
779 383
317 754
562 824
128 94
521 813
317 729
358 231
326 1030
542 577
543 653
415 653
421 650
743 464
211 933
404 931
180 851
613 240
637 669
808 950
246 352
485 1079
844 270
214 714
1000 772
824 116
676 611
898 637
301 416
203 757
498 418
562 1093
1024 1003
256 741
701 1109
657 870
753 184
916 200
143 371
495 231
629 1000
359 437
199 880
190 612
804 210
607 162
277 190
151 511
373 583
485 410
260 616
711 462
975 525
870 148
905 671
663 231
372 940
947 256
1007 470
345 951
365 293
289 563
233 532
524 665
289 237
202 111
91 94
472 631
696 1047
587 953
483 203
812 115
365 280
676 589
849 222
410 287
882 544
419 284
943 1007
206 969
395 936
889 362
755 503
583 521
637 877
779 746
425 793
480 305
724 330
450 421
974 693
457 853
347 908
340 1115
628 459
283 127
315 1030
953 766
599 1092
584 362
174 491
110 322
322 951
601 944
625 756
149 959
533 227
557 63
211 436
603 313
417 123
81 100
117 695
849 883
781 715
183 357
844 901
468 118
449 1058
989 108
52 614
934 1007
449 1112
308 310
831 954
714 679
665 582
1059 759
144 931
507 1074
242 80
468 194
743 67
502 981
181 743
438 811
446 416
891 176
571 391
185 176
645 716
8 1028
261 884
1057 210
703 690
942 118
697 538
347 647
880 160
58 633
31 458
15 524
661 575
925 349
700 64
980 489
819 686
589 442
17 1007
50 212
863 973
1074 980
107 731
404 636
208 498
1017 281
956 288
328 217
736 463
1109 609
757 284
894 1029
778 361
449 816
1060 946
420 676
675 690
1055 371
1017 177
199 170
1106 593
860 564
259 869
521 912
115 21
1001 997
960 722
297 1119
730 710
916 626
419 785
206 917
489 965
1101 806
258 199
316 921
287 678
481 410
782 286
514 440
1080 259
547 529
222 738
638 526
354 653
238 137
53 692
104 859
97 625
756 234
631 389
487 530
378 984
410 230
174 799
695 262
979 865
681 135
30 156
861 953
627 1092
439 404
585 738
758 1000
108 713
988 872
759 177
153 347
332 990
174 832
627 943
180 764
686 582
101 795
731 538
691 1033
460 500
1047 1031
286 292
96 282
58 181
605 731
627 408
248 541
225 115
532 976
863 588
409 743
434 562
30 718
260 145
418 375
540 102
758 1056
1029 502
871 717
964 978
815 472
651 607
326 894
846 892
310 906
255 895
526 843
730 269
411 110
314 624
924 617
138 609
381 808
830 301
549 1086
621 229
843 923
900 818
573 457
13 868
299 1072
342 281
616 1083
997 192
166 57
952 317
583 871
635 367
1018 686
792 463
399 278
610 763
327 109
1021 850
819 902
676 271
803 734
753 354
1053 382
933 729
262 567
1070 477
449 218
409 148
862 951
949 528
694 253
826 282
1021 107
999 650
310 251
760 1002
486 840
197 729
966 1011
963 82
355 1017
123 917
636 908
969 667
114 805
191 855
384 923
623 990
163 583
663 1120
700 753
938 137
60 573
138 906
608 612
432 1012
229 932
821 981
862 560
377 845
565 619
321 1121
1007 152
744 933
835 649
180 161
608 1007
298 756
237 772
22 733
1013 911
395 219
1012 350
965 36
174 866
490 782
710 647
766 908
125 923
795 88
579 250
197 725
366 959
690 790
1081 703
521 886
907 764
507 659
889 565
223 612
692 1002
108 522
399 194
196 1014
116 790
490 478
429 823
234 636
810 710
153 293
128 670
352 779
1041 925
382 857
826 930
299 478
476 1052
97 967
15 554
851 721
282 127
360 31
696 627
520 230
828 880
1021 521
171 281
941 693
878 465
155 54
896 32
131 402
326 805
689 1101
37 324
636 548
953 743
1094 771
812 948
990 411
720 770
719 892
736 347
752 673
452 599
986 348
660 266
594 847
574 426
231 644
667 824
511 697
408 502
265 627
769 656
371 477
318 837
248 1009
776 651
231 568
894 575
964 272
124 614
1098 606
268 469
455 340
192 301
201 556
971 339
374 598
191 321
954 757
830 575
629 710
356 976
1017 225
996 259
225 99
1057 967
275 287
504 330
125 934
452 76
835 485
802 254
383 660
718 1116
1030 979
296 124
601 15
402 672
106 517
186 619
194 390
492 373
395 513
330 390