115 671
609 719
514 140
465 443
49 935
242 353
539 724
333 68
933 62
254 862
246 1064
625 134
483 918
1061 321
433 916
994 674
505 5
510 714
412 584
1113 865
468 973
257 410
121 302
484 348
339 292
796 352
360 883
618 692
646 464
303 863
417 254
119 768
371 931
583 469
985 488
1081 768
795 59
598 805
446 624
772 1000
159 850
201 918
273 887
707 544
782 726
193 472
736 500
777 647
256 685
435 640
803 512
373 682
47 769
184 598
645 558
599 513
783 370
166 230
1114 391
777 604
610 1118
676 724
935 404
102 317
501 300
674 511
106 263
854 656
1114 518
47 169
336 208
123 1
555 619
417 632
773 395
278 670
537 369
801 125
631 399
81 526
397 328
964 750
702 352
290 849
395 811
739 881
806 369
90 907
474 293
291 215
609 21
543 791
428 680
622 250
597 366
829 478
569 538
753 206
672 505
547 4
867 519
508 812
245 884
807 460
138 137
37 260
977 482
693 879
510 203
389 925
374 239
884 567
152 137
593 339
1006 939
415 490
721 929
322 945
474 403
90 360
378 894
718 236
764 603
235 484
957 135
637 729
684 710
177 483
640 382
284 935
701 816
292 683
118 908
125 1006
227 55
647 651
1019 236
813 626
591 893
188 602
766 681
557 246
521 403
372 358
170 480
698 752
789 643
300 1007
152 908
886 11
401 966
305 216
366 346
1004 677
562 923
854 1045
802 948
847 860
268 255
677 458
776 968
956 599
256 555
977 900
862 21
115 650
537 170
486 844
190 723
954 653
38 433
656 280
990 373
858 244
859 178
724 951
427 861
288 259
131 507
522 670
540 565
957 383
989 843
290 685
657 894
359 456
123 137
929 811
859 503
1046 4
405 1079
949 980
1043 279
583 145
123 1082
239 859
443 981
349 203
996 700
635 753
594 577
443 777
597 682
867 899
1042 69
507 406
427 792
912 715
335 478
506 206
362 129
632 825
161 731
89 604
822 864
270 964
297 518
470 755
345 187
801 338
154 758
705 358
829 307
173 322
626 666
767 60
1034 652
825 995
621 970
443 48
733 915
963 329
827 436
176 687
408 145
387 823
545 875
176 93
313 956
340 994
868 739
1056 483
100 752
182 768
16 248
937 590
164 839
1070 285
722 51
625 264
207 434
941 1013
814 660
224 952
578 208
578 851
176 162
940 498
814 675
567 542
553 324
973 138
835 173
332 6
307 557
553 572
367 102
343 25
586 999
121 265
582 927
609 60
332 271
466 650
243 137
296 952
169 664
494 810
666 575
295 811
139 326
640 833
348 855
582 84
508 621
708 579
742 946
1035 454
193 833
316 127
1052 8
613 918
304 451
468 136
345 211
1033 581
512 683
479 116
670 383
748 77
205 744
567 430
273 265
246 282
649 352
377 762
506 815
903 725
685 1014
838 160
537 918
568 1020
763 126
388 833
830 53
146 941
414 101
875 40
1073 785
124 541
597 229
953 150
332 956
712 935
523 887
526 582
898 957
1022 262
288 172
409 525
324 882
437 540
490 789
361 461
474 50
851 955
822 694
708 546
647 565
629 470
1073 1105
499 117
1067 432
418 142
600 765
76 230
695 908
1023 665
326 24
487 199
274 722
469 728
317 780
354 466
436 558
851 1053
540 866
701 771
910 472
875 861
911 1077
255 209
706 41
1110 701
475 840
831 615
951 536
953 351
1107 657
691 321
269 494
208 713
1011 433
789 1002
140 156
419 518
492 895
240 757
6 401
672 233
541 866
391 288
1104 564
599 759
598 779
495 932
515 367
214 861
587 209
545 1023
468 613
145 324
20 257
241 123
340 739
171 195
243 80
57 826
253 963
763 839
325 401
278 554
821 1004
772 686
949 647
234 61
769 460
89 784
784 902
433 622
876 678
206 500
122 505
124 1054
675 1045
653 631
432 526
825 27
778 638
1025 131
816 324
504 634
892 821
431 528
105 212
600 208
123 781
960 429
729 815
72 775
682 690
925 690
395 184
582 568
981 430
291 248
120 25
116 688
312 488
111 638
708 884
1077 232
295 1118
731 762
1067 797
309 907
744 954
479 987
909 406
998 527
851 140
933 986
618 583
516 949
734 977
261 832
398 173
314 841
889 185
10 617
357 145
107 996
492 988
687 575
143 210
362 746
251 355
211 813
399 426
753 131
516 634
789 303
495 645
558 845
379 678
501 229
406 472
450 167
695 192
793 675
411 1076
192 296
487 745
1013 444
622 53
516 532
803 837
212 834
392 138
273 358
848 938
288 768
838 504
242 783
109 782
673 432
473 914
522 614
538 860
83 326
400 631
516 111
228 376
156 1058
42 733
772 668
227 272
195 98
982 526
803 487
430 615
240 207
974 230
7 472
828 660
497 874
892 601
952 845
162 726
858 153
404 491
117 881
1084 351
950 746
1019 735
477 458
619 766
752 613
865 872
286 25
332 281
483 1112
357 450
906 512
454 314
51 1018
629 379
717 527
866 394
709 922
310 601
904 236
68 1007
763 221
690 1022
1017 300
714 382
162 547
606 666
225 773
131 281
661 1089
1012 851
516 927
1117 472
153 1080
918 608
189 340
382 172
155 412
190 355
1023 1047
454 357
480 463
848 714
741 693
898 334
198 565
404 380
475 807
116 306
128 997
694 956
114 331
898 188
430 973
838 780
464 253
958 54
902 807
439 658
382 280
249 762
400 702
165 639
160 1077
275 916
815 289
645 225
353 750
483 673
102 568
367 850
212 825
965 319
53 1073
400 200
308 644
193 933
433 610
870 579
301 552
673 339
495 573
932 418
992 751
596 135
841 162
430 1023
739 498
601 56
279 951
878 1037
655 718
412 927
448 780
552 306
232 112
835 874
518 238
590 893
889 258
178 213
526 150
529 569
549 1106
856 56
1042 190
954 586
503 622
602 872
309 883
1066 432
1011 881
994 302
658 702
307 397
338 877
58 499
153 282
1048 518
466 396
299 904
596 274
795 141
148 709
596 182
675 575
891 1001
957 919
805 153
530 910
818 752
245 954
746 1095
510 727
930 658
491 162
342 320
455 182
441 842
206 1019
245 1007
400 744
1056 355
429 65
314 1
813 716
1122 727
697 175
969 64
133 629
709 420
894 227
1042 279
1094 159
285 477
398 570
111 528
903 421
164 37
1029 96
514 141
373 512
368 847
342 1089
393 576
330 156
506 146
636 362
360 341
644 147
55 334
666 173
874 456
260 800
106 377
172 473
743 270
893 876
229 165
915 587
512 687
537 820
710 1095
142 350
352 441
167 809
424 343
955 623
797 310
416 638
347 486
970 467
498 1027
653 470
642 1029
666 983
467 1015
714 965
272 312
538 725
783 943
502 1001
864 968
186 634
1122 484
465 875
675 85
495 474
809 917
1005 415
572 577
66 161
971 156
917 214
631 798
970 1073
577 672
317 614
254 289
605 967
762 801
560 522
361 941
331 240
631 105
217 903
763 831
468 402
816 687
510 784
108 401
772 780
45 462
924 604
137 952
366 608
1005 223
793 1016
530 760
678 512
515 724
913 822
346 480
454 998
756 240
826 795
810 363
882 423
1069 272
767 877
862 150
180 1019
1093 636
885 394
711 634
712 562
981 62
113 29
712 295
641 306
438 166
803 415
569 930
483 889
452 1018
138 834
518 948
758 1003
264 952
918 361
273 926
594 685
500 525
193 648
614 479
77 347
956 480
1019 835
270 60
126 936
667 1097
750 167
265 986
126 1032
420 649
374 366
631 75
642 792
778 128
597 379
239 251
1106 374
719 609
680 975
872 741
445 560
957 144
1069 921
856 934
915 154
1008 854
1067 319
160 970
937 255
508 756
210 214
786 611
345 575
920 147
508 589
198 357
511 960
961 907
912 991
574 74
957 954
1061 647
307 355
248 418
696 680
852 519
802 1087
432 212
456 457
380 353
905 484
57 80
500 505
160 180
516 597
384 661
676 99
230 311
792 262
166 668
117 669
535 799
1007 862
1118 947
601 978
806 651
409 828
576 224
684 995
159 146
483 367
829 112
880 143
289 438
548 238
588 1021
426 479
340 593
967 486
325 876
482 65
615 347
627 765
236 224
167 652
358 796
711 316
486 251
489 972
1009 1015
670 450
444 882
53 1120
714 260
704 715
767 273
717 852
584 606
95 462
270 563
845 823
402 811
106 868
528 332
1047 347
191 855
970 1033
691 352
400 832
1000 160
544 608
1025 137
1009 819
465 285
1081 1112
655 628
463 234
36 429
154 8
588 740
611 19
388 149
252 495
4 973
482 938
403 941
817 75
730 115
534 518
1033 1014
577 835
891 858
651 277
683 522
670 829
803 403
435 367
599 680
44 521
621 710
195 67
886 1074
826 52
395 146
131 927
591 346
1075 792
1031 653
450 152
474 936
446 140
947 466
48 373
486 235
114 146
220 110
923 153
629 900
727 453
905 107
306 369
222 943
99 28
956 870
69 522
856 497
321 175
193 618
963 248
312 574
710 110
440 433
361 435
567 414
391 164
955 160
474 453
287 734
245 217
545 716
938 145
690 359
113 885
664 1071
914 124
341 414
832 549
299 885
191 980
619 393
776 210
830 560
1091 502
101 200
545 983
337 857
483 265
317 545
273 479
809 43
967 331
838 883
472 340