406 225
218 364
227 282
1031 158
152 768
527 841
76 762
983 324
257 979
996 1063
867 947
392 715
175 413
803 897
343 628
556 129
804 209
433 176
149 537
539 576
405 19
166 11
1075 826
733 305
1064 457
353 331
474 254
431 1018
906 257
674 30
170 106
106 794
134 293
583 923
724 244
992 678
475 1075
399 450
501 410
249 449
359 419
218 218
502 350
867 211
427 108
743 349
279 206
822 344
1091 639
451 766
843 628
273 467
199 1102
497 1088
216 325
255 1112
826 1082
869 917
184 257
59 767
514 680
504 840
884 405
620 628
232 142
375 1111
796 1043
922 168
318 874
660 246
582 893
311 800
802 631
811 778
971 846
431 909
816 971
926 687
544 1049
244 276
760 1076
714 240
790 956
83 788
159 227
304 557
486 782
1001 227
266 304
1061 643
427 200
947 496
507 981
930 1046
81 336
930 49
765 891
1052 312
508 684
372 998
272 440
797 323
555 607
861 612
141 976
497 172
1002 769
47 517
384 174
202 933
368 917
563 307
638 493
469 524
407 585
725 927
971 824
483 21
563 985
475 1071
686 1054
857 142
867 1090
479 851
818 1086
480 388
311 618
625 945
772 942
437 957
1008 520
642 415
897 274
682 202
292 831
428 268
681 271
172 842
716 387
151 406
218 149
107 474
341 854
165 597
980 298
733 851
782 923
803 854
460 1042
810 759
103 741
278 897
934 382
129 42
546 156
539 148
617 428
754 208
805 379
280 965
317 552
531 812
250 531
284 60
45 186
556 129
1104 327
279 533
171 771
74 781
998 718
695 395
521 818
511 654
232 1058
972 377
512 111
32 701
282 943
293 471
691 216
1014 637
390 882
429 1012
911 1110
718 612
629 1064
139 654
267 784
633 833
935 632
627 282
488 517
564 133
347 972
579 363
851 1008
1105 754
784 973
182 258
522 236
461 373
1080 547
1088 971
942 813
904 770
106 517
47 882
187 374
992 460
254 243
296 444
750 419
726 1042
269 192
100 650
282 801
807 942
946 505
452 484
813 362
436 205
1080 1080
750 677
932 650
802 515
80 276
817 557
794 498
491 380
494 179
829 595
721 188
652 358
158 704
769 1008
934 964
5 154
0 902
719 493
585 132
1060 518
954 292
607 637
1028 813
938 972
1020 527
248 261
136 658
972 452
722 910
433 814
397 15
643 626
279 202
670 481
918 497
317 293
989 651
344 956
1076 523
394 320
992 409
749 776
117 415
431 1007
747 684
682 1069
372 57
310 780
1080 376
674 860
234 472
476 105
40 325
1070 344
564 828
706 619
278 672
980 227
535 938
765 419
1116 818
978 994
1091 555
807 513
644 928
805 723
1014 384
715 817
896 304
820 861
137 863
284 831
891 677
593 927
1006 744
639 591
862 215
775 207
503 997
860 253
260 796
810 254
222 177
137 241
1006 681
946 792
824 1079
607 430
450 434
524 996
521 453
763 211
840 63
480 521
846 189
382 42
517 866
609 134
524 370
182 516
890 793
751 529
434 329
1107 993
446 560
709 280
187 407
818 454
869 208
921 854
25 443
502 841
702 606
751 19
611 911
834 736
43 722
105 170
28 311
192 789
1026 646
356 936
157 118
517 353
300 501
218 141
770 474
234 946
271 410
958 1020
529 268
317 834
524 454
715 1065
994 202
766 168
917 284
825 118
166 922
546 839
165 787
339 309
379 328
644 94
423 100
299 1067
573 1009
679 886
286 1086
493 24
480 502
149 119
854 90
152 526
417 428
435 275
777 916
748 771
930 550
682 473
359 689
1102 359
844 681
672 164
946 663
263 700
869 206
509 373
714 518
574 824
695 116
495 493
1052 676
961 889
487 434
198 616
510 687
1060 919
871 729
144 1012
873 750
317 672
761 314
718 723
18 624
169 634
634 152
573 253
392 92
618 619
363 503
255 155
845 729
695 788
1013 971
799 653
1004 683
996 563
957 727
864 229
926 180
375 988
359 545
559 362
936 633
611 929
413 850
764 1046
617 920
525 646
737 327
510 408
713 98
578 388
620 129
748 296
823 7
750 806
678 184
1004 394
561 563
57 625
776 389
647 257
769 338
980 516
370 819
251 539
641 900
416 595
859 887
360 965
592 132
100 932
491 180
612 907
712 18
622 610
660 631
295 900
1015 114
306 503
242 954
343 737
926 1114
839 186
179 200
158 760
774 95
251 856
579 766
959 629
238 590
243 240
934 1040
356 966
190 349
529 809
930 481
627 914
1066 961
125 641
104 940
452 852
22 181
545 974
963 125
125 823
289 383
433 392
479 1081
1094 22
1022 874
975 254
466 945
182 344
264 406
384 350
347 810
84 534
743 697
189 844
451 537
518 644
881 850
1122 467
1092 928
245 555
270 569
415 1023
549 371
455 1012
937 588
654 577
532 102
532 210
590 42
1043 987
121 172
378 364
864 816
32 658
766 984
538 157
78 294
297 775
643 46
272 175
685 555
593 522
285 611
798 1071
1117 596
367 803
356 330
577 971
507 128
226 666
737 798
891 948
884 806
973 441
792 715
312 151
444 902
43 659
251 804
473 629
1051 827
441 460
534 991
748 198
452 677
191 846
606 635
97 109
844 807
951 834
266 49
166 180
963 345
842 420
191 881
989 748
743 429
1109 126
360 161
417 904
203 369
917 283
509 545
117 722
411 113
303 472
222 840
924 677
360 110
425 586
514 769
802 594
198 1039
623 802
1041 519
81 824
354 1000
463 341
583 430
29 536
1043 70
125 754
288 760
577 794
178 609
144 272
751 219
352 974
963 202
1027 156
526 235
293 765
304 1110
529 505
666 289
802 916
348 564
489 231
1110 554
365 185
938 485
1075 740
888 921
1007 990
133 581
293 856
992 180
467 512
275 1018
399 655
763 459
333 962
366 387
503 931
1034 1094
648 429
87 130
802 87
645 667
487 170
9 300
697 189
292 987
453 873
1086 383
421 1040
907 294
133 890
294 725
1084 1005
35 690
714 21
260 896
325 273
179 456
960 804
950 959
1016 371
259 839
970 877
89 1104
763 1068
185 504
369 683
733 389
942 825
774 471
604 613
754 359
872 186
42 434
946 276
440 840
696 546
577 992
673 121
353 978
677 139
934 672
219 379
126 135
615 355
350 384
748 504
370 1119
995 465
835 68
661 260
636 824
999 881
197 704
436 356
873 618
283 725
962 145
650 366
686 1080
605 819
86 111
91 705
870 271
227 888
815 844
258 250
462 237
575 521
1116 524
498 340
970 489
530 178
918 657
934 662
933 650
682 957
878 433
618 931
117 631
270 477
679 982
495 104
86 466
790 659
45 317
259 229
653 82
172 970
85 95
983 982
825 815
712 318
564 716
871 455
523 508
373 648
718 1044
1045 387
143 972
890 436
1021 316
847 742
967 243
983 452
604 519
549 341
211 31
837 299
1071 680
556 596
146 264
513 764
556 1005
973 626
994 716
789 1047
325 63
382 394
325 777
113 1097
679 612
920 866
935 689
104 222
743 431
31 628
777 429
956 261
840 224
158 49
569 946
658 611
910 752
248 623
317 796
804 257
352 441
568 825
604 133
632 748
325 357
354 845
641 93
1068 557
170 529
943 159
441 361
841 319
608 792
221 199
520 830
286 685
793 276
973 968
79 247
699 528
494 150
867 520
864 716
823 597
220 642
954 857
970 599
134 117
1040 860
149 962
185 440
293 35
100 624
543 311
231 764
644 577
713 966
908 432
778 150
415 235
611 569
902 913
705 230
741 459
956 245
177 680
77 707
640 195
458 122
886 941
447 898
971 599
963 258
980 452
202 601
639 768
592 274
619 1019
752 186
474 426
101 507
855 1082
635 665
346 566
105 285
27 1103
845 465
324 104
516 621
763 1080
230 670
799 338
572 759
720 296
404 133
1065 186
411 854
112 403
842 661
593 907
774 574
1044 1005
30 299
151 943
109 564
1105 743
713 811
659 70
82 1016
783 86
810 738
926 769
861 721
293 342
707 830
508 1084
1003 704
619 267
1076 798
549 244
812 378
174 198
731 84
191 286
874 331
495 622
281 901
341 779
60 798
37 726
1023 550
599 696
780 1080
1062 977
938 754
212 1004
874 234
378 689
288 705
79 606
692 354
296 172
76 589
66 925
426 858
919 911
771 369
110 351
239 999
847 102
118 841
569 561
297 1100
469 156
420 697
1003 462
363 795
307 164
1075 131
170 512
992 603
61 943
201 1099
905 944
850 477
493 217
511 894
333 1051
952 999
295 611
207 346
855 420
631 377
982 657
855 372
323 187
564 410
125 345
344 718
204 380
114 396
263 929
186 645
1062 1106
856 291
536 534
518 301
715 656
499 257
730 264
234 837
947 728
179 638
441 915
185 692
744 652
492 849
935 827
232 78
770 382
601 488
1113 828
402 611
31 435
398 894
1047 1008
1013 546
972 669
645 223
816 750
755 659
991 565
1097 750
628 1019
984 18
199 583
476 1055
952 763
381 324
224 590
41 116
294 220
896 809
716 659
859 422
938 156
61 738
762 410
603 497
470 1016
998 489
491 340
969 943
255 636
746 985
232 111
831 391
1021 9
658 142
1073 34
582 680
983 332
547 2
294 609
459 340
725 889
121 638
740 672
239 129
76 1098
649 746
876 414
614 894
454 212
298 593
229 818