709 949
736 697
60 570
26 590
270 469
836 222
593 878
778 592
192 609
939 962
519 407
518 348
119 964
1048 70
302 876
240 580
564 970
510 257
501 118
553 59
986 924
24 185
448 729
743 885
464 570
298 799
142 1003
49 432
654 93
701 109
45 777
455 933
569 915
663 746
528 152
791 651
839 1044
65 849
935 578
797 828
81 493
855 1083
639 905
124 869
973 147
587 575
223 1087
623 927
979 1066
675 854
149 779
725 196
144 769
743 553
991 670
946 513
36 1091
948 961
923 760
812 616
1090 100
379 998
170 599
14 986
276 965
394 1088
925 825
844 801
980 343
818 397
272 584
237 141
179 512
775 728
907 703
39 1089
112 545
292 904
674 274
1015 509
852 782
868 892
300 138
922 945
410 676
394 700
600 308
761 899
904 302
538 518
122 562
475 329
241 631
861 846
186 384
114 370
542 974
601 57
317 612
685 1052
565 208
791 446
706 657
628 223
230 535
435 282
879 185
798 841
1012 138
496 971
656 810
967 670
966 170
713 383
984 1073
168 643
633 451
225 805
857 424
849 631
542 577
452 823
625 667
1066 910
218 472
676 241
361 622
61 364
875 426
485 701
260 344
570 763
727 870
496 403
445 889
500 308
1006 947
484 520
811 118
610 1051
856 586
48 263
527 640
755 164
1036 841
467 679
24 322
105 269
983 345
493 306
994 736
777 590
836 951
891 302
641 584
1114 696
407 455
350 311
758 671
934 140
104 733
204 203
817 854
64 371
514 947
318 653
331 850
428 862
329 534
905 283
26 99
858 154
528 1120
517 168
803 1044
1107 939
756 638
569 115
1090 764
607 508
480 890
13 611
6 605
850 138
481 212
758 301
421 878
170 243
116 843
1005 418
919 1004
834 141
825 868
1064 1022
1029 791
754 1104
238 746
640 188
238 841
417 602
885 508
746 726
353 403
402 610
675 401
222 238
374 432
699 662
304 56
539 265
335 159
321 719
211 203
97 681
875 184
122 136
812 1014
309 115
861 345
46 938
844 75
849 328
426 929
659 625
862 977
889 469
109 423
148 248
248 1073
695 655
1075 517
714 1081
881 553
583 119
926 1031
254 344
335 408
204 707
220 10
108 742
427 791
113 361
966 363
51 533
582 415
1001 148
357 548
215 794
331 668
704 803
687 806
318 244
452 426
952 295
850 1008
819 954
52 755
941 54
670 256
1123 900
323 765
97 390
1036 260
166 844
577 602
665 445
786 1044
706 279
720 374
669 700
725 1058
933 88
491 76
188 27
1105 161
374 774
1038 561
454 926
372 494
1000 749
988 553
912 503
596 1080
303 906
400 909
676 96
14 516
1033 358
698 10
206 174
229 98
229 578
279 293
384 243
1017 290
960 708
931 16
503 429
222 251
879 570
504 687
515 1051
610 1022
678 1004
412 790
195 279
1122 923
421 737
426 968
855 460
778 816
1049 246
800 473
164 979
275 527
1067 819
534 884
532 734
124 121
454 884
678 599
1107 125
703 147
412 652
182 491
787 553
943 863
277 701
984 845
257 324
958 166
744 568
109 679
877 754
1069 287
860 453
304 693
742 349
520 840
1004 745
220 909
412 405
751 989
895 688
695 208
300 502
742 19
732 238
919 251
392 565
126 655
824 806
368 266
1100 228
164 67
315 647
662 437
410 57
467 562
667 1081
609 973
151 451
818 447
737 283
451 378
1004 687
781 253
621 799
229 1019
581 52
421 213
415 91
524 727
725 573
354 334
409 31
189 940
465 416
845 785
194 54
594 445
240 1106
917 902
249 443
289 912
58 802
523 838
915 192
83 1102
150 1059
319 785
733 714
186 851
858 105
510 369
807 967
761 932
606 357
894 349
7 1118
253 580
833 214
393 751
958 121
595 734
1059 1023
676 259
275 192
920 429
209 750
333 584
691 807
647 926
973 275
158 671
752 307
2 877
908 119
42 653
594 300
903 108
262 535
614 692
343 349
678 736
928 569
833 765
288 983
701 1018
581 129
922 1020
382 769
439 786
761 1089
500 947
310 130
749 738
997 810
755 356
961 662
1060 531
110 650
483 248
709 381
118 571
750 899
305 252
154 143
421 158
834 983
751 542
454 201
537 910
746 832
340 667
1037 242
482 496
619 298
348 1015
78 962
738 808
976 1089
159 161
980 101
225 472
973 722
598 609
310 438
626 547
1019 874
657 649
292 797
261 576
744 586
401 610
1123 590
826 375
851 535
236 1076
609 653
1016 678
244 359
667 883
554 740
107 703
962 1037
779 673
500 477
1010 902
419 453
553 565
200 201
103 48
848 549
907 517
647 463
530 784
221 921
205 924
1003 988
460 994
774 335
823 498
770 136
374 112
637 942
1107 453
586 730
644 750
381 625
70 304
323 623
1056 946
906 949
255 795
447 689
7 91
398 857
444 343
151 281
86 418
806 392
753 1037
259 180
954 655
67 942
1036 234
662 378
1089 448
1122 260
216 631
751 103
827 677
804 595
625 838
761 967
90 710
367 124
426 609
572 1122
380 132
107 366
894 369
1115 885
412 179
269 436
421 706
391 201
228 391
911 613
912 511
246 810
328 898
150 434
491 189
830 625
691 835
795 496
417 1037
217 265
1014 99
499 186
461 608
132 214
297 983
439 950
960 18
841 361
1101 161
853 594
793 886
335 718
634 670
301 145
724 176
602 733
822 569
244 318
917 1085
888 621
31 669
1028 661
478 985
454 446
657 489
466 390
829 50
197 768
762 19
999 557
542 757
209 508
553 940
376 615
215 1111
745 382
663 340
126 697
337 444
532 719
631 226
615 623
416 68
1006 203
679 710
275 184
648 1005
14 489
1014 421
471 850
410 823
541 220
282 491
302 186
116 592
981 836
810 916
131 60
999 277
692 244
104 442
552 356
644 286
952 913
355 156
930 844
487 557
898 138
134 584
122 224
764 375
496 455
561 808
237 531
827 12
470 901
1012 1083
1101 899
731 239
1041 89
597 1015
855 650
819 900
243 342
96 85
331 40
1106 908
469 254
277 68
111 415
515 658
1019 579
298 77
892 319
126 456
512 713
396 656
663 122
139 146
804 1090
562 505
873 668
617 400
200 1025
124 242
616 638
875 525
969 57
865 948
892 627
470 308
597 300
858 333
339 102
1110 1045
569 642
559 117
669 268
1002 268
785 43
147 442
336 867
1016 252
299 630
902 823
917 830
908 1075
933 646
934 776
433 205
793 133
377 990
223 935
205 961
369 33
924 369
60 612
335 340
949 573
713 640
1058 1037
143 541
101 632
54 353
15 808
363 383
398 619
1070 1043
959 897
99 404
331 42
710 1115
482 821
253 81
709 171
807 1010
183 316
1090 312
940 995
421 773
519 887
831 452
650 663
415 691
396 716
101 128
955 400
421 914
781 440
450 683
209 432
381 148
222 233
454 695
1106 606
690 889
373 233
503 714
601 910
601 878
931 707
157 347
26 487
818 992
258 1013
542 295
678 798
751 723
526 536
275 193
352 81
474 871
677 89
706 921
498 1053
470 1004
653 372
818 474
153 528
610 617
528 1076
290 975
903 285
869 913
622 970
626 906
478 705
175 885
174 351
631 722
349 380
559 469
722 546
204 582
561 615
219 743
761 1083
380 166
796 896
108 151
697 713
777 793
41 64
963 302
778 226
872 958
596 999
64 721
249 289
83 216
837 238
27 368
419 531
1013 244
338 963
774 499
926 203
417 770
638 780
968 726
362 970
340 1022
967 439
374 545
980 223
815 780
771 812
821 624
893 69
462 586
587 186
796 742
510 214
755 876
580 109
284 663
813 768
563 558
727 346
883 410
271 317
1031 565
6 324
44 348
523 184
445 359
433 813
603 312
392 902
341 809
966 882
254 535
1000 875
365 130
472 566
621 197
535 569
518 172
438 911
842 398
600 470
1004 915
655 526
153 673
23 313
225 1122
499 930
86 771
662 499
794 1000
210 657
190 668
249 222
689 695
776 261
698 923
711 292
689 510
680 710
228 167
109 993
862 319
876 319
755 829
105 897
1002 937
1056 319
852 743
667 368
465 496
254 612
280 1086
321 875
894 133
202 699
482 613
273 330
67 893
1057 404
127 658
830 653
318 51
326 571
373 515
227 386
814 269
160 394
124 365
275 916
498 1052
311 855
357 419
140 887
202 890
433 778
901 967
573 637
460 142
637 524
619 738
764 989
656 179
90 1111
546 466
512 134
589 546
314 471
224 279
357 816
970 402
269 837
521 516
684 1067
469 1052
284 133
665 1044
462 29
960 264
261 352
854 420
495 392
631 257
731 35
411 818
549 931
523 1007
670 468
947 883
112 524
554 663
111 168
499 986
212 975
644 155
255 97
732 729
1101 804
528 483
575 567
274 850
339 370
501 183
781 574
516 731
216 77
97 809
733 194
625 529
54 693
710 1123
120 891
228 285
578 291
320 494
787 796
1009 595
376 413
832 531
789 610
1046 772
777 179
620 837
920 908
43 389
522 709
748 952
1004 521
790 147
367 586
671 328
924 943
1052 754
284 10
452 597
1055 305
734 628
330 614
785 813
895 835
537 313
821 139
544 737
826 116
622 1001
421 707
893 127
549 868
379 216
710 940
1001 806
692 913
160 502
897 606
282 509
250 506
1039 226
768 497
456 633
19 802
133 1089