860 551
571 918
654 508
782 208
142 291
347 887
800 946
806 404
198 688
525 504
626 1004
304 769
933 480
97 314
761 257
378 784
201 600
941 761
241 807
201 708
590 723
971 612
817 912
342 562
436 925
302 358
693 234
418 371
458 210
976 458
516 600
850 817
1050 477
231 792
241 967
112 72
744 920
364 160
259 351
108 385
715 417
730 961
647 908
887 480
272 81
917 727
824 229
57 200
728 505
256 253
152 326
274 657
828 446
182 1075
389 901
252 1064
914 609
634 1075
913 834
505 503
607 369
790 169
567 639
1093 1019
651 182
352 232
489 599
665 808
993 657
241 644
516 650
899 209
914 486
1052 47
415 881
747 843
444 608
957 318
240 929
879 258
186 414
967 34
211 127
260 424
1029 895
837 636
366 1081
939 898
197 729
1002 1015
792 899
545 223
50 832
817 158
441 235
719 886
750 759
29 732
443 265
463 365
265 664
202 547
685 377
601 707
430 529
971 678
622 735
600 615
681 805
89 666
241 423
350 816
240 648
139 820
1096 636
655 1003
929 795
968 831
212 948
822 350
103 118
742 95
321 904
1078 563
860 793
607 892
201 181
306 981
387 474
543 855
162 459
786 878
694 163
263 90
747 1097
128 665
615 753
1061 1064
100 17
620 488
627 598
1002 576
1082 5
137 145
758 247
394 107
559 616
461 385
548 1015
448 892
335 621
801 511
890 617
431 869
916 540
738 874
729 930
482 751
493 209
585 519
108 772
917 374
540 443
1032 617
19 717
1001 1047
775 606
487 468
245 966
116 348
961 273
505 949
692 700
943 1114
1048 302
232 628
398 747
894 521
209 321
780 873
1020 46
411 115
50 487
104 578
19 258
668 398
1019 89
1019 20
513 950
281 715
154 125
220 670
580 916
679 384
177 548
51 585
885 179
943 1005
833 654
1055 751
215 977
991 716
725 736
49 268
329 960
1000 537
1060 46
703 827
249 997
318 844
357 351
139 190
685 292
876 142
637 355
1035 904
156 159
933 92
553 164
484 745
253 193
260 700
463 763
520 759
239 712
405 977
280 316
406 443
518 567
585 253
985 549
278 432
408 593
70 353
940 243
91 815
434 378
213 535
158 333
1103 103
1076 998
114 891
1075 65
138 1053
51 757
896 334
605 32
335 1008
840 594
850 629
490 820
733 298
1103 328
995 1106
408 906
560 228
1008 579
887 425
664 354
578 447
438 1088
216 1096
272 855
1118 83
318 646
914 973
845 202
180 861
91 184
694 405
300 540
659 789
579 1002
227 332
116 786
329 105
281 29
264 50
763 667
1091 542
86 648
972 260
36 812
1091 21
864 582
311 519
559 363
296 530
1054 545
1030 875
559 1069
761 17
904 727
778 1004
805 369
986 985
835 1057
705 848
48 948
442 367
581 763
460 566
988 477
19 822
679 371
584 967
110 443
265 135
607 411
549 380
151 218
87 333
6 246
850 331
471 745
1117 755
1095 464
63 736
219 988
576 1061
450 198
97 338
219 390
189 971
685 314
801 74
600 166
778 322
942 272
613 298
587 739
884 52
397 397
86 818
519 445
463 1114
857 387
433 233
347 979
509 640
1012 413
70 874
881 1050
72 961
550 792
36 732
413 1114
583 238
108 136
507 852
713 543
425 907
533 783
232 221
539 258
777 851
679 683
861 407
159 415
599 847
1016 214
510 425
671 982
354 196
149 970
469 392
980 819
192 210
801 982
1054 499
899 923
649 972
430 419
892 742
863 159
897 216
76 607
130 1023
106 169
613 348
999 844
683 1122
843 1088
177 388
828 62
227 1077
246 963
1101 749
448 617
780 276
281 477
704 831
552 367
634 690
885 535
252 95
744 470
1095 899
565 840
101 412
183 1072
1024 35
540 1061
202 261
823 233
149 307
480 98
1046 626
355 973
685 235
203 556
139 315
951 518
624 788
481 793
751 849
184 563
571 945
740 840
326 387
251 43
16 842
295 117
861 595
391 750
219 466
771 97
7 684
196 358
814 828
171 846
458 331
289 143
1118 187
880 500
778 16
673 394
835 910
267 743
203 558
540 575
764 143
1046 499
358 120
858 438
169 234
512 79
900 898
801 556
815 210
871 560
863 939
393 461
1016 923
73 949
226 202
792 596
944 74
567 501
574 350
1121 916
521 26
744 370
100 349
1118 626
888 251
182 647
639 493
228 129
1013 825
798 876
860 462
838 390
447 893
374 675
117 495
639 945
790 90
166 599
177 868
607 426
511 256
964 872
216 311
748 1010
260 293
147 115
540 164
462 190
633 856
420 727
365 499
28 198
472 466
494 46
945 257
685 924
902 868
212 136
321 1016
578 718
236 264
282 307
566 722
1091 850
630 252
106 791
752 66
973 412
855 170
360 573
147 763
719 847
964 338
822 846
389 935
469 357
356 233
774 19
498 865
821 733
991 881
147 1021
72 1122
142 200
540 266
750 903
255 442
848 714
737 367
203 290
1102 460
762 928
374 892
768 891
108 761
419 708
810 70
136 26
188 392
539 779
941 532
305 744
469 452
178 760
716 108
315 738
575 448
364 358
905 850
269 177
368 578
798 1009
961 175
58 556
916 822
852 589
660 155
311 127
897 388
68 893
943 999
469 918
272 260
844 671
1013 660
334 1025
214 834
599 220
594 602
698 683
884 697
488 382
567 231
8 547
424 369
1094 262
625 297
347 442
281 830
803 874
386 479
562 246
266 645
457 394
959 579
136 165
1036 1005
1005 880
1024 246
456 79
696 995
265 695
1082 896
884 376
774 1047
889 418
376 1020
730 1100
1097 208
649 167
878 914
435 896
836 277
821 288
405 853
558 931
1114 898
47 665
219 81
143 844
383 416
1019 773
1103 935
693 185
101 171
886 1018
441 367
781 225
124 446
894 919
288 43
749 873
555 212
481 501
442 775
1102 158
584 527
959 891
1088 243
591 728
259 224
656 408
199 366
433 383
1116 476
941 718
1032 930
348 334
577 1028
390 1010
144 739
730 417
409 747
551 749
785 413
727 93
92 54
102 366
151 882
21 620
404 1011
354 628
692 827
960 328
661 169
780 696
389 178
571 648
330 857
486 322
651 14
173 741
326 212
490 735
699 789
758 998
1065 534
804 114
718 782
799 958
732 508
945 529
1010 410
122 922
660 900
295 610
327 590
727 768
251 36
774 870
610 396
423 582
549 12
209 687
893 851
167 875
189 226
774 322
709 708
927 246
589 62
866 351
667 676
372 54
850 556
771 204
596 390
464 530
553 941
752 780
553 729
757 446
663 309
561 595
712 500
433 216
707 645
557 164
337 419
491 871
950 628
890 886
345 586
316 611
354 728
532 903
826 417
343 300
1048 749
855 591
249 637
185 339
912 1013
945 1024
31 435
634 454
357 422
355 876
569 456
595 973
790 381
656 298
344 702
782 515
419 194
449 253
146 697
702 462
1066 596
136 244
1071 284
882 786
306 104
322 153
820 787
730 69
1099 342
279 277
940 632
629 908
812 332
760 163
442 285
457 798
851 273
295 677
264 359
871 662
449 1090
768 307
323 999
235 533
1008 554
560 77
316 141
833 422
811 483
131 841
800 232
994 446
217 54
951 657
273 80
770 699
254 190
169 546
972 947
507 890
1000 1080
730 14
273 261
219 175
1080 302
1003 763
1006 866
784 386
867 272
497 161
212 746
489 806
677 707
114 79
704 299
457 253
97 657
571 799
723 246
637 424
1071 581
469 893
883 828
347 999
1089 297
134 836
376 1086
187 867
778 761
694 161
960 362
166 756
502 613
754 407
747 922
764 196
380 914
624 537
791 593
204 213
859 227
1109 713
53 658
361 764
317 680
134 0
842 787
301 984
667 853
966 373
863 249
710 621
451 908
158 438
826 918
361 905
860 385
271 691
867 720
412 463
230 151
115 773
1064 377
870 182
56 285
468 522
697 869
1022 286
312 219
712 699
68 746
831 279
30 391
398 969
1066 563
551 272
774 846
892 215
288 965
856 210
1005 11
143 208
608 806
94 375
852 550
533 882
501 824
15 1008
217 701
403 952
594 390
530 732
759 727
818 110
132 286
442 1026
934 442
650 141
379 185
59 706
425 534
240 932
117 357
582 199
687 911
748 163
67 868
1018 870
770 985
455 690
643 1089
137 319
135 435
856 416
628 876
900 479
480 852
130 1110
925 126
971 261
757 226
439 851
582 503
411 814
368 124
802 140
124 974
472 274
321 9
247 149
306 707
218 811
282 950
494 913
539 397
840 528
615 124
927 724
385 1040
1118 317
179 231
784 786
473 994
256 1009
982 448
290 558
381 210
120 153
573 1108
797 830
184 338
222 339
69 84
815 1001
909 289
1047 1021
925 579
230 672
1009 931
568 1078
911 676
1 928
349 981
52 984
315 360
317 836
181 985
350 584
824 498
749 858
611 884
365 851
469 952
991 169
236 569
253 615
345 184
831 946
762 979
885 1072
23 953
653 427
368 230
903 463
34 1072
353 405
953 613
797 587
154 238
1022 488
330 718
464 925
910 713
578 610
380 834
368 784
792 686
987 891
283 457
8 964
445 205
270 614
345 211
357 111
214 396
158 244
627 136
655 400
612 916
306 187
171 119
204 140
648 736
593 126
284 904
6 399
863 729
104 344
698 228
844 605
460 827