367 826
900 731
333 1112
757 277
747 598
294 737
565 802
422 1000
307 559
316 833
783 890
515 300
124 672
247 905
414 965
788 237
329 279
757 331
418 303
71 156
300 516
550 1093
627 123
951 60
642 508
431 175
486 835
208 1077
681 115
218 265
521 624
169 839
1008 172
28 991
765 558
216 849
757 1028
1006 756
367 851
930 326
432 341
397 448
583 509
1057 961
850 604
251 50
869 520
700 638
747 805
635 986
231 126
770 221
416 1089
728 13
740 709
943 371
475 757
343 751
57 270
521 336
790 229
480 730
91 756
405 713
705 294
497 775
133 456
1008 351
229 439
411 301
1083 834
250 8
756 465
683 913
965 490
114 768
637 212
786 251
262 655
380 210
1023 600
174 653
833 519
585 1072
746 130
815 528
381 303
835 908
228 836
378 583
964 492
443 516
526 949
218 464
207 956
697 687
102 610
834 918
832 677
287 794
867 361
1068 223
155 632
134 971
424 243
1005 703
187 411
652 1067
380 331
382 351
560 885
752 232
1060 496
597 741
561 85
89 145
313 985
362 845
830 734
727 906
595 664
954 66
82 650
537 797
976 393
200 287
190 546
145 279
96 933
791 716
629 583
1015 542
577 54
289 780
527 1005
283 723
830 968
75 702
966 767
958 314
507 823
638 870
994 44
96 482
285 302
752 423
503 197
885 644
221 574
969 814
585 873
252 1067
1010 352
503 72
489 501
1059 513
156 915
618 943
1103 506
682 770
426 45
344 422
604 236
28 647
640 130
682 626
236 160
247 604
965 1109
741 922
471 680
604 323
932 168
499 333
174 193
937 320
618 1008
631 979
723 122
158 777
186 825
141 319
903 794
853 687
724 174
279 856
3 304
737 1008
828 442
1025 701
116 751
947 770
326 827
998 558
924 214
512 843
531 851
456 893
560 730
648 683
1056 486
1012 923
380 186
843 488
696 470
315 600
572 538
110 864
997 921
779 547
580 872
378 220
275 184
196 884
1113 842
1110 1110
870 225
292 25
168 617
272 554
669 831
971 907
648 764
504 787
885 14
1000 218
594 899
997 755
1088 849
138 833
31 1103
374 763
1053 268
271 64
1035 656
805 512
885 8
152 637
613 440
196 660
565 326
867 891
207 794
887 961
549 60
720 99
63 987
267 354
460 763
917 612
352 496
883 585
958 864
10 306
175 405
949 697
117 359
222 810
992 628
10 749
322 851
352 1067
247 204
703 400
1020 694
30 431
175 281
436 650
541 816
330 701
150 193
249 27
217 632
407 282
622 763
168 184
12 853
513 833
334 13
989 527
390 39
634 826
511 198
190 128
253 351
190 867
799 753
811 497
326 708
608 616
288 681
175 1082
362 43
634 441
438 1027
573 935
815 279
106 232
344 486
632 377
326 1103
239 741
341 705
63 310
491 464
272 1088
547 1034
978 275
888 773
133 1114
250 701
459 160
223 236
268 308
562 992
193 245
125 124
741 330
62 511
665 1037
1006 421
343 327
440 376
416 116
230 730
809 363
608 767
1091 387
851 940
809 371
584 632
807 76
556 313
169 424
226 671
229 402
977 813
1020 557
109 1117
515 594
1082 689
206 971
901 85
1005 661
222 579
394 581
797 1028
241 772
134 334
833 724
804 510
451 412
741 525
457 208
199 544
1094 1079
822 1037
636 664
348 832
1021 608
25 632
757 347
959 253
359 151
745 665
727 1029
894 348
27 723
874 752
901 1058
207 1065
941 763
693 315
347 1015
302 264
451 365
141 257
564 507
174 112
589 207
346 780
401 387
901 577
606 991
431 122
816 256
174 992
32 103
486 324
483 531
492 891
231 130
848 759
181 103
713 454
887 840
1018 822
345 1031
673 336
562 632
244 566
491 862
1097 686
991 776
517 321
476 787
566 546
1066 744
237 308
722 685
806 102
1117 461
623 217
725 807
558 675
312 645
139 44
796 791
839 102
326 362
503 337
654 649
507 891
114 293
140 157
690 23
460 596
919 476
223 970
719 488
736 367
893 142
724 323
836 289
727 813
265 1017
116 934
465 616
731 471
17 197
306 540
84 132
1110 805
674 982
609 273
910 112
1055 437
327 893
953 100
835 985
475 729
557 1086
982 309
206 931
797 191
685 429
711 664
802 613
455 367
8 298
987 809
698 749
480 594
736 905
737 278
994 136
188 229
60 916
773 262
587 791
863 884
276 134
680 618
955 256
968 1006
1102 145
788 640
955 375
676 102
142 843
439 96
879 703
386 1083
275 961
347 925
178 717
402 830
796 504
648 313
391 963
996 52
869 469
853 254
825 780
884 711
667 232
356 781
196 317
309 865
487 315
745 1094
697 640
267 15
1075 683
992 780
918 773
626 634
687 10
401 549
604 931
344 476
334 233
12 227
327 330
224 908
58 396
47 521
314 26
412 709
320 935
569 222
528 492
890 263
374 114
591 785
684 837
797 525
239 521
248 874
282 534
582 257
282 268
456 0
667 472
258 168
903 115
283 901
733 917
771 154
324 181
536 629
497 964
122 962
453 364
433 362
932 894
1077 75
814 188
1065 331
742 1101
547 775
596 728
13 775
294 845
278 1055
663 634
371 160
499 291
968 919
502 189
668 875
100 147
239 485
985 1090
378 465
834 875
1066 774
655 798
663 465
977 329
1100 766
898 914
233 916
1019 906
944 346
753 546
168 887
900 474
959 419
981 838
887 612
935 377
873 464
412 493
848 727
991 247
426 160
492 302
258 237
943 800
78 767
506 692
277 946
603 122
235 258
805 91
372 696
941 343
743 167
679 301
150 884
177 417
727 107
55 364
581 735
888 115
265 483
858 1099
306 776
217 864
960 725
893 181
409 513
812 32
429 87
940 453
616 333
269 454
864 458
430 461
529 823
255 636
91 761
507 399
831 319
966 716
767 408
549 478
987 1060
1004 904
184 868
755 1054
855 1052
389 387
429 1058
533 1016
619 991
362 439
757 688
570 728
779 287
1002 778
119 885
89 119
27 267
949 321
261 925
880 769
213 200
903 825
449 696
832 222
606 760
291 253
439 1105
303 445
446 209
37 322
1067 755
901 814
1033 916
79 1117
434 997
360 948
713 1081
701 496
150 413
167 80
721 445
1105 570
592 923
467 503
1019 828
759 668
450 345
641 851
1022 25
338 774
560 679
293 735
383 855
398 394
565 948
703 595
171 572
603 595
161 621
792 126
973 999
881 348
489 1072
389 144
394 867
790 866
723 939
913 300
1038 218
345 334
788 102
878 218
395 953
939 829
858 421
100 811
700 732
761 465
102 214
617 651
943 615
212 751
239 306
270 833
510 1084
392 555
496 794
241 941
505 645
488 333
275 717
865 787
591 996
968 260
832 178
614 237
903 950
946 651
191 1007
458 390
680 609
882 809
1052 824
924 866
976 362
1082 665
593 627
45 112
1100 515
519 628
127 301
594 533
262 824
489 594
194 638
191 358
465 933
807 279
832 526
344 121
452 830
297 678
32 396
827 11
480 485
996 876
303 505
635 221
599 525
210 249
605 148
1079 710
754 463
679 553
295 729
771 155
1001 263
445 959
887 626
878 154
51 559
649 316
881 72
391 781
434 15
260 773
893 459
633 654
404 948
786 845
519 838
171 368
272 890
286 926
367 937
272 181
582 140
476 226
752 1122
412 922
456 1019
70 64
70 218
461 935
319 1089
216 972
489 505
406 391
450 435
500 447
177 227
364 438
874 672
1031 935
534 209
804 726
376 356
818 690
544 602
123 729
584 362
906 167
839 67
1002 978
647 187
168 374
338 189
482 580
990 695
281 636
331 475
605 105
626 310
799 833
982 926
203 749
700 823
494 1018
868 108
602 727
604 458
672 410
691 920
158 262
753 662
194 704
18 968
538 1019
18 597
580 344
174 874
261 776
720 1059
717 121
667 370
194 224
615 939
773 365
841 943
900 165
459 296
98 734
699 130
767 308
152 391
459 765
581 330
893 340
222 900
240 947
244 803
970 523
659 625
896 893
931 363
520 186
333 659
625 1021
615 1028
707 955
652 283
235 1123
932 447
835 155
684 353
565 1026
899 513
517 473
242 543
1111 136
451 384
162 282
933 510
791 227
704 343
448 826
349 660
1020 978
978 1012
1023 929
1056 726
30 143
809 927
881 498
523 3
340 150
732 879
38 753
508 660
548 481
942 772
161 855
486 697
662 1000
1026 593
349 239
518 151
697 130
790 31
181 324
615 407
573 185
407 136
857 1011
596 667
320 246
413 369
227 338
887 311
306 994
190 156
182 143
309 684
440 771
243 174
70 420
452 420
924 312
847 228
133 169
1020 25
979 429
461 775
1048 13
847 561
390 487
907 546
1108 328
871 208
890 825
189 869
538 141
604 646
760 654
877 955
488 783
821 986
605 74
781 591
529 1015
970 624
603 1067
466 619
289 738
927 232
1022 27
647 252
74 609
976 201
601 821
650 888
468 631
1100 677
263 160
452 1102
694 799
536 767
521 181
252 439
383 995
453 351
214 360
1016 789
974 142
678 491
198 898
541 946
499 1021
106 1025
807 300
22 720
755 325
243 1069
553 462
431 150
924 854
825 650
1065 61
605 349
763 464
871 332
585 240
398 208
95 599
881 245
550 823
1006 90
109 460
379 548
129 382
341 525
94 610