804 286
624 5
362 982
943 773
1047 611
128 680
1071 846
210 719
724 607
1118 342
380 116
575 100
212 7
195 522
481 270
610 398
360 1008
750 601
400 363
842 821
143 313
317 277
900 937
557 778
385 314
536 765
100 597
344 538
980 837
999 163
869 319
100 73
111 141
534 995
781 717
341 737
495 456
248 419
505 906
611 176
451 279
825 656
1117 977
628 230
758 941
875 762
207 237
851 550
864 177
690 970
686 404
432 465
287 852
888 120
749 869
670 956
291 699
954 918
423 903
800 488
875 778
280 450
196 682
25 746
398 594
905 522
730 83
260 859
988 560
293 962
471 535
452 246
292 818
345 856
147 1023
1120 635
492 224
391 835
687 657
120 481
694 969
867 709
598 454
383 775
1028 293
423 254
543 704
1095 323
790 514
103 345
323 510
233 796
412 723
958 410
823 726
830 367
591 189
752 854
187 898
870 590
72 777
358 1078
824 745
673 638
218 531
789 736
862 911
21 28
259 425
375 582
1059 889
338 512
992 309
832 741
530 322
134 249
691 123
202 442
970 224
361 668
987 590
649 317
209 825
998 819
680 347
264 664
444 260
68 760
612 475
211 326
49 922
1021 933
52 869
475 590
812 806
507 601
416 410
685 723
515 611
726 487
313 759
651 824
1013 572
71 962
781 120
785 924
437 839
629 30
822 430
97 767
1048 368
1091 585
945 735
424 203
823 482
379 540
717 702
374 1082
470 111
933 484
952 945
298 641
415 1089
1 616
586 198
36 326
432 602
136 455
118 262
906 1072
59 508
420 790
708 585
755 858
614 707
601 103
909 703
383 553
382 784
796 373
505 1023
237 927
608 946
976 889
731 247
1026 641
980 761
824 609
589 609
249 427
174 927
399 1042
223 441
886 562
851 903
852 981
715 982
642 866
769 121
1071 520
770 824
986 143
972 707
889 298
291 561
848 1077
949 364
159 303
830 1019
616 860
429 1004
1068 816
327 684
876 152
497 568
667 28
406 786
849 865
200 576
322 248
360 136
144 320
644 20
66 548
347 1017
358 174
127 191
916 302
502 881
788 723
614 784
649 93
381 878
799 215
624 771
199 592
649 944
801 554
24 857
666 859
799 444
878 24
643 269
496 720
1109 94
480 310
176 604
417 371
36 819
876 613
721 202
652 1021
92 1052
139 251
920 710
508 410
342 1005
674 507
142 536
648 946
11 514
666 622
782 133
223 756
814 809
168 615
1006 509
457 904
322 435
838 549
1005 196
176 873
807 867
625 351
1086 439
164 418
439 582
521 787
567 498
476 588
130 153
252 849
977 771
342 979
875 1117
282 346
1067 183
147 947
292 919
258 146
148 894
908 162
330 138
244 734
208 472
782 624
589 1034
846 865
1023 752
511 1060
566 442
192 184
855 529
995 347
990 496
783 919
800 37
649 166
100 587
805 880
1106 677
783 521
948 900
895 868
1030 1024
993 517
724 140
830 648
123 620
906 365
71 1094
1023 673
403 499
709 316
500 477
451 242
341 482
853 79
576 592
336 128
935 401
66 420
420 87
557 209
469 603
842 689
24 16
1058 588
872 678
477 935
228 519
118 907
641 541
246 569
315 1078
783 795
946 576
311 137
157 190
774 475
202 227
989 173
296 889
160 378
181 684
106 443
541 415
806 869
627 408
1013 881
230 316
917 834
1000 961
421 55
487 650
783 259
251 333
410 746
20 1096
609 549
343 487
358 770
667 839
571 203
121 711
153 717
1039 236
75 511
1010 837
1090 114
949 840
226 1106
558 858
56 431
477 850
397 548
384 809
735 44
668 428
893 887
980 530
812 742
637 779
336 623
507 277
104 220
239 313
502 623
128 1050
273 773
705 900
1036 163
729 502
471 985
678 100
116 741
735 948
1013 243
440 999
1043 776
620 440
462 830
1010 894
466 259
761 790
880 660
487 321
414 536
1120 437
320 521
836 304
585 617
335 208
352 797
840 673
294 291
295 887
823 229
332 510
208 267
162 783
1009 901
833 836
868 734
806 462
765 138
252 133
1058 730
499 173
653 558
179 103
336 1079
601 666
1049 980
900 395
183 174
131 16
520 222
495 854
1060 599
212 425
825 344
1110 298
584 378
467 364
712 970
102 860
345 962
168 125
783 746
637 473
799 1121
419 129
645 294
1092 490
679 970
904 500
86 416
476 988
4 727
502 106
601 122
515 620
897 267
541 191
357 462
491 498
608 1108
757 840
272 202
459 623
438 167
64 583
415 778
531 168
668 490
868 231
740 360
20 350
1064 546
706 200
1119 466
181 112
946 720
460 370
182 172
521 119
479 65
893 474
604 832
143 874
218 1034
806 107
158 859
35 760
126 1037
698 425
997 685
951 537
269 627
763 648
589 856
251 12
316 449
933 755
369 162
932 356
388 383
580 294
765 251
851 322
979 142
430 459
355 484
1088 157
1081 324
832 203
270 918
291 791
500 79
125 141
850 684
772 675
356 710
453 440
918 718
1043 455
999 306
108 513
945 93
402 197
766 779
128 387
318 1004
667 864
358 677
286 639
540 306
140 803
321 1001
556 118
238 208
870 237
666 61
946 915
775 347
160 790
52 605
91 190
463 98
237 29
636 870
401 11
629 291
194 428
227 568
940 456
399 293
729 669
597 895
851 712
317 992
205 884
628 799
792 1090
223 417
940 1000
821 475
43 830
206 1063
455 217
177 508
168 535
1115 121
974 350
702 888
463 137
908 437
1094 798
692 740
543 153
312 81
614 137
761 48
523 470
587 997
523 568
1109 333
552 458
56 992
1069 888
319 1075
945 701
714 528
616 803
862 982
25 69
692 282
67 423
888 859
546 577
565 768
727 396
790 809
313 509
764 309
291 979
638 728
1022 429
837 802
321 1010
440 913
887 143
702 419
327 841
146 643
537 609
598 140
276 354
188 391
722 254
158 621
1110 344
741 142
163 758
931 146
856 342
604 690
857 324
573 919
345 106
519 210
558 557
620 971
381 125
1007 1013
1036 705
566 1075
687 461
1050 639
519 289
522 673
783 212
192 834
814 585
259 217
773 992
295 865
480 126
329 844
625 912
408 438
912 117
959 846
723 893
391 465
463 991
740 103
865 823
414 520
278 518
695 309
372 835
290 896
973 578
947 904
119 234
221 860
371 355
1095 1045
459 494
171 941
804 835
219 388
510 588
973 652
386 740
921 883
426 891
161 560
607 731
241 624
418 141
871 394
278 504
1045 897
542 807
869 695
621 138
894 416
709 283
117 728
828 842
357 665
640 369
562 166
664 449
815 426
476 533
799 364
238 956
881 203
602 114
487 930
726 275
693 1123
781 1096
558 17
693 708
623 302
895 923
518 521
754 775
265 735
916 783
811 641
394 402
676 665
768 407
840 72
198 869
459 372
254 767
320 353
758 467
219 766
380 547
510 386
886 260
626 951
789 830
756 150
236 628
500 996
154 444
240 316
160 882
282 37
369 1042
227 208
764 447
226 719
22 288
976 569
1067 512
976 473
592 302
739 979
301 695
426 532
177 907
471 900
529 813
333 44
918 510
271 1040
494 665
518 839
702 204
1086 854
488 1018
106 751
228 476
447 96
580 650
810 192
619 172
574 227
320 500
269 378
168 232
220 1076
694 638
1008 785
349 27
527 756
249 889
717 159
534 593
271 639
920 884
873 1057
629 6
747 672
662 848
540 494
585 125
546 504
101 670
801 245
1087 488
114 245
965 976
151 523
945 1023
765 521
414 151
221 1119
272 482
167 971
246 955
327 650
768 963
425 955
515 798
127 184
651 1020
249 160
1023 837
625 112
807 323
304 885
765 718
476 274
650 1030
58 487
1072 779
310 413
342 383
698 901
1008 615
156 227
403 683
931 740
950 728
203 538
149 806
528 720
466 642
168 370
552 284
725 1088
197 699
909 173
978 702
1099 200
101 736
798 705
233 881
720 342
107 785
714 550
449 864
389 735
426 26
1039 615
370 1035
6 600
606 437
313 798
253 646
277 438
483 753
903 599
573 771
328 817
316 1061
948 1051
502 188
823 307
393 332
203 119
497 986
119 218
936 564
244 564
325 371
369 121
121 259
702 557
777 587
155 868
144 175
723 1076
550 308
78 494
160 664
886 397
301 404
1110 237
518 419
8 881
901 1100
886 524
20 893
166 494
726 561
225 335
57 311
209 128
729 669
946 702
409 218
903 1120
527 256
501 955
287 359
955 822
1035 959
155 78
728 199
493 893
299 396
1090 1020
200 973
784 679
149 741
971 828
1066 435
662 920
506 100
538 807
864 85
675 498
794 151
1050 732
557 842
1038 967
401 883
950 331
431 699
346 201
1083 1013
801 1055
684 633
795 477
667 1065
615 64
304 915
547 284
524 856
954 990
734 976
337 432
912 672
1118 132
807 569
757 766
453 973
573 431
968 38
942 519
283 823
211 907
18 757
754 572
150 229
563 379
475 408
298 292
687 523
552 151
135 223
820 5
347 451
165 804
596 361
455 556
1019 121
390 338
660 1016
278 171
225 519
588 477
397 342
605 518
421 780
102 536
282 244
339 750
329 735
482 406
175 100
378 120
970 913
920 793
285 367
118 1002
673 819
303 1045
669 298
418 836
445 312
342 321
599 758
506 300
1106 789
157 904
777 235
459 655