176 208
858 896
182 1088
777 1018
42 173
487 459
763 829
994 1100
695 462
376 1043
940 589
1059 948
727 217
383 403
61 711
917 775
937 525
129 478
379 230
54 564
876 628
1032 353
172 399
541 352
139 105
943 629
665 328
370 998
592 441
377 228
817 305
339 687
254 975
3 198
534 656
976 647
115 215
846 223
715 963
455 954
991 1006
1062 683
478 177
368 110
263 12
1101 154
188 841
115 963
432 273
592 725
647 759
521 390
870 228
33 233
133 659
1083 0
854 131
307 796
672 251
931 270
388 539
962 127
817 718
729 486
846 166
784 318
779 873
135 761
784 734
425 847
317 615
97 555
216 915
1096 561
744 622
1010 340
523 748
271 560
291 268
408 929
985 1065
532 112
921 845
656 437
439 210
1102 89
748 373
397 226
145 131
260 301
190 914
796 241
397 458
526 736
710 1030
762 126
993 129
386 64
56 518
878 797
898 1051
120 263
1091 701
251 158
165 573
935 344
553 751
971 909
757 931
838 320
799 653
326 868
343 663
251 425
931 870
616 215
1115 452
464 351
219 14
1015 664
385 936
385 575
243 504
846 208
822 893
479 996
312 38
696 60
1060 850
104 716
459 625
710 140
361 733
188 154
567 177
325 742
1029 941
130 236
991 244
397 97
819 733
1121 522
559 978
445 490
403 905
239 518
449 654
976 1003
426 812
230 1034
101 851
441 609
258 1044
370 828
1085 705
820 489
666 1040
308 664
714 324
119 730
205 678
834 637
279 806
594 135
687 316
884 774
858 380
331 944
823 931
593 676
76 1085
27 520
581 902
880 760
1106 1049
655 115
419 801
391 775
166 927
876 28
717 977
752 472
1015 975
560 381
1042 643
87 384
605 719
590 789
1015 295
221 1084
953 1120
593 30
852 481
248 209
804 296
966 563
949 632
801 279
1003 614
10 1021
189 988
676 1
530 586
117 731
894 50
963 139
414 672
514 1088
726 975
148 741
144 474
116 327
496 756
878 449
145 118
802 300
1015 472
512 587
786 928
756 207
911 66
235 526
1095 164
660 836
450 465
618 995
252 880
754 1093
518 696
193 424
144 110
961 814
19 283
820 391
585 794
643 769
1035 565
395 66
211 681
1061 656
363 674
876 488
527 291
1001 270
1044 141
449 196
517 481
557 542
591 338
774 733
1056 1045
123 282
839 499
716 5
179 357
895 333
910 439
321 1050
744 891
75 161
481 47
726 503
126 314
308 722
1019 1121
967 1080
827 303
454 889
306 868
311 863
6 1015
104 163
852 635
1105 398
121 688
529 72
694 426
776 363
258 401
401 836
856 1073
1104 119
1091 26
270 248
622 625
162 182
51 136
647 570
814 898
324 423
105 345
340 136
891 578
223 838
179 823
791 731
820 939
519 779
543 349
981 341
302 363
71 500
673 1087
648 26
301 296
386 512
196 806
266 1012
216 772
707 310
77 684
908 540
852 661
38 251
762 833
341 419
1114 253
492 289
549 333
450 138
35 609
180 473
1011 183
521 596
875 269
988 724
291 421
823 116
643 121
204 391
829 740
432 534
10 501
491 879
721 1100
751 274
297 490
168 1083
776 453
568 638
890 355
146 215
38 190
608 473
932 288
1000 419
1100 429
208 96
309 214
1019 806
546 143
102 957
967 423
463 149
914 867
886 978
302 347
974 482
604 88
335 242
418 1103
276 174
462 815
436 41
64 643
20 399
20 730
691 976
902 1026
457 410
914 41
621 192
475 440
438 289
205 955
76 1017
291 431
799 786
751 221
772 281
598 316
462 432
71 185
178 979
796 594
727 731
710 281
844 155
616 1030
52 531
348 553
803 468
402 231
721 54
1048 766
975 727
214 273
593 701
426 809
172 48
134 687
71 926
674 640
343 359
316 259
142 192
643 304
564 348
23 675
242 649
939 112
1023 268
204 368
485 851
404 510
179 460
1093 593
1091 581
579 412
858 496
502 1103
398 671
983 1048
556 904
215 390
586 491
887 956
927 864
192 698
642 528
213 122
940 818
1015 992
577 108
121 758
529 498
391 922
538 649
390 387
849 769
442 796
929 327
895 851
307 274
827 176
496 251
43 426
207 810
707 565
547 84
643 671
848 272
856 924
668 618
154 204
488 1055
299 362
448 386
875 893
164 828
895 826
39 989
381 783
97 537
827 568
280 261
712 891
255 375
764 934
59 807
537 436
582 348
83 700
325 140
615 740
540 933
485 574
1119 829
619 852
340 233
478 208
688 288
141 1013
766 1122
250 416
670 693
779 452
165 490
1108 980
553 709
182 430
884 773
804 911
737 121
826 226
498 387
482 741
234 1006
811 616
474 409
475 553
559 878
121 681
1007 999
795 447
556 409
678 1059
568 203
355 227
579 441
339 1021
129 141
718 720
816 784
683 400
217 1048
551 768
213 345
324 986
150 26
526 1092
535 557
888 609
273 855
541 617
351 783
863 374
351 593
989 295
817 290
788 767
416 300
1083 1072
792 719
231 483
696 855
694 873
688 73
377 753
225 387
258 1035
363 228
197 333
151 916
274 804
205 1112
111 627
100 346
276 663
896 455
1042 1038
316 715
541 311
193 314
1008 772
1122 269
1003 432
481 586
748 201
685 321
456 655
876 589
708 420
1052 236
217 828
629 586
990 507
182 282
836 503
273 868
1062 738
790 415
410 833
135 969
169 27
980 1022
565 334
359 566
538 480
991 127
597 946
224 783
334 217
30 624
380 369
103 307
960 426
1075 735
153 165
375 1044
1038 992
598 116
164 251
228 323
634 553
203 925
974 566
647 874
361 548
360 624
260 683
181 6
487 536
660 671
877 123
776 338
1058 359
122 714
299 845
228 492
857 785
395 855
363 490
819 562
312 944
760 535
45 431
402 206
770 448
312 917
295 646
770 2
1006 888
136 299
852 701
207 393
964 828
642 179
128 252
1100 942
265 683
278 154
1078 356
974 880
511 391
541 49
864 724
813 768
633 120
188 700
676 674
1094 71
336 528
934 891
832 128
891 861
1041 158
10 403
624 882
937 214
1023 856
598 29
67 661
512 1109
226 84
899 165
344 771
687 538
6 477
750 436
265 817
262 327
48 1015
28 296
283 930
899 736
171 443
691 767
962 489
822 755
996 717
767 398
736 843
996 990
255 990
750 720
214 538
951 958
765 810
344 913
134 444
652 770
1006 992
296 128
197 680
276 290
232 879
389 705
332 320
523 930
270 157
810 665
486 235
53 778
992 903
926 888
596 805
556 920
561 28
465 72
1001 659
355 704
119 160
349 581
541 986
998 154
881 43
558 650
192 1002
423 963
908 1109
987 274
686 1034
475 790
791 363
378 511
854 571
315 105
642 455
208 194
1072 130
68 244
655 208
374 496
663 937
535 743
170 117
305 138
251 239
449 727
585 119
487 332
357 468
772 70
307 597
216 735
157 286
149 1018
429 454
535 847
639 983
780 584
278 1091
854 375
296 989
887 593
179 1083
769 336
839 1105
327 810
305 935
931 39
745 1049
376 664
548 675
1043 186
457 604
270 478
637 436
804 786
600 189
203 1025
700 523
434 867
949 17
506 135
185 810
915 734
670 599
807 983
1021 431
375 607
254 890
933 496
449 547
521 576
53 374
646 499
777 483
927 517
978 620
742 656
306 707
1106 397
246 837
289 665
832 388
320 488
123 526
1081 318
93 645
1100 906
70 16
369 334
579 973
177 902
550 867
836 225
231 609
799 446
1123 710
558 549
1012 477
900 251
327 777
306 1011
769 72
368 908
20 788
651 313
627 592
742 917
830 733
794 25
711 418
822 824
756 326
278 107
495 627
161 321
875 508
824 179
652 692
39 761
964 680
499 227
416 479
232 467
912 204
130 576
371 825
362 129
553 426
162 126
894 660
897 1122
922 206
819 53
175 183
788 601
261 759
283 41
467 704
710 833
510 677
323 541
369 454
973 612
481 348
768 1050
663 834
878 126
603 993
747 461
963 986
163 169
312 806
146 1023
913 211
211 942
667 880
309 580
670 243
594 937
324 884
193 993
467 788
943 429
173 433
552 1015
625 126
688 1035
840 95
287 964
455 117
1113 584
536 7
1007 496
941 808
533 373
405 712
14 750
567 158
680 885
438 330
179 523
212 734
1007 411
188 201
548 995
795 408
671 817
84 307
315 620
625 939
226 308
701 1090
205 104
1084 344
136 657
863 240
786 1042
597 528
520 816
797 654
536 387
374 238
237 51
262 832
352 211
915 587
381 490
519 201
319 889
761 905
149 208
443 951
175 867
104 628
695 451
849 946
291 461
317 703
927 962
788 433
406 846
974 1063
911 545
522 405
773 839
570 112
410 307
583 461
496 978
436 614
209 265
197 575
277 489
569 596
705 871
84 335
981 559
97 624
194 641
703 672
398 763
820 185
1107 342
682 282
895 859
656 475
508 668
796 127
430 348
627 810
427 380
1 207
486 490
669 836
1019 946
683 447
305 444
321 7
984 749
899 903
835 182
859 769
981 725
127 120
791 500
1010 426
1045 969
445 482
399 197
685 467
847 1083
488 907
1048 692
999 428
1058 583
537 628
259 1005
716 288
117 1114
631 274
254 184
573 911
451 451
15 40
425 288
631 421
440 806
1021 700
762 265
1117 236
1091 268
659 631
1033 592
1098 569
1046 260