258 589
199 436
841 282
790 611
554 533
527 162
194 142
1008 1000
1000 245
416 498
831 431
242 852
789 947
907 719
190 620
229 575
881 914
869 1019
733 955
835 944
211 527
376 991
445 891
728 836
532 545
904 490
431 522
1102 908
1107 859
255 53
809 557
129 445
382 480
1058 497
839 980
309 709
149 236
442 888
411 814
131 778
1071 331
148 700
596 66
299 599
413 992
641 134
656 632
884 902
142 895
495 769
654 335
654 408
739 267
110 405
461 273
1095 515
918 859
43 789
959 361
683 245
795 588
920 1017
1019 826
693 1060
75 313
874 912
984 765
59 433
678 967
778 1096
626 908
734 529
1098 38
509 682
737 995
955 317
121 913
204 679
113 841
183 528
154 50
533 940
469 935
249 490
762 286
728 506
507 264
158 674
840 280
1002 406
885 791
316 696
794 244
677 188
224 542
804 367
615 534
694 602
706 916
282 514
1036 248
254 146
903 681
917 540
583 936
346 828
337 621
312 1118
809 71
395 220
102 747
987 237
731 684
535 193
242 290
752 777
574 838
838 590
317 672
170 231
545 188
1053 674
704 1043
181 503
311 889
615 217
526 846
452 799
154 1082
255 10
419 730
941 109
651 982
23 961
283 909
641 105
615 318
860 427
555 800
454 603
473 747
1119 182
739 158
15 350
396 201
53 832
1061 941
155 570
675 499
936 221
946 282
850 782
937 838
69 927
579 846
230 272
523 283
412 575
1003 981
800 593
411 611
131 613
185 527
885 564
991 139
579 1001
790 748
801 27
475 763
553 831
281 738
931 843
243 276
647 948
558 930
931 272
498 812
1048 484
493 219
379 126
296 677
895 964
443 948
406 857
436 100
969 422
44 87
324 142
125 116
454 384
911 890
1080 1029
369 527
524 289
70 284
341 150
276 964
132 631
678 402
1073 206
703 444
3 374
411 232
273 550
398 66
1090 972
386 235
619 423
1095 725
879 555
975 153
979 550
258 1077
810 753
226 432
1038 774
130 743
393 516
973 938
718 495
805 337
356 923
968 829
644 158
793 450
65 775
171 835
233 477
34 769
297 893
885 564
34 357
645 1106
641 203
712 727
1003 883
359 613
211 644
47 274
1000 913
977 98
442 221
643 644
479 1097
213 321
937 1016
797 426
571 150
81 224
1061 506
49 133
268 618
1057 306
694 346
367 452
389 297
789 186
1026 213
548 856
1021 1013
145 957
611 617
449 666
110 320
315 365
476 946
520 139
377 669
151 127
631 282
870 279
480 1038
748 277
714 761
79 105
139 1063
227 684
1053 195
257 204
260 1034
355 399
125 711
717 303
895 546
753 226
1021 61
196 144
322 537
225 825
312 333
212 178
209 992
1108 277
288 505
290 68
579 413
952 558
562 821
143 882
344 698
1050 868
624 715
1060 480
342 752
664 301
309 279
564 391
620 768
453 274
309 1075
195 585
361 674
1060 50
818 286
207 542
857 524
642 534
888 763
519 122
567 267
381 379
746 1001
23 740
730 632
689 876
498 409
747 940
501 863
421 917
253 477
171 695
455 450
882 191
253 544
892 238
1023 788
697 522
829 286
42 286
728 702
686 856
448 1106
675 109
206 157
77 188
803 999
650 208
1000 809
979 488
871 659
863 642
677 768
238 451
856 556
435 304
187 355
995 1095
184 860
1052 466
986 227
1027 943
532 124
112 396
106 245
1120 87
350 154
279 218
832 395
1003 173
522 1040
698 623
677 677
196 24
593 149
555 15
452 570
851 88
376 698
6 278
103 170
322 190
970 692
857 290
462 985
691 273
194 19
325 576
1104 415
1082 294
962 410
376 960
520 586
564 751
952 1107
984 238
341 403
844 486
467 814
326 215
310 917
591 341
1098 835
737 184
639 25
1019 751
725 147
328 658
314 572
832 92
818 867
589 411
283 566
871 612
289 650
999 96
744 741
326 610
801 37
782 831
282 201
998 1093
337 339
102 748
490 278
200 598
1063 672
440 661
244 932
697 832
317 993
906 306
140 226
550 385
383 993
541 827
352 544
338 221
718 256
835 823
972 352
907 453
352 920
982 820
566 422
993 52
429 517
868 143
830 597
686 635
908 926
845 299
559 965
615 959
932 708
232 1111
1084 739
688 688
419 165
784 741
548 18
934 1033
763 1070
341 517
627 868
942 853
120 133
1006 312
206 440
792 846
667 796
82 858
634 104
60 130
954 829
938 272
394 457
559 955
941 383
526 220
13 71
999 535
363 193
578 519
645 668
589 911
251 48
168 389
195 148
648 257
275 846
637 286
804 114
231 541
813 543
937 323
825 936
809 267
565 625
151 493
456 798
893 964
140 39
211 321
233 530
285 804
128 237
576 630
522 925
883 504
162 541
1063 192
915 444
885 57
326 454
655 999
91 655
392 12
966 299
998 1016
657 905
899 1111
192 212
894 129
565 452
338 424
531 496
791 325
528 127
692 1001
870 967
1109 465
631 151
541 665
738 365
95 777
680 289
321 637
315 423
159 677
443 470
918 441
266 368
495 432
18 533
722 481
350 632
334 565
126 1108
285 119
934 416
57 486
532 994
1006 561
736 684
169 935
405 436
296 752
526 229
910 907
327 809
246 42
908 322
874 132
601 801
823 105
779 343
221 1011
935 594
231 458
857 901
322 222
1047 603
1070 127
167 104
932 951
970 737
708 910
617 139
486 263
393 710
332 15
330 718
478 920
756 572
1069 834
757 718
1000 988
810 541
210 302
349 756
18 48
946 406
967 305
542 963
274 229
200 953
780 847
441 1008
997 830
374 615
701 766
676 698
284 1119
940 618
805 763
824 132
366 585
249 17
1029 1088
833 459
342 284
352 394
80 532
386 802
279 332
987 122
590 343
902 570
238 762
939 234
1042 952
576 286
229 1075
210 760
1065 222
828 1001
149 256
707 995
1024 67
700 685
21 461
890 991
615 325
212 148
303 421
621 837
1042 340
637 378
986 883
229 68
348 823
398 492
474 1015
951 417
121 879
734 431
357 68
927 28
963 496
652 202
1017 679
828 924
848 439
759 305
192 301
658 460
351 624
287 761
813 20
6 200
995 644
786 559
228 91
306 953
596 1010
447 555
342 569
351 555
734 739
55 1098
576 315
517 121
643 947
278 187
661 148
718 677
1015 614
847 822
325 122
707 737
311 769
605 978
153 152
30 518
782 1069
355 217
815 786
802 276
745 712
197 500
538 353
1026 936
358 338
813 523
1115 777
518 376
707 1029
519 627
273 470
253 757
288 670
1061 804
494 500
985 914
316 436
403 430
966 353
690 891
272 818
980 972
719 750
599 456
817 278
315 145
292 589
491 725
887 551
227 1002
947 444
466 927
610 67
56 275
414 220
946 452
676 1006
396 556
348 310
706 666
134 797
707 582
516 1090
334 793
438 679
263 600
715 222
361 351
456 955
20 329
395 881
1098 556
1026 726
589 178
321 295
204 147
681 768
357 1095
656 400
721 719
480 294
695 528
889 682
951 620
687 773
983 888
504 935
662 1010
987 407
815 39
975 295
423 799
551 697
883 675
478 754
145 929
342 604
925 203
624 313
946 911
1060 264
410 135
138 709
790 1072
457 596
570 807
411 163
304 674
552 879
284 1076
359 865
292 686
158 275
896 475
467 246
79 494
848 172
747 899
231 799
114 388
179 397
422 987
845 762
424 391
413 187
960 1059
222 870
259 820
1088 200
679 792
271 582
823 529
340 217
843 1008
157 221
1083 920
240 274
828 107
906 863
1013 533
151 900
670 409
160 210
454 325
815 133
860 202
577 403
484 51
1 793
243 794
559 465
599 1019
735 665
194 586
445 17
745 722
661 547
904 73
790 936
426 171
255 656
294 266
759 836
1008 888
279 624
129 131
325 377
71 155
689 595
594 447
887 219
555 393
758 1087
1069 930
707 849
341 577
193 251
141 723
56 783
374 907
357 425
870 371
906 765
180 731
480 1065
706 722
961 322
454 512
335 656
309 683
336 820
633 213
244 758
1049 32
294 608
349 322
940 141
115 826
359 516
1068 121
851 922
716 97
121 277
660 834
297 941
1032 629
201 990
920 873
61 616
338 124
183 335
1083 293
1113 161
335 53
381 726
665 136
384 455
918 148
217 1081
972 147
524 882
455 562
917 526
1020 969
829 1042
1025 811
1002 1089
263 527
339 686
353 729
315 1021
633 828
840 438
474 510
588 279
178 124
895 578
472 786
825 688
747 507
483 459
1004 772
848 928
473 931
1057 315
555 1123
391 447
630 71
603 361
1119 145
922 528
826 776
28 216
788 912
348 295
943 240
858 690
92 383
707 614
1005 271
334 595
980 539
104 100
543 849
530 424
125 1087
10 404
428 380
566 252
931 724
267 325
115 114
138 248
665 678
241 53
555 757
347 541
76 180
936 470
520 1
342 554
716 818
259 521
580 608
651 917
966 914
173 526
979 789
568 432
556 430
445 937
1031 898
727 192
819 459
1004 763
889 513
387 502
276 912
1050 857
878 381
400 170
203 588
199 745
451 90
175 157
923 945
417 374
505 1114
1096 355
777 682
220 1051
206 247
192 880
173 503
502 867
386 412
352 934
164 798
1043 452
43 658
480 1099
368 476
562 285
154 759
821 817
862 928
133 640
1043 140
833 666
799 303
446 859
57 707