191 163
452 818
523 206
359 171
487 576
489 721
164 603
309 909
178 486
439 627
706 542
283 135
901 213
415 8
603 798
303 383
854 274
751 783
229 880
1082 580
335 386
248 901
564 427
147 716
517 376
1046 226
441 325
411 1085
195 948
636 842
142 176
284 598
826 896
869 832
57 308
400 193
291 451
20 77
991 25
764 614
926 122
397 516
107 193
679 994
610 209
345 548
820 274
270 383
424 722
718 740
14 1096
227 703
558 10
101 936
776 567
1123 646
68 823
899 267
580 508
410 941
649 815
656 330
983 685
903 1120
550 115
763 664
109 553
202 968
96 203
755 482
546 949
356 722
734 820
215 767
940 40
958 335
659 721
472 739
170 389
366 738
811 888
90 656
1007 863
444 749
344 841
71 384
982 391
555 579
338 634
1083 863
456 375
602 112
943 127
569 281
181 104
1063 492
884 1002
436 571
743 957
111 308
6 656
903 146
761 264
668 419
46 594
790 1055
514 562
353 184
920 359
539 530
309 734
234 552
852 690
466 851
274 68
714 615
597 1085
604 765
493 968
167 229
501 645
616 221
609 865
997 901
309 43
982 1015
657 362
636 1084
690 408
146 1006
217 95
713 138
87 345
303 231
223 263
500 949
305 55
793 837
237 896
461 859
701 970
162 357
104 339
79 210
667 849
374 699
877 1016
256 619
905 29
359 632
587 589
164 1002
743 660
393 127
944 185
805 264
778 918
631 805
385 104
172 1009
566 761
652 704
223 234
855 781
680 849
299 95
1043 458
129 522
452 448
1016 435
176 392
837 529
259 315
621 1010
836 559
475 735
8 870
510 44
1025 43
1002 59
475 524
549 793
484 240
468 1010
751 39
814 966
403 960
922 860
261 732
1116 119
474 45
953 1062
1017 530
707 181
634 158
337 506
333 206
1052 498
347 414
450 324
845 559
1052 168
774 83
350 853
311 249
1020 175
809 935
976 720
532 1121
66 629
279 177
1028 573
110 102
727 110
479 69
953 508
199 705
1112 186
368 181
614 899
596 354
966 878
154 365
294 289
385 558
365 1057
575 700
412 659
967 847
384 164
869 963
1023 1104
260 868
331 322
951 589
598 810
177 580
384 219
823 262
109 483
454 1121
227 725
229 822
911 572
651 1015
1022 205
149 907
862 219
367 864
878 978
610 644
743 270
631 323
164 286
239 625
1007 446
712 992
524 50
1049 104
210 784
321 575
377 240
10 45
148 112
912 189
743 296
891 705
603 827
383 806
488 438
355 640
807 346
918 405
704 832
108 10
202 238
113 446
281 901
301 514
1080 60
110 1028
648 657
1000 108
424 372
250 890
918 1012
601 374
192 350
854 23
295 269
440 1112
701 454
165 179
838 614
695 373
450 739
781 636
1016 307
279 237
488 199
802 643
452 128
312 446
532 627
652 846
122 732
948 871
569 850
153 560
808 409
1022 747
454 288
891 556
670 244
424 578
233 191
664 350
412 878
148 448
474 322
289 883
31 800
862 13
441 345
137 44
296 1013
108 718
455 233
736 479
292 738
200 1096
878 741
485 1014
117 389
278 64
618 496
51 158
751 258
967 146
852 538
158 856
556 757
563 389
527 232
348 348
1081 1029
731 348
350 979
1046 560
135 268
698 645
380 680
435 549
570 937
330 79
1028 991
556 411
93 932
1019 133
330 340
480 392
325 508
719 882
167 337
712 127
761 226
797 1054
616 657
92 642
705 575
1006 513
284 557
538 221
420 967
251 445
534 1059
720 847
704 314
456 592
492 1099
232 856
597 37
818 783
486 1073
949 876
354 1002
956 827
132 599
932 512
327 750
787 692
1024 257
86 631
210 895
877 255
277 718
255 396
258 250
66 931
1103 21
839 459
775 390
188 309
284 36
756 665
784 1084
984 185
848 1041
664 457
843 791
457 520
546 935
405 411
537 396
788 220
685 415
1063 648
982 373
757 17
496 492
604 490
709 608
691 846
362 240
477 842
979 295
671 465
955 1118
305 935
528 717
198 678
489 59
738 650
441 767
285 823
584 821
910 512
880 497
253 806
319 499
944 134
466 730
192 707
932 525
604 692
800 643
95 872
532 112
672 698
879 146
962 527
364 634
787 727
792 1005
877 172
849 451
884 995
456 343
364 871
681 635
567 966
785 835
369 551
724 197
1106 1022
280 258
951 263
417 899
232 823
197 203
464 1093
1070 776
792 73
990 453
749 194
231 471
893 955
939 73
360 885
599 100
9 273
379 888
263 284
853 422
820 955
799 148
303 603
692 251
480 322
874 333
650 160
336 834
733 1028
903 990
231 912
767 818
790 217
866 796
952 795
113 107
225 920
653 894
657 853
461 129
340 978
469 84
431 390
41 133
882 792
507 1034
345 67
118 27
354 109
404 809
978 648
918 331
726 405
313 735
768 591
936 548
159 165
128 744
961 360
939 534
1059 199
833 446
261 1015
199 260
504 183
417 321
350 756
494 15
528 329
75 780
923 918
296 972
1123 993
977 528
491 312
696 901
973 249
447 835
734 275
629 116
1 671
505 510
150 898
707 269
716 756
905 713
856 942
635 578
111 686
370 236
206 339
870 787
152 909
831 631
386 511
298 55
686 282
445 150
235 607
791 230
403 126
764 291
313 1097
832 875
454 1012
202 686
827 216
432 161
311 135
232 759
225 292
721 178
785 852
235 1034
877 677
476 200
663 975
428 403
581 516
131 162
591 668
345 633
498 590
705 884
557 947
1026 1014
668 233
526 462
935 483
588 937
670 528
245 968
747 695
33 661
747 173
652 141
761 395
838 373
194 445
115 280
513 26
756 123
931 950
949 114
130 129
168 654
985 215
141 744
737 431
484 124
839 568
419 581
486 943
1003 204
875 119
1021 464
828 1118
184 462
149 208
526 649
500 1043
720 365
393 201
774 860
770 39
699 1120
486 341
528 1074
253 169
823 871
703 634
1027 554
811 428
485 269
867 134
117 407
150 161
882 713
830 104
939 755
172 255
1104 196
714 331
1051 203
874 295
586 295
379 206
345 872
5 213
227 1003
940 607
555 39
1009 405
824 623
374 460
576 174
730 461
201 245
808 923
585 698
468 972
28 123
335 508
327 279
164 450
826 1050
1121 283
22 735
909 184
48 507
360 428
1077 553
715 978
400 49
424 917
328 438
451 548
749 620
675 106
489 379
1007 1114
530 172
620 876
7 616
671 766
132 149
622 1111
882 306
262 798
139 100
933 127
701 423
256 564
654 891
283 236
523 800
765 133
756 96
628 496
19 328
421 323
811 356
1035 464
408 459
532 803
996 440
270 829
533 787
1102 583
685 981
94 202
369 114
455 556
822 402
565 248
820 652
818 796
581 914
890 167
845 488
637 1086
66 83
747 1064
110 229
507 1059
627 160
506 1099
143 763
944 310
145 416
623 584
408 119
814 371
153 581
784 129
258 336
306 888
301 94
579 310
178 339
843 111
561 773
114 717
258 1043
831 395
254 509
551 619
929 467
246 304
241 307
26 198
987 155
894 738
557 667
30 962
851 775
395 468
725 1068
878 237
72 1082
707 491
531 751
104 995
249 840
139 825
532 477
781 220
801 72
294 1084
970 355
389 193
111 167
669 1021
129 317
923 607
267 791
369 751
570 268
834 1016
735 382
124 120
714 273
1028 45
158 423
594 139
140 685
896 653
749 220
1004 269
43 863
1116 84
985 1108
292 246
393 185
159 444
570 699
458 469
475 364
259 545
884 875
366 843
219 519
848 937
381 607
925 782
789 956
344 789
156 919
196 1000
890 522
166 750
732 267
691 1063
152 33
1027 739
1097 561
744 835
991 921
336 970
194 790
541 1099
525 567
252 446
286 138
684 855
628 700
190 212
108 820
606 534
559 415
269 1011
819 385
394 465
672 907
821 855
262 905
369 1095
453 991
944 782
549 252
363 376
190 812
829 382
810 765
701 937
257 443
1064 472
169 148
573 359
1063 608
462 331
656 161
802 268
356 825
245 152
920 931
770 1085
898 356
626 944
210 718
994 651
335 925
349 101
863 506
189 205
122 553
732 597
424 406
183 995
722 364
283 833
867 754
908 908
343 724
413 467
952 1040
28 131
999 735
993 668
316 859
305 1049
226 202
314 663
663 272
953 149
567 930
867 479
605 656
824 848
821 453
804 590
512 651
854 806
610 100
563 997
574 600
365 84
136 560
280 997
419 520
432 295
123 769
285 750
980 635
641 878
468 288
689 905
535 776
299 1121
745 296
211 936
248 7
869 1104
914 89
981 679
789 563
1059 1058
710 178
136 661
623 590
841 615
140 588
789 559
227 557
670 406
923 1105
158 334
238 1008
927 721
906 466
360 952
537 299
155 110
232 477
947 339
338 977
23 340
805 604
782 480
169 163
317 435
999 532
1020 62
173 460
473 907
503 733
478 763
588 328
737 307
73 937
164 143
1078 314
884 84
8 887
25 719
34 818
776 941
503 225
768 992
467 356
1104 972
353 851
954 235
160 306
440 826
201 1059
354 125
221 313
333 409
107 955
926 891
752 545
639 907
642 958
826 162
265 206
673 380
591 939
917 1115
635 194
365 587
209 456
1013 547
816 750
383 536
679 710
774 301
745 346
711 247
712 315
681 732
703 971
341 644
1099 1011
160 123
903 781