231 151
954 197
1039 576
515 479
955 532
842 583
719 911
159 1107
1016 112
174 725
630 576
825 892
224 167
127 730
832 470
806 922
986 391
592 373
779 1001
868 1026
819 863
508 759
690 159
283 151
44 566
935 182
718 808
698 810
933 342
508 260
532 556
979 431
587 734
854 694
991 917
798 343
361 708
999 377
173 980
246 453
829 921
236 847
671 781
958 701
494 509
198 189
509 159
622 799
356 678
50 271
754 663
76 393
229 862
642 884
967 444
983 68
699 883
35 426
1092 1
3 210
1088 131
389 558
612 407
831 677
966 105
606 911
647 237
365 546
490 500
999 912
776 480
1086 155
471 216
797 423
321 1101
852 361
720 721
1025 382
444 430
178 265
860 396
729 915
494 63
191 291
876 188
637 287
377 158
711 979
395 948
1026 961
463 42
248 595
688 743
1026 727
686 179
487 688
1040 249
618 12
264 437
789 1104
460 702
715 672
546 298
742 660
111 875
843 802
325 557
853 193
50 610
337 356
342 935
454 1059
778 407
475 513
319 32
786 695
569 670
507 314
468 707
863 1093
1036 121
94 126
751 160
94 721
992 718
948 165
65 19
451 972
1007 591
499 307
156 511
164 795
527 351
660 810
548 565
510 336
731 660
492 597
66 1024
175 1035
789 233
277 613
881 613
598 627
167 744
802 49
805 559
626 903
885 1102
366 377
953 516
939 667
1122 598
726 196
1112 346
116 1
208 1107
730 717
769 273
1047 382
159 938
1024 257
231 825
780 201
421 726
193 4
954 66
843 686
155 740
475 556
822 1010
657 441
588 756
813 516
1057 243
638 645
791 541
502 622
485 910
390 210
630 266
86 445
199 940
648 84
523 70
450 405
644 926
890 765
1044 693
949 591
816 896
800 960
865 74
898 249
455 886
809 841
16 722
339 621
719 655
991 530
154 1079
341 736
717 856
331 843
686 381
473 387
741 455
127 346
442 121
949 207
312 411
975 984
716 1044
17 166
508 851
409 623
1107 717
163 343
744 683
944 260
674 27
131 373
679 673
741 231
115 112
319 790
160 248
261 549
865 721
968 933
760 95
552 664
108 15
668 486
732 604
498 919
739 963
1114 545
619 632
1020 931
178 217
233 247
34 737
35 1008
924 172
113 947
1020 504
850 688
65 1112
231 918
644 893
855 446
187 785
902 603
217 435
102 627
27 90
889 215
940 850
22 339
576 679
978 236
627 239
993 225
993 525
1006 822
1123 1108
808 832
537 262
463 1113
134 1032
778 478
57 189
273 708
163 1109
408 877
295 839
805 378
430 608
191 466
589 793
88 761
564 668
174 820
670 1010
765 575
237 739
795 975
660 459
111 962
562 113
499 495
896 851
480 899
600 896
891 557
825 224
822 976
461 876
971 290
825 846
728 1078
181 603
19 253
179 1000
101 926
762 270
665 101
939 898
29 763
757 526
957 664
383 606
686 257
459 266
501 708
597 777
296 612
405 171
905 897
221 127
601 216
460 915
80 348
1055 731
51 169
783 851
1029 667
484 346
289 763
303 246
803 994
643 267
437 822
998 193
1049 943
607 760
517 156
871 703
227 1048
772 760
985 22
847 441
751 448
1104 521
447 198
392 951
364 145
706 829
968 1031
593 785
1007 644
252 1083
912 1042
507 37
761 156
909 440
537 414
945 740
707 719
654 728
689 452
905 197
458 1114
56 902
167 209
427 362
239 821
668 206
234 1121
493 309
996 967
1021 909
906 874
466 902
469 526
967 794
53 316
217 51
340 1015
718 296
988 106
85 616
653 348
364 1018
435 752
513 569
907 320
732 707
500 654
677 570
821 165
780 730
924 945
261 88
514 816
877 247
525 519
639 626
321 206
590 455
531 1070
901 858
942 177
689 166
799 506
893 209
651 316
1116 383
727 752
354 892
616 962
272 1021
612 496
392 496
480 694
429 447
162 248
736 829
233 448
516 315
211 1057
813 723
215 285
734 211
517 578
505 377
110 831
758 493
423 224
673 330
812 203
687 7
688 415
1015 556
132 639
862 964
216 813
189 992
770 784
709 187
605 456
722 778
1072 856
624 777
480 594
387 1046
366 516
513 264
1021 811
625 324
967 858
327 97
247 324
202 43
282 378
289 319
737 944
870 296
70 812
595 351
22 409
215 1026
531 266
996 811
106 1018
763 782
1018 822
582 760
758 132
410 720
713 710
113 714
600 835
360 353
557 1017
17 51
464 306
530 660
569 852
680 1113
421 897
509 144
242 848
228 883
654 139
79 833
1037 1114
724 338
434 368
743 631
651 10
967 470
568 369
463 368
1070 797
908 630
279 540
408 915
81 826
936 834
952 534
396 261
464 928
415 304
583 317
356 449
597 741
753 697
309 621
694 560
436 889
992 942
825 892
955 671
976 737
283 435
522 824
700 539
308 158
525 250
551 377
1021 185
900 731
399 195
847 424
348 650
253 66
903 262
1073 326
971 860
948 424
965 840
350 226
551 568
627 475
33 1002
26 423
775 875
558 348
1062 477
782 880
827 1002
748 368
105 135
153 162
755 925
995 846
1075 608
890 648
701 247
16 675
964 887
320 206
650 538
333 457
833 807
506 260
310 986
969 444
817 633
703 695
468 1002
159 890
257 749
552 595
799 268
63 507
897 138
345 527
655 729
435 159
815 222
412 618
1019 105
735 955
264 679
357 1009
989 138
835 670
670 186
607 1021
978 788
476 941
335 923
717 838
912 394
330 298
285 662
794 121
806 1111
400 1015
209 435
874 402
1011 347
386 560
914 790
614 242
576 607
371 383
456 735
68 616
720 405
497 454
121 764
413 263
387 153
707 856
117 203
894 226
961 698
750 833
990 235
871 109
208 629
476 505
317 195
591 565
682 1032
307 508
868 436
365 14
727 650
552 790
927 947
777 367
617 155
538 656
413 972
505 950
244 373
579 549
831 666
788 574
83 159
150 288
77 721
467 200
1018 269
484 202
694 949
130 1088
186 196
642 566
255 887
276 1003
694 529
164 1065
127 640
653 457
1098 996
173 307
382 1110
501 259
284 284
573 154
996 952
107 309
887 1086
722 1020
867 646
880 820
702 1005
787 174
230 425
32 824
783 873
1008 260
747 401
1021 228
927 799
320 191
844 35
908 703
617 487
738 920
767 450
725 953
560 370
116 1116
319 1042
319 39
895 373
403 79
559 1077
338 1041
374 267
489 719
727 865
683 486
921 805
490 658
508 992
443 929
943 425
0 668
1121 911
400 970
1026 257
894 667
457 608
987 63
524 975
461 1078
306 791
409 812
172 462
706 516
1108 657
986 278
703 534
505 500
468 185
893 592
684 329
850 476
479 281
866 9
466 448
658 442
670 496
1070 699
591 721
54 141
796 446
267 574
201 1025
521 235
305 584
429 768
376 866
185 879
763 179
814 26
883 836
790 656
362 144
978 58
234 931
238 468
125 869
628 493
310 1078
1070 174
459 997
904 924
721 903
764 277
14 172
135 155
195 197
623 213
727 3
702 309
864 1056
1083 875
400 416
734 917
374 1052
1094 287
863 488
942 320
377 1041
159 732
514 523
885 435
508 682
539 336
53 1040
280 693
572 594
515 136
646 312
770 872
427 158
643 299
356 1096
391 397
792 393
403 825
1000 963
768 908
449 527
164 550
963 732
274 408
131 767
520 860
217 665
310 912
313 892
875 437
755 700
547 907
397 261
314 686
585 689
1072 588
768 596
912 145
592 19
978 852
34 282
752 901
880 294
260 563
392 323
693 171
223 862
426 923
216 793
578 392
962 279
269 540
270 54
882 808
259 892
322 579
574 523
737 200
231 926
483 943
547 91
581 1007
358 1015
140 263
310 957
453 99
666 220
927 575
76 586
1094 198
641 861
905 218
578 976
581 999
941 403
410 909
762 807
815 845
943 411
601 59
669 211
313 713
410 880
238 839
623 1085
280 270
177 447
694 1112
401 582
966 239
586 1009
483 905
310 26
955 268
190 261
473 268
279 451
129 1011
821 1061
1026 471
736 919
748 814
642 171
51 136
980 1013
359 813
837 133
181 182
809 402
773 468
878 1022
685 119
169 410
457 936
649 959
644 534
915 263
982 968
21 72
55 367
1017 592
948 273
129 722
472 1052
19 216
205 589
117 250
779 42
350 1047
940 127
785 970
218 1069
521 2
594 1048
851 894
610 925
319 414
392 581
632 420
148 3
599 956
271 447
976 869
373 984
558 449
708 512
972 772
814 9
842 1123
492 230
522 1047
892 623
247 189
45 710
447 840
433 852
418 858
531 753
512 212
177 926
861 688
780 612
321 628
934 643
325 139
748 998
761 87
77 598
352 139
234 559
126 1072
887 886
666 675
545 107
675 161
561 1072
454 411
912 700
1017 916
1068 786
278 399
411 966
497 491
389 1114
203 122
263 991
810 1091
942 380
635 288
898 760
224 706
587 925
369 209
921 174
325 340
359 536
714 984
59 424
243 630
316 253
729 572
461 894
171 873
926 909
68 82
232 797
329 754
809 703
613 954
621 483
1018 788
958 959
228 257
1022 825
488 835
771 617
819 228
1006 476
284 395
528 978
903 228
165 865
605 839
202 192
171 445
593 1027
256 362
1051 722
919 874
582 974
699 1050
88 456
359 688
623 945
1068 656
842 456
429 319
607 753