1110 664
284 279
443 596
388 790
602 968
1026 1007
576 555
962 242
1043 425
465 216
546 576
753 1036
173 956
883 76
780 142
997 876
43 825
133 509
996 813
265 401
575 934
760 112
334 1108
156 461
217 340
841 68
249 524
797 726
901 1116
505 576
899 774
463 348
736 649
845 440
744 636
998 672
165 409
15 224
165 976
924 218
438 469
83 413
753 824
485 193
401 482
275 11
957 628
656 160
454 372
436 187
1046 424
703 648
121 534
111 849
430 40
578 224
657 244
345 799
19 768
829 335
464 1104
139 529
968 252
622 529
447 223
114 196
558 540
380 870
1092 37
1008 267
434 285
939 677
777 870
769 698
376 765
269 718
201 244
295 969
129 504
434 165
178 949
943 1055
767 317
29 227
654 778
986 86
376 571
541 692
656 583
349 287
805 952
117 243
1007 329
945 902
336 465
164 537
331 219
963 1012
74 618
30 272
184 72
501 986
541 488
877 788
863 621
659 365
706 322
353 857
267 60
560 225
744 238
909 512
180 764
534 807
223 705
787 1114
189 2
185 980
682 908
832 109
716 193
517 964
218 484
793 393
14 304
427 32
364 951
983 692
975 444
97 200
510 200
204 419
434 769
335 718
689 661
640 743
758 553
482 760
982 474
229 189
801 187
940 413
586 661
676 428
646 583
898 602
500 392
958 556
838 593
189 718
923 100
535 169
207 352
1106 562
697 430
1066 132
814 156
186 335
925 1020
730 291
610 867
66 262
711 713
303 388
1024 181
156 838
527 611
455 220
528 475
661 525
254 626
790 645
504 701
157 537
243 986
751 1084
234 344
874 500
926 788
616 921
163 973
693 619
884 631
606 585
578 772
275 344
699 620
915 106
715 261
1021 1058
853 260
253 851
935 813
448 431
806 89
178 630
802 896
862 984
799 943
195 437
236 882
116 583
443 343
507 562
655 964
514 916
997 995
178 128
671 493
982 821
706 739
339 1002
614 543
545 344
225 1102
645 523
407 813
544 968
102 366
132 52
489 627
788 538
406 81
625 616
991 574
1027 636
537 536
405 379
741 1120
116 368
963 98
474 1009
633 541
447 293
129 198
276 504
324 986
1115 846
785 1117
810 295
106 969
438 673
762 1014
370 581
894 332
33 617
867 874
413 239
477 524
289 349
948 53
1065 1015
306 463
735 999
619 764
133 785
841 405
441 237
548 261
536 997
482 636
223 160
262 688
526 143
473 302
623 960
860 515
982 507
688 372
809 44
773 137
418 800
259 425
139 1073
872 418
234 515
874 185
438 628
375 964
21 952
502 496
543 917
556 906
514 543
228 759
1119 605
340 761
461 541
324 752
972 200
1096 822
124 1097
767 952
318 523
807 486
630 83
444 422
922 268
157 900
843 407
623 531
1067 640
193 934
458 750
113 270
876 357
107 808
534 606
822 641
319 398
287 480
765 836
179 88
121 536
696 109
420 43
321 150
211 493
704 902
109 539
180 975
123 683
894 555
768 1001
368 942
273 805
92 567
711 248
755 368
738 482
371 714
757 753
249 104
801 120
504 244
882 910
563 762
961 198
488 882
118 412
221 159
460 248
517 252
198 211
593 358
591 485
217 916
1018 368
648 881
987 28
704 370
450 14
821 534
30 981
910 847
184 109
988 315
488 302
186 1100
319 577
1033 289
551 835
850 222
647 892
344 371
459 431
721 948
587 899
258 234
1042 520
23 810
34 484
996 362
413 348
106 90
127 967
835 539
257 214
100 639
132 146
591 579
952 742
212 853
695 627
488 608
645 390
48 928
360 474
642 350
691 359
319 421
876 365
754 903
263 917
326 704
466 787
876 745
361 869
1086 696
480 761
679 352
344 248
1089 123
538 536
575 35
755 612
140 374
620 764
806 3
176 108
81 1017
791 167
213 153
680 852
1008 292
380 76
300 560
177 289
107 193
461 149
508 636
755 271
655 893
693 957
862 995
1116 753
673 673
644 349
981 494
828 576
922 730
817 755
671 923
545 524
157 187
455 726
820 9
1037 891
685 217
525 438
761 802
723 1119
808 796
1118 686
603 492
749 545
277 950
353 872
229 166
593 894
572 913
357 97
406 890
119 497
913 438
743 878
287 549
733 421
911 598
1003 99
1032 632
387 336
777 282
439 464
486 857
879 712
849 234
680 249
771 92
811 695
781 312
906 1073
530 837
746 35
1044 1101
117 722
459 67
710 19
206 794
122 198
589 288
461 581
293 270
11 576
555 754
495 375
1064 1005
436 260
271 889
714 738
136 591
322 387
1093 518
639 233
283 1009
500 417
1025 927
562 807
1019 647
545 511
493 92
653 728
490 350
996 656
412 492
1085 817
261 862
412 873
443 529
116 542
789 194
584 473
939 287
358 630
802 411
80 428
1018 129
732 1069
978 1001
770 510
1072 102
612 529
405 1041
718 224
204 587
110 988
296 871
742 933
112 362
488 433
125 701
847 88
939 563
116 498
476 706
626 627
392 779
813 650
573 764
248 682
512 156
565 324
880 73
374 542
1080 356
858 715
948 854
289 427
835 295
333 850
421 808
876 347
1014 1110
1001 586
566 732
133 470
808 748
402 399
636 974
152 284
304 505
939 930
532 994
432 332
329 101
798 647
566 999
456 954
868 302
217 263
266 1065
191 478
239 804
587 468
852 608
985 839
58 15
67 808
608 831
423 828
70 592
833 667
662 387
1010 538
220 203
355 731
289 497
873 817
954 964
1066 539
767 102
895 838
449 654
738 570
63 587
222 787
968 1110
206 405
1016 459
1063 291
276 469
249 40
846 923
499 886
946 233
214 509
959 585
239 963
845 94
856 204
1056 621
353 666
106 382
1083 286
742 69
173 381
487 534
442 1014
1057 143
769 1111
874 583
822 562
586 112
794 868
613 1065
782 253
420 269
397 573
411 715
1009 989
847 882
58 976
537 931
781 550
523 1077
476 890
117 300
628 6
326 835
934 675
624 756
954 247
246 916
532 522
124 194
56 976
723 262
976 322
401 566
644 514
693 241
718 648
858 896
311 253
553 811
880 998
345 711
573 608
1054 872
507 963
578 302
41 458
611 668
765 256
525 919
1054 118
810 148
532 865
163 812
775 302
398 143
401 70
615 910
864 234
97 500
634 652
46 915
186 317
873 197
923 748
225 684
571 139
467 289
515 669
139 112
876 877
502 388
388 618
228 236
1001 622
811 136
310 45
655 917
548 1116
374 777
992 1106
498 894
907 291
321 513
129 699
1104 553
750 693
624 696
560 252
273 940
841 640
996 280
513 627
128 506
304 334
649 810
590 1017
481 886
486 389
755 667
623 779
1040 331
533 768
498 673
203 1009
445 534
593 551
145 150
793 234
42 82
36 573
200 948
243 1001
798 1116
884 929
337 599
118 647
60 156
105 1111
347 281
204 1012
15 562
448 129
127 863
188 469
1 230
202 388
1052 783
554 617
401 549
877 650
542 157
965 990
361 309
434 879
514 1071
199 1115
684 389
445 192
494 146
72 760
748 700
105 577
301 414
1083 35
903 685
313 1020
771 827
799 305
41 27
440 924
212 728
64 161
157 700
1058 1004
684 694
880 539
162 470
985 371
952 980
442 444
40 956
361 153
349 618
466 700
377 675
451 439
730 514
895 249
875 634
670 388
896 467
567 500
636 532
305 236
379 844
311 991
183 374
547 892
813 612
1021 717
277 841
284 518
982 488
816 528
955 714
505 89
1076 176
471 756
867 485
571 541
839 408
102 498
285 997
856 345
48 132
584 895
988 789
1033 932
161 416
499 778
250 51
115 370
393 471
243 633
178 449
526 847
711 575
675 958
855 323
537 178
719 337
327 1114
384 507
212 966
363 983
340 915
80 414
620 175
208 494
1119 775
888 176
242 363
96 288
762 12
120 294
300 420
60 738
882 243
20 983
67 692
175 533
983 384
480 115
76 900
106 714
355 363
823 1012
335 984
379 812
752 739
103 916
859 653
852 460
97 1101
875 491
800 942
1103 253
785 617
915 1081
467 496
0 998
327 813
904 538
926 424
162 841
555 393
3 634
877 632
639 773
208 1050
323 68
1074 699
338 982
504 248
22 184
809 382
1119 534
775 304
482 211
757 410
452 225
300 169
332 780
41 326
322 369
359 170
641 734
576 433
327 897
897 979
972 216
1022 114
202 471
719 696
108 959
445 1045
267 182
220 233
191 101
785 113
325 891
214 933
847 129
404 613
522 1115
341 419
156 640
563 159
395 764
632 711
993 928
638 86
971 468
457 755
389 170
668 802
325 547
261 691
150 641
981 211
839 86
238 271
1075 924
494 607
487 769
908 317
240 899
609 497
575 127
925 877
801 340
810 270
707 497
401 276
540 577
1067 820
995 209
354 193
953 975
1097 551
1068 719
488 450
180 921
492 268
976 392
471 768
380 844
899 950
207 821
364 160
298 943
1022 596
848 701
1112 526
273 484
850 181
542 239
193 167
532 258
761 1009
27 239
658 851
929 889
623 1001
1018 1081
1020 310
179 671
950 1079
55 395
496 737
547 547
523 851
866 999
165 929
1005 1024
702 828
233 830
964 528
327 114
694 1089
1054 251
135 198
318 781
507 1008
435 501
757 1009
925 883
658 141
361 1025
382 931
141 536
773 246
928 826
176 284