470 222
521 764
5 253
909 154
241 434
614 1116
628 221
371 910
722 676
601 405
588 391
595 402
450 326
474 348
345 748
627 358
770 352
720 1024
674 631
848 948
949 287
419 780
367 255
977 613
197 1101
264 875
936 868
187 788
634 511
1017 579
606 160
835 844
538 503
754 926
576 53
1044 720
461 388
533 985
38 338
224 209
577 622
135 604
748 723
308 627
128 651
241 609
628 339
1025 11
81 459
152 287
744 907
200 1007
13 304
741 641
394 952
1014 924
755 880
253 861
506 1054
392 955
503 722
650 669
102 1056
825 362
399 886
632 356
307 699
851 735
862 524
825 688
315 799
590 249
4 572
514 973
767 14
1121 569
664 700
923 1035
890 888
963 497
927 174
211 9
884 302
983 411
230 440
346 144
115 450
308 1028
502 536
254 243
673 1053
610 94
788 699
238 945
333 739
727 490
426 1002
122 462
1082 400
763 1003
142 754
657 71
739 183
877 389
854 208
241 866
204 801
323 465
900 836
1082 707
722 740
1101 604
371 149
539 681
134 1119
687 421
104 453
548 569
619 606
295 418
682 903
707 628
481 918
348 572
721 809
727 478
338 194
94 461
739 660
664 886
726 168
855 426
1012 1038
989 477
954 294
1035 148
1021 361
212 667
940 419
357 325
471 231
589 971
958 588
652 392
311 768
343 578
607 468
1083 417
725 725
898 390
234 203
277 497
337 187
844 223
1077 455
482 661
995 163
277 528
256 101
524 85
66 932
690 846
809 389
163 283
632 725
221 178
165 225
478 406
501 902
1091 894
802 980
775 467
893 353
197 1122
447 375
295 185
1004 658
208 420
176 114
983 9
963 348
1045 1016
132 73
220 246
76 1012
289 878
286 189
540 384
815 34
166 231
1089 1002
547 318
594 903
104 996
163 944
287 457
316 875
338 865
88 243
101 154
64 427
294 780
1007 1012
478 1076
1016 432
800 456
1105 548
842 269
629 633
700 343
355 725
424 482
366 416
251 772
737 549
543 555
374 850
571 452
414 854
395 975
847 961
252 994
865 655
738 588
530 961
923 44
341 1065
464 681
395 812
762 794
1017 547
684 642
796 402
134 1019
789 748
768 834
596 347
784 317
120 915
821 899
82 501
669 853
768 555
576 281
496 730
630 623
977 889
242 1093
277 534
241 290
437 382
882 771
373 794
806 1058
671 121
446 316
312 768
178 509
10 354
301 187
932 1085
151 264
969 369
551 206
715 257
218 532
847 1022
879 154
911 453
404 1026
436 581
808 478
543 70
762 157
689 160
398 137
710 95
965 501
272 568
450 690
453 93
899 711
418 981
737 457
240 522
1060 774
242 994
857 465
654 180
309 614
631 558
1078 818
967 722
745 383
7 854
347 541
908 947
435 789
29 618
402 30
473 779
317 854
449 435
504 635
526 173
308 631
105 905
783 727
966 980
809 799
733 494
874 899
423 107
857 528
422 858
476 289
933 583
806 526
630 456
837 584
789 1053
285 678
411 313
1016 948
564 108
686 336
397 474
323 927
157 364
1039 192
998 835
118 364
899 934
777 206
867 229
40 668
878 616
657 493
103 784
124 222
305 717
481 877
703 898
142 390
1049 414
676 486
961 174
696 711
814 785
381 412
911 371
369 929
368 10
377 624
515 530
545 539
994 148
680 380
936 508
1003 931
131 1002
344 716
224 353
142 615
397 111
714 171
537 347
436 33
340 185
763 136
748 422
726 328
838 714
588 213
290 1013
578 702
864 822
227 481
751 432
160 894
215 936
1064 974
454 127
826 735
287 271
1025 939
930 442
131 986
996 936
150 113
752 226
967 651
570 238
365 2
563 663
370 172
748 165
1023 301
439 16
925 615
185 736
1033 967
1078 38
996 408
581 502
365 1111
736 927
215 167
763 149
358 291
181 864
572 177
417 1110
535 549
786 719
414 385
254 280
757 753
40 422
17 510
752 203
376 576
589 13
88 472
582 502
1006 355
223 552
470 29
612 562
457 830
830 515
550 691
1009 27
908 81
135 307
258 224
622 302
897 195
294 167
672 884
550 151
302 236
914 1109
780 928
89 319
219 565
5 442
899 517
526 982
478 321
870 603
460 813
327 601
975 142
525 470
421 374
34 130
372 868
1020 849
134 737
1079 89
278 883
431 954
395 32
638 940
258 804
1054 133
85 653
1026 92
10 964
314 1037
129 166
451 384
105 601
964 131
405 928
689 1095
67 256
417 141
644 363
196 792
802 181
742 212
1082 576
369 375
858 311
608 829
174 489
207 726
886 723
468 340
543 832
223 896
40 803
648 693
716 849
201 210
29 777
329 923
112 30
832 647
807 105
855 235
186 457
625 652
833 788
143 810
977 942
451 980
655 484
967 891
929 694
408 626
219 718
414 412
1113 6
210 640
985 388
226 123
236 735
978 429
508 103
192 539
644 634
1004 194
462 33
713 684
493 805
744 717
476 952
543 575
831 1000
594 1064
312 174
1032 679
935 993
853 1024
270 1011
300 907
367 997
502 357
943 2
790 976
243 869
915 223
1025 240
61 237
172 151
82 447
780 757
888 516
477 199
549 266
502 737
418 229
693 464
590 730
664 1050
158 618
875 732
298 623
528 561
265 268
798 534
954 334
285 466
839 116
273 362
679 888
198 630
612 176
576 896
791 597
195 336
258 35
941 1014
299 946
794 1053
770 524
172 858
135 1076
820 960
726 229
395 227
200 1004
301 899
187 286
155 641
1034 713
631 183
306 870
881 1047
973 788
55 975
391 835
590 41
375 817
887 538
154 671
915 984
431 533
1011 903
749 632
969 790
638 969
332 781
461 664
527 170
152 1003
408 111
557 42
283 794
785 1069
655 230
1020 740
881 115
257 404
480 908
103 731
896 388
352 787
618 612
196 672
851 1045
453 574
515 292
253 776
945 942
477 536
869 951
374 399
530 169
166 791
956 600
401 207
539 1000
595 833
425 1028
448 139
37 706
345 376
122 868
510 284
695 908
613 964
607 432
669 257
464 260
523 321
591 1084
108 903
422 491
657 947
705 607
362 994
22 375
430 864
795 880
107 273
925 94
536 559
583 760
416 707
964 829
723 447
633 823
775 842
677 821
201 80
42 212
328 1090
716 893
587 988
976 100
694 140
75 970
909 607
164 926
736 694
235 122
229 500
946 145
871 929
332 311
987 425
892 490
889 734
200 380
134 389
344 1011
494 1092
610 889
938 80
925 350
722 341
335 148
144 1002
1018 1082
917 264
740 573
377 1013
784 874
110 987
755 154
638 275
979 59
148 332
648 275
245 714
220 742
951 777
313 803
659 939
866 271
1083 1065
551 981
384 571
556 922
1008 415
475 3
819 559
520 1006
261 827
302 576
399 801
40 1113
222 581
398 718
733 92
320 738
1084 907
598 554
163 661
153 163
679 695
54 923
1122 816
969 41
984 1113
60 168
1000 184
329 137
125 762
573 560
212 231
133 697
547 502
538 709
506 460
592 174
785 290
1119 173
308 528
197 141
263 832
595 761
799 381
7 248
115 1018
237 1052
511 1045
850 883
1015 957
1089 809
109 588
775 513
394 943
97 513
428 131
732 366
195 37
157 967
165 836
554 464
342 194
252 782
360 297
614 646
961 647
181 793
729 376
792 316
1092 165
706 316
805 676
974 841
746 339
256 534
153 1033
378 188
85 128
925 445
1043 465
424 751
904 935
948 931
396 15
154 101
202 15
809 457
981 572
612 331
485 901
751 946
930 212
959 342
632 168
884 721
333 114
314 503
341 795
668 594
199 506
260 580
779 874
1046 1037
825 496
204 662
824 837
389 279
573 536
706 153
833 791
201 241
345 371
323 655
815 651
800 216
485 800
912 97
169 521
549 628
978 761
919 255
138 809
364 463
243 819
201 1115
72 64
996 711
645 958
274 915
893 243
323 733
155 1107
517 198
657 176
926 610
189 879
965 897
410 454
275 779
1100 300
445 401
192 1010
369 761
529 153
1105 980
813 936
575 287
786 328
603 227
357 235
713 322
1104 58
191 1085
697 471
610 745
25 958
711 1056
775 713
1040 801
334 143
103 662
382 677
183 442
253 263
458 1004
789 826
218 378
533 805
27 636
400 240
852 241
559 432
941 499
845 889
681 869
636 871
508 357
447 574
147 628
325 554
282 126
331 203
801 883
548 738
459 160
491 717
3 861
885 152
1081 265
756 899
940 509
490 358
576 64
1111 880
467 772
198 378
659 866
174 960
327 502
705 654
1005 662
561 3
971 500
402 382
17 494
809 964
194 403
728 1080
667 376
745 387
799 347
205 163
845 851
196 844
522 585
981 1008
835 934
550 392
850 77
293 758
543 743
79 431
901 205
152 386
398 466
994 767
59 344
994 456
672 252
1048 269
999 756
478 797
156 576
884 421
429 497
885 572
810 457
147 800
746 596
872 142
511 344
939 1036
351 509
143 434
324 88
850 587
115 769
859 465
544 823
630 150
852 753
544 88
634 105
856 139
598 208
406 292
463 526
198 124
100 272
467 342
50 1083
279 981
60 182
106 467
582 436
303 741
507 1105
429 965
342 707
972 192
883 1112
105 810
703 349
192 462
640 946
203 956
816 204
210 306
748 732
1123 521
368 223
557 420
711 1094
676 753
520 939
79 857
739 341