409 259
175 749
616 165
113 520
863 554
100 680
902 724
396 53
436 827
141 951
387 781
335 683
652 705
1114 54
534 788
376 639
521 358
601 396
115 708
667 837
972 1072
667 182
969 101
1002 205
631 306
116 638
858 1083
990 1050
799 876
686 958
689 886
988 321
1099 1001
239 349
152 192
225 91
1116 660
1022 555
148 563
947 419
1021 216
546 2
206 736
429 322
141 629
1107 638
609 968
294 180
181 367
1039 426
944 615
651 364
406 273
951 129
406 164
337 717
1069 792
39 330
459 1123
1028 303
949 776
993 426
813 627
254 32
721 356
803 991
846 59
901 32
1027 884
300 269
425 111
105 211
213 955
811 665
690 887
1067 362
302 46
1072 874
458 478
677 1099
183 349
513 773
496 975
299 543
308 1089
455 806
656 258
815 926
824 390
606 311
814 847
350 398
1062 959
776 486
788 559
1109 801
569 355
379 299
715 874
789 599
660 459
334 787
339 880
283 231
928 642
808 434
872 573
477 864
804 645
561 122
71 499
995 646
232 1104
719 389
825 5
1023 131
968 284
907 367
761 246
450 852
338 56
257 274
361 425
4 281
177 1014
932 70
98 431
352 837
708 281
247 174
704 887
181 755
249 557
1093 495
785 898
714 398
635 624
490 437
823 764
135 1088
852 792
151 837
621 814
446 37
92 967
1042 681
773 1033
127 844
176 966
451 567
784 905
273 878
576 752
497 785
380 925
618 1015
406 711
867 928
1049 688
283 558
176 468
272 636
201 531
677 882
373 829
431 628
471 998
73 1033
12 1122
7 384
603 244
314 131
88 578
417 202
315 197
309 998
384 37
1089 727
393 1105
624 1018
803 1012
816 703
790 442
920 394
387 429
1109 375
676 126
721 624
335 367
199 265
634 114
758 185
1087 275
741 859
102 88
898 107
580 979
942 531
172 986
233 231
558 472
961 593
278 869
100 770
380 56
911 616
925 259
429 651
522 951
100 93
436 606
17 857
874 192
401 1094
842 450
919 680
532 879
941 388
96 847
644 452
872 644
719 749
963 889
257 998
803 248
214 260
379 390
119 968
744 364
385 461
521 672
216 392
834 438
855 525
233 399
279 252
961 1093
241 320
275 284
64 722
196 944
611 108
965 313
350 900
423 144
167 1036
1003 1045
595 683
699 693
401 121
1110 547
1003 820
668 752
716 373
395 317
321 536
324 644
515 484
151 834
436 778
995 636
361 880
896 887
360 957
904 310
1074 494
591 691
343 945
244 397
791 328
50 348
496 253
687 685
214 416
1019 989
867 442
451 279
688 849
316 301
255 786
818 258
162 916
353 103
531 1023
432 246
844 460
954 387
821 877
826 276
717 783
683 414
422 317
155 585
1092 168
1023 659
200 307
832 254
129 882
332 901
886 843
621 875
306 521
505 27
980 332
832 672
830 1003
665 394
977 827
340 1018
302 854
890 310
743 138
315 852
958 596
737 557
366 357
338 211
321 306
894 907
409 228
978 1081
1107 587
482 776
296 867
596 19
404 329
135 1113
584 479
521 523
875 225
224 924
438 502
314 278
705 484
330 571
417 253
897 711
394 219
988 385
119 1007
826 788
416 346
461 387
840 664
279 427
1104 63
246 227
406 166
341 902
730 701
87 659
562 575
844 819
1101 81
450 91
634 1005
247 851
281 255
931 740
537 828
422 284
331 406
330 118
386 180
1026 728
164 453
525 764
405 19
114 883
186 200
6 709
261 263
757 473
262 130
616 796
100 310
707 839
221 528
996 775
906 771
882 533
151 706
663 218
531 734
539 323
571 545
581 1085
512 227
196 536
369 415
211 128
394 334
407 946
534 724
333 511
259 726
772 213
988 1097
987 414
498 267
842 645
1119 934
744 330
583 298
751 109
353 260
587 889
113 490
835 873
934 652
7 410
819 818
879 505
873 577
662 741
936 225
986 423
334 790
242 611
911 900
914 154
222 729
709 110
715 547
408 815
598 472
1123 310
867 1012
640 241
471 754
465 831
515 230
850 254
1016 257
524 924
958 408
1066 134
560 993
706 967
574 161
598 335
868 300
643 368
732 197
762 1076
511 613
381 564
173 741
393 929
645 706
435 561
977 271
222 32
127 429
844 671
392 698
588 177
394 327
272 508
740 502
694 713
423 85
239 676
229 676
284 634
173 717
104 311
349 914
451 828
755 135
360 838
320 601
956 186
806 883
531 11
197 316
229 138
665 983
504 450
914 205
638 32
472 786
9 746
740 711
426 156
788 427
544 1084
706 70
1010 727
1002 218
915 998
409 906
961 55
1100 370
87 426
1018 518
232 108
470 663
683 348
1012 879
284 246
170 290
34 777
245 615
305 876
1005 351
921 169
814 134
561 438
887 878
904 657
212 25
995 964
975 684
87 870
776 98
160 783
893 894
777 669
815 20
936 227
150 529
1069 222
986 985
594 242
740 553
360 914
120 204
759 531
683 901
276 842
567 767
191 870
725 353
932 875
871 454
125 34
991 1015
854 652
1111 930
721 185
1002 938
682 798
370 648
427 911
363 657
235 113
635 951
513 262
603 757
763 835
593 805
788 532
647 469
796 774
508 826
567 195
241 357
289 922
158 501
904 688
365 791
995 391
295 834
931 563
309 709
533 190
406 250
342 927
478 242
934 583
641 107
779 23
769 139
864 242
1092 281
21 77
379 646
247 778
895 361
524 1
717 400
756 70
240 875
273 713
276 446
162 859
298 512
752 280
834 837
110 260
685 128
731 976
1115 999
856 1031
203 833
485 311
137 131
947 559
248 767
260 800
337 278
625 796
479 125
538 308
556 955
852 261
543 239
240 945
895 326
997 999
1107 781
257 1068
19 965
72 795
1034 610
669 742
613 750
254 255
1036 833
880 635
391 1044
793 783
111 238
735 215
437 474
948 76
163 627
999 447
914 923
1050 824
271 602
196 37
440 356
593 694
649 957
521 213
619 270
710 1110
322 839
976 43
551 574
574 137
823 796
800 609
13 661
548 769
309 573
801 263
259 450
1006 850
546 358
324 482
833 264
217 252
386 832
712 659
956 626
712 740
551 688
681 101
782 599
278 735
482 311
214 305
292 84
708 274
756 454
984 123
159 861
503 875
1005 387
943 714
628 383
761 952
620 670
170 141
284 777
975 326
860 125
466 684
740 0
825 734
1009 565
402 991
382 565
907 557
713 247
528 950
439 532
30 380
600 415
10 526
447 211
511 119
113 150
378 1
780 494
272 158
350 307
821 800
71 933
294 833
1120 898
276 622
309 978
159 657
981 132
435 943
383 673
897 1102
895 1022
343 279
266 681
408 664
372 615
154 371
576 157
465 377
761 142
190 988
406 782
173 609
961 844
683 878
356 1102
791 832
1076 395
115 600
376 818
786 792
789 900
242 480
147 146
147 792
647 644
617 151
1090 1090
38 83
42 590
785 598
662 980
910 552
755 450
305 329
445 211
651 407
555 894
119 897
262 426
117 649
732 459
1099 632
1113 658
801 661
530 555
908 171
445 520
157 634
172 1040
378 179
848 856
266 384
308 991
970 799
515 931
277 561
927 969
175 374
323 324
422 63
107 138
68 121
321 998
547 531
227 316
667 895
603 487
536 911
730 680
372 934
961 997
558 733
348 105
701 408
913 519
956 264
284 828
706 261
651 833
721 358
292 427
599 147
557 555
730 300
684 294
642 506
648 345
383 654
747 146
712 137
1089 994
542 404
864 1081
652 929
193 274
1088 67
491 375
888 730
622 962
186 587
146 227
145 89
544 581
527 432
888 557
910 927
700 249
399 329
81 177
129 790
205 314
281 835
720 840
707 504
782 802
447 178
12 1016
456 683
465 712
743 807
1003 542
55 467
155 421
952 119
138 69
83 1081
821 423
504 720
75 454
868 666
373 933
1010 181
726 44
540 216
1011 351
280 996
457 210
709 395
460 271
887 1113
55 690
267 683
643 87
580 849
304 921
515 867
155 957
346 849
580 1069
367 562
542 605
397 966
200 429
917 720
113 12
203 414
572 906
176 1108
29 337
952 303
580 599
135 512
168 719
1024 985
678 263
366 366
538 563
364 185
973 346
557 636
329 970
1092 1000
781 637
874 797
493 590
1027 510
973 876
852 19
172 514
491 1097
996 894
630 1085
895 811
434 1057
237 128
533 389
291 848
228 649
198 172
11 372
954 672
774 671
533 973
314 233
847 355
674 757
190 116
686 575
677 929
359 879
622 966
726 1009
881 322
1080 970
1040 340
894 659
203 1055
470 879
354 546
761 1098
1090 754
947 5
848 809
721 589
709 414
916 515
666 982
1030 318
762 230
501 515
317 136
487 323
778 787
988 622
510 934
608 538
235 1016
927 331
227 838
910 303
261 329
523 292
951 342
304 958
646 990
915 427
454 119
487 920
158 250
754 209
179 845
241 133
331 518
753 581
701 112
454 348
495 181
1119 419
15 144
381 652
221 729
808 267
580 712
365 150
623 672
845 947
63 881
55 175
755 120
174 976
551 594
270 475
1001 1067
825 896
489 585
241 478
199 287
641 864
301 381
548 546
229 522
1109 356
629 1066
568 452
273 191
707 457
374 156
911 646
781 284
405 1026
992 876
740 606
268 157
1030 306
695 307
243 237
808 584
198 100
252 49