683 714
106 398
507 197
252 354
416 735
169 587
888 680
106 781
672 131
177 728
67 307
868 414
231 358
1078 971
999 774
351 568
241 974
555 666
967 289
282 499
273 278
779 443
313 215
322 1117
929 26
553 228
793 875
589 495
488 1038
383 1024
245 776
559 771
1067 883
475 843
771 409
437 36
542 480
958 447
713 454
1041 429
265 663
379 955
60 354
299 753
409 492
750 642
944 638
929 179
482 323
778 16
1046 212
372 162
943 126
474 84
817 544
469 263
703 626
873 760
957 353
837 1070
695 691
298 1034
583 465
329 735
926 355
529 498
675 294
168 528
315 383
471 1059
377 40
1003 945
930 146
66 451
622 549
996 887
361 641
858 19
283 360
544 49
296 61
86 370
791 1015
823 109
418 148
541 359
574 40
156 84
434 112
669 433
502 55
626 586
986 605
1000 824
807 734
1084 847
323 409
914 986
475 994
846 864
659 858
756 682
828 136
890 1046
876 883
164 623
180 812
720 264
240 154
187 36
896 770
407 433
1085 60
1005 249
881 903
337 796
1007 173
885 500
819 1006
747 834
1016 883
758 774
1113 575
422 345
104 694
411 762
399 969
327 401
347 818
88 847
870 482
296 428
1035 341
150 695
498 10
37 160
266 345
379 920
654 573
1001 229
714 439
656 1011
301 225
714 533
549 1
881 231
833 1116
288 925
726 966
736 826
38 888
770 950
432 523
371 877
209 652
819 339
201 659
450 1122
652 70
262 743
454 401
698 745
523 166
399 220
242 979
188 360
1084 266
749 780
618 627
894 486
435 662
178 76
623 651
89 157
777 607
305 1068
224 715
705 636
489 842
303 752
664 762
1089 635
343 71
801 492
329 889
12 497
732 670
940 447
172 884
541 872
982 916
678 639
480 439
480 39
642 654
386 926
632 86
822 1032
411 369
116 797
972 515
373 715
235 889
295 870
1000 828
790 235
429 122
849 680
495 155
381 950
421 252
958 936
301 174
997 182
774 980
245 806
466 763
481 922
850 189
1041 264
184 581
940 403
431 192
342 973
718 383
122 562
403 954
190 795
415 568
789 984
555 884
1100 784
369 535
593 595
586 1061
592 701
930 779
712 606
75 346
549 629
718 622
390 925
501 113
897 955
803 229
254 1002
372 799
121 899
560 258
555 441
298 491
811 1035
452 154
1072 851
413 931
770 476
16 816
521 318
953 799
689 147
538 158
663 972
134 826
612 997
920 274
793 346
829 662
942 429
668 310
941 325
268 299
953 23
125 265
771 997
542 22
913 105
692 330
426 153
202 433
285 1026
482 320
385 125
748 120
469 370
805 236
808 695
274 741
170 1023
833 740
260 53
629 1021
877 926
874 264
1022 1029
916 610
1101 672
641 1010
525 388
123 473
564 258
756 255
263 977
327 813
189 60
387 936
372 855
765 254
237 754
804 435
748 406
436 575
242 966
900 305
715 1118
707 184
691 516
90 635
84 320
470 901
391 885
936 540
395 627
965 405
309 630
639 777
570 738
1003 1068
1013 508
702 742
485 326
460 412
366 571
780 894
534 412
291 372
514 83
985 396
617 688
308 810
433 96
931 243
545 910
1053 916
763 557
1047 585
594 976
416 828
729 635
230 136
180 669
40 28
280 429
927 283
255 312
687 805
266 352
745 928
377 483
1003 982
238 189
940 64
561 479
690 685
220 589
996 616
1048 999
405 600
123 414
127 245
739 180
128 751
66 288
264 543
730 383
922 39
652 1077
112 390
1100 992
963 389
407 426
453 594
1033 932
1027 158
421 859
1062 224
382 452
492 378
146 838
39 306
829 287
456 162
539 992
586 912
874 143
592 524
631 707
347 649
655 853
1012 814
1068 348
1018 1060
209 537
322 377
723 891
507 121
856 747
383 891
977 451
57 695
59 788
364 705
706 55
1103 288
466 966
631 485
1070 587
386 201
618 699
321 382
847 358
364 676
389 266
207 178
765 871
590 197
151 662
423 43
450 285
520 224
250 761
616 822
146 1053
457 983
379 168
953 753
175 177
341 937
330 209
716 209
838 372
996 736
678 748
731 577
857 182
195 541
239 902
814 1021
7 893
818 1015
714 982
430 1071
324 409
1028 657
545 741
873 669
506 720
131 255
416 309
192 792
185 401
265 187
1113 577
894 987
1079 449
934 722
801 31
710 962
1089 826
956 349
161 859
68 868
604 1094
128 635
238 526
1105 491
677 673
865 550
769 38
633 550
605 100
848 876
839 632
429 549
749 858
881 148
530 761
280 687
608 158
487 445
870 632
17 974
100 66
1108 922
173 685
296 472
461 970
857 975
1028 445
298 769
262 806
522 790
219 9
845 444
290 734
239 142
601 379
525 344
36 822
468 37
902 741
146 928
1071 125
804 229
696 702
775 223
119 195
126 429
966 434
238 1053
622 207
288 354
648 197
968 210
68 293
1066 776
373 244
448 928
1059 470
860 595
474 706
517 112
484 431
941 206
1018 284
513 345
776 792
179 933
1001 249
1104 697
364 951
1053 282
448 318
192 863
310 377
393 195
404 751
885 839
309 314
1068 897
335 538
996 847
101 1121
795 236
542 874
311 918
844 315
468 866
305 533
391 63
1002 227
818 861
126 110
952 290
118 795
35 266
893 724
968 819
203 500
616 320
661 833
856 607
972 683
932 404
686 316
246 393
980 219
894 583
998 1034
697 606
1067 218
7 501
252 678
567 453
643 665
619 650
424 665
361 749
776 437
628 971
481 730
188 252
497 326
216 170
909 2
29 792
60 913
378 330
869 688
184 1100
982 214
318 2
486 339
871 813
920 1026
129 785
561 792
186 426
587 685
583 176
851 329
145 185
725 990
105 237
510 237
179 569
778 691
618 703
718 747
979 387
500 826
361 672
773 542
5 728
299 1018
338 510
232 700
475 167
1115 362
177 714
320 902
571 297
617 504
375 792
730 951
188 960
949 318
435 133
903 25
76 950
886 500
898 830
541 591
708 984
608 989
121 882
756 494
707 463
57 432
1050 648
369 483
931 999
593 675
487 259
926 647
663 888
283 387
33 278
560 673
496 272
353 735
828 933
144 598
616 711
708 767
416 725
579 101
919 326
701 754
655 751
978 368
1005 314
961 638
274 336
643 1117
777 1114
267 536
656 197
206 403
241 966
900 656
304 438
816 279
281 917
738 191
1072 850
171 293
368 92
710 221
447 949
892 171
794 914
1088 304
674 319
132 160
167 103
379 266
413 919
504 1117
7 491
122 197
853 421
657 495
534 924
833 859
945 458
709 178
998 299
746 311
506 27
540 295
563 443
772 788
119 331
491 381
712 657
671 652
131 176
685 871
132 863
42 141
112 407
965 600
1083 877
903 612
801 349
621 463
123 328
615 343
957 621
930 230
623 158
328 777
1093 976
517 580
89 15
373 251
1122 487
507 683
217 736
85 616
569 209
574 491
286 984
492 123
1023 996
323 416
505 972
648 190
683 889
930 717
251 531
202 398
881 640
329 691
401 994
667 235
251 617
457 930
354 170
263 777
305 665
111 781
797 187
73 704
265 626
909 834
420 467
777 783
712 586
990 527
547 985
929 684
702 899
565 285
689 335
136 327
10 883
279 116
482 1050
806 572
1097 377
268 14
299 613
794 371
521 878
210 306
892 1071
175 13
112 889
186 922
690 461
1047 444
867 858
353 1111
593 385
275 219
932 928
360 917
760 41
301 533
959 1011
397 988
517 588
781 596
152 330
544 1023
462 110
704 755
216 822
207 722
113 173
116 413
1083 278
106 846
1086 910
294 1036
239 480
463 600
481 918
3 267
696 1096
1087 438
321 53
348 948
475 1008
199 582
382 560
245 730
659 1020
505 397
933 592
846 784
1093 896
872 462
697 386
1029 631
837 808
383 774
605 779
405 644
679 894
363 200
487 712
502 49
513 400
380 1000
651 213
1003 776
681 153
960 803
248 449
727 346
295 242
1001 268
333 859
84 79
707 924
954 275
332 366
1055 843
343 100
797 867
220 1109
618 77
450 563
144 356
645 156
177 1109
121 394
435 465
641 551
158 377
423 1118
963 917
533 680
293 759
381 832
515 203
314 827
424 391
693 855
510 411
522 475
875 782
746 755
182 519
962 1087
1021 139
796 413
120 771
403 75
482 360
1072 891
886 94
992 785
856 717
878 748
867 136
618 133
146 302
769 496
651 1014
441 298
859 209
634 1089
120 121
599 599
963 545
408 539
894 548
125 101
289 136
277 921
552 567
1071 226
0 934
897 842
296 444
971 874
475 172
763 546
811 939
353 538
529 375
862 534
291 115
242 44
357 561
399 808
259 975
608 977
234 748
606 877
438 213
163 811
948 394
273 169
417 360
576 334
18 816
755 1094
365 801
495 467
779 799
708 354
598 631
1035 985
725 145
633 549
1086 661
530 912
364 562
715 414
2 247
806 266
272 1002
608 437
900 163
141 165
678 1017
193 971
744 862
562 610
247 60
640 246
807 366
801 298
682 489
251 758
1078 891
526 719
81 369
654 1013
528 1117
885 909
1076 327
839 110
896 609
477 211
374 406
208 173
632 1043
366 891
494 824
906 542
1022 545
768 620
1019 577
354 324
377 631
578 482
704 3
515 627
528 145
279 491
57 542
913 461
875 417
1086 237
32 425