518 372
510 253
682 407
821 1081
519 1004
603 465
877 866
235 631
66 947
737 108
461 908
367 975
702 388
825 946
711 217
570 476
930 553
832 969
119 471
309 231
353 798
951 587
899 459
999 524
551 224
780 748
952 837
834 862
1062 513
560 197
371 13
170 1071
24 422
912 1030
251 997
865 1025
526 33
845 523
166 442
804 361
927 761
515 964
778 257
1009 711
901 413
181 257
533 521
1007 495
337 500
911 698
477 692
250 683
199 833
691 793
895 735
776 311
977 887
941 791
318 483
512 604
453 618
271 113
1045 536
391 998
185 477
1070 691
293 246
166 685
175 387
562 937
883 601
825 447
642 50
306 45
105 571
352 284
973 549
902 363
748 229
1021 56
887 645
723 918
218 319
843 125
77 361
1027 652
813 84
965 198
921 659
890 103
600 718
371 742
164 367
994 487
304 743
920 878
1069 793
120 651
773 587
927 428
554 850
797 705
126 823
387 470
483 1122
773 352
371 772
231 426
595 561
491 494
586 133
702 579
843 956
604 860
429 388
296 481
244 303
919 1007
623 455
939 953
309 917
827 90
811 776
215 802
909 889
361 850
660 551
866 475
502 473
326 140
1085 79
972 508
704 206
1099 702
670 342
1045 466
281 6
181 1117
543 1013
986 156
217 955
389 1046
1086 1078
1020 994
1011 216
512 867
1049 758
77 512
649 49
512 128
198 353
249 525
276 76
481 728
36 902
110 962
704 570
101 1121
678 793
992 635
142 417
337 559
650 578
338 314
822 1057
750 436
166 819
303 848
930 336
608 172
1013 1013
542 883
1120 514
626 1117
69 555
182 194
525 281
873 212
408 56
1067 306
446 1107
1084 385
325 599
483 581
583 1017
107 224
597 270
110 582
638 688
1109 661
423 79
286 654
187 364
728 124
362 290
192 1025
769 975
292 271
918 212
1021 914
234 303
872 1112
237 852
497 963
1083 1094
276 968
206 204
164 728
124 672
670 176
430 297
956 880
685 248
509 1073
226 756
769 993
152 907
873 602
905 89
289 548
508 18
185 1022
982 803
973 853
441 700
27 115
709 327
773 821
677 316
607 228
496 375
1019 984
519 739
492 808
144 65
818 631
768 910
618 1097
1004 1073
555 688
921 556
1023 176
88 210
943 833
407 683
19 464
989 783
1096 1056
784 305
603 478
966 1080
710 613
974 426
721 267
371 361
695 526
135 596
858 655
723 453
692 828
612 132
175 158
1052 1114
666 385
631 1085
845 1071
724 956
806 271
239 454
693 946
286 167
614 330
906 669
684 596
669 938
725 421
1057 171
652 927
769 937
323 1090
567 366
746 57
1048 854
922 946
747 120
478 151
702 205
734 300
43 750
542 78
56 477
698 277
247 291
242 593
307 191
1001 77
998 203
937 475
323 215
334 154
691 713
372 945
275 366
925 346
975 819
158 866
1013 337
435 876
1023 568
730 402
239 518
1102 968
783 176
244 1054
1022 647
479 843
913 203
286 995
977 328
1081 588
1117 336
597 379
276 205
937 923
816 239
762 894
178 486
876 315
297 895
634 484
469 741
575 535
844 571
998 26
417 455
720 684
771 814
724 219
994 1115
90 879
663 458
428 575
143 709
909 561
845 117
539 295
797 632
980 199
524 34
211 83
351 353
585 623
868 950
897 205
422 642
868 627
696 401
630 1019
922 80
760 622
448 264
407 273
990 18
840 504
1082 306
1006 151
56 241
312 81
108 686
126 469
103 682
525 749
1066 250
642 731
964 713
641 124
106 545
63 213
33 823
509 886
637 431
317 696
821 491
660 374
893 928
306 773
558 1082
415 871
869 782
135 882
171 886
56 68
712 167
681 226
1120 435
957 446
253 933
297 766
471 556
595 696
870 596
285 924
258 445
973 847
247 358
349 434
918 714
17 171
108 386
326 1088
844 452
974 1111
205 626
26 614
441 404
540 224
232 657
102 357
748 354
155 950
871 203
555 909
421 291
808 412
562 108
734 638
758 1010
387 316
575 797
345 1023
848 427
719 405
467 1024
767 392
500 510
320 67
664 241
955 225
637 749
841 765
717 586
562 604
221 848
24 53
658 353
300 906
517 1025
729 78
168 582
271 873
1027 248
1122 599
574 268
116 461
925 654
1100 791
908 309
544 464
800 549
1077 799
44 1028
1021 607
844 393
988 948
1009 303
806 378
382 952
488 115
601 257
926 1110
534 654
669 180
770 612
914 3
1063 299
270 877
684 158
50 887
460 690
525 189
182 130
884 922
524 934
466 604
372 337
609 561
765 251
632 984
186 130
686 621
1013 632
511 230
1049 55
213 730
674 312
456 806
514 965
217 785
1052 555
924 286
315 1054
133 421
762 1011
550 780
140 342
230 563
51 143
244 802
155 352
748 1113
987 687
502 1041
920 706
470 496
335 1092
142 326
523 789
115 975
1010 678
601 281
316 391
1121 668
734 728
785 423
1115 479
641 61
506 197
965 299
1059 1120
377 402
976 152
497 1115
523 392
353 173
527 156
535 201
691 283
471 853
520 188
522 137
1087 295
667 223
306 259
223 969
206 647
299 1002
261 848
267 898
502 862
936 615
506 1045
746 800
189 911
175 660
859 1095
700 772
518 510
834 571
44 265
1058 771
763 127
805 510
219 574
805 765
545 127
433 805
185 929
176 744
687 455
827 756
33 823
461 571
130 636
702 650
798 116
252 914
84 465
909 849
885 224
1108 528
181 211
210 762
619 712
923 296
964 813
674 855
706 1018
210 980
902 937
343 468
993 761
15 495
704 357
148 298
892 605
870 643
933 378
981 588
385 106
765 618
0 1112
972 773
369 503
580 287
517 445
725 106
824 517
145 575
685 418
411 217
761 948
337 523
475 590
880 1072
581 631
637 373
699 336
737 1003
1086 881
441 207
668 898
768 784
554 429
989 797
858 1040
713 868
177 299
815 562
496 1045
797 302
168 212
731 976
1070 494
458 800
680 832
683 104
914 525
992 723
447 601
219 337
24 375
1077 846
785 332
718 217
596 158
883 907
946 490
915 324
675 664
941 1117
447 347
653 189
944 736
637 881
647 114
699 304
294 192
113 450
766 829
644 878
399 820
441 936
620 1055
313 1049
561 825
955 1093
151 594
322 405
361 456
352 241
92 1119
993 485
467 210
508 1000
641 722
383 889
552 476
361 908
990 478
817 247
607 1031
1052 1010
213 394
532 783
325 834
943 620
492 648
761 422
839 244
270 744
868 392
442 1107
680 224
1098 168
783 396
691 133
392 265
777 654
666 808
14 245
641 531
83 692
794 681
287 251
293 754
327 38
104 327
125 893
407 326
212 325
776 403
131 877
367 634
1000 44
470 1122
976 324
1114 787
981 257
96 739
455 270
341 719
279 433
734 151
784 70
379 1114
703 1100
720 1114
1097 86
143 62
715 302
49 77
514 902
759 994
187 118
621 638
725 679
326 662
78 145
807 683
199 860
223 904
483 804
838 1097
433 486
623 706
985 816
234 766
1044 877
173 616
143 314
860 425
886 107
666 687
172 648
302 469
198 866
291 472
856 20
496 969
416 712
1094 474
641 358
211 703
1006 636
611 181
216 887
468 280
836 739
824 192
337 222
762 274
709 1111
1090 1101
230 60
855 321
956 418
146 399
237 107
403 425
780 0
768 706
1053 851
236 614
1113 10
333 531
301 672
530 576
284 779
337 437
1110 418
173 794
915 671
996 585
796 117
393 114
642 854
1060 62
104 924
925 1013
239 821
1023 879
657 216
516 1000
132 53
633 278
878 249
252 954
1019 707
548 466
118 1009
692 354
57 63
1108 786
544 139
144 270
1008 236
212 1118
187 547
849 496
1023 327
301 534
1015 468
841 395
558 728
178 784
674 552
467 498
143 98
878 894
237 924
506 1009
974 393
343 1061
981 563
418 813
886 487
1110 223
954 623
949 757
514 902
317 794
522 667
347 889
977 624
507 1112
983 546
445 814
679 515
176 204
693 684
674 613
662 788
297 324
125 554
515 833
945 116
944 730
141 1049
871 1088
196 673
141 1089
486 155
108 287
1062 401
260 223
709 184
698 139
1089 618
392 812
378 779
128 883
1042 235
725 743
1004 828
507 1093
59 190
887 290
802 345
823 697
174 732
412 129
827 544
973 508
653 1094
32 640
1064 901
284 210
977 949
130 282
749 826
272 14
429 605
930 9
915 985
806 746
1077 795
703 990
1089 549
388 834
372 1106
979 807
462 480
735 688
106 565
370 362
1113 788
61 239
948 773
244 362
930 879
954 776
306 328
152 539
942 441
1036 675
440 605
593 448
310 633
840 1064
113 728
681 990
760 230
589 303
711 459
150 136
949 241
808 890
249 954
846 98
745 1083
934 658
512 404
889 805
439 943
595 427
630 770
256 545
403 913
425 973
125 746
730 111
885 420
24 411
206 759
330 218
916 757
736 120
924 540
674 406
489 936
925 927
45 30
0 506
752 937
66 336
592 491
74 700
523 531
959 78
249 362
561 428
414 691
545 444
628 882
186 291
580 376
537 106
990 307
816 766
192 88
297 10
563 584
363 120
253 765
759 141
451 394
141 1022
535 127
462 966
308 745
1095 771
128 1041
272 631
977 200
537 872
276 119
222 579
526 623
957 988
341 106
105 704
882 943
485 763
255 857
398 1023
960 53
980 421
741 443
841 110
418 1061