1023 850
181 768
664 75
1003 785
761 379
735 490
40 246
208 370
371 227
713 112
1040 69
369 314
352 707
460 559
1000 475
664 163
571 459
860 1047
534 526
1086 1006
1113 451
628 584
278 851
645 114
128 777
503 668
217 754
935 717
317 1029
336 794
514 560
173 789
857 694
51 993
591 114
774 851
473 62
665 255
464 507
1087 514
872 691
377 418
54 749
362 148
592 654
457 701
434 566
504 862
264 475
353 400
274 512
1037 230
559 13
488 301
582 797
1004 492
444 314
269 497
29 849
689 478
137 477
255 389
731 412
705 163
169 577
461 73
161 425
537 1104
474 279
424 975
417 992
47 885
762 569
28 350
807 473
403 1106
275 988
59 112
1067 342
524 924
295 496
89 308
1093 480
157 194
491 836
65 696
1075 683
176 649
587 995
958 784
601 703
1006 210
64 626
707 650
828 460
1005 865
808 976
300 155
518 387
225 841
341 262
123 857
828 487
827 780
1121 691
540 561
557 975
617 500
663 46
225 919
695 871
348 333
729 713
214 1026
11 410
608 112
565 722
894 1019
799 893
937 840
921 912
532 487
681 908
408 313
375 11
763 238
824 65
973 772
634 227
87 274
1026 161
732 380
139 378
802 391
393 818
612 518
650 946
144 347
984 904
887 752
741 208
635 392
1062 937
233 434
474 295
983 497
1100 194
240 240
735 379
175 868
800 587
937 1003
302 449
270 520
142 487
274 203
770 212
359 365
629 801
938 1018
447 829
454 208
724 121
272 148
954 1009
669 985
874 1019
448 418
438 903
880 272
106 528
433 105
573 285
137 595
207 48
421 408
944 972
1101 462
418 409
333 725
234 420
292 881
136 480
754 978
256 281
229 443
619 721
632 201
97 288
168 725
206 709
351 853
344 989
634 277
58 277
397 958
650 712
524 998
96 677
389 163
547 49
253 489
1058 353
283 916
597 314
267 761
64 853
798 916
985 630
766 974
907 95
861 277
585 1104
798 589
943 179
1007 1084
153 710
439 311
910 510
631 1081
64 298
924 722
1000 186
144 369
258 992
673 767
313 223
961 1019
776 667
544 685
1096 625
1010 966
997 817
885 358
832 188
818 778
194 730
194 834
415 619
595 418
659 741
676 371
845 530
674 569
578 1066
220 312
446 964
1116 617
930 520
254 382
55 240
829 773
928 1073
677 115
406 1089
757 161
443 169
613 722
974 215
958 924
935 588
280 909
186 670
840 973
855 133
482 801
498 863
509 947
259 792
109 651
839 178
701 836
930 216
1046 1094
197 949
179 934
272 113
158 371
353 666
766 921
653 112
569 233
729 149
697 965
318 374
770 435
403 153
499 531
841 825
1030 749
57 1043
755 33
319 121
308 423
596 713
453 311
204 958
692 12
175 140
184 984
772 307
717 531
809 362
987 120
1 530
756 1017
405 859
656 632
772 189
468 978
537 689
851 268
617 587
177 249
911 639
836 495
307 1079
596 979
932 258
969 826
299 972
450 143
572 20
477 143
18 517
181 507
535 184
1015 259
130 479
745 693
750 903
936 944
336 107
544 795
621 980
761 144
946 335
287 1114
889 1094
149 677
1100 94
543 726
1123 12
857 1027
537 461
196 165
139 45
799 396
379 950
25 1042
376 188
695 292
285 996
475 249
852 323
166 1121
95 1045
474 169
366 201
325 501
699 146
411 528
485 710
767 1083
731 1025
872 326
876 988
843 1051
1075 852
190 796
498 1012
691 365
302 1110
637 638
1089 293
640 94
285 1013
916 886
525 974
303 902
110 57
915 885
229 776
89 289
1056 707
232 361
768 492
400 280
845 1011
627 412
985 30
688 968
293 605
105 244
386 591
143 130
699 667
420 972
332 699
1045 1113
523 220
337 523
195 742
645 793
490 722
833 118
307 320
726 219
529 976
216 830
291 435
43 370
587 947
450 627
91 920
503 352
1015 838
545 801
390 834
730 865
910 221
528 617
438 753
1102 63
948 812
939 368
518 924
1031 1020
933 363
916 940
961 230
920 651
307 234
368 799
236 391
983 975
705 508
152 146
909 152
461 635
501 210
937 938
932 860
311 1104
850 426
644 848
217 390
878 84
34 528
166 864
800 989
856 1084
522 972
177 239
808 579
417 280
226 176
922 246
944 828
1076 129
612 600
889 470
485 871
1043 289
173 127
956 858
904 535
606 626
1010 297
900 424
1104 888
884 1023
430 553
109 993
135 916
660 460
964 349
635 844
562 466
609 378
635 573
624 871
1041 433
911 101
346 338
167 560
942 856
260 535
995 696
892 416
704 731
148 952
483 763
978 628
1014 775
966 456
186 1047
395 1020
1020 383
816 743
445 45
19 185
679 23
827 326
777 789
726 226
597 858
733 961
10 520
454 226
274 406
137 724
843 786
470 983
918 73
910 758
203 420
385 906
220 946
360 246
680 728
323 929
887 201
797 429
802 906
543 695
566 985
241 340
1047 308
24 66
38 598
67 558
605 1031
695 109
316 883
223 1009
953 807
395 948
516 356
474 467
998 566
677 417
65 568
356 1010
299 713
512 108
245 784
197 597
347 4
303 489
616 394
999 442
704 508
495 1082
101 832
158 955
693 808
288 30
228 328
721 978
584 727
416 885
70 476
983 931
477 614
928 582
1104 151
350 1053
216 1085
717 1123
1054 408
999 990
960 482
184 566
632 184
736 674
573 680
415 136
998 207
432 967
218 762
738 482
147 68
387 865
393 420
342 170
726 901
456 518
146 50
917 827
1088 527
177 693
459 513
100 74
156 337
42 618
317 433
268 793
1058 761
1042 1070
872 681
219 100
1100 399
837 903
27 1099
544 111
835 239
912 148
479 746
49 585
562 574
464 819
505 628
1000 21
924 1020
851 812
212 163
34 561
209 1038
933 643
68 970
575 507
944 161
65 410
736 494
677 908
331 159
894 460
1009 257
317 999
264 921
398 419
638 921
780 450
768 378
214 681
502 952
316 460
285 978
408 875
598 498
136 1110
400 571
872 475
441 443
723 503
963 347
268 602
1103 758
850 605
975 737
439 563
822 590
733 480
515 503
338 819
586 1121
874 495
782 858
18 512
377 167
514 344
768 1022
1043 985
786 816
91 1009
841 901
752 1071
783 596
748 575
267 492
825 917
703 160
931 648
456 1115
180 149
716 775
659 200
328 568
236 554
496 1056
758 146
132 888
245 607
306 264
624 698
912 191
914 191
706 730
420 576
455 966
38 921
994 762
188 238
652 164
76 21
891 475
589 874
906 413
959 409
894 252
368 923
251 561
910 595
858 563
563 606
658 651
308 476
1050 105
582 457
108 915
309 351
66 1102
327 466
96 349
356 357
1006 991
886 990
997 1079
655 893
526 983
209 181
439 543
646 21
1067 827
233 383
983 654
309 371
824 685
484 91
785 196
733 445
1089 595
937 907
965 826
579 884
73 491
951 450
439 1001
877 973
572 856
670 387
366 691
1062 247
22 256
907 196
930 843
322 208
255 621
1009 374
553 929
708 176
943 666
779 718
797 871
975 612
2 466
683 1033
800 947
574 148
691 131
1006 533
542 559
48 318
217 309
502 289
1042 469
1068 472
457 233
423 999
1008 960
346 458
127 789
474 855
142 564
716 496
428 281
948 498
651 131
1101 453
996 742
224 691
180 573
626 228
31 737
697 532
569 158
240 911
570 644
769 824
168 992
375 696
372 814
1006 757
241 131
267 760
775 582
119 597
697 321
202 638
217 203
779 629
1023 582
679 858
955 232
138 1073
524 342
769 206
324 408
330 1093
346 68
1037 159
703 405
131 1071
378 841
983 878
930 942
867 895
489 984
121 212
978 949
636 139
835 715
741 287
165 94
297 267
573 667
154 791
820 732
1068 686
1000 753
995 729
189 627
867 652
674 987
404 933
152 831
510 163
553 956
439 655
799 283
579 111
79 467
0 811
1007 890
411 811
419 154
309 890
631 513
842 784
241 1110
975 492
56 875
538 643
881 372
731 297
327 1028
217 965
747 322
606 480
630 118
726 156
997 908
21 1015
245 737
104 361
672 531
1122 1004
547 922
311 923
292 894
905 116
170 290
441 944
938 97
1116 617
424 739
935 842
901 265
592 520
541 1113
173 582
1106 921
37 104
324 805
93 564
307 993
921 279
111 175
404 714
388 375
1001 142
525 383
980 1011
1003 159
928 727
284 339
825 78
434 218
335 453
463 724
68 311
839 743
376 444
1033 1089
331 840
189 830
751 357
310 490
551 671
816 425
158 890
151 182
772 167
199 970
954 457
158 158
1092 523
563 914
524 265
789 991
413 793
766 459
654 117
142 525
358 741
644 144
934 428
120 842
78 121
856 965
670 770
884 906
1061 759
181 462
806 615
188 612
337 120
485 419
876 378
132 1013
603 381
585 232
421 337
357 663
991 238
464 489
209 562
217 1010
544 646
72 2
111 573
400 52
817 250
113 915
634 705
569 926
365 624
818 402
445 195
869 615
167 813
152 499
800 291
852 671
1019 626
596 151
1061 757
1038 316
516 127
673 983
416 716
147 183
515 438
272 746
932 377
3 128
1087 93
50 332
1075 137
366 134
895 293
68 560
818 214
863 688
146 375
732 926
766 240
847 479
167 933
675 242
208 430
739 744
117 970
43 347
430 493
852 175
837 167
904 605
100 167