536 283
273 22
137 439
303 391
181 345
1012 427
183 410
587 331
943 83
601 743
372 356
989 890
987 123
201 668
925 636
869 452
717 746
922 493
565 145
657 137
923 59
516 153
374 119
161 428
283 330
309 574
1062 586
160 776
527 486
446 1045
737 546
1016 521
480 195
101 487
1002 733
6 774
1023 791
433 418
814 191
1041 684
347 34
441 706
417 929
638 22
896 1027
597 385
769 744
1110 494
112 868
483 639
434 1022
12 278
338 841
164 1048
499 732
899 736
504 453
1060 760
438 880
893 346
387 475
357 863
237 627
778 1019
110 146
732 266
914 876
842 888
436 473
195 66
301 822
267 643
121 697
454 7
37 780
40 325
979 1040
950 139
324 1105
241 123
148 708
1041 437
405 126
436 981
586 986
311 826
657 563
417 904
297 581
143 732
445 859
807 821
145 463
768 35
13 11
1105 465
108 340
608 905
961 958
486 988
531 1034
393 1020
199 1085
185 411
1004 114
927 340
321 165
606 1029
812 489
267 474
677 354
319 617
892 90
635 118
542 702
136 288
672 1033
703 897
964 463
55 147
681 202
182 993
600 649
633 628
128 734
527 823
21 415
843 267
332 1038
304 218
387 965
778 349
582 447
259 465
418 905
100 246
623 881
956 1000
369 387
244 554
986 208
468 462
943 847
426 572
787 869
961 205
910 401
1040 1052
694 789
1020 674
267 181
390 1072
319 211
729 211
971 358
791 719
637 876
386 837
518 506
674 744
847 971
397 886
830 527
738 336
975 121
881 330
274 768
266 775
258 854
797 486
183 805
406 308
706 443
1122 496
962 767
124 498
127 805
196 1020
146 931
972 86
22 293
428 67
180 1011
1041 689
421 483
313 103
117 775
885 526
864 639
746 1015
736 403
385 102
691 990
437 1115
575 195
779 239
534 809
84 994
1105 828
229 985
587 1025
395 485
658 106
65 719
638 709
947 898
1022 465
1016 716
365 730
810 834
78 456
437 298
695 108
657 418
241 508
332 406
670 695
140 677
886 470
672 799
465 406
454 718
269 493
552 874
520 902
1026 101
710 800
359 377
862 726
235 414
419 776
281 959
643 720
613 818
133 243
356 1021
602 1108
217 963
354 772
399 777
943 453
701 659
962 1074
846 186
940 80
618 988
323 713
68 253
105 1042
996 650
908 745
895 267
674 364
326 201
421 585
728 145
676 515
619 275
326 321
688 46
166 506
790 879
254 281
0 1016
911 1029
691 0
590 577
15 504
855 1007
212 1011
273 891
859 232
719 805
445 776
249 96
727 100
683 234
759 159
567 1032
755 856
838 176
569 154
921 320
402 275
724 541
698 254
420 485
611 217
637 662
889 927
360 369
778 470
579 552
630 741
865 597
904 244
239 222
286 952
45 572
582 476
834 216
194 339
615 397
218 812
214 570
616 545
616 988
652 114
895 776
121 189
959 247
223 437
627 85
457 75
57 1073
882 118
602 782
179 45
524 3
1059 262
555 125
1066 334
180 777
975 282
947 77
201 634
415 329
480 612
893 509
636 858
611 113
266 13
205 966
1109 727
614 135
375 658
315 693
760 580
573 934
186 612
968 900
623 409
348 555
123 487
310 191
862 617
148 762
541 555
890 602
32 855
30 1120
172 663
123 762
568 930
532 331
493 465
762 111
881 878
606 154
601 198
736 1122
415 702
817 32
661 337
530 914
460 277
1007 127
507 988
6 565
452 113
971 949
1040 265
614 771
601 117
192 747
408 747
202 302
415 936
481 136
625 589
629 508
817 249
792 128
744 74
543 1020
106 787
265 886
147 435
661 520
141 903
632 957
517 1036
663 204
902 559
209 135
1114 784
850 995
695 269
747 792
795 456
687 298
364 963
364 392
350 352
1039 147
311 171
403 622
1000 835
558 675
365 657
6 388
18 889
68 75
1078 278
913 485
789 800
514 547
553 533
1013 1072
17 513
516 805
94 628
660 702
906 438
444 1051
186 737
1035 232
102 865
204 568
118 415
378 560
956 408
813 724
393 1004
674 169
88 539
907 934
393 299
20 675
749 798
616 1052
686 674
866 26
882 146
761 136
688 174
626 648
374 698
441 625
435 437
986 814
408 1017
394 325
834 774
394 631
963 547
407 750
306 765
602 130
554 256
704 803
1034 618
488 302
377 140
255 627
657 556
656 536
707 186
382 534
784 543
606 713
947 891
243 794
228 989
51 413
415 564
258 795
270 233
743 874
927 598
196 963
330 121
468 496
467 996
356 477
891 504
515 986
284 931
609 647
325 545
575 661
439 775
340 932
34 997
116 811
31 739
129 663
710 964
567 583
1114 434
453 804
395 696
802 819
744 878
591 30
230 826
699 784
116 323
479 969
208 841
112 1039
893 471
1101 921
901 993
353 357
66 492
274 177
104 13
272 514
426 886
865 710
822 396
184 610
80 988
317 170
654 283
533 294
492 220
517 161
104 498
415 1032
745 783
992 527
699 912
648 444
90 611
702 359
596 576
156 647
661 1116
483 246
502 547
353 502
1098 699
732 1063
413 806
345 798
249 103
790 380
1098 1016
561 622
236 1035
497 746
618 638
971 861
758 155
608 948
1103 244
349 329
726 185
460 401
437 504
320 526
801 119
689 1022
222 397
1000 501
452 345
894 1079
783 497
494 833
886 610
315 447
273 631
699 289
844 737
874 440
945 957
179 156
100 396
729 459
1088 652
788 454
810 389
499 563
275 858
499 39
163 422
87 989
516 242
846 710
1012 1019
21 389
239 277
537 473
1036 811
983 292
886 355
362 973
746 38
785 778
318 3
251 704
292 1009
871 646
240 132
425 647
3 747
638 479
1080 158
503 1037
352 676
924 535
681 629
652 481
192 354
936 993
688 504
688 852
733 539
110 139
813 426
211 1003
199 541
288 943
29 727
501 118
300 105
455 640
2 313
897 125
324 451
631 866
809 578
284 812
634 493
500 467
979 695
981 501
149 760
273 988
693 630
542 925
556 545
841 871
840 1027
338 974
723 771
846 342
657 768
515 976
375 500
640 829
858 1052
365 143
437 548
731 846
551 675
905 403
1076 908
193 391
898 617
262 119
83 182
49 513
784 678
1075 392
284 188
155 291
1018 35
790 798
516 1097
425 92
469 1048
431 828
300 385
374 935
794 879
556 1023
1049 869
296 206
910 882
239 251
690 689
716 517
651 296
568 432
268 399
125 881
1006 326
579 1022
245 97
261 605
1015 829
671 201
30 506
441 165
1004 560
640 295
523 485
290 458
406 649
745 1035
979 766
832 596
666 524
930 1000
1077 468
98 875
833 512
14 540
888 316
913 972
1000 1033
752 980
632 536
824 90
785 622
664 185
511 796
381 1003
792 0
1077 184
993 897
798 184
160 977
897 998
421 546
533 782
468 546
354 907
174 866
253 413
277 745
1104 441
766 948
605 336
466 586
653 729
498 786
547 51
1020 231
1017 943
396 261
112 911
478 579
134 572
519 907
786 581
491 611
525 704
1011 909
1105 874
167 708
41 437
638 557
621 535
445 393
144 218
1120 1021
836 123
360 441
446 221
132 578
940 584
1018 707
501 873
562 1102
1016 801
768 127
831 180
127 194
35 497
139 369
631 686
411 434
254 280
944 395
178 211
718 145
435 172
185 530
1011 616
374 416
808 350
683 685
552 119
779 139
986 645
910 27
616 1005
976 573
389 878
384 1084
814 904
936 829
316 973
370 791
174 1113
941 811
666 776
873 126
616 183
320 335
548 813
462 288
779 625
643 1011
608 581
927 247
501 611
841 594
834 114
764 102
366 142
814 24
850 982
602 621
1083 140
965 845
904 94
595 135
58 688
832 511
280 359
725 97
307 161
907 797
684 168
639 229
848 654
133 877
555 1092
583 930
935 127
494 406
142 806
294 873
352 121
643 262
821 952
337 520
336 929
761 806
625 188
194 296
508 924
154 243
475 421
502 209
482 929
306 1011
447 198
397 253
853 786
996 1091
574 36
557 304
784 490
1083 134
880 433
47 856
730 130
914 337
941 4
1072 124
633 853
555 570
931 284
690 785
585 734
987 557
955 401
720 770
960 1059
1057 263
346 779
637 411
308 936
419 303
568 712
958 704
979 771
848 1010
951 26
443 680
926 569
769 797
309 360
562 166
419 33
671 852
777 400
500 1006
1016 819
82 471
260 955
871 507
501 532
57 720
930 137
786 212
327 277
204 167
150 782
660 836
196 362
253 1041
868 751
941 764
457 434
211 848
1002 706
498 312
473 948
1118 1110
718 381
734 476
341 720
721 760
641 239
964 1095
398 1094
131 316
898 1012
766 618
661 684
771 99
380 997
145 1112
532 865
1076 1112
203 0
550 895
205 810
917 389
223 881
371 752
867 862
633 424
860 289
432 652
647 384
108 213
569 911
27 213
773 420
417 965
548 844
116 618
596 940
418 214
412 637
713 137
491 730
924 521
597 1092
411 223
752 355
1000 816
343 903
696 261
1117 78
710 1093
863 878
79 709
476 503
630 661
479 505
431 670
277 769
810 465
756 225
392 577
729 624
685 701
605 691
160 790
965 866
272 280
261 681
383 184
999 339
291 905
906 975
587 568
33 1010
256 168
962 450
557 186
329 1112
149 481
212 284
850 528
712 585
965 797
371 978
972 934
388 622
851 137