936 375
278 641
375 542
108 46
684 687
586 796
456 260
442 762
293 1114
590 675
7 914
109 41
858 581
525 887
718 795
876 118
339 861
858 947
965 226
814 345
383 937
271 893
651 786
258 608
381 428
594 805
383 918
932 637
413 858
908 402
1028 761
1110 786
55 326
360 585
552 358
300 616
854 972
442 774
265 679
52 333
913 230
605 566
172 691
499 359
810 1093
916 339
1064 570
226 87
361 653
362 991
161 496
350 105
90 480
338 99
603 102
249 853
326 83
599 193
985 60
462 833
690 649
1005 1101
1067 237
501 1068
968 1049
151 182
960 321
920 798
798 288
926 1071
658 918
239 562
267 1016
865 1006
71 152
249 467
463 755
607 1064
173 921
821 347
902 65
494 578
644 323
450 484
309 545
104 543
1069 485
1060 685
5 1057
889 1
327 1040
940 874
514 517
178 824
1009 9
48 810
138 929
897 941
236 352
956 391
669 146
247 636
969 220
666 507
345 912
872 330
793 107
588 401
468 397
175 931
793 574
488 578
673 877
103 752
351 90
559 779
273 786
819 383
148 1064
515 1078
725 499
1119 207
330 808
619 141
370 270
1052 582
917 896
1031 397
800 941
976 699
208 904
525 675
186 352
836 831
200 832
1029 567
569 302
492 531
352 813
134 234
1081 44
114 300
110 541
503 142
400 652
132 687
590 127
336 22
363 911
18 3
782 176
770 501
86 810
185 605
357 697
1098 1004
567 741
106 667
589 186
1042 721
778 800
331 467
108 885
14 635
1036 101
517 971
604 725
481 1062
366 335
244 765
640 990
397 286
499 906
587 517
46 771
1123 253
979 674
237 824
260 690
321 346
347 257
1093 34
913 534
821 357
202 774
7 249
342 515
349 47
501 722
988 456
558 314
326 953
293 264
562 528
1053 47
443 621
436 238
378 588
4 776
252 265
1011 502
872 724
339 146
608 677
199 364
823 258
703 165
111 141
341 957
994 395
448 809
1090 259
415 106
876 731
796 397
541 651
846 615
833 953
735 530
508 603
648 1018
179 175
1078 439
558 388
623 165
638 548
866 697
33 668
421 123
867 534
628 512
332 543
970 34
737 77
799 650
348 400
245 1084
536 761
741 523
855 1026
924 557
932 771
194 266
375 143
590 414
168 824
316 354
101 114
679 943
136 833
443 847
124 1003
187 1089
301 1105
467 819
562 1074
398 424
829 220
561 390
238 253
1057 664
705 955
467 316
592 168
114 597
470 624
512 1116
624 278
701 784
620 234
31 182
263 1082
852 306
906 562
344 687
117 917
720 840
568 697
105 943
482 1052
433 539
915 207
686 698
1032 608
681 268
284 780
142 598
542 196
367 432
1010 722
276 535
624 657
113 569
403 1082
889 1027
785 485
111 523
647 573
373 242
300 631
857 419
725 341
577 347
959 629
381 699
484 1112
358 519
651 440
212 616
604 335
229 615
530 170
272 460
354 421
699 362
840 510
144 988
528 461
168 247
51 504
677 301
386 248
908 316
738 137
439 222
538 578
90 399
142 901
379 520
572 1004
548 139
308 756
214 698
643 58
482 453
448 1012
939 507
970 802
493 63
525 590
1 404
244 207
751 278
703 971
1023 99
677 31
475 1043
808 256
690 706
759 817
607 1046
688 272
120 302
206 476
974 416
905 396
337 569
660 255
3 863
251 168
350 522
870 453
837 361
904 972
173 982
964 494
832 432
285 501
202 576
893 439
726 260
992 142
152 879
705 740
711 931
232 704
865 960
325 516
594 501
573 766
334 821
851 186
501 797
981 844
1010 903
383 997
82 1048
407 115
118 843
323 710
885 589
808 62
974 976
388 517
801 799
913 575
740 497
762 946
903 1116
154 442
473 265
292 770
682 344
159 442
730 725
482 669
180 783
673 712
978 290
729 1107
348 592
457 480
165 118
387 253
937 575
482 235
394 227
348 145
15 334
1114 435
367 583
102 194
891 108
965 727
275 668
366 495
751 239
206 909
106 656
1076 495
355 266
500 131
558 120
327 70
607 1009
886 856
284 817
151 379
169 178
599 308
122 808
921 709
256 101
267 84
283 451
647 815
114 805
652 556
247 708
1053 827
1027 851
781 625
606 595
573 839
495 252
671 965
362 748
708 699
759 387
343 247
278 732
435 102
82 761
918 175
962 1021
991 851
639 589
149 859
947 267
128 557
934 435
229 482
912 179
974 704
697 829
896 858
742 606
912 145
738 848
437 337
677 267
851 982
890 806
1009 737
418 996
265 294
119 830
181 565
275 579
871 1075
1044 518
557 325
144 813
165 898
212 361
148 1053
298 727
322 945
179 221
845 521
179 930
446 132
311 786
751 467
604 644
758 385
713 697
685 452
389 391
1004 610
1019 504
1008 154
726 185
117 379
937 1017
324 157
367 120
777 453
801 625
1023 807
784 416
245 13
453 97
182 357
176 340
812 835
256 922
178 879
820 70
946 877
123 716
460 154
392 566
144 571
471 233
1069 680
279 698
395 1098
366 378
399 275
811 581
45 482
168 1055
42 325
91 441
451 887
127 926
328 227
519 860
893 318
608 450
1021 686
860 256
848 1045
496 555
640 599
1060 593
583 295
1086 205
172 708
544 731
22 506
750 585
768 102
989 576
54 789
453 299
772 481
776 150
917 1114
746 254
209 500
254 904
658 796
180 1034
245 148
529 913
773 510
570 904
384 732
937 964
421 64
269 984
56 199
636 486
800 576
205 932
383 631
947 466
855 753
273 1088
387 861
96 629
183 466
3 1108
617 14
348 463
753 522
321 868
142 348
615 855
146 753
893 614
840 359
856 719
588 762
979 983
831 839
247 60
299 425
686 310
609 530
800 585
1089 156
872 159
431 452
494 977
811 16
258 993
585 351
924 344
1002 351
418 309
142 633
401 146
971 1011
400 1023
957 169
582 795
511 1049
139 379
634 537
124 573
316 335
1063 669
970 1087
774 565
714 765
997 708
923 1052
432 319
310 1016
357 690
697 378
855 556
978 851
471 426
1114 805
499 963
43 138
174 332
480 246
1055 989
498 477
561 879
353 761
690 214
212 313
163 184
1022 822
688 356
418 972
996 113
501 780
384 105
346 181
740 130
857 1018
367 544
652 442
641 246
1066 724
959 660
437 978
851 376
446 110
343 275
983 466
1065 595
126 264
76 953
303 683
818 251
31 222
381 637
526 127
766 486
1001 411
282 1008
1 118
381 90
755 1063
856 1003
281 287
906 926
876 432
186 154
108 610
569 545
112 840
721 1047
658 1074
912 167
482 304
683 961
552 565
808 199
112 788
409 560
145 301
693 877
1113 479
500 500
304 759
872 858
426 536
431 499
319 923
1097 927
204 640
1009 286
443 88
92 550
28 252
1110 494
325 405
959 502
444 313
1122 79
874 918
807 697
384 850
878 19
860 333
1074 312
769 111
126 1010
824 445
949 484
985 503
952 618
574 609
521 57
557 696
1006 435
620 359
759 891
897 183
321 832
851 134
681 278
568 264
299 627
64 515
386 767
1102 196
275 246
804 417
195 517
804 916
448 74
477 401
358 767
579 621
223 166
1003 216
435 712
982 466
385 281
196 605
388 512
427 115
152 258
288 826
806 675
1081 629
381 761
429 891
764 225
781 570
307 785
588 363
347 594
897 21
1109 699
746 358
545 541
472 126
719 116
1016 850
986 627
485 84
269 170
748 404
960 468
807 662
855 718
78 135
1106 511
70 663
692 628
108 339
139 619
1072 172
66 310
886 529
215 484
762 230
989 68
410 185
985 266
973 263
371 591
825 757
417 142
937 836
851 762
1032 531
929 293
1002 853
375 361
833 38
762 690
289 726
400 208
215 827
748 727
619 81
1020 114
213 880
1104 1041
735 705
525 84
136 750
459 1060
747 1023
1068 1058
896 526
1013 625
502 841
79 212
11 545
458 163
473 256
660 1082
410 675
764 15
450 439
422 1086
179 593
282 1008
724 158
328 616
317 789
802 719
110 1050
419 922
439 175
305 777
591 158
962 629
961 660
866 999
479 844
535 154
848 275
909 545
1101 655
618 145
895 703
809 341
559 736
785 1002
513 430
79 169
422 451
405 554
272 843
745 718
527 173
744 982
809 602
473 330
938 915
1049 862
750 286
549 944
183 212
552 843
474 548
909 639
276 568
936 252
128 273
357 770
637 509
977 726
525 335
7 1063
808 338
637 4
434 634
894 343
925 732
168 196
363 930
173 500
370 307
36 1008
74 2
106 78
16 453
974 499
428 813
542 77
877 371
361 331
179 400
681 726
856 720
958 800
578 388
254 698
249 229
227 1104
308 723
1012 568
538 911
753 582
686 226
1081 375
555 326
976 711
89 617
104 887
446 857
146 549
913 314
995 515
895 237
282 652
536 308
1065 141
1090 290
291 776
547 977
554 350
484 894
569 699
972 925
450 359
658 782
551 859
542 974
259 1047
18 420
753 946
349 366
938 818
980 260
65 541
187 768
46 336
550 415
301 53
436 510
960 1115
800 345
973 907
691 637
715 896
345 211
286 3
474 778
614 147
679 289
588 911
983 1106
572 180
655 756
308 425
473 1091
751 188
200 1072
230 314
239 572
419 132
291 1008
646 609
89 964
511 880
757 1117
194 455
557 578
91 754
969 988
725 601
899 785
454 388
438 110