789 147
250 302
987 1109
861 742
667 1008
1005 1038
463 633
507 325
375 663
887 902
634 779
212 567
7 1065
616 123
816 329
83 1022
923 457
430 651
862 299
134 140
871 573
569 337
578 551
165 951
193 824
63 614
739 274
686 844
235 324
937 724
338 957
398 305
768 766
252 970
171 958
251 175
773 345
34 762
347 719
516 659
257 281
958 144
1112 843
913 14
459 914
1003 279
228 693
300 1091
299 967
1094 615
970 288
1028 788
509 588
143 864
231 733
622 469
861 69
581 811
641 487
479 518
766 492
887 565
67 1012
371 1086
488 223
715 395
194 399
205 219
622 583
1066 640
495 987
905 580
320 481
890 899
649 302
385 655
317 401
227 1110
428 484
929 938
97 955
603 1116
970 868
755 1078
30 912
858 813
852 682
371 200
139 280
1102 282
1014 318
1015 550
881 618
345 953
646 368
820 815
87 965
654 514
1120 266
780 1011
556 58
71 928
140 837
158 824
527 15
554 667
210 160
510 115
208 806
799 954
796 373
278 885
437 404
596 244
789 491
534 443
521 779
537 31
60 533
1008 61
14 623
972 301
802 133
488 297
819 853
303 824
307 809
810 900
837 897
117 626
963 367
27 822
980 802
152 489
444 526
404 639
111 1026
1030 854
1075 310
475 828
348 823
927 89
564 168
168 675
47 641
305 906
545 764
1057 293
1022 1034
908 262
966 543
298 166
927 782
63 552
69 463
398 767
538 918
329 433
179 548
872 124
518 448
384 1048
187 407
278 997
934 904
702 520
379 974
410 345
931 409
47 736
806 218
856 24
803 679
740 38
225 798
853 437
584 980
203 836
358 470
736 616
573 13
500 402
996 237
920 834
516 944
1021 710
319 1118
1011 559
976 883
1000 206
455 221
558 758
28 631
256 610
43 499
938 830
483 171
247 971
847 122
768 886
812 886
259 653
946 290
354 238
612 530
1004 174
620 19
568 424
565 654
448 533
484 629
468 168
957 160
912 220
753 1023
698 1120
1020 792
168 15
364 197
909 1019
557 293
842 250
1007 858
444 52
930 1074
396 247
33 147
518 636
714 459
389 178
170 412
922 712
324 952
332 578
725 506
800 855
1094 148
201 986
779 617
770 896
886 1099
810 906
355 865
1008 923
155 542
928 1062
299 156
348 19
71 4
855 771
1043 1009
1011 419
989 431
434 886
767 217
1106 1045
10 113
12 214
222 284
378 755
667 1121
199 687
654 298
461 203
749 961
137 830
270 255
18 909
891 812
635 501
722 701
1013 187
661 653
137 778
1005 412
516 601
313 978
356 175
724 1021
815 600
483 823
3 471
974 651
473 101
98 19
349 385
397 924
157 1018
867 104
816 986
673 361
602 840
406 636
670 591
396 380
691 946
362 109
651 478
474 510
508 981
235 584
816 1088
706 213
155 1113
411 821
715 404
249 1051
452 546
664 700
541 605
146 528
446 178
464 877
1074 1113
703 191
523 250
583 951
140 1115
644 474
452 258
656 354
545 596
426 234
907 1109
102 596
585 271
403 19
151 254
60 1024
1001 1000
769 54
923 280
213 872
106 687
582 527
607 27
465 836
1018 975
189 163
1073 157
660 811
777 996
369 532
521 270
144 363
78 255
581 459
806 572
198 693
304 345
271 95
199 461
273 225
822 371
569 687
843 704
524 816
231 1071
423 263
118 1083
925 438
394 762
827 668
1114 151
890 615
408 984
222 653
574 447
457 598
597 917
551 752
982 470
967 1078
619 582
741 841
905 798
1059 492
1078 844
837 1094
537 456
32 10
632 82
984 803
939 826
528 344
103 348
143 861
988 798
1030 258
283 237
1092 205
905 621
497 691
673 246
845 338
77 552
754 491
490 240
158 742
594 263
113 493
28 497
376 523
679 807
793 71
704 817
109 240
192 32
200 948
402 318
345 1029
372 695
729 781
437 581
800 805
382 941
739 722
60 784
348 565
1114 742
468 594
962 139
763 625
337 737
597 1014
467 790
498 235
1080 838
497 883
929 1091
253 870
537 51
238 795
328 37
751 239
424 221
170 269
1033 887
701 583
1008 293
961 385
1067 346
932 649
156 651
231 764
373 220
892 747
390 833
537 418
950 20
909 629
907 1057
185 607
830 1096
186 218
633 553
910 829
354 730
1010 595
300 526
580 1050
251 570
570 834
754 385
703 846
751 881
716 1057
794 120
380 905
455 123
507 656
980 0
585 209
576 733
613 144
144 561
458 834
682 643
64 1013
835 921
1009 758
420 355
423 863
589 960
1009 354
974 356
904 390
726 387
282 745
997 748
771 1054
919 483
594 326
458 992
671 226
970 562
64 4
123 275
335 787
440 196
940 906
377 1114
898 798
313 348
38 681
529 522
442 901
567 682
530 524
1011 589
578 762
1071 501
172 752
390 1020
163 14
835 835
766 1001
658 421
734 273
486 288
341 538
172 383
173 301
440 736
819 117
750 426
664 291
191 198
708 161
628 589
697 211
266 707
412 655
1055 989
413 969
973 571
786 708
478 859
585 490
864 79
617 900
593 146
451 711
444 915
136 512
932 550
266 202
421 312
12 750
554 186
334 941
151 371
612 113
183 991
878 566
780 620
667 1028
629 825
1072 838
539 704
649 1012
464 94
731 860
397 1023
726 74
954 132
358 294
798 303
210 231
1000 81
842 188
584 327
32 255
658 422
769 466
37 212
967 869
95 238
901 661
600 217
1049 759
215 372
128 155
280 135
997 557
1079 576
582 632
536 672
855 1048
977 877
934 172
545 283
1023 684
169 1017
785 1075
383 365
923 444
969 262
324 628
936 549
293 782
622 1009
774 211
305 986
1079 890
104 714
808 927
598 505
680 368
214 199
917 676
503 620
123 374
216 142
583 793
789 175
537 174
851 1007
305 894
749 569
232 248
289 1104
314 273
782 217
731 105
158 5
749 335
422 103
544 178
972 135
771 755
621 541
1098 570
944 827
982 942
602 328
931 16
66 317
954 1065
656 545
363 558
961 189
846 924
942 540
711 563
397 838
604 617
427 793
319 980
355 799
180 424
718 845
830 486
485 803
301 372
663 634
150 681
911 28
688 47
249 787
195 684
643 71
343 1041
615 250
451 746
494 170
668 140
183 722
482 294
97 574
947 120
421 942
1105 931
160 836
682 88
941 965
829 108
310 291
255 458
829 313
407 833
56 284
590 737
700 325
745 216
365 292
957 1023
161 897
822 337
285 522
519 605
121 1020
422 885
687 390
602 645
601 59
780 161
288 1088
503 686
109 439
1032 191
771 784
1045 328
751 123
920 541
164 361
816 328
608 268
904 796
244 149
624 125
415 649
865 178
360 829
573 189
605 976
872 233
698 917
354 264
455 936
565 749
798 783
534 404
172 791
458 451
974 800
586 24
767 653
999 284
471 829
298 917
522 750
387 93
618 987
33 473
258 301
899 812
436 927
458 124
840 965
937 599
774 368
502 448
1057 190
734 424
221 771
195 477
1055 917
520 438
987 949
431 882
214 949
776 112
332 108
716 277
912 356
332 941
611 1118
361 477
865 964
149 413
274 737
787 959
116 146
727 442
613 331
831 943
540 483
705 528
872 242
299 409
284 240
264 137
908 486
387 213
756 582
687 995
990 307
609 962
577 470
967 24
800 708
347 986
12 803
304 246
487 863
441 483
680 1046
142 157
171 731
156 575
636 749
341 804
450 109
596 920
170 777
1094 412
133 223
392 579
127 1020
573 522
1016 982
544 992
220 504
957 312
807 757
160 968
870 1121
528 101
972 717
788 596
920 978
373 273
714 504
302 361
427 630
7 514
629 298
809 758
877 172
145 66
231 983
663 358
723 330
615 175
685 412
681 564
661 850
137 385
952 365
1122 661
150 824
896 136
901 645
909 656
309 954
817 931
789 430
906 896
781 1104
995 586
710 139
602 661
166 714
105 654
280 358
150 887
1010 170
143 1011
104 128
291 531
733 476
743 324
344 147
128 638
474 1050
586 959
533 569
915 512
640 72
684 317
256 1013
487 814
521 567
51 300
390 509
626 232
1018 992
421 781
920 189
124 712
361 850
105 214
1068 1006
699 539
381 1021
178 729
74 526
786 998
290 452
125 282
191 582
818 632
902 456
776 125
1085 627
664 199
865 158
642 213
569 251
503 186
683 903
426 870
1084 503
597 707
473 569
712 246
979 155
875 774
911 561
3 492
1007 756
457 226
420 184
993 359
262 955
560 612
908 171
1012 305
672 346
1025 1107
237 127
330 679
394 1034
213 871
859 462
254 97
918 584
376 853
541 389
201 241
849 675
367 205
342 244
1031 230
444 734
682 540
988 350
590 452
172 988
619 406
784 1006
651 471
603 326
414 269
276 96
651 989
212 783
444 348
335 491
11 214
602 203
131 231
237 286
253 519
1026 754
321 1055
865 529
307 276
996 449
236 493
397 958
485 273
366 115
380 846
309 947
819 233
961 105
234 1014
916 583
666 1000
890 186
945 619
554 398
382 952
954 178
252 893
824 843
965 471
847 811
987 1026
243 376
450 264
441 629
26 215
661 289
991 190
614 753
451 993
470 493
169 1011
358 506
335 842
57 973
340 694
399 487
352 788
813 196
576 241
138 25
892 913
957 211
86 673
492 189
894 1001
779 680
282 143
366 450
1011 586
892 793