770 77
105 486
311 592
774 310
56 727
659 573
565 118
839 464
444 282
96 811
848 39
423 36
403 919
146 857
212 524
501 1111
642 837
725 1094
370 402
345 283
700 683
330 937
789 450
413 340
121 809
135 451
357 717
560 979
668 176
996 1011
511 367
935 397
387 421
615 953
803 343
439 168
645 898
665 678
438 304
445 68
873 934
776 26
834 267
282 1070
977 576
995 669
139 328
939 670
836 1015
481 357
915 242
10 571
559 325
938 840
419 465
354 130
436 120
684 883
818 926
964 253
347 559
1111 666
559 780
417 1093
980 515
362 304
773 609
540 70
993 987
1028 841
716 814
782 763
235 422
571 577
300 537
725 668
611 734
424 705
836 712
148 120
90 720
729 1035
327 385
583 534
758 117
526 533
602 933
348 659
415 410
1077 941
311 568
767 1024
208 740
447 138
269 601
394 18
1019 101
480 853
286 218
322 311
291 800
866 743
245 423
448 822
719 541
275 734
860 564
553 950
202 840
578 1023
146 551
51 183
897 12
990 86
146 479
101 493
145 928
967 263
677 921
254 9
313 1044
59 766
930 662
751 871
996 286
603 496
730 837
177 993
433 76
979 926
429 215
412 195
441 700
53 915
369 996
738 564
7 920
607 819
260 148
325 180
49 801
464 737
237 1123
1009 56
439 751
679 138
628 160
911 679
76 427
356 574
526 239
649 608
315 401
1117 678
966 835
787 179
302 604
107 762
186 777
1043 178
570 569
698 142
242 536
206 290
292 883
684 698
344 291
229 309
815 919
415 210
399 222
377 747
408 70
978 231
861 868
1023 1019
804 438
1076 425
878 177
321 244
808 304
293 537
139 743
1083 859
364 132
635 729
683 889
287 304
204 976
751 323
1085 746
678 729
280 301
301 291
813 946
360 173
693 769
840 645
678 163
728 378
328 188
387 405
388 592
757 903
851 737
137 963
975 169
430 627
511 67
782 521
763 677
127 765
498 204
571 548
827 34
1110 184
224 1019
566 1021
347 632
227 697
436 634
103 523
1108 381
501 130
454 291
461 357
158 230
974 770
532 612
247 799
947 359
299 353
294 1032
308 464
987 903
265 6
121 824
243 72
283 986
657 797
430 757
403 1015
737 989
586 512
92 1014
21 926
181 441
281 571
982 89
613 43
1055 896
724 654
113 79
468 1016
128 513
124 685
775 160
497 776
390 242
53 699
851 291
187 477
190 1001
238 717
707 839
777 687
810 460
486 1016
328 142
1106 999
1008 641
553 170
434 268
229 677
218 398
968 150
384 492
307 967
993 276
197 671
252 668
960 433
632 343
1009 916
110 884
565 63
116 163
123 956
282 163
721 469
326 963
1000 847
364 161
627 961
305 298
145 603
1077 812
250 88
63 762
375 533
514 544
325 929
333 519
956 651
356 457
123 446
173 3
679 656
415 496
581 20
673 947
408 742
1014 499
271 448
137 882
450 255
683 1053
779 992
303 521
51 304
765 1001
685 717
696 2
3 712
742 676
416 990
975 49
657 267
250 184
551 971
973 182
828 926
657 425
173 324
318 875
1100 512
490 715
342 95
531 860
295 366
248 833
715 28
512 592
544 914
819 737
762 756
849 849
963 78
711 971
340 202
640 948
483 38
948 565
1038 357
899 219
887 915
302 403
752 672
510 436
1005 928
446 119
457 611
367 183
1034 664
1077 182
232 636
509 404
940 984
708 50
61 966
272 132
390 223
625 936
726 221
115 271
452 673
754 724
354 716
861 579
505 463
418 519
978 810
190 125
847 414
703 136
738 619
165 673
722 249
540 135
565 283
472 764
617 760
776 92
863 690
408 353
908 1015
344 448
568 797
209 512
300 674
397 319
143 408
678 347
282 906
318 714
101 1091
398 844
337 274
5 842
942 482
946 245
219 643
1086 456
836 302
1067 356
44 940
537 735
684 406
732 428
774 817
857 977
638 444
667 324
1046 948
578 22
281 933
134 463
322 314
1019 1031
445 723
743 331
253 865
396 47
623 490
848 746
230 584
1030 899
760 974
7 1008
773 39
246 664
614 297
1052 628
685 923
1017 614
938 625
262 272
324 699
1095 123
1025 100
522 784
674 718
188 114
523 918
219 209
611 242
159 742
607 482
635 433
100 375
286 716
117 883
913 116
110 98
283 742
786 523
655 936
103 915
776 722
384 797
681 658
470 926
974 234
971 813
26 963
683 663
361 520
133 1075
911 256
921 973
199 924
386 861
621 825
151 710
371 429
781 618
218 473
396 532
620 10
370 407
516 983
471 1048
256 661
386 680
591 85
787 311
314 962
274 591
357 309
795 881
734 796
171 454
533 1075
219 315
982 961
788 738
720 341
862 453
302 826
212 949
1030 443
670 964
924 643
528 189
869 975
372 418
254 703
419 825
961 296
657 249
959 469
681 534
119 448
985 419
440 212
291 70
662 480
108 462
464 516
686 56
466 112
92 737
698 838
699 948
553 920
201 696
416 509
721 212
300 171
449 550
189 599
407 566
146 589
864 877
320 494
1042 455
983 468
285 208
745 167
717 384
786 182
374 322
258 165
508 614
255 825
328 788
708 336
952 895
356 419
962 841
886 523
270 302
855 357
253 286
1003 1012
496 1094
997 670
106 538
364 175
1018 504
961 405
88 746
544 643
846 246
358 253
473 1034
503 160
785 246
349 285
326 337
1077 362
795 66
460 389
332 268
821 905
1011 512
795 319
364 246
506 842
1057 919
711 657
495 808
812 950
738 613
1009 903
426 836
496 1007
152 1032
310 134
1116 224
891 583
279 422
618 702
667 403
451 538
505 309
232 351
75 267
767 342
771 587
282 811
47 191
79 109
638 723
238 530
642 187
47 451
399 18
943 485
223 1099
261 513
767 201
575 823
309 970
950 328
787 553
736 239
524 206
405 631
197 1006
357 433
130 521
314 740
409 107
377 251
395 623
497 576
985 665
563 690
634 285
412 914
122 838
362 934
997 950
73 971
501 628
954 611
788 813
999 641
415 237
955 126
483 516
998 181
881 868
568 58
980 639
499 222
568 943
100 463
142 829
986 771
118 537
178 504
657 659
863 4
639 904
302 891
303 636
479 850
813 818
247 54
536 964
648 979
429 874
1077 912
335 1041
292 895
464 100
878 438
1027 771
884 485
931 237
681 347
283 232
5 224
183 788
198 668
750 135
545 538
905 834
128 360
580 213
884 294
811 744
861 1027
199 258
437 508
985 59
458 389
451 263
1057 115
566 852
516 300
1015 878
138 345
484 373
435 810
1005 849
13 137
575 845
266 842
806 380
596 607
483 805
258 509
447 944
548 142
273 105
360 450
317 337
131 1083
1103 761
946 763
242 762
328 479
229 999
285 496
358 725
314 760
480 1017
506 339
391 107
941 793
818 208
602 211
710 587
602 613
72 680
810 177
88 346
476 1048
563 732
401 546
465 632
563 813
192 512
367 300
692 875
836 506
1120 221
205 813
576 768
824 480
8 631
571 455
425 969
406 403
802 596
773 766
441 267
660 121
987 872
226 240
700 972
196 795
1123 524
873 1048
721 411
192 309
952 261
724 274
706 199
767 724
1003 142
128 565
580 406
486 913
345 825
881 5
569 17
183 106
547 432
203 1090
191 786
637 1068
902 765
90 343
236 1019
158 606
996 230
533 621
937 162
322 1040
242 98
899 346
37 480
933 546
1032 71
1115 308
280 671
117 908
156 899
1016 908
365 792
758 1021
423 358
727 847
107 249
891 796
526 918
746 455
298 738
533 778
26 1059
268 399
443 743
851 348
969 458
913 278
399 937
123 318
762 126
879 288
1076 479
545 684
637 1011
997 836
630 934
90 1080
33 476
481 110
148 661
64 487
628 428
560 863
664 883
1044 298
631 738
707 293
239 254
819 25
511 811
220 1048
719 165
926 301
485 442
993 570
491 895
253 82
895 1054
476 974
574 1043
376 346
357 430
626 366
320 125
559 765
437 859
786 641
380 425
966 953
943 789
891 711
196 703
987 456
337 1020
158 416
1040 305
134 430
556 557
963 703
507 135
332 701
397 867
48 173
680 205
400 85
453 491
202 55
207 250
538 526
554 22
126 191
674 352
495 525
964 281
1053 897
860 256
1042 1092
216 589
897 514
753 837
207 625
1073 371
605 996
48 363
265 621
562 374
899 17
828 908
972 648
709 924
299 539
463 1074
521 1031
471 249
878 262
750 217
855 1012
985 891
1078 708
467 649
906 462
665 1017
436 809
806 448
544 1109
407 958
850 216
429 230
841 526
1008 688
297 973
279 671
281 710
295 43
904 818
984 764
903 792
959 529
798 965
924 202
633 637
338 817
977 698
684 961
537 597
149 864
193 786
160 215
670 207
193 938
566 688
296 363
11 308
996 803
386 589
734 667
370 537
110 60
1018 429
549 366
607 959
877 529
264 801
557 298
420 465
465 546
1005 1010
181 241
282 776
976 86
845 189
916 786
308 328
803 1023
1014 24
101 660
103 808
735 676
282 1021
262 320
101 552
702 116
586 659
1053 737
156 29
115 439
232 158
398 305
690 1084
825 629
427 99
594 347
858 598
1101 99
252 57
116 1000
130 327
879 152
794 246
582 615
125 125
542 326
375 846
180 701
213 513
617 626
472 820
1106 715