427 684
416 1012
1027 895
1023 1034
892 960
520 28
949 824
1006 955
978 77
466 905
509 729
881 943
368 721
438 291
643 128
261 638
894 36
66 201
185 959
913 885
164 119
310 909
724 890
922 685
642 670
111 566
525 872
1042 1121
1083 116
175 958
120 259
614 878
752 871
955 980
329 482
462 85
309 383
236 1029
384 702
9 712
275 139
863 955
232 121
534 857
211 621
789 834
739 820
284 1100
898 666
316 539
370 560
503 1075
904 804
1059 246
300 440
925 1042
222 768
466 712
247 442
442 1050
642 255
80 644
300 587
165 480
644 423
475 801
802 179
489 809
905 619
324 167
223 772
492 982
424 368
680 766
189 450
843 1007
823 767
40 459
204 685
1000 591
567 117
770 912
707 48
726 767
474 159
773 632
930 598
113 987
234 662
409 177
1013 1103
395 861
669 374
101 276
627 196
1048 546
747 493
367 655
630 412
335 362
176 452
576 111
124 142
984 297
187 777
101 1118
629 500
336 688
389 989
719 104
317 106
147 515
991 246
268 682
486 340
873 349
755 1062
348 308
300 151
376 776
248 162
468 306
218 169
84 876
174 252
366 126
975 897
836 698
100 120
1023 234
893 992
287 638
184 714
96 219
302 215
11 799
930 856
22 226
549 693
833 100
1107 48
683 170
1090 389
115 876
475 445
306 657
545 903
816 118
762 434
118 555
95 952
488 535
329 818
516 394
997 81
714 351
275 518
364 872
500 586
104 163
557 137
972 231
987 700
186 868
160 423
165 875
455 222
199 152
236 172
748 523
205 21
999 948
736 250
378 267
1045 1009
775 408
487 136
797 890
117 1117
772 674
839 606
901 454
570 984
524 841
330 169
399 364
644 1095
491 388
845 533
478 784
480 983
452 97
714 350
789 398
146 370
290 1015
988 776
734 886
863 45
352 724
394 132
486 145
151 131
704 119
835 328
702 715
509 751
955 983
260 952
212 76
477 962
760 474
232 452
120 389
937 444
513 990
945 596
855 627
366 130
449 565
199 986
836 403
609 424
981 240
314 186
1050 220
605 918
818 467
243 982
539 506
566 374
1068 946
934 1107
1020 1000
268 255
646 101
1018 724
598 944
807 843
704 873
343 654
695 102
473 330
120 677
862 970
223 126
44 577
553 280
502 885
508 541
281 641
459 177
331 636
414 954
1104 197
549 100
510 601
283 1109
286 873
654 276
1059 168
716 291
756 903
577 116
407 150
694 1052
546 90
1081 326
133 356
227 686
741 926
577 398
314 231
998 1002
879 535
428 299
1114 596
267 945
88 167
698 52
528 843
276 594
765 211
898 568
656 596
109 608
1005 569
426 60
146 512
1113 111
278 298
1078 176
552 721
146 624
157 787
522 442
746 1103
789 885
355 233
131 139
295 1001
643 716
113 975
830 246
399 391
706 880
1050 936
449 196
772 738
298 574
610 1071
499 627
894 279
281 159
71 292
996 625
114 855
111 555
926 203
483 1061
441 426
1043 819
643 474
915 816
468 848
108 291
408 230
815 100
991 508
976 881
697 471
826 947
71 870
376 133
1035 402
879 321
663 909
106 223
603 157
758 106
436 848
190 1040
404 1048
533 533
778 23
274 578
312 329
895 783
395 938
358 80
306 654
669 755
434 729
649 417
423 633
36 514
211 595
426 335
1063 760
688 719
182 673
687 907
418 595
349 278
743 301
738 993
442 38
1081 992
145 567
598 662
816 992
907 1081
403 568
678 700
1114 837
350 923
107 894
879 624
608 237
515 400
706 680
274 463
858 706
903 691
189 848
507 563
706 283
1 240
749 346
380 608
309 584
102 576
226 1097
178 567
644 761
564 853
945 740
1119 1053
497 715
950 228
957 199
95 468
285 519
852 876
658 128
1011 1068
447 625
528 1028
799 489
377 143
779 991
314 491
570 605
433 663
1072 533
624 167
1048 970
170 618
112 257
1067 944
987 673
979 618
257 348
164 211
509 327
82 684
940 684
320 846
741 102
817 893
433 193
149 681
377 636
195 986
353 1021
810 899
433 844
276 1014
568 666
618 144
260 217
871 1067
320 986
166 683
242 967
389 314
1013 1068
267 526
583 457
212 782
503 705
521 980
367 67
574 729
971 1073
662 553
955 218
686 492
346 164
184 420
196 343
919 1015
1028 329
3 642
1034 376
452 1098
1084 417
1035 772
318 998
553 517
345 136
633 129
427 735
457 824
632 676
825 334
776 694
717 988
743 647
865 1065
715 974
187 471
1110 837
807 732
600 932
669 962
937 75
441 898
1002 753
550 1021
975 133
0 307
163 915
753 273
108 815
877 430
141 631
418 314
557 511
886 489
146 644
690 696
1058 791
791 787
771 1002
31 80
698 1005
642 804
1044 169
137 984
494 1070
628 1078
159 729
671 646
359 204
453 695
532 224
1088 805
239 543
892 509
1004 559
475 236
700 400
308 806
385 838
191 708
348 780
688 925
356 763
667 790
689 394
108 434
980 312
15 923
640 392
310 905
64 427
857 114
381 905
250 517
1022 107
698 541
856 153
631 887
195 743
374 605
626 919
407 100
817 860
360 855
500 891
1007 830
835 915
555 254
11 607
768 197
116 182
1122 540
539 711
879 623
105 453
753 731
718 1115
1007 14
694 258
17 493
188 828
113 290
220 864
384 69
204 804
227 817
169 857
543 61
341 328
950 797
956 189
978 472
146 316
130 885
687 1115
1108 387
759 662
642 33
522 234
32 437
594 1057
825 847
998 796
761 153
743 865
867 1109
485 1012
907 709
898 932
805 507
568 336
247 750
524 780
457 544
844 410
211 1110
1070 147
124 1001
788 509
888 860
897 405
817 836
902 278
746 128
616 421
533 362
384 969
836 1108
866 433
325 422
321 824
185 822
658 1063
734 445
728 262
804 175
572 50
522 654
783 201
921 245
522 678
400 182
233 940
257 19
132 161
852 191
447 441
914 407
375 896
73 364
925 343
453 186
449 640
221 607
421 501
255 522
1076 892
1088 562
364 826
936 948
504 523
425 784
383 650
967 641
229 1009
91 1060
500 622
803 864
1061 1070
338 602
559 484
451 686
425 162
1012 388
186 12
624 510
293 790
148 322
116 192
1022 662
596 961
958 289
614 565
135 407
355 707
325 429
659 90
151 576
567 961
1056 715
44 514
801 312
1056 553
957 478
443 97
928 241
205 74
225 240
529 659
311 949
34 481
974 250
863 866
1098 522
864 866
863 76
5 907
947 652
912 429
740 297
124 601
86 186
1001 1095
1000 979
112 535
188 820
191 209
361 622
790 708
420 728
206 331
767 202
716 246
349 55
988 908
1029 429
459 111
646 280
942 561
1051 935
428 181
927 814
674 1011
930 510
66 934
365 436
554 464
855 167
778 911
633 831
163 904
309 498
54 345
730 385
822 656
70 824
206 944
870 720
766 950
254 1073
106 307
109 667
957 409
787 428
839 705
159 431
214 812
342 352
303 385
864 1078
340 567
293 393
711 1045
123 577
124 470
783 947
278 945
388 991
462 237
431 207
304 407
581 813
350 225
533 864
159 702
458 326
664 936
464 1102
1078 1023
773 966
465 698
210 217
976 295
42 580
1028 234
115 865
475 785
244 972
847 523
495 1110
772 425
631 1016
883 433
99 982
268 1009
11 308
600 714
1108 541
508 607
136 756
135 25
532 480
324 948
516 852
804 696
630 303
751 248
542 559
398 142
390 457
745 467
791 1120
184 732
475 692
392 544
748 789
189 683
1056 368
592 333
830 13
901 625
1040 976
58 85
41 1112
500 201
398 975
188 210
848 326
782 540
433 185
919 500
151 1011
149 232
556 598
248 745
616 544
274 119
743 226
669 23
743 303
782 441
693 297
293 771
670 543
194 533
1052 770
528 288
554 589
1073 217
693 283
538 183
763 436
208 149
997 174
275 295
896 988
365 240
420 691
1004 41
393 754
327 563
358 393
450 909
275 279
824 838
869 774
358 984
432 272
1064 308
601 1018
1055 108
732 902
144 556
656 826
310 721
665 1043
837 985
470 949
239 163
36 303
919 801
22 921
189 142
205 211
558 376
406 333
605 287
291 855
173 513
979 379
880 759
566 456
474 142
436 541
382 171
539 642
437 467
978 155
757 615
108 314
905 402
858 116
931 295
709 629
459 297
535 23
318 124
328 656
107 1121
327 873
988 172
794 243
823 194
503 579
635 106
740 216
287 546
548 465
684 138
851 886
613 826
1099 573
286 207
920 627
367 583
217 579
304 1007
272 372
965 344
567 537
370 49
509 927
1051 210
732 848
124 437
331 8
812 495
86 255
291 836
236 103
550 667
365 337
413 571
917 356
586 253
664 576
781 923
894 386
293 10
230 984
250 412
294 819
561 989
602 354
311 158
685 194
920 1118
691 427
755 312
889 813
814 279
933 764
399 657
305 93
1090 562
378 1040
133 297
1093 792
453 959
706 818
639 273
964 665
718 454
208 684
753 975
252 54
309 784
1030 143
1093 250
1069 826
403 435
348 162
796 323
366 531
643 809
1074 115
1017 868
183 565
208 749
174 504
965 518
638 238
426 773
139 282
1100 703
186 469
903 244
1077 53
190 723
819 410
865 471
990 1009
825 301
272 404
907 290
170 187
664 872
103 562
247 146
284 844
210 303
720 834
319 1051
431 720