779 172
469 459
796 443
1018 924
1097 427
580 483
907 176
311 163
374 1121
95 954
766 170
439 878
880 8
1032 657
496 234
784 574
451 432
804 710
675 417
460 682
85 617
668 481
1078 666
873 415
10 423
501 309
874 70
8 500
487 352
632 751
807 599
7 679
754 693
171 936
247 97
697 737
773 986
709 734
390 484
893 573
246 244
262 346
296 453
1060 844
622 846
557 880
1107 1094
391 227
446 451
184 190
1056 581
362 653
780 214
968 738
718 186
488 803
963 1039
250 280
1087 957
932 823
600 916
751 1062
192 484
314 414
942 546
756 238
357 682
899 800
1083 159
11 351
790 605
377 697
550 621
545 887
742 165
709 964
557 448
198 1012
714 185
958 1019
12 347
200 352
276 25
497 66
280 794
744 136
635 152
451 106
876 618
443 838
681 707
557 620
586 716
698 769
992 231
417 1111
189 567
730 671
750 1079
858 754
581 49
149 1017
954 468
1092 539
700 461
816 697
495 466
909 159
940 384
851 411
292 439
810 888
937 1017
348 428
668 219
324 201
1021 971
892 381
273 820
1019 595
91 444
240 190
700 232
874 1029
656 762
249 892
847 342
188 517
733 1103
436 977
907 649
741 913
790 474
355 974
391 329
464 798
1072 576
675 145
267 905
267 863
841 492
724 313
952 377
841 503
860 414
348 1053
764 395
791 693
1021 554
884 768
910 920
103 1057
136 642
689 346
114 897
951 266
682 287
1004 794
844 649
596 501
781 492
339 464
701 905
529 537
725 1031
262 209
379 642
427 517
139 1098
378 270
956 265
700 504
412 808
842 122
788 237
873 119
477 838
681 561
915 895
426 1020
343 606
593 596
928 631
646 369
380 237
615 667
338 697
569 498
987 271
148 339
24 513
872 185
243 368
694 1011
902 1079
112 1029
52 56
125 68
260 989
444 783
22 231
206 265
504 727
154 910
398 487
243 223
863 165
189 477
1012 436
738 691
159 56
266 478
1099 279
530 971
198 283
3 38
992 512
729 38
1094 255
643 77
352 622
1072 807
497 470
945 911
200 536
997 1054
230 1065
1096 301
333 896
1000 870
427 124
384 893
99 747
574 551
309 101
808 471
438 580
529 415
215 1000
138 501
732 422
487 346
610 479
542 676
282 980
967 872
766 191
647 925
294 709
447 763
207 814
485 282
975 792
576 803
281 381
685 954
369 5
856 912
796 213
168 825
609 468
711 1090
945 153
353 142
434 853
938 733
381 134
866 491
764 894
228 953
958 496
271 626
982 30
856 932
382 479
102 116
188 1041
752 937
715 165
488 759
399 321
1073 244
706 134
691 1100
530 313
773 314
463 258
330 631
622 216
487 905
235 580
1024 343
789 703
362 440
852 308
425 259
68 146
507 106
583 235
852 266
505 213
42 376
493 169
139 832
802 540
973 924
267 888
263 936
325 232
814 526
1109 463
893 950
346 241
152 101
713 749
465 865
108 791
893 112
83 332
795 630
921 625
1083 329
779 738
865 625
375 166
722 691
524 439
155 409
134 693
560 1038
411 345
371 116
403 305
741 90
177 851
189 227
257 1055
191 757
851 1024
143 119
349 703
815 472
756 183
710 118
277 711
187 653
100 435
384 240
324 1010
10 517
230 985
928 858
409 45
347 174
1094 506
334 966
991 930
526 594
364 312
424 789
668 703
729 777
241 273
702 272
100 220
532 882
905 302
682 776
434 934
565 891
397 460
1008 1057
980 689
310 583
422 417
1088 891
22 370
762 345
426 300
155 227
946 779
203 948
967 466
1030 674
1005 593
703 125
339 959
667 661
886 684
622 992
811 90
886 499
693 476
886 668
0 850
257 298
393 523
567 787
681 845
592 688
563 947
288 550
671 753
262 999
358 890
896 218
491 972
345 514
1110 51
629 1026
260 645
618 578
628 1049
865 333
310 706
928 45
175 633
359 467
762 201
392 33
147 588
563 158
785 606
403 948
271 351
687 211
967 860
236 797
131 574
719 618
119 523
306 316
138 838
838 760
905 687
847 264
728 815
351 1042
239 437
547 77
859 585
101 464
498 1040
622 588
928 243
938 123
557 670
1106 249
295 549
28 787
1012 663
86 423
606 624
459 383
706 351
998 599
492 983
101 135
720 111
336 526
243 424
923 356
307 615
328 44
817 413
745 878
934 1095
485 196
728 827
305 259
753 866
526 60
287 773
865 66
202 992
570 569
887 579
744 274
191 752
952 763
48 888
149 533
776 712
324 192
815 1122
232 166
293 549
492 224
395 133
511 941
1059 839
608 432
193 174
347 387
286 391
470 415
427 506
584 1041
573 163
955 1115
825 98
1032 495
1073 1041
468 45
298 372
81 382
438 885
798 865
802 721
154 324
147 545
795 942
713 720
978 804
238 574
658 422
47 87
778 626
723 908
131 522
1069 921
126 975
395 237
96 286
79 659
911 124
119 1049
793 260
501 862
667 728
488 514
861 727
947 96
1060 618
240 516
739 320
932 922
485 644
55 791
330 101
206 476
353 528
385 304
889 790
566 781
92 1111
492 941
492 373
79 99
287 97
40 56
845 280
528 384
880 227
1049 348
140 190
295 660
184 501
894 751
280 925
275 452
499 199
552 165
551 1051
136 74
435 948
365 821
890 568
897 244
838 988
816 968
555 604
377 675
283 128
305 759
780 321
503 879
145 814
577 480
251 146
143 1020
473 982
550 354
705 329
886 958
599 258
1037 1049
49 194
906 1010
468 812
628 144
211 696
646 945
335 602
802 525
830 526
958 866
215 782
488 164
473 755
256 116
715 912
930 728
411 318
633 105
1066 532
886 104
340 639
585 853
1083 851
556 374
810 535
547 611
519 495
686 237
284 223
158 257
1114 298
918 918
510 1106
941 903
485 355
433 245
255 873
712 163
599 279
526 611
929 82
583 848
1023 737
887 794
65 177
751 794
196 278
501 155
476 146
845 619
430 322
520 670
379 16
1067 419
730 924
493 1104
141 769
690 727
1081 44
95 537
811 534
457 712
857 644
296 992
127 173
494 160
619 756
387 459
870 796
731 155
491 700
978 18
108 177
491 26
572 238
110 79
240 179
179 709
329 487
691 162
82 707
33 612
997 779
298 741
215 820
737 915
356 393
838 548
488 207
21 152
608 548
686 38
983 305
821 245
757 616
719 506
820 748
741 189
484 463
361 595
266 770
708 151
684 267
460 1072
144 227
99 290
860 416
462 322
252 537
217 965
963 814
211 110
691 174
352 481
977 381
281 369
843 411
491 458
507 1027
948 188
76 816
792 742
1018 651
932 597
1055 944
292 24
772 470
732 1111
1106 196
379 17
850 542
664 799
994 362
572 536
241 382
61 124
615 194
385 134
17 524
216 381
829 128
83 346
481 557
733 1069
165 253
1055 610
689 836
534 679
115 823
902 103
1022 575
694 771
827 204
187 257
985 556
550 997
156 786
104 800
320 693
638 254
548 89
849 258
436 311
245 886
307 694
266 927
242 405
868 524
371 756
750 64
346 157
202 946
817 715
445 708
163 35
458 523
1027 304
818 530
5 688
1122 162
408 388
274 713
373 741
80 503
139 739
947 819
940 934
537 883
204 1110
905 572
1001 658
809 813
42 801
49 169
458 325
192 658
827 103
296 556
239 922
995 331
1048 119
314 336
152 102
571 687
898 1113
535 835
65 484
175 1016
57 1116
879 462
621 320
194 225
149 134
687 816
480 18
768 1072
1000 693
895 416
756 731
791 197
589 255
145 495
317 352
87 550
988 539
92 187
469 248
569 498
504 410
918 957
809 962
375 334
996 488
359 764
329 470
532 234
303 844
568 536
220 501
140 754
632 493
897 1081
970 613
485 255
938 587
259 795
1016 774
775 813
844 386
657 556
192 382
774 825
270 457
759 167
894 683
1040 297
571 786
454 516
1044 617
890 541
498 320
154 276
358 911
129 127
509 299
291 126
479 1001
897 486
272 576
457 642
1003 81
637 1073
271 617
105 47
923 499
417 506
187 977
998 430
220 258
934 984
317 139
759 116
640 349
897 526
672 889
817 994
435 283
970 884
334 700
911 489
711 730
336 268
355 1000
237 751
281 138
31 1012
598 842
836 726
985 33
514 228
678 889
317 962
326 676
1076 602
658 713
421 596
928 918
870 954
257 589
956 291
516 837
23 818
698 422
1112 1115
356 532
291 39
101 651
365 260
588 558
829 1097
149 536
792 646
1070 906
826 620
913 373
1044 336
455 613
661 24
635 698
116 9
104 211
342 288
299 341
210 901
813 558
498 70
293 923
693 901
377 291
953 395
1055 1083
418 704
841 783
290 410
1004 78
755 893
956 400
356 476
479 1023
254 475
658 255
726 738
905 472
748 166
522 351
134 382
755 870
653 823
873 238
227 1024
712 280
394 892
890 767
573 288
273 180
202 239
777 48
1014 705
776 793
69 613
263 330
730 417
1109 780
831 704
593 708
322 305
81 672
776 821
361 870
131 631
617 855
959 1049
699 130
725 842
748 892
512 803
345 269
614 385
777 104
153 292
792 472
612 534
866 840
500 842
673 463
57 225
84 726
690 255
649 489
641 997
472 649
128 201
937 267
516 609
995 66
201 103
206 57
1014 66
1071 1109
215 131
874 897
704 17
808 1043