872 674
582 963
201 791
491 430
364 926
496 939
706 687
785 420
865 228
716 382
692 366
541 259
284 549
706 378
173 224
429 669
211 518
552 596
121 570
825 1021
932 811
711 846
675 944
296 382
769 549
324 292
934 329
373 305
118 714
872 799
685 1049
488 217
932 669
273 831
138 680
559 627
323 889
111 182
963 33
421 775
310 906
967 618
424 79
886 576
508 213
292 274
22 349
377 11
547 845
809 939
1055 842
133 622
523 914
560 756
299 744
1072 362
669 510
726 839
850 716
539 938
349 335
412 138
126 570
168 520
52 766
416 293
736 104
895 201
495 528
610 251
1004 245
1034 332
553 614
311 660
175 378
504 313
175 266
506 463
326 11
958 586
67 535
214 938
184 329
785 845
983 80
669 830
283 485
537 1016
283 428
436 692
147 622
145 137
218 772
676 31
926 198
541 138
883 738
243 814
974 374
131 749
314 573
345 996
938 107
46 373
323 183
668 994
669 45
302 869
804 67
964 358
319 43
694 991
117 871
263 911
652 417
721 308
434 613
590 278
566 550
498 619
699 111
1054 434
830 388
316 331
172 1084
193 462
1100 841
14 415
936 653
914 733
466 616
187 292
1062 182
1092 253
635 449
419 897
251 1006
924 979
945 688
405 156
600 844
515 216
460 360
619 453
761 1085
885 156
371 915
93 128
237 276
916 447
312 421
43 352
972 392
1109 123
1021 57
1006 768
487 306
465 156
712 439
891 648
1006 93
374 501
1007 670
684 597
192 190
676 569
1087 57
88 176
600 553
25 720
89 374
363 542
993 984
949 1005
622 445
856 128
15 280
487 16
239 114
182 688
648 195
718 630
803 997
960 442
99 54
152 1038
592 1020
761 928
205 812
1078 260
857 234
632 469
229 914
926 21
288 333
1105 793
353 1115
584 561
407 1071
478 324
359 410
434 291
1099 902
374 300
308 873
476 514
728 433
642 781
1016 887
5 814
707 662
439 297
882 758
892 125
675 39
433 470
377 522
807 709
540 461
240 178
903 541
271 784
498 609
342 211
877 877
594 287
229 438
342 682
815 125
48 482
334 489
35 377
631 384
583 14
0 1054
105 773
91 1033
696 1110
1034 21
475 1006
755 604
687 113
653 1044
336 976
827 302
702 275
160 422
835 469
404 227
578 691
493 482
1015 673
577 650
509 65
793 259
835 902
491 910
755 618
450 792
1019 548
644 1004
221 1079
930 743
261 19
696 490
377 1027
1005 635
533 784
450 20
135 1066
822 43
1009 1057
574 712
717 986
559 1066
274 576
607 699
405 973
946 941
945 856
672 785
850 281
518 353
875 899
508 878
479 775
782 860
45 764
920 530
775 578
246 179
641 492
647 488
382 764
213 321
387 271
205 940
806 284
64 679
1005 895
618 854
1099 700
644 479
64 42
1118 502
104 744
260 538
287 532
484 630
608 748
812 371
1019 575
78 963
6 34
406 164
402 1111
523 222
1044 822
530 609
112 132
186 860
528 988
706 786
58 284
171 489
515 880
294 834
566 366
54 704
184 217
313 795
116 633
624 718
259 334
615 618
202 692
209 299
759 548
595 717
633 204
950 263
159 645
484 569
634 999
108 795
6 502
826 922
906 911
494 892
735 123
100 669
302 591
651 588
862 899
930 927
1069 538
200 895
172 9
140 193
784 114
975 684
183 404
107 222
493 319
566 1009
559 287
440 788
133 193
1107 422
275 320
182 752
316 87
617 541
882 152
645 574
685 372
657 537
298 917
485 213
915 683
977 415
29 868
958 772
289 255
850 898
1007 619
920 859
103 513
800 355
953 614
921 702
595 471
153 412
537 883
945 741
401 272
839 739
592 880
183 622
320 739
682 422
346 135
592 896
458 573
764 822
986 549
528 519
400 100
435 75
195 1111
548 632
463 698
181 383
816 368
1010 546
968 530
584 539
909 736
741 486
1113 333
1010 1118
571 541
645 675
330 288
823 130
248 1014
651 758
174 710
481 857
613 740
970 954
171 775
852 874
294 248
126 341
89 958
285 847
565 107
3 657
679 342
605 163
592 446
846 965
632 948
534 611
311 979
937 236
399 104
947 378
751 890
198 468
1024 724
895 988
1025 793
665 390
478 717
809 1003
443 183
158 202
631 813
572 109
366 142
678 805
466 222
333 181
374 909
260 323
564 1041
415 492
518 172
564 96
966 557
758 1058
1113 322
601 1020
653 288
783 886
434 985
953 122
651 785
559 672
557 603
831 530
263 982
517 360
523 697
248 103
921 990
1017 812
354 668
150 562
1004 96
181 133
235 476
496 294
438 425
860 516
826 266
384 650
451 457
384 567
106 999
227 746
666 103
127 164
214 1003
861 1014
342 361
5 1038
1089 703
204 588
571 846
989 872
687 195
848 254
323 444
966 248
218 905
648 880
113 209
670 369
382 1111
693 473
537 926
485 365
477 79
488 819
718 630
1081 215
571 686
468 661
646 732
182 645
851 27
81 312
798 452
477 939
544 823
679 548
368 165
529 426
453 452
442 265
231 716
1051 537
318 1010
630 547
394 331
257 935
876 125
941 467
905 678
663 172
390 811
524 148
687 551
179 984
962 1078
719 1028
154 551
1002 114
560 1014
829 548
918 723
391 211
591 693
189 327
470 835
655 728
350 993
361 433
958 460
924 181
925 552
297 574
235 815
464 492
313 198
48 374
734 488
221 730
467 438
497 507
574 608
576 1051
386 1109
614 781
1017 316
951 993
284 962
510 774
998 573
366 1041
241 875
348 674
498 284
299 421
833 498
615 667
407 166
305 474
192 348
576 716
760 542
679 779
1001 300
1011 593
364 229
563 773
168 4
130 1038
186 23
524 283
271 403
402 360
794 701
747 15
482 279
119 1050
375 515
271 199
1067 114
102 589
99 852
260 757
542 193
113 654
950 641
246 636
886 703
506 938
780 878
708 131
327 33
541 629
1054 732
1075 728
745 851
703 373
289 302
908 613
820 684
108 670
399 216
886 352
334 404
722 367
275 638
217 617
238 688
431 614
413 519
59 458
941 472
818 49
992 622
750 1119
592 578
189 744
979 65
143 168
287 603
801 576
305 630
29 1071
105 94
910 1123
988 324
124 610
254 1040
102 746
238 331
275 969
795 341
875 499
619 254
436 964
1042 464
495 350
76 608
119 697
231 749
589 128
632 164
40 466
676 582
657 436
145 108
871 909
766 237
413 626
728 924
520 2
685 28
582 1041
886 355
230 369
840 850
1001 533
1123 415
966 233
103 823
916 497
879 635
879 659
671 489
254 172
468 519
1017 996
858 838
812 75
598 808
379 61
12 180
658 873
903 1022
991 297
527 746
517 783
187 542
692 961
616 441
212 234
168 466
604 969
415 770
639 234
1003 437
543 905
67 400
38 853
926 23
784 742
132 114
273 1110
464 527
543 513
279 359
809 680
157 675
913 922
678 406
892 822
287 338
350 567
157 262
783 662
962 139
470 516
46 818
449 647
668 194
275 1083
726 883
869 848
582 36
457 742
502 545
907 128
661 680
813 437
635 607
206 191
1002 137
686 104
918 407
284 895
834 276
829 341
84 294
748 414
882 978
1022 998
503 682
255 72
1081 607
788 998
147 841
928 908
557 291
545 483
834 158
709 945
118 410
708 568
185 849
777 805
407 583
145 415
1088 58
554 981
967 287
910 614
590 249
216 310
901 862
183 750
699 1105
1013 236
532 655
17 974
341 591
514 205
508 100
689 182
155 611
533 985
903 1103
543 764
773 777
965 395
265 621
65 593
1098 384
387 460
136 727
713 444
1047 723
834 126
489 464
954 558
1023 866
968 751
449 601
352 829
222 842
987 1010
341 543
362 490
85 116
727 696
1051 762
212 459
33 896
816 885
678 475
467 906
916 971
587 744
190 1058
218 868
403 571
564 980
661 885
417 939
582 811
522 1029
335 661
285 837
107 383
501 795
379 307
566 42
978 218
635 265
368 565
21 489
138 658
931 627
429 524
497 36
35 429
1101 482
953 1099
205 816
283 411
886 738
644 635
916 766
977 343
478 955
424 665
664 947
541 887
870 422
461 406
833 276
182 944
345 258
594 470
581 531
834 531
444 529
577 434
205 723
234 481
661 357
271 502
1003 427
115 420
996 614
221 476
974 595
710 137
337 464
816 558
86 312
864 759
590 765
858 639
912 173
227 169
272 978
815 243
919 183
1091 956
1122 577
701 1051
822 233
922 692
418 580
76 300
449 358
413 461
536 971
212 139
958 362
389 951
622 834
738 794
292 449
247 987
647 158
506 614
618 846
636 645
547 527
347 484
111 551
234 480
385 198
569 894
518 242
969 671
854 104
594 113
583 290
734 948
928 160
474 235
180 1100
947 376
270 593
1028 659
460 704
365 495
813 521
562 585
387 599
997 924
581 611
637 993
1023 638
800 713
546 666
422 339
988 703
615 225
772 480
678 174
767 313
696 238
968 542
912 697
823 206
675 836
580 863
425 593
93 479
677 1000
1064 211
167 327
7 308
448 315
269 290
239 399
170 1054
505 953
343 566
325 90
943 863
585 721
388 128
972 331
188 1088
1005 603
950 841
191 621
396 622
326 219
505 1013
834 476
670 691
786 579
485 665
155 728
865 301
241 984
400 1015
181 918