924 697
613 1096
294 284
221 498
517 611
722 187
792 1000
649 496
55 800
408 108
859 392
564 398
892 646
545 276
253 596
891 592
681 902
434 856
201 171
329 825
710 727
276 446
76 832
127 920
583 502
276 695
78 832
987 547
292 513
355 142
783 421
797 508
956 258
310 1089
590 1115
162 276
1032 259
903 1028
1033 101
679 50
384 532
978 329
610 88
543 987
236 492
953 389
741 639
1117 29
316 345
601 106
244 767
555 968
1010 949
1011 715
506 297
54 323
695 494
155 984
146 524
407 564
957 525
108 124
141 115
947 217
851 145
467 1090
521 94
1052 370
633 369
1056 881
142 138
174 340
761 830
568 638
802 501
575 896
412 239
837 411
226 732
439 107
930 306
972 425
503 192
1113 443
645 153
70 1022
742 532
968 431
764 747
536 413
747 156
803 881
916 911
555 911
845 429
198 378
919 4
156 487
94 655
1014 692
907 748
45 536
40 395
616 1115
152 236
146 1085
676 983
1095 419
854 719
645 725
129 681
966 685
538 655
691 269
428 967
1007 202
806 82
253 106
443 573
163 545
1122 619
976 172
728 827
667 415
363 797
637 886
807 939
1000 220
723 157
729 118
456 698
773 735
727 765
270 250
1011 946
191 837
744 305
977 749
496 130
772 159
602 716
954 708
180 917
725 34
228 1012
471 919
697 401
990 700
295 994
409 123
548 493
730 212
285 867
1021 518
751 743
200 562
579 673
516 258
451 507
7 290
1084 667
115 240
649 30
459 600
579 914
964 309
649 565
958 404
186 122
243 538
894 754
500 920
671 462
291 600
252 837
148 522
514 796
887 649
829 970
181 825
962 716
1048 304
929 728
817 875
918 351
565 625
282 243
297 944
920 795
447 750
756 654
547 973
633 350
257 554
735 507
1094 1081
285 555
622 42
722 636
422 708
590 72
650 619
68 820
913 324
312 543
768 784
293 825
15 756
497 458
523 803
887 881
867 281
317 631
141 10
6 904
357 773
483 560
187 934
218 654
786 857
110 992
110 1021
568 141
882 1065
267 710
699 975
1103 914
1057 383
152 100
1084 782
356 100
181 983
997 1005
910 353
323 246
798 674
421 1012
465 445
393 377
835 707
432 957
291 864
935 455
967 477
967 764
629 862
1107 888
628 226
595 279
460 677
657 182
943 621
453 661
401 295
6 899
410 571
301 532
1002 251
210 34
924 937
435 801
383 1069
415 400
737 335
171 357
573 737
964 1035
732 100
83 230
278 1038
847 636
111 758
325 181
448 587
944 11
350 107
1079 727
882 129
565 173
440 36
534 339
210 246
656 894
413 358
729 789
1001 875
673 88
630 270
194 1064
372 530
427 747
248 614
380 619
533 1007
695 315
321 298
24 451
225 376
765 869
265 10
394 220
656 799
426 625
467 811
299 627
328 858
235 553
270 1117
309 777
130 415
299 542
689 103
664 19
891 163
518 569
794 984
452 260
661 851
586 1034
370 420
8 1089
499 844
795 994
628 693
869 954
144 983
761 71
906 102
675 599
417 538
1006 263
1123 98
396 290
254 852
25 683
884 532
738 695
725 13
672 949
626 555
410 447
903 309
307 917
901 142
751 377
714 290
912 824
716 174
259 575
1013 608
834 129
931 47
735 1022
183 555
353 1054
804 721
329 670
992 963
718 337
390 72
853 608
605 748
418 110
113 621
153 748
289 611
554 1071
584 239
618 767
95 619
361 645
266 732
525 803
1 689
720 459
930 538
665 645
140 639
687 864
1003 360
22 104
489 1089
322 828
136 764
650 673
662 500
190 1106
716 982
717 976
803 595
440 1055
211 524
182 286
1022 636
288 1064
180 949
751 955
439 497
207 120
1045 461
199 203
36 883
360 750
367 736
992 627
398 209
385 447
327 999
322 150
1051 767
582 845
857 220
426 861
786 967
471 483
617 780
650 200
1082 936
368 960
553 552
421 656
779 1107
202 562
352 691
968 465
651 957
224 1062
803 918
646 536
898 831
354 178
794 399
437 607
102 671
508 1073
467 127
77 753
304 769
900 1018
692 313
959 1084
949 567
355 557
436 941
702 705
111 429
121 512
674 337
887 949
338 28
953 424
186 228
311 540
615 770
260 1120
906 317
64 107
892 828
1002 489
189 988
635 506
577 359
1060 304
408 438
248 118
300 367
522 397
120 250
922 988
566 639
497 628
638 588
542 183
413 531
71 556
551 112
1062 113
928 817
362 764
884 839
155 105
1094 926
150 328
599 621
452 959
23 470
392 1013
219 363
745 521
225 492
777 122
781 749
48 953
948 24
340 973
202 223
907 468
871 1001
812 429
925 399
502 204
465 141
305 559
487 100
978 951
1040 461
817 159
518 1061
354 406
901 986
111 470
797 545
847 704
558 865
526 429
1024 991
907 486
299 99
831 905
917 124
194 43
498 601
444 212
400 521
165 661
540 547
306 391
695 1034
368 310
221 139
645 443
387 503
946 1018
255 619
516 619
257 415
900 302
120 170
275 432
310 888
437 889
895 536
823 373
992 864
148 349
195 434
665 832
178 415
550 529
532 939
138 1050
491 754
110 933
760 1002
505 567
64 624
879 118
952 750
293 518
734 537
744 862
976 1111
626 931
1077 12
264 429
722 343
470 616
591 764
444 920
132 44
535 464
502 1092
902 1106
461 506
146 855
1018 912
684 607
292 1062
441 76
220 711
967 339
753 407
233 83
578 1096
368 546
994 31
313 617
1052 355
771 166
456 952
735 714
832 140
49 395
951 583
217 249
155 363
831 868
185 659
231 804
678 1085
484 168
988 715
660 511
1058 884
727 176
719 635
316 24
428 949
695 263
945 63
947 18
186 852
701 170
834 626
186 11
808 68
1103 533
824 338
560 282
1008 1056
929 602
396 449
8 728
215 401
843 254
546 988
498 510
565 1069
202 155
949 499
267 679
177 706
815 350
192 763
905 780
258 649
168 530
710 545
372 490
1115 28
790 501
907 322
64 774
824 198
1005 573
104 882
918 1088
1091 673
789 701
827 886
78 281
368 194
531 555
196 585
121 830
802 683
827 500
202 286
773 242
411 468
297 108
164 248
792 360
920 683
475 328
369 457
736 845
562 598
824 873
304 604
960 14
574 454
901 231
680 525
294 201
663 201
919 1008
50 503
666 570
274 739
313 1002
290 535
420 870
413 407
326 857
881 300
383 623
301 455
380 625
886 961
587 702
770 333
302 20
856 182
291 103
71 149
554 105
1094 936
815 493
499 136
157 447
847 1083
399 783
122 932
679 830
522 990
289 58
277 1119
507 550
224 800
710 888
894 648
707 124
581 810
253 504
770 925
569 908
658 984
691 887
936 997
143 884
918 910
779 505
169 920
135 146
896 922
876 110
254 708
92 61
823 593
324 832
644 670
599 81
546 319
952 725
333 325
187 282
1016 1015
944 601
244 194
858 609
1122 1080
316 145
785 975
637 373
324 70
608 275
335 520
384 718
616 862
1018 714
96 601
882 123
690 390
223 995
540 17
693 492
781 802
564 303
146 628
175 824
204 49
352 114
329 174
1084 218
650 605
739 172
761 122
513 187
467 379
856 392
8 782
1011 1019
984 373
347 465
449 379
634 65
183 621
324 1015
84 638
668 892
433 190
523 373
1108 542
555 775
707 417
746 913
440 595
713 667
381 206
441 437
902 1002
869 601
518 649
962 563
791 90
650 231
965 922
162 981
957 752
471 804
442 802
853 858
467 936
352 537
707 235
1058 621
165 394
551 500
31 837
226 484
450 216
813 863
303 451
483 491
380 199
114 792
735 353
362 130
875 505
561 929
210 223
551 896
470 609
1035 638
156 939
171 386
573 896
173 753
1013 566
880 321
473 587
642 687
780 622
1001 113
615 426
979 571
1010 17
115 205
830 251
936 908
875 936
805 406
872 997
531 889
673 1004
592 824
857 981
528 815
937 76
161 141
723 131
110 962
539 405
0 837
131 188
133 295
686 414
395 752
491 451
80 568
666 881
908 793
910 10
897 929
492 454
339 576
7 785
923 253
277 242
566 625
102 591
555 1065
923 149
79 986
246 189
1028 279
455 778
1067 164
369 883
188 651
758 864
207 860
443 992
907 355
216 986
832 978
976 603
1058 392
412 110
782 109
1101 633
285 644
594 140
444 232
1015 523
1006 823
911 324
980 212
584 563
925 1091
429 118
260 531
271 391
497 330
1088 115
159 612
824 160
968 441
1122 460
948 705
642 502
572 109
455 790
400 751
612 271
136 926
170 67
233 474
1017 350
787 748
431 611
699 83
256 218
235 710
255 193
174 662
704 992
273 948
655 613
938 267
788 1105
115 278
200 874
708 180
456 995
779 195
217 859
85 689
431 821
515 1003
561 590
299 207
335 222
591 1108
645 374
42 965
65 930
217 729
64 530
828 553
1002 1122
372 725
462 252
124 966
998 300
823 1022
256 863
571 289
281 375
803 566
299 724
1049 721
425 682
335 1006
984 781
270 281
386 418
579 831
654 589
963 721
1102 559
658 8
1012 1012
695 251
337 918
181 1088
271 893
122 864
502 281
1028 47
474 345
119 695
483 427
951 438
57 946
516 383
441 925
793 186
149 1043
521 484
367 1010
521 59
139 871
924 443
886 487
858 101
1037 159
128 287
855 196