500 205
607 1111
977 835
536 380
308 959
138 897
927 789
117 381
512 698
247 639
921 591
457 832
543 207
440 898
485 42
963 468
1110 580
187 757
75 293
651 256
703 50
864 162
959 410
1035 931
880 600
605 164
718 43
115 993
584 647
10 919
533 378
693 505
631 677
733 362
1085 223
1021 54
450 426
208 533
118 651
363 208
494 886
454 1007
458 655
536 828
135 183
1065 641
1045 1011
49 876
856 534
919 182
362 699
380 352
139 12
80 438
387 461
733 208
856 246
770 903
730 961
514 217
839 326
637 136
671 644
295 19
586 514
80 546
672 319
431 780
419 834
938 398
972 454
21 297
225 1094
313 514
102 321
887 306
879 662
399 362
90 691
795 838
686 462
488 669
1057 916
1017 677
812 124
149 398
240 323
354 226
387 841
852 1089
945 923
449 14
646 290
485 212
291 594
409 943
367 613
270 902
824 398
276 435
89 689
265 427
54 386
623 194
197 923
889 479
278 659
1063 708
684 64
360 749
1122 850
797 611
21 171
812 842
555 306
771 914
1043 231
205 960
827 824
773 278
560 771
401 927
157 314
497 220
262 693
129 990
240 612
831 702
357 396
697 844
583 949
430 447
752 163
811 1004
754 255
765 737
331 807
477 372
858 472
615 457
445 345
758 975
765 641
795 693
813 493
989 412
588 308
725 909
591 105
122 1079
174 171
195 173
781 448
1019 647
558 806
209 360
474 307
145 451
772 1025
409 719
688 314
616 832
1036 331
288 423
352 1028
83 595
280 449
319 962
691 102
693 512
1097 316
119 832
590 502
280 337
941 783
590 440
470 213
1026 600
391 121
947 282
350 1025
124 850
363 645
578 744
16 258
602 775
852 156
161 781
952 999
917 844
429 1122
564 453
778 299
20 788
199 1061
506 681
1003 1041
654 1011
784 1086
990 167
318 349
281 599
844 531
187 796
351 920
527 876
229 1121
344 415
339 515
324 411
851 131
817 610
244 468
465 658
465 762
92 902
452 682
412 606
1092 219
929 278
737 977
526 506
1029 264
959 287
569 546
507 787
184 452
812 519
720 35
173 653
1011 578
517 974
825 855
842 465
917 303
264 674
197 489
698 812
492 517
636 1003
835 148
378 165
378 955
912 165
478 573
795 855
735 308
800 519
296 72
971 831
886 803
1042 259
989 320
1018 129
586 716
266 635
955 288
999 889
1056 976
327 73
591 10
177 822
830 385
500 729
264 982
879 496
370 1012
940 525
981 965
376 844
768 825
1015 1064
996 1003
371 183
692 801
783 635
387 371
985 704
897 463
1023 1005
1010 971
1118 658
1010 570
183 931
538 434
604 8
164 686
906 395
14 1058
839 390
28 843
558 213
681 200
681 815
711 133
492 840
555 252
1040 1068
250 418
985 875
697 464
108 655
99 831
38 858
218 488
562 784
644 727
538 286
1057 695
747 536
129 430
275 820
922 98
493 481
561 405
580 781
610 309
369 745
928 296
449 909
371 168
419 446
594 373
737 708
28 1035
742 951
569 714
43 313
652 967
805 762
547 789
479 954
499 231
147 493
596 342
246 206
864 1067
612 240
237 315
217 467
916 328
338 672
150 808
474 864
279 351
1049 290
168 692
133 131
243 546
1018 367
662 63
497 402
808 1078
316 919
507 355
329 1039
746 849
150 441
917 595
755 238
948 919
47 913
454 698
748 622
236 941
15 362
973 434
250 278
345 721
755 919
619 845
717 132
845 102
940 407
723 615
947 430
790 850
704 366
1111 417
763 684
709 581
888 179
942 584
601 365
116 134
1105 538
380 384
229 501
537 110
475 1120
345 410
408 582
410 491
501 755
224 164
686 781
228 503
799 582
987 619
947 368
609 61
542 70
636 163
568 199
373 850
1003 178
558 234
447 864
471 298
900 963
264 728
541 657
747 6
874 503
347 643
886 969
525 221
90 583
435 650
332 439
405 1121
948 298
91 415
624 418
853 741
727 806
526 595
1088 727
733 325
291 450
311 131
615 525
160 335
61 479
872 701
557 109
572 330
1103 775
305 747
500 755
411 519
69 829
708 349
747 425
539 676
784 95
118 347
206 537
701 121
495 152
834 388
309 92
312 48
898 111
326 620
253 543
99 757
501 1078
209 15
482 645
299 522
1019 471
1057 863
756 864
589 325
288 924
231 187
941 464
676 400
38 907
969 363
476 108
672 410
161 347
148 1062
110 243
149 351
43 33
319 760
287 619
315 924
249 1041
323 449
733 596
169 829
195 814
964 631
1082 641
112 346
944 107
12 53
441 237
226 652
488 406
287 141
253 884
176 515
456 765
191 509
953 22
1120 868
642 895
373 430
470 328
250 801
370 643
504 179
548 161
228 977
186 419
541 134
681 914
654 642
127 814
511 728
850 158
506 934
921 167
1089 324
919 71
3 340
783 855
192 1001
600 441
580 1028
297 112
928 1022
662 156
932 739
484 428
940 440
890 879
727 516
354 173
969 310
207 518
260 478
367 949
660 276
1027 564
105 967
445 548
706 325
622 315
691 878
705 885
975 691
379 1100
550 718
259 837
765 529
293 462
1044 116
186 570
903 481
427 688
890 257
734 744
123 731
1040 1030
1064 1066
988 476
111 813
667 218
583 178
662 128
966 572
484 167
959 271
728 524
791 441
662 480
578 410
372 511
1072 585
612 103
490 159
503 487
917 145
216 735
363 210
1122 646
716 1053
594 91
1018 152
393 449
995 1026
526 907
774 769
167 576
990 175
154 1109
384 886
201 246
967 358
241 425
652 685
798 897
972 449
98 557
863 1015
54 570
960 34
858 496
101 625
672 291
563 1002
278 631
115 341
561 637
1008 990
398 708
145 276
580 1005
1070 688
816 521
1089 1042
1013 787
361 397
165 544
81 760
965 951
527 98
32 374
812 582
761 727
182 205
1022 861
279 958
363 754
507 45
636 790
560 467
247 383
207 89
81 843
93 639
511 957
803 810
900 1018
336 530
1000 634
35 410
43 251
582 434
235 440
804 894
815 635
300 545
517 28
259 732
937 786
668 748
119 141
847 677
766 171
873 989
878 192
1086 941
980 34
17 395
1020 647
850 436
663 737
305 52
541 284
919 863
501 817
651 553
1108 800
834 322
866 482
766 594
1059 798
302 111
417 927
352 1039
662 1064
814 596
1117 753
760 517
185 623
356 441
637 317
743 542
509 515
988 698
885 580
408 792
879 1008
664 327
182 250
720 237
977 1057
1012 930
717 143
89 875
320 860
288 680
137 739
983 139
924 376
719 676
893 203
190 280
467 871
235 306
127 790
649 241
438 551
161 488
960 136
486 110
481 595
857 448
865 837
48 973
568 1042
1017 685
963 590
505 154
1117 423
141 526
933 607
740 742
363 85
199 910
364 546
48 424
326 602
628 950
330 121
218 343
856 884
522 715
144 439
720 99
118 860
162 825
950 1119
274 470
1017 586
465 765
683 516
41 637
254 213
376 560
150 519
912 824
550 971
995 869
554 974
204 895
191 805
405 538
155 622
972 986
969 195
303 633
423 215
906 104
57 266
988 216
386 681
1072 434
649 304
345 227
219 391
947 437
1062 374
652 5
161 780
507 443
993 487
490 211
862 835
476 33
471 615
427 557
183 550
836 930
41 671
469 941
654 831
176 779
701 270
564 747
30 481
699 485
363 619
171 11
739 496
678 655
88 1014
747 573
103 917
337 505
46 16
113 831
670 444
873 779
386 821
496 959
704 157
569 443
477 511
110 360
454 486
1023 235
292 197
882 331
908 638
738 72
384 396
34 570
577 916
360 156
151 795
359 734
813 568
765 518
769 695
336 376
942 621
115 811
859 1031
398 359
316 436
125 335
711 229
1105 954
26 242
372 678
362 992
774 210
375 1080
912 1083
541 80
601 449
797 300
809 697
765 236
818 219
369 315
596 741
108 542
247 37
661 589
338 1042
357 175
821 993
388 120
634 683
507 1075
1052 169
250 1099
1044 685
723 700
762 484
574 478
498 553
597 771
197 850
210 1067
848 967
639 688
791 1107
482 311
956 85
498 411
173 862
981 531
593 780
715 100
312 267
167 162
583 262
139 719
667 623
541 568
400 780
888 779
596 530
1000 540
715 340
154 1053
179 1020
854 334
264 194
567 238
124 678
439 339
498 353
599 764
552 770
702 585
507 619
928 292
89 4
898 721
969 582
955 737
149 310
254 896
333 901
853 314
695 73
528 1006
953 292
255 676
1094 380
765 343
957 204
975 877
908 625
620 764
317 220
685 44
508 659
435 820
284 1007
967 145
163 432
601 1019
188 925
845 463
926 81
803 202
1021 278
565 453
534 163
494 582
181 932
648 202
443 789
262 431
925 979
595 308
585 880
102 627
106 582
1063 531
332 1115
658 570
799 595
922 791
410 533
636 1111
718 233
452 886
730 168
671 764
853 544
451 818
945 639
244 775
346 1000
1015 555
861 784
1087 989
847 200
446 139
232 816
550 215
246 600
713 1091
1120 176
363 961
1068 968
838 467
880 449
717 726
114 223
580 354
596 587
455 478
497 637
642 101
191 637
212 877
590 835
480 238
715 828
780 168
557 774
947 196
595 929
314 286
942 158
918 993
613 641
528 468
241 892
76 119
77 44
903 588
11 913
31 480
25 978
812 599