226 227
948 831
363 775
279 892
273 474
126 667
344 395
880 575
125 64
487 911
121 540
909 102
368 639
74 979
389 26
272 401
426 307
370 571
982 278
265 1014
1061 1033
544 927
1002 1022
847 323
138 140
483 640
995 538
581 465
144 805
940 105
461 658
227 155
856 565
1006 911
832 293
622 522
666 475
484 508
594 862
1012 666
827 684
843 320
718 491
194 165
1009 1052
259 941
683 629
496 88
467 366
490 129
431 9
968 634
221 598
561 827
886 758
115 681
417 681
541 392
209 293
806 45
888 809
23 598
2 413
406 547
964 395
581 1027
299 8
850 339
785 608
335 546
245 303
712 986
572 1054
874 712
841 894
547 751
198 189
176 774
998 128
1027 162
846 815
870 241
957 362
480 994
751 1018
101 166
21 112
543 370
1065 318
74 947
55 831
928 1020
715 930
567 236
773 749
383 639
350 518
911 539
877 25
193 942
296 882
13 237
118 1023
464 828
657 531
750 986
856 1061
1081 132
880 1006
594 799
616 381
716 608
603 245
743 712
578 763
427 284
981 500
830 288
285 940
935 317
645 215
820 918
789 696
134 559
926 929
843 156
791 154
27 749
973 517
582 30
67 419
249 366
479 1105
176 988
277 147
140 513
516 367
726 528
159 138
767 1022
346 163
488 311
819 172
336 287
957 704
988 838
347 463
695 808
284 626
443 490
868 933
867 237
53 756
314 624
726 996
828 909
943 163
755 747
944 537
919 926
656 843
649 360
499 988
573 18
197 1086
552 721
786 968
473 362
843 63
698 990
205 958
181 656
590 92
306 654
824 632
141 820
557 528
454 1007
430 594
247 665
124 756
557 216
914 102
212 991
1060 713
381 386
654 1007
514 208
448 661
271 469
735 681
804 308
193 727
401 825
695 547
398 927
561 559
163 606
312 223
678 310
469 1015
899 80
947 704
671 96
1027 715
497 265
517 777
262 203
881 613
691 699
628 920
260 237
567 205
18 192
171 674
757 853
985 930
92 522
831 302
793 203
722 338
768 104
987 395
273 301
966 454
501 756
210 526
230 122
331 575
419 369
40 790
143 806
481 690
311 831
731 961
498 202
1035 152
996 1018
704 907
691 213
778 128
29 1007
273 547
989 277
595 252
908 675
278 163
310 47
844 767
758 330
19 716
191 36
1079 645
261 336
747 509
655 280
894 860
669 724
384 318
183 614
133 11
807 669
714 146
148 248
943 675
336 851
334 785
125 496
990 154
715 655
964 830
276 993
371 928
67 203
647 199
862 1038
450 838
266 297
789 999
340 202
517 770
942 302
144 1016
310 367
904 501
1118 866
4 462
1004 487
906 470
977 763
522 550
1084 613
224 364
175 718
256 908
346 173
722 777
478 522
898 234
564 73
955 840
550 355
770 822
434 466
939 773
357 330
273 708
375 821
6 527
717 468
915 487
1102 330
509 171
417 239
802 334
410 38
684 860
683 398
939 611
126 282
516 533
753 198
423 979
758 457
655 868
555 665
587 261
188 839
164 1011
607 844
495 145
1047 212
995 685
630 438
418 312
396 39
185 1008
452 1012
48 901
324 548
560 861
787 804
719 110
168 813
456 857
305 981
840 433
917 391
592 142
877 212
545 317
964 272
52 378
542 1020
923 686
615 528
440 344
796 233
446 356
966 324
551 564
1085 1049
194 124
627 451
479 622
505 814
509 338
666 397
344 224
927 517
265 693
530 632
744 175
878 281
799 304
882 1042
232 156
100 863
344 372
509 724
885 566
451 446
158 116
646 712
595 837
783 824
34 951
673 449
667 609
1105 477
79 706
748 547
16 890
599 86
334 177
1015 318
794 461
754 256
31 760
92 471
458 852
1022 189
758 339
544 680
1 960
445 348
641 1018
112 573
505 99
1085 435
587 235
53 659
472 340
781 839
432 381
737 117
936 213
708 956
834 528
275 214
83 897
378 757
648 543
467 422
554 324
213 401
494 111
371 669
151 9
926 17
266 52
1119 646
590 1039
465 349
375 309
942 443
307 341
385 964
269 898
695 777
505 994
753 977
822 677
125 560
402 1015
812 1013
214 919
788 612
619 106
965 938
377 588
825 934
657 732
776 456
972 831
342 908
371 421
184 957
545 758
155 430
103 98
574 417
752 636
338 390
804 462
153 167
1010 988
253 33
704 728
600 466
386 200
134 601
960 101
714 577
359 36
278 702
415 926
1118 317
702 515
351 551
996 899
115 957
967 460
148 858
547 598
10 852
514 897
629 853
657 266
270 614
270 833
308 881
524 114
211 753
29 475
897 874
141 339
109 533
160 752
895 546
232 904
244 131
501 466
9 971
837 876
198 763
286 662
155 56
385 436
229 1055
321 332
422 253
1100 836
149 371
298 528
103 33
111 597
736 901
706 775
968 386
881 933
346 563
416 475
249 1010
241 518
604 320
377 216
809 435
73 221
493 807
712 30
206 255
1001 60
548 644
678 33
361 386
670 874
736 428
718 39
56 990
249 22
768 555
460 346
318 533
745 487
147 1079
611 643
450 762
438 87
218 987
170 616
580 849
1108 181
9 152
619 254
370 420
534 670
153 462
835 71
396 765
532 491
1009 995
516 314
158 502
5 879
328 681
832 301
421 187
332 220
1077 916
657 555
833 750
111 102
240 80
351 940
849 1041
792 178
902 316
561 494
789 352
977 953
552 245
187 909
116 517
376 585
540 724
842 1002
544 354
281 1004
971 1078
597 723
992 1098
691 513
818 330
469 923
185 704
379 295
241 371
366 504
321 983
1016 1011
295 455
1001 207
922 881
252 1083
339 912
902 746
225 114
696 992
956 940
344 264
1053 368
908 278
875 617
662 1015
448 731
1009 820
172 551
655 479
761 108
915 753
1073 579
289 1060
369 877
423 539
118 213
352 468
189 238
139 739
526 225
154 523
333 951
632 928
725 523
58 870
900 600
263 525
875 570
962 747
422 20
523 468
567 34
916 871
89 228
769 851
34 151
291 351
756 790
393 804
800 978
122 675
255 0
875 889
267 591
720 442
377 273
233 953
815 4
477 722
409 513
124 1118
719 628
260 91
909 252
986 803
927 281
848 28
318 291
658 228
23 1016
832 305
514 1017
237 911
1063 387
100 649
205 211
407 267
477 948
250 197
593 690
326 920
632 32
506 997
953 327
771 774
89 895
275 877
570 681
767 414
485 222
916 830
1065 997
960 1117
388 492
748 490
898 705
144 442
269 1009
365 225
228 743
669 304
408 672
472 418
275 195
164 1005
306 37
77 399
245 422
539 802
157 257
772 495
534 51
418 626
909 812
324 380
680 459
486 330
924 521
874 575
1079 372
873 903
726 1122
607 1049
1005 924
351 97
430 349
489 829
83 332
55 679
72 494
130 15
803 329
359 314
717 989
376 715
644 351
176 306
306 562
1101 985
82 267
575 564
176 445
162 1083
887 214
977 178
518 861
208 273
962 232
520 746
274 750
740 981
872 690
547 822
188 839
447 34
202 183
467 356
444 563
846 468
768 889
974 1082
911 142
953 715
974 548
817 571
21 702
807 593
901 783
331 123
414 837
96 156
570 172
771 604
936 947
340 744
984 477
854 503
939 561
934 756
653 195
127 808
765 411
753 431
845 931
1070 105
678 854
887 111
859 183
166 130
958 942
1051 359
910 584
826 721
290 844
105 971
997 284
741 703
403 196
804 681
103 803
729 841
382 160
267 793
944 456
284 155
965 1101
814 310
458 710
440 960
700 771
575 1062
328 464
202 1052
477 1087
365 981
627 392
79 546
405 400
135 363
800 191
660 118
820 845
275 193
632 541
505 382
833 156
913 143
980 525
195 72
228 158
553 786
125 681
631 989
82 898
973 602
217 415
111 862
837 268
817 614
572 532
257 495
377 454
418 412
564 271
854 123
304 646
663 849
717 879
64 353
503 874
684 598
690 949
988 577
447 486
925 345
190 306
425 686
261 392
205 482
204 668
267 896
74 802
962 986
839 163
746 823
107 591
228 574
482 370
150 174
666 1103
712 438
446 964
890 388
547 403
281 215
911 331
620 362
184 498
982 492
351 1082
258 868
982 495
838 282
783 564
190 655
1118 399
955 1071
312 1068
841 1046
549 409
925 478
119 157
1022 572
484 705
880 357
397 399
270 149
288 733
148 689
268 639
733 3
483 173
371 616
832 215
547 1054
761 439
311 740
923 737
322 989
52 146
733 184
165 362
793 365
369 543
663 843
289 535
641 739
241 902
237 714
870 139
815 818
193 590
280 488
1011 272
241 508
82 121
1119 309
1104 863
903 376
177 375
856 839
874 927
1093 1015
160 783
913 956
223 143
672 828
179 883
570 881
339 218
822 301
356 728
172 758
40 923
641 124
0 559
223 706
180 223
919 693
712 632
904 681
497 874
390 516
465 78
308 722
384 352
569 172
372 982
995 304
583 915
878 897
903 852
177 802
705 1060
769 550
289 1045
322 83
229 553
608 241
554 6
100 332
196 991
224 154
905 577
885 594
231 256
1082 143
220 493
954 252
1030 761
264 267
1060 867
138 515
4 271
845 10
686 151
379 585
320 618
746 736
587 594
822 496
598 650
524 750
360 154
611 961
31 396
1079 747
615 320
520 361
405 677