959 777
105 512
501 124
590 189
793 655
448 595
174 904
447 677
673 1109
423 630
91 578
589 538
611 534
727 253
304 611
1029 367
734 798
373 255
1016 204
775 87
119 278
906 456
568 585
191 757
1014 383
468 561
816 410
478 571
96 792
243 141
948 616
146 684
394 344
1020 314
926 582
108 763
512 822
938 404
889 813
276 571
761 194
544 1010
936 336
32 947
919 486
728 671
128 457
1025 707
116 671
551 778
237 82
117 1017
1084 949
774 480
331 670
775 157
748 263
747 92
270 535
842 75
671 279
606 751
668 71
702 603
23 987
428 408
1005 600
826 451
700 1067
520 505
882 260
164 674
926 950
157 923
939 802
832 688
678 373
317 614
228 810
433 538
1019 501
501 441
167 998
947 697
235 473
374 151
953 709
231 7
567 1109
222 881
388 195
790 901
563 172
1005 780
151 420
683 364
853 468
977 398
803 953
248 599
110 677
730 851
216 1099
357 494
792 237
542 293
164 1015
1044 146
137 223
518 167
795 339
958 180
625 976
1023 326
218 447
769 1002
708 256
187 814
687 509
160 563
274 583
493 967
785 872
899 333
667 654
721 961
571 896
820 608
102 642
489 603
383 601
998 502
117 317
801 246
596 983
738 414
229 1068
972 730
723 528
541 829
972 416
196 439
742 247
851 179
174 289
166 803
367 859
160 142
114 727
787 740
884 903
469 981
126 639
497 938
499 326
719 422
585 509
424 177
134 799
345 566
762 294
358 319
833 200
581 889
1030 817
667 628
241 1070
539 848
261 878
134 441
633 750
626 149
425 182
838 193
965 1120
688 84
681 887
753 843
764 1003
718 918
288 569
992 249
576 852
667 696
95 510
609 946
366 850
336 571
869 258
868 731
861 800
946 1009
738 77
839 891
187 639
976 854
865 42
522 204
1059 841
964 1029
116 950
236 701
247 1039
263 575
614 594
828 112
182 457
106 151
120 82
904 701
642 703
817 713
952 971
226 686
871 0
348 1008
337 607
861 1025
1021 162
777 75
328 643
148 937
677 706
308 847
251 347
412 589
504 901
595 918
144 857
46 712
873 681
174 782
505 1091
470 868
807 479
28 316
562 922
454 579
828 119
1112 480
412 82
835 192
426 445
477 480
122 104
791 321
912 650
794 489
1107 135
286 471
163 695
523 749
127 867
153 156
504 425
618 529
341 542
998 759
877 207
638 444
1023 933
965 579
529 678
904 922
846 1110
509 185
594 926
893 806
350 976
725 187
127 928
718 587
190 936
155 142
842 1060
544 689
573 691
673 500
589 473
1036 599
1065 468
162 337
926 367
452 243
138 199
114 969
883 491
700 1012
352 471
403 696
538 802
802 531
687 424
401 739
627 917
802 921
53 493
1063 111
656 821
147 226
36 562
168 984
193 653
760 377
948 420
175 19
1122 308
720 486
1108 395
990 460
799 952
946 520
434 103
499 793
304 876
306 990
693 48
1087 560
12 468
246 445
832 964
933 721
970 447
114 245
189 303
337 989
158 182
45 155
239 1035
254 1106
867 998
733 633
709 153
783 280
536 703
1106 170
510 339
479 143
93 520
236 582
341 401
977 317
307 873
853 268
911 255
393 354
408 556
256 91
1025 303
896 112
1101 664
857 744
627 1048
948 129
131 997
690 931
449 915
197 561
567 116
371 754
443 557
90 602
271 240
627 867
384 640
874 574
214 943
993 254
696 186
843 213
961 746
444 650
554 931
695 654
97 350
1012 164
252 636
570 149
149 720
2 147
673 634
917 106
1059 131
728 117
599 880
166 264
337 212
35 860
281 1044
558 1065
792 759
946 203
729 467
825 5
496 617
458 570
149 769
842 1032
509 605
760 22
739 851
340 365
315 54
193 904
383 612
690 766
593 319
967 381
219 893
688 435
809 579
701 478
955 852
591 468
983 714
407 551
1003 845
133 51
901 972
771 455
508 922
971 481
142 446
297 806
138 833
909 286
584 293
800 739
522 857
158 1015
462 338
983 721
738 292
257 79
72 272
654 483
1109 176
513 264
220 150
1010 827
459 293
666 913
340 868
300 310
911 963
861 120
671 952
294 443
229 320
712 232
864 137
404 752
179 725
988 151
561 272
221 101
395 818
157 601
598 507
183 103
205 135
662 779
945 835
191 559
196 1018
850 635
255 1070
783 119
873 811
964 572
367 345
694 861
911 210
376 637
151 63
251 695
606 174
175 502
655 548
886 819
15 71
519 1064
288 532
533 1074
298 494
225 398
1091 807
452 152
352 106
674 640
444 1066
207 830
183 1082
434 88
959 763
1007 145
505 228
1048 312
971 374
672 488
724 299
571 836
266 787
45 240
423 612
1090 938
365 18
106 965
513 943
214 813
798 369
98 15
618 229
483 857
629 365
707 433
1122 37
91 936
772 238
164 254
647 422
498 204
661 755
422 770
367 1008
995 1098
862 1009
935 1077
813 83
425 403
43 1062
897 787
508 47
711 497
825 684
161 872
463 283
641 357
412 916
442 357
836 454
208 287
597 224
234 524
875 136
563 519
853 266
1060 354
493 1041
328 925
690 423
957 727
514 103
695 127
837 127
842 1103
519 422
551 224
146 805
551 94
1077 505
583 1022
118 667
663 674
763 937
391 510
631 290
622 499
264 854
948 835
224 603
810 152
65 665
591 437
288 973
370 494
28 1119
175 474
310 753
566 415
579 386
170 400
629 146
905 276
590 814
312 982
172 762
662 9
122 631
721 454
773 541
431 169
145 163
217 904
418 708
665 533
1102 96
795 169
968 720
182 465
375 761
811 105
696 485
762 815
313 257
211 826
767 289
535 627
381 940
799 323
1058 609
124 934
109 976
257 223
474 960
918 84
106 763
173 283
778 868
814 205
1101 200
478 208
757 602
128 535
862 466
424 565
711 459
683 130
715 405
867 820
419 476
783 1090
374 318
447 819
555 542
874 682
619 512
842 228
135 785
804 604
179 430
299 388
912 666
111 480
728 290
331 118
57 506
659 406
346 460
807 769
831 572
530 756
884 947
719 383
1018 1042
217 73
397 631
274 601
228 518
298 907
691 647
704 734
261 826
968 647
517 108
430 360
495 1029
783 184
23 1019
614 531
695 231
729 614
363 53
940 988
392 732
781 127
205 939
970 1000
954 760
848 444
159 100
421 913
137 387
683 696
309 629
341 722
871 18
742 542
862 1058
545 802
803 133
605 519
1093 630
593 231
769 373
17 479
779 413
314 675
460 304
812 768
637 468
102 347
369 729
886 854
887 545
545 217
898 616
608 257
130 106
701 1075
438 58
321 583
817 767
407 971
905 567
388 351
464 525
479 373
274 79
804 759
273 673
380 181
269 712
608 245
427 163
214 656
774 117
599 906
447 883
674 38
705 800
765 859
516 1074
474 936
339 655
828 424
1121 116
762 979
309 124
419 694
651 685
548 265
596 456
235 610
152 481
637 553
127 924
221 729
320 1066
382 572
678 462
406 753
948 932
1020 1043
267 894
883 584
785 76
304 279
409 902
921 921
327 303
39 787
840 1011
514 795
633 148
547 399
980 295
542 733
562 460
896 1009
928 1115
283 669
616 525
640 403
902 172
329 915
84 1095
104 44
521 238
363 429
150 307
784 936
36 974
656 689
556 590
23 193
335 633
699 894
376 179
1021 707
949 489
427 730
577 528
880 549
360 1034
448 725
308 396
15 431
253 771
320 244
819 536
498 806
333 322
190 897
956 459
528 38
205 687
615 199
413 50
1110 729
334 26
580 724
634 106
359 441
522 399
318 19
1016 909
983 442
807 1053
622 551
1075 279
1119 453
874 655
989 847
238 343
556 317
542 229
581 971
323 81
480 266
442 1017
1022 753
100 745
200 690
324 1005
786 447
868 140
788 495
757 228
185 685
443 164
754 557
901 692
106 352
191 270
706 493
814 1039
968 1047
948 498
739 938
937 389
910 507
472 185
405 239
1122 417
324 630
1006 578
966 413
492 1007
983 828
845 36
134 63
395 344
741 911
443 144
1042 982
336 359
787 1121
1046 861
780 860
434 649
960 1046
45 282
17 873
246 253
1017 719
798 439
354 156
570 595
815 1024
609 715
892 357
718 1121
867 706
679 1104
480 564
628 375
351 642
1117 690
83 929
206 550
886 616
913 68
799 301
399 180
744 402
433 317
1032 977
240 687
967 231
530 154
633 841
132 333
967 1123
111 788
180 847
892 521
339 776
471 949
901 26
49 536
202 619
226 842
440 579
541 384
363 492
736 876
638 659
399 914
630 241
417 360
37 272
775 813
712 632
591 1009
301 907
295 818
555 1015
333 478
1011 995
840 1084
492 518
483 780
345 756
669 725
638 276
897 726
324 345
662 69
174 1006
752 225
877 403
890 801
1069 154
695 111
593 985
897 612
572 514
708 902
721 150
183 10
997 338
824 899
403 745
214 408
335 923
967 620
639 803
221 17
778 959
263 772
450 333
345 908
68 906
756 540
686 964
255 161
754 583
360 283
472 775
810 196
853 295
343 739
201 644
1111 806
921 46
778 664
270 531
682 727
449 1092
636 988
984 445
46 852
976 168
480 869
733 66
635 838
738 57
1082 765
965 351
935 238
646 363
1000 1024
765 333
299 624
458 753
581 265
248 649
923 140
797 622