281 496
731 492
115 772
1015 183
837 364
246 238
1088 963
154 306
955 612
254 71
191 174
54 913
126 351
756 929
916 968
930 1059
310 251
582 347
863 904
689 366
9 380
580 262
335 492
255 18
810 407
939 797
565 754
1054 372
912 996
445 989
930 565
579 1042
626 593
632 507
259 262
227 758
631 432
363 186
937 992
614 154
149 1032
484 166
837 861
199 178
155 512
468 653
113 145
362 862
501 214
432 1049
579 889
981 403
486 119
354 124
1008 959
563 980
909 670
919 668
712 1080
24 874
134 412
575 1018
170 101
299 175
672 695
1048 309
680 1099
770 903
125 544
707 916
1042 955
1038 135
1041 48
749 790
323 512
689 332
440 158
808 226
995 543
138 685
161 504
647 665
569 228
280 243
279 1015
613 662
943 214
823 377
178 985
871 115
94 318
314 490
730 240
949 333
891 544
403 433
159 802
813 913
225 597
506 646
490 511
640 233
440 1109
1003 150
738 766
620 675
342 744
391 259
959 122
720 589
163 894
1062 847
132 285
235 899
777 786
400 311
1091 379
733 415
204 363
112 643
648 138
1051 481
939 274
84 541
548 841
224 580
954 371
812 835
243 722
823 985
1108 974
91 598
682 138
162 887
114 438
783 456
34 371
990 340
110 915
109 812
752 345
780 348
753 801
979 597
981 967
570 983
107 292
917 397
67 862
792 728
904 638
349 367
561 1008
652 499
433 180
282 692
963 89
126 955
423 976
385 954
789 7
908 195
220 436
135 1017
453 259
183 938
447 597
1000 733
211 235
629 170
283 370
420 769
290 232
797 394
781 674
124 30
988 856
150 44
1064 634
121 757
995 453
840 896
34 889
602 895
815 987
857 130
971 154
141 918
235 286
273 752
860 242
270 676
974 193
342 87
729 714
180 73
949 680
145 662
950 818
1074 438
266 744
280 1117
705 405
454 200
466 514
546 220
318 949
802 762
210 238
694 975
761 585
638 962
61 560
748 215
484 882
907 497
477 988
354 898
378 970
180 605
1000 975
536 293
908 326
19 322
855 514
20 914
363 717
801 227
1034 293
623 680
447 980
687 500
305 396
519 993
606 673
158 172
514 332
187 579
374 409
251 41
668 808
690 243
94 978
1039 371
440 1083
228 1053
826 780
997 1094
828 753
463 128
736 386
271 829
732 182
467 921
606 477
469 211
498 134
863 949
1080 555
526 425
948 549
146 755
1011 438
737 434
585 469
898 687
1040 982
133 649
92 929
457 335
183 347
429 235
186 231
714 228
605 543
341 310
135 385
577 903
933 292
1011 256
622 620
416 879
255 261
787 602
429 698
643 909
452 128
203 662
991 1042
469 511
1048 33
955 962
562 530
40 568
527 222
495 341
550 803
970 1013
854 208
672 715
951 1003
10 634
653 212
275 240
518 748
319 249
943 410
462 245
208 998
881 300
514 257
797 220
1059 221
486 872
819 400
398 937
501 629
935 575
1049 314
117 191
350 609
464 944
623 1009
565 118
144 1069
851 652
275 576
453 604
885 757
286 1028
404 957
132 760
143 813
128 713
880 172
153 472
1063 854
504 691
793 142
448 494
723 720
150 523
1001 575
611 667
154 386
544 364
524 992
182 1067
145 948
703 241
642 895
988 361
688 311
391 520
892 815
87 508
713 949
386 304
897 425
504 901
421 365
790 742
153 713
284 777
744 953
458 691
930 597
852 533
668 903
573 634
345 572
58 762
427 957
991 708
322 705
478 959
614 142
702 416
122 706
206 272
257 1015
395 199
818 348
1022 7
20 80
826 138
285 540
965 688
283 1003
246 867
855 718
1118 465
709 908
1002 785
1046 841
964 396
108 821
553 124
488 271
195 740
639 444
879 613
817 482
64 875
931 193
669 321
560 479
961 709
719 621
193 607
690 228
23 769
295 521
587 504
914 470
273 472
458 880
298 430
697 972
384 557
334 36
509 613
748 890
121 737
954 221
483 390
501 359
701 898
345 565
731 356
311 26
658 390
822 885
1044 535
860 823
295 214
21 339
479 611
764 739
344 174
269 164
824 168
812 794
523 727
930 416
832 386
991 495
864 28
19 661
406 575
360 684
238 599
784 861
249 887
639 354
496 499
3 358
512 781
190 121
1002 988
497 562
834 998
653 1028
497 653
66 500
598 721
926 977
302 125
295 177
933 564
998 515
959 379
782 813
419 355
240 403
312 773
1009 467
681 177
91 205
808 19
427 830
702 753
974 975
157 723
817 689
1017 258
378 80
880 234
714 675
569 350
412 464
3 26
649 620
317 1036
632 178
845 854
252 570
116 303
250 302
193 264
360 541
959 500
996 743
231 1002
272 925
490 552
713 150
333 920
566 484
775 543
415 1006
428 766
536 302
738 846
554 566
717 363
109 732
110 818
522 509
824 324
358 773
278 743
128 335
812 203
799 939
781 855
119 881
384 435
650 132
391 631
999 314
924 892
713 1055
317 473
789 173
171 702
103 450
237 708
712 866
539 527
602 275
1112 781
887 942
355 491
984 801
139 1109
189 310
444 981
771 220
774 902
856 555
604 193
854 189
920 230
248 568
705 749
54 736
752 567
1080 897
817 849
108 594
326 134
559 244
304 61
932 677
656 579
474 660
535 692
539 221
845 119
603 312
336 696
499 837
734 286
355 268
464 685
1003 476
288 896
966 763
480 492
505 353
915 576
420 26
948 257
516 778
142 157
346 741
267 884
717 18
264 128
916 470
369 468
223 742
209 256
392 1010
396 616
57 249
983 454
947 987
927 141
421 44
545 1076
806 342
314 660
993 455
216 101
562 302
504 498
207 155
953 338
867 430
732 332
318 339
404 414
260 779
704 995
134 300
888 414
976 288
393 806
162 698
501 479
562 150
941 699
225 833
136 414
445 938
544 96
201 601
146 334
181 104
348 459
560 753
233 35
728 766
1044 724
217 461
134 309
571 405
729 297
965 671
342 713
984 698
396 529
354 330
41 650
461 573
553 682
605 612
158 452
987 489
336 701
119 366
405 226
1002 845
742 996
441 415
907 707
643 859
616 618
249 519
546 891
478 399
897 874
1022 107
150 156
432 618
803 248
934 215
1065 864
268 262
246 404
267 809
799 492
387 1076
508 817
871 127
1107 583
253 813
794 500
817 449
1081 653
528 594
970 837
845 721
74 260
682 495
339 592
770 547
1083 396
737 581
485 391
637 954
85 459
978 123
346 750
800 332
551 812
1006 1002
921 437
818 369
512 996
934 828
1095 641
231 310
109 820
165 755
621 821
251 272
33 530
216 612
979 769
908 547
456 417
104 969
121 697
161 447
819 901
883 342
537 416
160 556
1119 931
214 499
474 1032
213 642
221 726
622 968
515 469
1010 127
1068 276
485 429
196 815
649 1014
75 1037
723 439
784 772
916 203
119 1060
671 118
286 907
244 1015
659 2
198 663
745 785
102 266
467 1023
55 846
20 600
373 733
1008 298
720 769
402 835
1003 378
607 478
995 463
343 1028
974 344
938 465
691 601
877 543
884 409
549 914
1007 506
479 707
491 906
330 346
533 591
914 792
529 420
382 183
429 871
1103 1021
1090 652
761 727
583 656
1075 133
69 167
442 238
639 280
923 234
115 894
193 165
187 10
904 121
813 271
851 445
517 730
96 228
103 196
314 1018
651 232
295 203
989 409
698 1000
544 11
815 148
1036 162
701 514
186 153
200 528
612 386
1032 885
336 241
181 458
746 13
212 165
647 969
1029 315
277 120
414 379
41 678
187 793
476 221
743 713
186 369
250 20
128 775
396 1066
636 809
1014 598
430 180
143 659
322 409
789 157
164 557
964 853
183 1002
231 1023
460 191
101 360
280 980
702 123
1094 359
1031 349
685 85
358 562
300 485
579 1005
987 831
159 118
981 111
222 300
203 551
418 697
494 569
705 578
66 848
416 753
900 966
97 698
392 60
831 260
507 680
1064 102
781 456
183 847
465 472
194 794
1013 19
850 806
450 810
513 206
601 813
489 842
894 207
962 361
286 210
868 876
579 216
694 432
1089 188
1089 626
617 396
410 468
564 1004
318 205
1025 154
815 864
791 13
991 528
123 553
530 658
878 371
746 557
631 316
949 530
1 955
746 167
814 134
156 118
1048 965
499 384
214 833
530 371
1070 331
455 796
452 638
113 861
645 424
715 980
57 674
1085 684
572 1013
300 116
544 942
306 179
1045 730
747 324
787 112
721 929
380 475
502 996
386 370
776 14
105 185
456 785
531 523
935 388
146 400
669 1120
444 1003
51 169
354 576
575 229
42 296
22 152
535 537
678 240
224 1073
37 119
802 536
649 909
650 88
953 845
1012 693
415 920
825 549
495 55
88 562
715 359
164 701
712 125
360 1018
705 1002
862 224
777 792
1015 813
1118 241
41 368
572 591
258 645
876 510
1008 836
302 614
576 777
312 764
191 569
591 534
840 812
565 409
588 426
989 311
84 373
816 922
374 316
169 167
705 820
986 222
500 1073
208 517
389 307
280 366
438 143
627 441
1000 760
684 211
1003 916
375 738
926 538
701 267
735 931
70 468
666 476
599 767
578 802
853 327
599 146
229 376
946 154
764 862
168 990
897 708
139 552
321 291
768 706
675 266
833 141
941 295
929 624
970 617