136 949
25 107
676 972
283 523
760 720
269 439
232 463
945 204
529 728
743 550
852 418
248 352
462 752
399 54
761 29
757 1012
289 171
971 815
1036 500
965 760
397 909
996 193
996 792
712 372
1048 75
1064 853
328 253
62 44
15 895
710 573
669 500
612 750
862 1045
373 112
1104 1106
283 821
968 991
637 719
434 663
542 908
493 291
363 703
798 958
735 947
999 116
722 988
159 815
430 591
261 406
637 310
792 569
558 175
1074 867
558 1011
863 744
173 957
831 585
378 978
719 1104
372 163
837 713
219 314
120 900
726 954
741 474
413 608
527 412
740 201
365 515
305 150
154 220
191 941
1017 341
796 405
672 541
250 912
458 430
9 1115
191 370
231 939
958 775
307 350
124 706
319 322
434 1039
636 970
110 1020
71 680
741 877
282 281
57 141
379 823
635 778
484 1106
219 842
451 746
863 804
241 826
936 1034
997 298
983 53
985 76
663 138
649 435
811 139
194 925
567 577
509 800
951 926
1012 357
295 1108
341 1004
203 443
237 628
982 1018
924 495
517 832
783 560
1019 975
209 375
606 406
685 919
525 141
659 965
517 199
193 850
978 624
997 92
267 564
953 1080
1109 443
155 925
918 765
501 573
453 978
443 668
508 69
259 866
354 435
440 237
888 786
340 547
727 506
443 608
678 375
540 430
777 246
185 1016
441 349
277 698
583 864
911 427
570 579
869 141
835 284
1046 1007
1018 834
947 1000
221 230
799 273
328 105
374 1021
857 49
304 524
207 585
406 646
190 223
161 746
673 342
441 1099
325 559
476 1107
176 740
232 646
577 145
725 312
536 1013
199 1103
847 821
727 156
264 895
512 938
423 57
789 897
696 807
296 1101
611 84
242 403
153 179
281 547
369 571
433 763
250 996
247 970
241 598
998 525
733 921
187 278
617 304
803 536
520 364
611 396
736 376
692 1054
1084 441
624 743
884 857
880 737
601 763
102 919
42 57
577 37
48 864
223 274
495 268
79 346
1048 271
569 734
101 922
1110 411
1058 425
723 252
339 198
760 918
347 356
852 222
289 296
464 370
906 393
740 894
863 255
578 1004
707 759
489 369
830 262
960 461
412 197
748 110
879 402
826 480
107 580
913 644
1087 576
863 694
185 285
259 608
1056 167
486 119
205 1036
213 697
608 292
658 1039
895 930
802 437
195 894
479 277
656 615
718 121
103 522
326 146
984 1021
18 928
1020 175
737 930
47 311
484 479
870 861
373 1109
691 495
1116 846
1022 16
1029 816
338 405
1073 410
711 183
1086 684
784 47
666 1106
997 896
217 535
640 863
830 223
417 792
699 614
243 402
676 402
443 236
1018 104
568 595
419 987
966 655
413 173
980 510
660 306
120 897
400 571
843 1019
203 614
930 957
989 833
615 718
577 137
124 345
896 868
714 681
845 475
521 944
592 573
269 623
534 105
936 663
492 473
441 583
947 552
603 208
372 48
699 127
379 452
846 185
621 542
145 1090
533 226
311 675
276 772
471 717
506 1022
541 977
115 952
1083 215
934 67
389 359
502 440
850 306
538 359
269 358
380 1021
663 836
861 574
829 1006
815 682
89 796
246 932
127 371
220 480
880 1028
716 362
296 315
921 620
109 938
486 288
744 995
917 391
477 437
843 758
832 475
1047 575
775 416
1076 420
853 485
127 664
639 183
1117 184
333 213
67 251
657 666
744 134
487 485
171 550
436 802
1009 586
683 753
655 506
644 374
827 900
190 403
680 872
251 70
961 994
394 390
114 902
585 594
902 149
786 979
824 467
603 239
1014 302
737 546
610 867
344 466
610 1038
300 830
1011 603
884 588
976 567
170 406
573 585
933 184
41 200
879 533
143 869
547 519
450 638
813 481
570 788
522 423
883 308
444 1070
980 694
233 255
987 766
278 1028
895 913
1018 951
121 42
9 518
600 131
813 751
917 1070
407 268
186 1004
803 1023
5 722
992 1009
271 769
1049 214
680 615
191 667
678 380
1071 141
735 639
486 649
944 166
866 241
406 25
1062 171
922 987
497 1116
288 263
952 528
368 773
889 700
1049 613
452 992
1109 392
682 793
801 287
526 741
521 630
656 756
159 209
227 826
818 344
169 779
380 475
426 588
531 395
804 997
940 468
653 490
960 1031
535 486
1033 768
677 648
780 155
886 992
536 91
435 739
570 756
299 638
625 213
754 494
492 665
235 1102
883 195
797 369
991 683
859 1009
126 178
354 135
665 444
387 636
287 386
707 556
10 87
334 668
791 701
667 37
716 888
525 730
404 371
284 706
646 784
959 1052
551 603
1016 331
921 1042
412 83
1061 133
24 714
526 352
826 164
998 413
939 658
1113 208
384 245
265 748
280 480
890 191
779 213
622 37
580 316
606 965
330 300
146 884
573 258
386 274
840 122
519 869
299 992
213 840
733 693
313 975
374 350
513 242
177 342
186 566
761 83
806 620
534 460
934 857
1110 159
1082 304
559 522
624 606
716 178
250 681
361 33
276 1080
907 222
328 881
720 104
915 183
245 52
215 689
357 831
434 244
204 167
391 734
534 997
234 689
1122 187
30 572
221 405
578 847
531 968
235 824
740 1056
705 975
1000 121
867 300
287 332
932 1105
424 846
1051 667
120 500
782 665
663 282
355 7
272 132
299 1084
388 389
387 405
746 895
236 936
435 395
204 689
623 536
414 308
495 944
320 184
235 1054
690 545
815 504
259 657
269 425
431 551
505 380
390 867
373 109
316 104
236 701
1056 956
638 208
150 237
910 534
304 746
406 587
416 36
628 447
981 294
1021 491
822 228
374 789
298 996
238 211
25 691
250 575
346 277
1101 696
462 130
748 263
45 548
237 1123
1007 150
271 727
133 203
786 563
400 931
500 441
597 422
454 664
171 320
568 966
530 305
813 153
525 307
76 55
401 524
473 678
118 62
636 934
1019 842
1065 872
997 215
265 308
901 293
710 933
858 867
725 492
228 443
639 251
538 1012
765 269
678 587
528 685
1023 677
1058 662
1083 617
618 833
285 936
533 959
721 552
215 481
142 920
562 275
184 778
1068 487
263 548
832 198
575 649
235 600
465 39
619 526
977 145
794 873
1081 832
455 497
21 516
949 820
400 562
895 131
930 821
705 900
1067 558
419 193
256 621
173 398
996 824
767 119
933 809
545 822
663 825
668 531
1016 1090
903 45
166 174
283 382
1054 229
1023 507
238 313
171 901
212 417
164 55
1008 1034
345 693
711 155
202 929
1001 353
424 445
272 85
248 704
570 1120
572 914
440 706
182 851
432 110
609 260
101 1058
491 571
845 624
142 953
683 973
940 784
5 570
969 172
468 537
109 201
434 159
587 538
184 883
551 532
417 1010
204 391
578 395
682 236
275 146
902 354
749 839
591 396
957 204
1074 882
476 280
293 848
824 814
572 267
359 657
571 295
553 1014
501 886
895 315
854 1014
442 461
433 249
590 980
652 495
1103 838
477 264
997 803
935 784
627 25
1040 551
519 1013
861 883
968 86
581 824
357 163
401 1061
890 830
922 459
328 505
245 157
285 859
209 593
185 440
124 343
810 987
854 125
238 836
148 639
911 290
289 277
314 527
994 1095
812 739
627 864
549 1085
539 387
86 809
901 953
669 312
1068 13
935 238
489 230
1110 633
361 342
740 993
561 940
443 781
600 844
358 399
323 443
343 748
752 469
586 354
772 409
997 786
830 468
1073 935
376 972
809 459
833 541
0 441
866 505
552 991
142 915
289 361
787 582
676 204
859 269
449 803
439 685
206 408
644 193
80 1052
741 835
341 993
1028 190
388 150
726 336
94 457
173 631
198 133
746 742
726 356
681 768
411 1056
559 111
418 457
468 476
140 663
937 685
736 694
221 257
734 854
313 855
399 659
655 1014
779 670
977 682
727 827
1 971
88 807
491 747
294 811
531 761
365 751
117 887
213 430
370 556
224 364
144 311
833 489
355 609
202 713
207 281
650 413
566 210
864 898
851 612
715 626
1002 731
859 412
1122 235
275 338
845 490
305 827
420 109
170 880
355 613
1049 962
237 629
295 911
390 782
467 1104
472 945
120 571
1015 270
830 742
626 503
644 267
309 672
320 303
735 610
496 238
376 806
498 413
969 1031
134 220
280 1097
793 558
651 204
680 646
640 854
734 582
943 1007
87 419
529 598
631 138
807 584
870 945
958 363
156 801
680 574
735 839
497 1000
522 336
1003 1089
885 292
942 551
516 147
133 827
1076 845
201 792
717 660
1063 593
595 325
226 1067
559 661
596 697
778 347
1016 500
503 293
855 980
186 1037
213 655
1046 783
970 310
663 694
741 778
258 510
707 337
341 214
199 621
115 292
887 774
1075 354
185 854
422 244
822 987
227 113
732 464
702 483
991 195
792 499
300 1110
478 614
644 452
1003 1006
487 907
304 499
650 687
1110 447
862 965
249 832
795 719
824 497
41 190
610 311
506 297
560 989
714 34
465 376
371 467
977 270
1009 1101
158 726
248 402
443 735
489 41
422 35
900 445
893 419
872 764
364 88
104 470
117 363
100 409
883 346
407 635
591 1019
447 682
309 970
979 161
682 904
180 363
791 1106
728 1001
802 967
382 626
770 511
876 82
580 599
996 223
532 1082
249 772
985 344
788 425
189 172
525 703
760 256