986 805
327 877
650 565
1044 1092
729 224
605 380
426 210
328 787
868 801
671 932
123 592
300 471
370 637
1006 1003
355 727
748 321
637 244
640 453
502 911
342 429
331 468
717 165
388 220
606 516
400 1051
172 513
365 438
283 101
647 351
372 1103
286 378
860 899
720 1121
707 837
574 928
324 178
240 425
1051 659
885 498
403 4
300 532
832 392
526 909
1006 600
824 238
955 839
636 221
410 264
92 546
162 477
458 555
170 784
325 347
461 324
276 143
753 310
1031 951
963 865
644 423
945 828
621 303
139 720
158 293
655 308
1078 848
907 494
363 665
168 274
263 502
621 836
457 342
885 72
841 204
853 180
695 898
232 341
925 109
428 402
755 900
125 883
317 437
416 909
96 534
298 1085
915 959
450 216
583 909
691 205
339 473
350 681
589 903
891 358
98 597
182 310
924 920
541 1065
369 503
584 481
272 1057
377 989
370 840
819 469
689 536
304 846
246 393
134 388
499 60
555 311
573 1081
2 1037
777 681
456 449
847 1102
787 20
301 320
219 847
950 857
938 1040
1039 739
818 693
244 897
638 280
528 682
926 244
317 535
198 405
259 390
308 417
1038 977
1024 1055
713 1004
665 539
328 329
814 896
430 811
103 824
820 619
172 994
200 36
805 961
855 521
1067 1015
765 915
955 754
821 731
881 178
866 126
507 660
1102 543
455 109
490 260
366 882
290 302
905 811
6 146
373 870
364 216
698 366
1022 824
532 125
1101 977
21 385
534 892
586 438
200 725
861 719
1068 285
722 566
999 690
830 611
818 1082
1000 89
274 440
729 656
517 734
150 518
733 493
964 346
828 1023
716 355
837 155
600 767
936 489
221 512
1061 480
153 616
886 359
908 554
630 541
18 151
13 236
335 282
992 759
590 903
782 666
715 835
28 344
640 323
319 979
1010 391
1097 415
92 812
693 917
483 131
506 483
908 280
565 970
666 127
647 741
636 807
847 325
841 254
1074 756
861 26
416 787
1029 883
380 22
166 975
1018 556
1059 778
153 271
206 79
751 481
703 411
995 801
940 874
537 994
824 963
880 855
23 908
102 154
434 829
383 16
359 409
333 489
806 360
617 877
1074 207
142 1019
82 730
628 402
735 203
886 990
127 715
766 106
343 746
96 1096
293 330
675 340
566 728
181 1076
494 837
401 6
111 385
955 343
183 416
585 464
165 671
697 1080
830 479
814 20
643 889
335 933
678 436
777 711
485 148
632 257
802 72
390 754
125 171
635 902
794 536
739 421
807 902
515 699
1053 917
320 919
133 452
14 1089
761 803
348 661
315 1102
486 257
466 466
618 210
244 855
239 529
375 616
671 694
323 542
594 722
943 885
109 718
515 197
205 783
590 494
804 483
344 947
958 124
486 187
426 855
684 204
390 214
534 825
1044 189
427 153
822 861
1010 953
224 430
807 467
235 619
589 511
358 347
308 1001
973 785
874 716
284 269
989 850
865 199
832 307
713 160
813 743
176 341
497 40
512 767
983 309
409 983
499 29
719 165
783 117
470 839
438 251
801 823
255 711
933 362
827 959
665 842
147 80
848 658
245 90
374 1020
893 390
822 518
722 47
1092 105
698 807
682 720
566 208
489 1012
858 306
849 67
700 355
534 416
572 833
533 924
544 846
872 826
160 123
1011 355
879 701
846 588
1035 262
775 500
550 333
211 886
710 635
365 1021
20 551
445 603
552 707
766 523
1059 980
746 616
839 440
201 486
19 482
372 633
435 1043
701 125
719 705
272 201
92 779
256 767
745 693
183 245
958 1081
704 791
230 30
229 549
124 357
1051 320
260 578
33 536
123 407
1103 369
375 155
767 1081
482 234
989 398
253 947
647 963
416 745
310 397
202 946
725 137
1030 938
753 740
652 521
249 1105
417 96
869 281
563 644
721 1011
290 95
173 504
331 553
790 718
821 1109
227 214
117 986
695 667
429 174
594 687
242 43
483 841
990 19
426 1106
980 36
486 457
850 509
481 965
230 672
367 895
597 152
898 724
409 373
276 1071
313 155
300 512
833 482
846 684
859 471
903 420
576 290
883 314
124 769
963 1016
352 385
329 926
296 277
283 894
696 962
93 321
338 919
727 610
375 453
121 577
623 725
925 630
485 447
416 350
182 820
579 892
748 307
556 274
743 210
355 233
864 336
295 729
737 688
944 993
299 687
371 1102
641 377
859 925
229 988
802 767
762 51
770 183
978 573
927 371
760 434
345 592
523 276
515 754
268 863
490 371
249 1091
867 828
115 800
935 404
810 702
635 777
383 38
324 432
602 807
60 632
52 765
1038 199
719 873
890 1106
508 31
893 518
781 894
620 500
684 830
1066 47
947 1009
562 95
413 735
554 308
204 571
598 668
1003 929
477 229
915 274
170 664
953 326
971 226
331 917
379 862
364 852
518 374
296 161
374 833
1004 391
803 425
356 577
683 708
230 677
717 243
695 949
600 848
844 78
259 1014
807 817
759 608
83 107
42 667
717 600
221 918
740 560
80 374
654 190
432 603
259 236
1013 649
227 257
207 310
219 593
187 278
281 250
778 771
41 941
766 955
1006 407
224 327
573 546
1056 230
622 572
750 326
508 881
289 356
843 818
246 338
656 855
876 170
954 840
471 209
126 317
131 544
295 547
103 58
63 932
990 763
173 867
493 1008
143 348
184 1084
843 527
394 286
50 758
248 909
356 434
327 1006
426 333
712 848
236 264
1039 866
2 353
50 254
917 1050
134 558
902 738
638 921
207 301
488 867
392 489
617 418
256 497
519 198
541 507
565 510
333 211
838 396
734 915
257 572
363 811
381 665
424 1028
910 717
799 1045
835 637
604 1078
842 868
959 765
634 800
119 145
427 915
414 779
147 514
907 197
1003 573
472 861
717 538
445 784
1008 1057
387 218
1061 991
629 816
378 313
839 175
135 450
177 222
250 586
155 588
639 691
258 82
481 321
774 440
524 408
181 546
1018 146
835 128
893 594
1083 794
677 907
790 685
475 949
753 831
995 388
817 92
913 679
777 429
899 984
859 771
709 507
999 751
712 168
228 722
1003 1003
854 1052
941 705
62 382
476 642
1105 1064
84 966
770 297
594 822
313 799
982 394
638 999
623 1068
357 248
349 182
596 470
823 434
270 605
525 836
105 926
947 273
223 757
692 772
1015 702
330 298
875 314
1091 26
430 1034
145 274
302 780
839 894
381 86
390 378
811 519
629 378
754 994
388 584
357 790
296 901
17 746
250 120
870 615
180 530
1065 793
550 324
611 114
134 104
381 784
837 520
885 197
452 461
241 722
313 273
449 405
855 935
503 819
508 1074
833 183
152 474
1078 758
608 670
882 1101
427 732
322 677
225 526
884 561
427 165
1122 329
827 277
877 431
942 136
108 693
641 662
982 1000
527 475
1053 142
284 387
492 823
438 168
19 1091
807 1109
80 838
521 566
593 747
915 759
872 1113
275 911
938 822
899 318
988 354
0 537
626 709
386 174
593 49
566 517
307 806
647 882
689 474
399 897
774 739
967 996
633 242
397 549
392 876
355 242
442 99
41 354
453 391
216 487
578 626
300 392
788 987
1055 109
512 738
797 866
713 470
351 514
722 193
804 59
145 970
336 736
106 562
859 830
970 505
771 533
421 916
598 54
473 676
877 601
803 579
392 1019
482 767
678 58
258 601
963 645
419 1015
166 467
131 216
833 173
713 835
516 319
699 869
809 603
202 855
150 251
676 488
318 723
501 213
896 370
521 276
974 330
517 922
396 80
109 839
64 383
266 526
601 641
805 1050
703 309
815 379
433 69
777 171
840 825
370 512
598 790
327 868
782 980
767 604
54 696
432 967
919 250
1066 770
530 830
426 847
1003 333
180 709
653 710
444 135
1000 686
513 295
176 136
365 593
330 425
261 892
909 204
373 768
664 388
115 711
688 881
153 1080
1003 692
885 208
235 615
484 594
631 699
323 356
982 502
393 537
848 892
552 988
1005 285
882 304
470 650
554 517
273 226
1060 880
948 78
522 670
773 136
904 774
428 847
542 990
497 643
1092 946
479 491
954 706
739 991
624 233
505 875
248 994
92 248
426 762
847 134
1007 766
633 166
434 285
238 220
584 75
1066 859
334 502
37 190
772 440
882 517
695 531
425 407
219 395
995 954
107 476
707 1116
461 490
976 462
105 159
120 576
823 342
1031 324
120 695
651 369
334 748
781 887
736 577
1101 627
701 738
824 18
566 198
491 88
662 810
476 668
501 1118
1018 667
1 949
722 581
768 765
723 237
277 998
215 754
449 431
656 746
448 724
600 184
677 876
842 202
1091 922
582 529
382 988
333 707
681 994
624 40
1096 935
588 443
1027 896
830 274
292 1096
811 475
850 580
982 659
167 668
137 631
749 519
639 637
556 834
794 49
570 691
75 821
182 549
823 609
766 889
279 670
863 625
905 123
90 800
34 220
773 416
486 199
238 373
678 146
103 697
182 1046
690 193
490 884
780 897
161 809
492 888
194 580
140 627
636 230
1052 842
630 378
133 932
818 800
752 944
354 877
279 844
642 531
424 180
214 811
880 571
755 665
667 495
112 207
754 983
534 846
336 654
603 116
1008 945
136 337
262 188
730 143
4 185
685 943
404 610