868 183
221 1008
158 206
798 280
985 528
290 683
332 437
337 92
906 1048
865 750
746 660
1 261
226 1005
1068 113
1033 906
231 135
947 822
199 451
406 25
110 892
431 349
444 1078
102 324
172 608
752 545
448 8
146 108
570 981
624 769
572 951
222 933
601 461
452 243
565 498
755 1084
294 603
408 107
276 678
375 830
994 514
554 683
726 817
9 1002
395 764
981 135
653 550
728 474
289 501
905 133
37 460
583 880
1017 461
1051 950
432 669
816 13
934 472
705 959
715 837
22 587
683 153
920 1091
359 517
499 349
619 5
546 725
512 152
399 586
197 344
810 657
281 329
299 294
980 540
572 293
759 570
705 238
928 1030
924 576
97 564
921 587
411 453
482 826
367 646
652 975
1013 439
90 619
792 553
527 117
217 436
230 1059
194 429
1011 602
1053 705
1115 393
165 462
347 726
837 318
262 861
728 905
178 870
1069 697
445 301
851 323
632 900
599 377
675 419
228 331
15 310
362 115
618 181
634 764
996 511
434 761
399 244
741 125
283 764
673 518
720 343
500 234
693 930
643 19
988 140
189 311
706 855
707 197
1009 142
72 1040
46 270
808 956
474 233
420 881
972 619
173 1022
592 774
129 736
264 1102
213 41
538 422
253 512
51 578
616 860
357 192
136 382
855 307
496 720
365 818
319 166
621 169
761 543
100 494
964 820
548 786
742 499
740 633
956 618
617 173
769 428
430 535
128 396
104 778
83 187
976 906
277 804
251 1023
665 573
993 214
36 930
556 783
812 876
963 367
138 927
877 306
1118 810
231 865
521 677
755 71
843 777
634 1031
1038 396
905 169
1029 836
569 315
649 1075
653 289
1089 1001
574 365
1072 584
1001 625
244 486
313 933
59 686
97 586
262 415
809 176
553 807
958 982
214 792
1011 369
410 249
356 431
923 131
508 510
780 261
704 753
93 416
23 253
223 1007
547 602
998 871
814 111
720 918
743 238
326 693
407 1087
449 572
575 289
212 1009
105 38
407 1098
923 378
230 443
676 1073
523 136
88 709
897 582
36 269
410 373
875 855
511 109
943 130
293 697
1055 991
98 348
266 176
1018 883
37 532
724 548
872 120
521 1012
103 788
338 680
403 62
887 760
381 635
175 9
704 814
238 634
569 594
735 732
745 869
715 1011
198 668
281 1122
234 835
463 392
951 773
1112 81
769 622
391 442
301 669
832 1062
853 777
1029 143
366 366
962 793
778 680
884 203
546 122
255 570
434 120
887 948
979 332
753 396
1017 115
907 240
506 461
784 375
500 300
272 604
621 1013
163 556
888 487
372 833
933 642
973 110
655 1025
984 193
171 136
720 990
1 596
1001 970
245 597
201 964
891 668
472 77
209 1012
1018 826
1084 231
947 583
439 933
606 738
823 636
425 268
360 101
69 722
674 940
330 397
815 626
282 802
999 174
549 445
873 181
795 717
732 880
272 316
475 598
948 862
905 196
852 671
691 842
760 847
625 689
790 298
771 685
490 595
864 478
448 678
502 870
842 30
224 905
77 138
1121 1022
630 472
732 927
928 159
657 125
181 508
460 986
750 424
422 535
411 767
1071 653
943 579
339 397
1107 323
977 445
185 347
106 793
436 983
542 901
613 54
269 974
340 36
359 1042
336 725
919 760
888 718
68 164
508 607
694 923
662 277
311 242
900 213
415 464
342 991
240 894
363 876
718 572
322 139
296 141
262 819
342 654
837 872
833 522
557 1021
390 4
251 138
665 16
270 286
1003 288
348 701
652 204
522 1011
251 338
357 442
475 328
214 887
754 354
626 628
531 111
172 182
696 930
279 590
481 511
383 103
373 92
110 610
419 508
1034 221
125 726
910 636
681 294
786 956
829 901
419 412
349 139
95 349
589 1003
480 694
949 873
1000 651
166 491
592 630
463 534
468 233
509 792
466 341
598 403
1001 80
338 831
580 781
269 431
112 936
468 493
368 107
541 339
751 413
609 736
826 672
657 181
942 627
823 309
811 592
201 116
515 361
313 207
54 1026
707 732
262 827
194 241
1025 326
671 453
581 675
630 164
400 1025
504 182
705 729
402 95
923 531
448 1076
239 673
328 865
3 521
774 358
649 1086
434 23
125 237
714 10
442 608
164 788
231 474
1017 397
166 910
537 180
8 327
143 809
479 301
667 24
1072 101
510 599
225 729
294 270
722 999
1117 1001
535 223
217 55
645 57
431 429
851 216
699 485
920 148
283 106
434 444
565 839
174 234
894 161
822 819
1061 977
170 688
42 361
890 485
125 214
455 335
514 745
130 845
793 149
642 162
517 48
1056 917
914 821
867 891
633 393
176 922
951 201
864 541
238 656
733 703
405 995
442 195
967 191
505 850
546 814
329 536
1099 804
145 1019
282 992
1037 517
396 225
727 333
229 746
551 711
793 203
383 119
556 710
437 575
312 586
818 816
631 954
35 416
555 798
726 1019
146 662
450 578
308 369
371 311
183 291
421 997
145 126
39 74
72 893
547 361
248 1105
948 624
1032 441
1003 992
718 261
173 881
930 702
124 387
409 150
236 315
955 250
545 929
511 1043
927 813
371 485
430 490
399 266
486 473
1022 734
225 256
1062 242
311 594
277 955
1102 366
580 733
811 82
101 723
995 145
648 112
174 639
304 1115
601 481
522 614
866 946
770 197
1005 811
578 780
828 908
162 260
1084 230
549 194
54 718
594 502
407 751
1044 640
28 170
975 211
176 167
1030 965
543 805
281 34
479 389
885 858
909 550
803 686
909 639
295 846
342 968
40 1103
89 417
526 808
825 789
143 787
910 957
625 681
133 623
1102 914
843 664
934 518
728 772
552 783
395 443
1074 115
436 902
643 949
926 303
414 113
733 559
193 548
61 713
978 407
588 546
328 229
634 236
628 807
511 364
50 491
381 65
577 373
630 737
435 163
328 387
746 485
824 984
198 740
4 372
427 752
444 933
260 353
774 489
222 934
448 333
117 206
271 955
893 864
6 338
1015 953
132 1107
569 937
298 344
71 197
343 463
407 117
493 322
159 528
828 760
547 347
229 699
762 630
1117 463
431 633
139 827
517 276
239 697
278 488
43 704
529 377
583 528
454 526
55 21
802 369
353 637
825 604
669 627
968 875
476 685
1054 850
268 520
1023 1000
159 476
262 966
571 363
871 20
550 231
407 929
851 540
1055 312
283 869
441 610
120 738
744 837
882 104
616 410
787 184
749 676
398 882
402 623
875 206
659 509
573 373
571 257
1095 383
255 770
620 118
758 358
629 1003
97 316
348 1028
382 826
807 851
982 220
722 405
582 169
785 872
412 156
552 251
619 996
172 102
819 863
570 1015
639 80
758 148
526 472
179 435
170 113
208 527
1000 760
1001 174
676 123
663 641
650 345
872 574
842 848
507 228
452 340
427 529
1109 6
170 959
640 337
785 582
478 31
374 263
954 352
349 388
149 912
859 394
870 413
183 841
864 170
746 351
347 45
1065 619
373 1059
673 873
328 698
419 444
193 205
897 1089
198 912
888 205
647 141
399 351
790 548
619 994
308 606
1107 961
1054 936
242 1102
918 380
860 697
664 1103
590 108
574 122
697 721
435 41
669 804
953 285
897 499
264 600
722 938
846 894
1101 531
501 633
217 707
913 763
577 214
23 746
577 759
719 262
742 535
478 628
704 992
892 933
507 803
476 414
802 930
637 1009
975 793
757 316
642 401
555 151
1001 233
196 786
1087 772
668 1114
977 643
564 592
601 424
817 143
452 483
703 523
54 921
221 927
291 95
154 422
37 639
844 599
636 538
432 862
914 612
816 68
320 877
1112 174
1024 855
451 705
931 402
533 732
269 581
149 391
608 1004
737 21
154 502
433 486
627 957
132 610
101 584
891 318
860 459
899 457
401 768
984 294
1122 666
205 365
1105 304
960 1101
382 230
359 466
281 157
219 154
812 514
139 406
852 565
358 528
206 486
652 519
500 720
219 866
200 98
520 72
837 188
340 285
261 119
821 810
378 798
985 364
600 732
828 604
595 382
473 664
156 124
481 466
345 107
338 546
501 246
880 863
1057 556
888 201
861 167
348 962
553 542
812 785
520 295
158 29
966 658
732 712
976 186
649 895
360 252
710 9
937 351
749 675
713 269
358 974
414 808
241 581
15 744
228 502
611 242
492 612
857 977
886 360
112 712
397 429
514 809
703 707
948 863
169 883
805 12
245 1105
400 577
230 246
250 387
640 1007
216 369
920 44
808 185
146 950
134 232
334 653
529 683
774 438
647 62
170 748
437 121
77 342
939 637
1090 284
767 662
272 261
505 723
689 332
459 285
788 957
889 430
711 358
478 122
1118 745
232 777
891 716
949 510
967 478
280 929
525 709
283 76
807 416
141 95
330 1035
954 197
156 193
305 352
167 58
878 623
276 615
600 201
1087 421
762 440
148 691
733 1014
336 951
888 937
173 953
860 772
266 706
653 775
433 463
373 61
393 471
112 48
593 341
272 542
672 745
722 747
787 513
867 90
585 601
636 887
255 56
549 599
830 488
957 875
1073 298
1039 588
21 472
651 53
441 669
430 889
7 736
498 1115
827 661
1027 233
1117 275
954 94
976 788
202 384
590 481
992 874
163 734
198 486
742 1010
1057 295