628 561
1007 230
964 146
942 512
834 671
234 668
143 857
677 601
863 399
467 830
331 740
105 1017
166 1076
17 302
372 720
1022 353
412 562
419 559
554 870
309 717
53 645
937 6
129 618
279 614
147 552
993 112
90 951
1043 656
993 1070
779 80
705 770
348 797
289 1084
310 109
1061 1097
476 665
646 548
977 417
213 256
927 92
409 540
2 214
899 616
481 1089
917 646
723 478
969 663
996 694
651 504
151 901
957 300
731 267
190 545
346 43
862 100
781 131
410 600
615 951
927 893
783 608
499 758
879 67
699 572
778 965
547 267
1008 158
281 707
214 388
357 895
716 438
687 226
1014 2
935 336
470 640
577 1072
1093 750
602 334
1001 936
301 238
838 543
973 1058
464 836
999 341
673 133
1000 961
655 511
453 1057
160 386
593 190
281 647
760 535
307 353
207 1038
327 784
920 770
364 831
1013 609
928 374
136 129
388 220
29 583
955 1007
413 137
168 587
265 393
1102 839
248 993
349 711
605 852
947 529
479 164
804 219
32 464
662 808
677 718
711 634
831 513
24 397
853 129
718 294
952 153
567 751
824 816
847 736
1003 721
915 385
431 862
527 13
918 1018
467 54
682 494
946 263
752 613
494 525
500 372
911 119
682 69
315 415
450 187
133 266
950 982
625 602
543 593
567 1066
677 837
1095 403
123 554
545 769
439 197
757 960
269 36
637 811
262 248
1 558
780 668
791 312
348 868
596 278
654 601
930 94
525 411
906 416
197 330
788 908
931 287
934 548
521 474
510 8
1055 121
499 962
979 346
1021 761
462 719
580 445
557 989
1022 333
925 384
365 966
424 85
308 726
681 790
663 535
398 70
1084 341
434 573
184 388
874 519
80 1012
160 378
585 801
822 242
625 290
727 254
302 107
275 894
399 430
938 728
722 416
540 516
565 410
822 433
184 687
889 748
518 467
742 339
363 393
586 582
834 387
838 448
391 767
877 46
1018 275
1084 1077
381 435
697 713
560 610
1074 361
667 228
459 961
313 572
293 661
562 245
113 354
892 233
240 1001
670 96
731 801
690 170
646 172
18 150
621 883
32 881
1071 446
969 877
200 925
579 728
1022 1031
550 363
693 231
257 29
128 387
485 128
1094 694
501 30
802 864
167 1011
395 749
331 786
692 921
1002 374
565 201
462 334
949 703
719 931
539 1054
444 916
477 536
387 828
439 1032
801 449
647 255
918 6
828 412
104 491
842 80
207 520
954 605
492 961
276 574
693 753
942 691
501 1064
654 781
903 933
309 588
893 315
733 144
678 599
1010 1010
975 548
651 589
158 146
34 16
795 621
260 84
609 1067
115 413
500 626
1052 845
347 576
295 393
81 564
855 750
927 240
202 590
312 1000
200 135
248 968
470 1066
514 100
833 378
345 923
373 324
413 169
1039 444
158 53
185 134
740 84
56 599
73 758
364 281
1019 91
402 999
462 824
409 618
149 726
1010 121
806 1112
736 865
612 436
176 326
320 110
112 461
128 834
8 691
956 638
832 701
208 519
410 340
46 556
518 855
204 356
235 300
625 351
1099 101
193 539
483 434
1105 715
597 517
620 255
334 435
576 836
400 446
988 884
347 360
282 771
19 265
827 291
544 905
864 425
1071 177
333 455
531 454
665 193
145 768
508 556
658 485
461 561
843 45
197 1034
93 503
1032 858
971 18
458 413
300 597
477 317
308 459
1122 386
614 906
760 169
777 1084
896 375
387 404
891 130
347 1063
588 818
551 493
98 369
919 364
985 650
856 168
335 1007
184 196
233 304
393 586
1006 183
356 545
736 103
823 964
338 969
105 479
346 336
527 430
599 191
392 860
52 947
450 905
477 704
544 143
19 346
991 297
140 783
721 824
1097 728
781 962
122 1006
561 469
61 849
1058 758
142 669
924 546
799 814
336 562
817 473
419 393
902 27
847 339
896 216
1074 946
401 656
444 378
508 517
880 335
715 794
904 908
625 111
651 234
267 700
961 875
434 354
487 421
192 534
390 237
811 862
302 354
1009 390
273 1012
62 533
505 477
842 405
1010 598
423 379
557 215
794 619
999 331
264 232
328 575
855 377
940 546
910 864
818 433
782 651
917 436
153 1105
351 775
4 679
191 622
664 303
262 1057
149 951
875 723
123 808
815 920
965 311
1026 1015
567 978
931 517
186 158
1002 317
470 597
341 653
832 700
388 10
492 482
209 864
841 614
436 592
979 1068
182 550
989 650
855 117
600 402
138 968
575 345
67 498
172 192
952 252
921 311
316 980
267 526
868 1089
752 790
255 830
728 772
780 592
867 1033
880 262
463 489
1006 343
227 794
866 155
578 410
965 187
605 965
281 917
925 212
860 359
608 122
927 395
786 1017
658 594
670 286
280 846
534 489
314 314
496 83
1046 774
546 533
378 51
719 1035
554 97
371 528
555 37
604 601
190 921
778 713
375 844
472 960
1040 409
852 719
465 952
685 1105
123 821
691 900
990 360
151 819
513 548
251 439
525 707
47 203
577 484
838 800
796 795
156 199
681 429
729 483
348 281
725 160
830 497
125 1038
505 1003
437 67
890 67
470 137
775 1085
279 143
80 959
847 1058
503 820
358 1097
260 626
229 693
713 839
938 388
744 750
167 402
671 985
785 259
840 936
69 1047
292 1122
615 846
822 1010
686 674
367 214
975 114
972 1041
416 587
343 808
7 831
513 311
443 791
865 868
719 541
698 715
406 935
376 948
355 695
953 852
521 801
510 914
241 823
137 432
482 233
599 591
1056 1009
784 812
544 485
234 938
296 566
611 433
955 923
975 965
339 93
246 901
906 749
1109 688
889 209
194 505
787 981
554 122
645 835
157 572
238 67
52 924
414 665
64 599
378 399
658 185
383 835
886 621
759 323
340 604
943 214
926 660
619 833
121 517
1098 218
305 119
670 529
679 1054
986 333
129 928
413 183
51 956
115 797
138 540
858 530
848 32
476 802
904 552
778 776
431 379
619 1121
526 284
358 1002
622 667
1117 794
54 103
747 431
449 744
975 948
605 1028
794 384
56 490
582 857
903 446
992 829
565 256
788 383
39 527
543 1027
1017 981
13 1095
480 629
228 119
445 1015
1083 578
981 642
1055 950
275 668
311 886
290 604
646 355
653 319
682 987
223 316
353 780
785 277
336 477
399 542
39 325
644 383
12 221
175 671
560 215
746 957
757 944
964 748
202 675
774 308
275 798
1123 427
549 152
297 1000
592 677
148 1102
158 180
173 503
184 947
371 532
343 282
671 559
326 687
273 597
493 37
451 584
976 752
528 991
721 721
328 851
1035 132
728 874
904 403
63 960
729 868
725 944
155 151
427 314
1020 794
146 926
168 785
877 557
394 761
500 605
543 338
631 447
200 998
249 349
77 867
853 457
361 174
220 348
132 893
165 589
981 922
975 978
345 657
746 533
719 233
662 241
229 187
957 726
122 143
359 907
349 984
961 1040
630 989
123 1079
379 109
186 751
924 232
752 918
434 454
938 584
437 952
88 294
397 786
1059 730
755 202
1037 752
473 539
960 480
770 629
592 346
166 31
755 259
921 889
606 662
962 991
589 848
567 437
495 518
238 799
839 278
838 540
821 339
447 1000
329 62
511 962
587 458
782 486
721 975
496 1063
836 372
777 2
1021 424
276 649
989 115
975 885
228 400
955 657
520 538
544 171
757 955
340 544
407 732
315 667
649 86
17 956
196 349
870 855
801 292
362 476
169 859
618 765
611 789
666 909
457 1055
748 840
279 672
288 280
134 780
598 644
892 372
832 1099
424 536
419 773
741 833
128 109
386 1101
486 584
407 302
555 635
818 983
452 83
876 170
525 1021
1109 866
837 188
691 667
841 272
889 427
271 54
974 722
926 1109
964 819
203 895
809 217
182 449
461 367
526 755
1117 609
522 211
874 729
146 632
310 937
140 130
959 992
730 115
487 414
248 861
406 1013
1009 319
980 487
132 456
288 684
476 516
1070 476
891 614
359 1080
195 0
1036 786
949 761
1 510
868 703
339 1006
786 315
562 785
288 550
257 925
987 504
1089 357
340 405
440 944
524 953
1103 413
322 148
260 432
41 797
357 749
237 517
1021 543
292 887
73 682
544 880
899 263
888 761
957 133
608 999
259 211
285 641
77 185
1013 544
723 249
214 485
667 855
838 876
906 590
1106 756
885 109
186 839
109 675
584 915
650 112
39 110
536 40
890 644
51 1110
166 203
212 507
66 506
3 1089
541 315
167 686
132 542
669 940
964 476
711 550
673 910
1071 275
729 135
365 1053
108 768
883 266
668 1049
840 1023
247 723
901 180
851 321
956 583
838 264
536 612
455 994
238 749
573 593
1076 465
197 402
14 431
853 1031
662 660
799 1052
894 549
115 171
718 921
784 1022
234 226
497 856
671 690
1004 748
287 101
114 133
501 919
429 587
1121 358
614 970
986 645
119 439
978 540
456 677
835 983
741 698
257 794
571 878
853 50
697 289
193 627
1038 722
385 984
904 967
237 378
904 1007
122 470
460 470
939 812
764 110
622 630
720 742
707 164
125 1060
680 718
1032 32
31 1059
504 735
363 670
446 691
874 643
277 633
159 848
582 595
573 708
86 554
468 126
763 352
731 689
612 833
877 726
271 944
254 255
1043 598