276 13
421 736
530 796
32 176
6 503
454 752
341 672
715 684
710 120
539 159
362 880
702 393
166 992
925 589
372 19
569 840
241 759
466 993
796 663
494 750
698 975
578 885
891 89
657 746
602 492
36 984
615 828
517 546
582 272
943 781
100 18
737 553
546 368
761 202
350 804
104 925
821 575
28 250
440 632
877 678
453 513
300 159
212 474
388 410
617 73
530 97
795 238
279 968
954 93
508 753
164 422
338 392
278 806
794 642
419 881
563 917
940 1089
411 500
756 464
487 689
324 1007
478 113
189 696
107 177
19 168
921 465
853 277
128 949
100 908
294 287
676 1057
424 98
407 209
793 194
788 402
170 271
551 201
907 1071
1002 909
18 747
692 824
666 921
309 329
174 469
327 41
935 307
532 506
1046 164
850 987
270 1008
631 360
789 1116
919 421
385 719
147 928
486 797
243 902
558 509
864 1071
644 945
487 590
196 44
170 14
954 690
925 487
546 651
1001 505
476 1087
696 461
249 674
88 368
372 370
733 761
813 843
73 304
438 646
439 995
935 264
563 418
813 1027
710 1019
1030 410
978 579
655 1122
580 839
569 806
1064 582
405 750
922 408
486 415
255 782
829 160
831 903
919 975
952 486
842 724
502 96
32 480
85 1038
707 107
747 606
266 313
164 943
896 538
685 589
291 1057
999 801
47 283
946 850
220 851
577 1038
380 584
270 992
745 165
864 504
958 1027
395 23
181 759
209 307
760 192
1023 737
939 505
904 763
645 897
877 76
670 988
207 131
525 697
224 896
482 346
88 434
714 379
957 244
144 277
536 946
935 167
667 264
382 924
392 725
468 611
877 685
517 359
663 939
324 240
427 714
410 218
104 112
301 648
429 852
453 536
98 796
140 630
1080 302
444 759
1011 246
670 198
1007 518
153 386
576 497
900 898
699 165
896 632
371 634
1073 540
484 800
619 970
470 342
655 727
1118 568
590 800
307 856
1069 861
380 62
994 85
897 909
195 298
1110 1017
446 1015
644 749
976 992
163 62
1017 456
988 716
1107 401
660 401
754 466
713 310
456 495
155 439
265 451
179 419
412 478
969 942
827 640
419 81
312 890
836 482
921 570
199 575
966 107
610 590
201 636
241 932
694 187
469 236
180 706
281 13
247 121
469 685
798 957
215 685
460 147
383 534
1106 839
320 247
463 493
849 841
667 978
769 735
805 722
434 819
684 685
442 576
744 671
872 989
849 847
552 203
372 722
378 296
140 355
844 421
307 800
443 248
817 355
69 1086
944 1021
185 1016
698 495
709 555
103 970
425 551
371 425
927 583
944 481
431 27
671 982
780 617
680 718
868 901
57 905
562 76
587 18
669 542
644 177
214 930
745 674
124 114
516 649
836 137
808 957
463 626
963 935
229 109
647 955
1074 263
397 365
208 285
222 1010
369 161
820 795
852 288
592 1053
459 805
460 571
798 250
608 266
179 246
608 734
534 471
136 977
358 952
508 996
346 876
137 139
542 84
336 208
820 212
741 1016
1087 171
891 487
310 256
144 117
543 604
750 292
422 307
912 952
208 140
77 28
66 901
824 408
799 1024
162 902
797 51
244 853
258 681
546 692
916 518
732 902
152 428
133 651
670 523
433 503
600 94
842 284
663 208
51 738
157 890
657 471
172 76
186 1040
248 970
103 745
1087 572
300 534
526 714
398 208
6 958
308 1047
541 710
442 853
620 694
959 931
428 970
517 112
430 101
205 753
521 179
179 1109
157 470
128 869
727 953
143 92
399 383
98 225
785 124
613 377
794 158
558 1009
819 875
933 372
742 942
1035 926
450 621
687 853
157 283
981 261
851 316
385 823
68 874
118 602
283 758
266 165
216 939
445 915
248 203
987 949
1032 859
479 143
483 194
841 1117
1121 533
113 554
886 1052
557 915
532 947
239 878
826 414
395 141
305 48
789 94
70 971
942 891
949 981
656 797
829 952
1003 713
658 394
393 1116
337 197
89 1090
426 886
1003 257
494 267
207 511
636 751
996 475
517 104
422 195
219 661
932 304
18 341
851 1036
23 962
674 320
868 771
463 877
215 1000
861 255
979 324
767 920
755 848
688 701
752 943
555 795
721 575
970 896
585 485
363 295
605 795
710 641
1098 612
85 829
676 805
649 331
20 564
513 651
7 385
771 136
816 484
550 454
503 539
170 180
401 303
1113 163
1031 691
159 113
632 407
133 471
175 348
698 722
1089 418
254 986
87 666
859 648
495 273
349 923
124 470
932 583
553 570
775 937
189 1009
912 697
124 134
934 358
573 436
218 120
473 756
734 212
586 82
463 832
274 661
921 530
1115 101
928 620
864 781
596 222
874 104
709 254
224 793
32 614
111 660
888 553
3 563
458 660
741 241
570 253
855 816
163 309
60 291
690 1087
892 242
616 242
180 256
57 747
388 311
747 948
234 613
573 777
369 72
944 974
161 1078
266 835
657 202
65 57
852 928
466 136
710 946
467 451
134 929
258 989
540 159
671 110
813 910
679 67
643 763
697 261
149 680
390 869
874 595
572 115
899 207
280 796
640 337
917 992
836 392
771 89
401 948
420 1095
575 119
415 124
973 769
102 1030
652 474
370 299
583 669
605 607
609 799
1088 374
763 985
982 1106
695 457
744 1057
952 635
386 241
297 904
693 255
841 374
198 26
240 1042
574 746
849 678
651 725
537 587
563 332
887 404
750 312
166 202
857 473
461 54
177 894
754 461
286 979
892 816
512 622
560 1041
654 1068
1106 884
45 479
783 700
995 328
835 585
581 706
991 244
538 840
693 260
201 173
269 199
800 449
640 280
782 121
862 961
427 873
313 259
365 525
61 935
237 481
672 766
443 506
289 517
1016 998
654 791
274 741
974 446
772 654
988 1093
1039 353
140 652
731 106
48 538
370 936
1107 888
126 382
475 188
953 224
1084 355
269 450
896 868
1013 355
988 324
231 932
294 270
971 80
787 820
359 644
650 1040
900 750
560 454
732 311
541 459
893 189
241 121
1102 133
165 243
360 955
1086 919
403 427
958 1119
530 108
764 715
151 321
133 1004
1003 332
388 331
461 965
266 180
937 290
1040 151
716 142
555 287
181 40
1021 642
226 331
339 427
635 240
1103 922
948 274
860 680
239 745
554 887
896 1104
137 319
259 363
88 945
1113 864
911 175
306 832
962 907
575 812
464 941
817 896
257 345
648 637
824 372
1112 970
714 937
412 240
391 690
85 780
120 526
575 712
433 304
1033 573
648 639
658 917
1023 764
849 181
798 799
53 460
108 368
1006 767
639 1016
543 1101
969 919
845 96
215 524
920 438
794 229
848 692
440 742
798 80
438 896
196 966
271 820
933 412
939 946
441 492
88 159
924 640
538 950
1021 988
952 201
742 778
593 151
129 844
998 576
669 227
638 771
690 287
1112 791
254 375
380 955
1057 185
982 703
407 477
861 949
268 732
744 375
719 158
478 635
195 855
441 576
946 599
479 234
1027 969
306 848
243 149
616 884
527 306
660 563
412 353
379 190
298 81
814 1053
857 177
75 643
14 255
814 837
517 883
864 318
440 805
756 943
124 903
909 779
937 407
263 867
139 577
257 248
446 543
658 528
443 468
30 150
505 618
428 663
866 320
860 345
815 637
233 638
176 652
102 404
920 595
664 357
208 535
114 843
970 368
795 566
153 755
677 115
942 449
712 133
654 648
740 432
818 1104
378 1082
557 898
498 970
709 458
187 742
15 265
600 672
989 973
212 34
199 114
535 637
772 300
307 150
763 526
137 587
135 110
235 363
286 987
184 695
406 371
535 366
185 335
58 478
863 310
958 402
897 785
1107 546
436 168
972 394
754 606
444 469
504 543
227 740
203 680
321 981
213 38
771 415
116 403
929 1039
905 415
1000 750
775 629
817 617
52 222
975 368
187 895
614 533
587 657
257 748
125 399
734 491
521 493
990 706
221 123
532 375
129 295
343 669
949 585
1052 940
77 521
675 978
671 58
723 801
1098 204
438 413
342 569
442 342
345 157
729 440
1037 176
284 32
504 1016
532 232
723 349
414 692
695 702
530 1039
740 84
554 690
4 318
170 177
267 590
325 674
623 688
237 622
574 218
574 277
790 827
39 108
566 102
697 118
122 569
611 918
936 823
944 705
145 457
747 355
120 886
520 332
274 563
195 1070
602 272
807 281
452 1048
407 550
384 726
225 1018
1023 1038
564 497
949 330
798 423
801 514
781 640
266 241
235 605
714 1001
183 824
212 443
317 631
552 951
109 361
926 85
764 667
668 633
140 799
741 1111
1099 1015
636 273
778 878
519 151
811 719
255 355
54 28
455 933
425 1047
468 477
688 40
825 139
67 287
651 386
116 1007
675 1061
468 750
362 721
277 530
1076 494
742 463
25 747
610 819
29 385
781 350
1014 987
617 341
979 799
660 895
562 7
244 168
1067 957
186 1108
691 931
318 318
614 938
163 640
992 445
561 884
645 491
315 664
344 687
415 846
122 1106
198 192
267 507
1117 853
592 163
652 525
287 195
854 627
1044 847
235 798
476 711
162 416
419 569
1008 204
697 229
603 154
980 828
326 830
813 37
323 883
804 675
125 436
886 345
261 384
689 431
1094 317
150 1004
582 914
483 277