353 829
553 508
238 911
479 366
363 109
648 419
280 297
645 250
646 634
471 1070
297 1084
266 1035
174 178
958 1080
416 199
866 239
957 305
1091 826
14 407
953 982
167 1006
95 854
734 96
1068 1123
295 971
247 784
102 381
215 161
226 117
84 621
85 905
713 684
255 694
395 910
555 1002
330 452
822 675
310 418
964 225
1008 1117
446 239
362 628
293 461
615 298
801 240
223 1114
302 957
866 1117
592 692
1067 711
176 423
696 737
397 341
359 314
572 737
119 144
358 496
752 717
878 885
40 1029
1010 384
647 620
306 221
93 1067
369 1044
778 10
894 341
1109 725
468 752
697 1093
783 379
940 420
661 311
681 836
840 686
1017 508
990 690
245 1019
362 702
542 736
179 444
264 258
708 763
875 328
833 88
756 322
900 288
631 546
8 444
134 768
10 946
642 1045
1027 770
15 261
407 897
337 544
567 663
228 112
746 355
321 482
532 596
1039 781
824 565
424 270
320 215
989 299
977 663
1010 538
988 889
574 193
660 131
274 628
998 585
872 353
147 788
799 74
213 346
836 943
308 803
232 342
332 1070
448 510
144 152
911 9
914 783
843 824
407 695
725 262
398 158
347 152
872 0
353 640
525 571
746 538
649 564
885 989
319 890
245 284
1007 201
36 361
558 142
508 481
519 652
1091 669
624 732
1101 356
852 27
7 1055
841 375
154 705
34 552
568 653
256 595
70 461
811 359
621 822
161 588
283 916
217 842
86 481
117 1004
151 205
638 204
653 748
295 39
538 769
805 433
769 845
366 403
753 562
453 133
1087 285
906 809
687 576
526 179
167 856
520 692
679 853
847 784
571 288
460 106
771 866
143 365
377 776
137 415
1008 743
204 507
348 64
1072 269
543 710
687 163
943 813
82 383
798 294
682 401
89 875
404 626
669 940
872 784
990 161
718 48
682 492
704 266
269 693
699 199
853 798
963 1017
1028 759
116 274
500 486
1119 117
560 372
431 331
864 722
867 503
750 804
870 784
567 375
1 284
666 1028
638 906
376 924
665 1100
132 1007
1117 630
850 838
751 1028
178 251
637 440
485 764
1108 876
239 345
514 948
967 1059
803 409
332 742
683 1012
112 599
871 598
22 265
309 373
1102 485
741 1116
548 538
44 857
898 103
738 445
1067 710
435 390
546 703
46 972
525 556
417 781
869 721
12 570
233 162
223 52
762 110
838 443
723 665
57 532
625 624
458 112
437 499
650 285
16 716
829 368
446 892
614 269
383 857
798 81
167 896
323 477
1052 1033
511 392
357 45
388 573
424 1013
628 326
797 554
994 641
177 849
34 924
264 56
771 190
1094 299
1031 261
843 586
783 951
126 826
53 300
1068 969
662 638
753 233
947 848
1034 562
322 410
453 382
794 977
282 733
555 821
322 1104
798 747
361 248
872 970
223 787
339 376
782 275
572 933
323 531
559 532
106 369
563 673
796 628
653 478
987 694
102 379
764 927
540 995
133 867
309 222
246 211
700 352
717 948
658 565
742 519
303 86
224 595
811 430
806 315
961 1019
813 34
177 201
634 144
103 732
1067 627
350 188
237 450
443 300
528 852
584 1019
257 0
467 861
64 572
231 535
388 309
781 704
667 679
712 999
453 50
825 798
315 754
649 492
691 657
1112 568
379 923
830 121
558 916
394 987
210 854
744 598
108 426
124 303
365 921
724 747
486 683
579 664
1057 723
1059 437
624 283
696 782
762 48
494 85
692 488
607 494
223 107
395 1075
608 794
290 688
747 252
681 471
771 36
1119 721
293 450
178 255
692 498
138 597
309 188
521 139
347 325
249 193
685 63
359 99
550 418
477 683
217 578
56 658
838 197
52 280
143 918
63 561
231 542
13 1076
176 231
366 261
875 72
597 700
133 700
516 2
304 419
686 686
167 821
10 772
629 560
734 238
963 998
815 438
553 865
914 821
887 496
719 426
348 560
913 933
291 138
315 998
980 818
723 945
61 873
679 317
922 30
109 988
434 348
427 307
482 326
88 265
998 698
265 610
359 654
542 460
372 593
464 905
1084 374
321 907
279 615
1004 687
284 806
865 977
734 670
316 851
147 244
432 505
837 945
820 790
98 843
454 944
974 311
446 1103
799 972
513 896
1097 578
469 439
867 849
1006 940
981 597
873 955
794 18
986 162
732 744
254 918
742 377
208 666
491 104
667 579
445 916
282 924
955 1022
139 1047
22 177
631 247
885 808
985 277
576 44
611 1025
1012 1052
239 408
1004 468
164 58
801 521
452 76
998 394
661 413
266 974
930 349
671 910
1027 576
812 961
1015 7
1110 392
436 382
979 689
967 36
554 626
491 812
42 579
236 1076
306 214
633 524
296 640
43 643
709 677
929 457
833 710
843 603
1074 333
814 717
962 1003
355 981
874 781
790 805
553 446
1018 608
657 159
207 122
511 22
687 185
80 512
1095 280
823 736
220 601
774 680
384 287
1046 853
241 371
370 699
623 960
198 193
813 809
715 1039
415 815
685 813
971 485
552 175
724 721
420 166
430 521
408 345
273 189
798 821
210 434
604 54
487 945
192 341
343 887
1056 601
240 37
988 401
1020 1010
758 763
159 527
383 243
273 752
178 492
902 559
193 533
821 325
767 296
134 917
917 802
607 1075
752 639
715 50
123 838
873 197
128 161
271 825
700 60
836 346
283 934
134 956
557 867
890 202
34 653
971 287
984 720
1105 581
547 669
457 921
625 279
807 584
655 427
601 695
447 776
664 269
851 344
672 428
197 167
345 517
271 570
946 174
749 744
599 659
698 404
573 871
252 1033
904 610
332 1065
805 241
720 147
1101 658
914 641
854 1001
112 314
760 120
445 852
984 906
1024 944
498 406
1043 1016
996 534
307 335
275 763
861 101
168 253
567 1025
240 1006
888 555
591 345
636 742
11 712
484 773
816 514
1018 80
781 887
248 243
53 1020
946 696
295 508
427 342
194 827
736 685
263 237
973 383
314 399
832 630
149 1012
844 970
781 925
41 369
835 511
1071 862
586 866
165 837
457 332
927 1108
1060 519
296 351
540 725
545 674
598 584
360 887
547 843
957 502
24 795
1078 1114
919 1106
130 412
550 581
852 331
794 724
224 289
744 738
549 427
534 143
228 965
434 995
924 150
339 901
79 506
909 814
737 277
407 363
63 999
195 301
451 109
393 595
405 999
949 853
212 845
346 257
574 196
851 232
417 804
74 938
219 395
617 375
679 618
885 562
920 361
184 876
774 728
225 929
712 17
930 642
834 828
659 631
319 658
964 380
577 712
1022 923
279 719
574 830
462 669
300 349
308 328
611 843
917 455
148 966
896 1017
937 834
437 849
748 692
152 13
553 373
921 163
977 350
876 1007
802 786
672 186
594 662
163 686
374 802
293 257
297 314
101 406
555 511
787 161
967 962
271 807
235 985
753 1014
587 319
163 787
442 273
867 841
580 933
789 334
919 429
216 286
808 622
927 459
598 717
842 343
780 42
877 128
304 241
402 902
440 361
482 119
133 879
77 656
181 288
850 681
1095 614
503 669
240 834
534 388
711 603
1028 106
394 948
123 351
166 996
194 181
311 943
514 891
478 553
173 856
397 65
858 912
4 468
591 718
391 948
50 193
204 559
352 608
513 807
255 788
946 433
727 324
750 911
588 762
208 649
982 1064
776 720
77 841
734 713
410 100
758 207
1019 781
422 237
1066 996
222 138
451 677
1083 425
499 217
376 557
567 285
939 285
902 777
681 706
667 759
86 910
754 1020
1008 727
889 145
1034 944
170 446
1032 871
902 339
487 309
464 798
842 652
762 12
921 360
936 419
382 1011
468 820
778 314
882 286
253 984
788 815
793 735
807 1090
262 902
807 1040
866 103
817 953
754 687
623 250
268 567
224 287
282 250
192 1077
207 391
961 771
282 791
820 480
988 738
1003 108
353 174
344 440
883 167
509 987
628 117
557 664
289 395
514 131
86 910
552 405
430 698
309 1083
365 998
898 246
672 33
217 773
387 230
896 1089
34 862
886 659
322 967
508 891
330 464
342 599
1001 550
210 23
641 334
265 623
481 949
804 495
668 946
994 512
271 506
159 328
886 264
631 1059
382 140
724 457
913 1001
292 261
976 28
904 942
971 921
137 829
862 867
388 482
682 1089
684 265
493 1006
837 535
890 131
820 594
433 685
477 939
168 231
489 883
140 825
328 899
1094 351
377 101
489 1008
1032 508
139 857
916 1094
396 202
930 765
559 88
1085 462
361 889
287 840
917 524
847 1065
44 673
52 702
1019 1067
941 562
419 613
634 615
14 294
946 610
812 728
638 505
420 760
678 314
321 424
434 1023
793 450
687 1010
1073 848
563 890
416 248
481 551
764 776
353 842
654 587
1027 128
540 481
162 664
576 790
951 149
865 235
350 748
174 624
706 851
427 922
516 409
306 413
189 536
787 619
484 903
884 79
145 636
669 746
724 513
872 538
332 902
548 735
492 525
445 638
810 84
299 1052
785 149
708 1121
754 244
344 61
429 113
857 1026
422 286
253 765
477 472
870 365
102 575
698 585
290 906
943 1109
445 926
665 57
113 919
1021 413
130 1123
86 615
131 592
366 855
904 11
128 256
541 463
1089 747
939 695
387 1078
409 726
810 639
193 921