181 476
1090 269
506 796
679 252
533 714
394 583
130 830
360 1054
905 331
181 655
89 838
634 864
62 758
1074 488
372 1026
689 1095
308 697
311 13
111 1008
516 467
806 334
892 986
176 521
738 823
763 50
768 612
846 525
270 902
833 128
67 498
881 1001
459 386
152 998
34 522
385 176
929 39
184 532
975 688
1043 866
742 384
434 1119
143 346
722 53
458 1076
890 635
554 478
445 224
631 307
104 172
893 194
283 889
198 386
242 589
443 519
852 143
568 384
1035 1098
1064 632
142 20
170 695
270 172
205 709
136 561
926 815
206 275
879 199
927 392
699 613
175 481
520 829
824 132
588 963
669 425
149 353
352 1011
454 747
531 414
150 468
1102 861
942 240
495 165
968 542
732 1094
712 414
1061 185
766 47
736 285
363 941
865 358
836 432
327 462
634 787
881 590
1099 819
238 318
364 832
21 903
585 402
147 805
265 181
379 700
949 464
369 583
475 170
650 887
143 653
897 1012
878 213
110 926
374 777
25 119
289 914
645 483
528 354
916 364
510 196
357 978
342 486
1109 617
377 831
758 262
773 799
631 461
438 474
553 508
574 384
872 655
1079 915
876 736
998 414
158 367
1103 617
717 996
567 774
851 136
646 372
972 988
549 656
365 442
458 970
18 955
458 1049
684 489
975 359
1010 935
987 848
223 555
768 334
6 752
417 791
861 310
956 1011
606 77
105 1030
444 399
863 77
1098 601
516 743
165 460
566 442
919 606
224 824
1022 360
842 281
371 784
861 428
275 142
625 866
108 837
1072 682
411 916
407 369
321 310
787 204
263 121
303 943
942 304
795 671
3 452
515 371
834 484
945 237
890 196
948 106
873 1082
1090 420
648 581
863 178
576 570
991 183
635 127
745 755
23 321
886 402
1015 166
377 515
237 850
727 769
753 984
812 689
736 484
559 360
788 433
408 470
58 437
720 639
989 295
270 604
699 446
791 792
511 33
1106 124
855 837
821 230
640 785
391 484
969 299
103 998
281 539
588 891
972 600
494 668
148 158
409 623
423 491
488 250
772 167
692 978
814 427
581 1093
302 160
1052 997
680 263
522 1060
160 1112
197 877
371 323
770 625
853 109
798 665
156 976
528 632
429 1004
1109 600
135 1020
334 346
515 804
567 640
870 1074
793 370
433 1022
294 552
342 500
306 550
321 385
837 720
617 567
414 675
552 396
911 907
93 136
791 697
402 585
116 125
289 144
602 1028
449 195
1054 822
256 597
679 904
711 957
302 492
975 232
580 643
180 80
281 910
785 591
1002 840
581 436
283 769
970 445
662 886
989 240
691 968
1015 660
969 463
3 950
961 404
669 107
201 439
991 437
587 400
466 1010
910 337
961 20
128 567
842 384
662 251
620 1090
496 508
792 620
833 531
1116 466
114 592
148 710
877 178
48 419
221 792
821 631
667 240
901 906
711 230
414 878
8 1092
499 833
629 851
748 163
21 727
588 635
605 923
644 963
656 820
943 674
294 680
155 810
489 163
152 320
40 468
985 450
710 151
26 895
234 372
1018 721
79 872
362 44
106 842
942 169
666 392
133 1082
480 1029
1082 526
944 657
557 859
380 908
596 244
246 483
236 837
703 336
437 510
790 639
484 901
1070 484
605 96
843 819
85 435
611 59
57 367
952 431
718 269
109 533
152 491
858 815
722 395
476 671
688 187
977 434
193 675
159 325
24 914
451 515
396 405
25 982
146 81
345 450
618 1012
888 535
507 544
705 204
335 552
993 298
638 1095
682 330
778 493
178 274
616 836
755 767
529 211
63 1120
759 440
332 853
673 345
50 1081
648 762
666 185
524 96
375 1070
423 707
840 929
864 569
972 116
724 640
809 1067
142 222
29 113
837 130
151 110
954 971
765 518
374 1105
431 301
532 575
780 503
178 533
371 176
440 692
919 1042
741 395
934 717
292 406
167 1001
559 1056
723 308
83 395
1031 385
542 413
711 193
976 388
649 930
39 974
243 846
186 230
49 535
1121 818
147 119
164 257
34 953
147 479
889 466
883 612
55 407
147 262
170 599
977 154
235 431
613 736
400 433
769 241
433 1062
21 153
30 487
461 1000
196 942
545 780
831 1102
813 473
1040 811
868 933
544 492
406 747
964 455
104 1065
786 507
1014 817
722 699
67 234
425 106
624 317
615 843
186 1044
255 1116
661 954
928 458
772 610
585 851
341 990
254 473
600 176
321 1109
652 13
1122 670
725 75
346 294
910 616
1089 87
782 518
208 525
412 1003
834 58
859 532
1117 444
789 535
503 927
765 520
997 231
363 539
420 437
886 743
835 2
208 359
120 1088
1020 204
425 906
480 216
318 481
486 355
605 922
734 844
125 104
160 623
710 542
49 263
456 135
395 995
227 521
225 482
755 233
309 1101
452 1007
680 223
988 299
293 903
783 22
332 145
467 475
477 260
556 247
938 603
818 1024
508 617
610 1094
648 726
689 26
664 113
360 647
276 625
144 861
297 361
100 599
865 638
844 730
166 1016
512 380
408 441
554 230
879 577
280 378
911 266
432 224
214 289
1117 1111
659 1012
42 576
370 383
941 391
709 20
610 507
657 773
680 125
214 615
124 303
19 178
757 748
153 541
259 893
8 580
315 936
838 337
594 635
605 1011
296 204
503 190
776 710
131 242
1070 579
154 712
484 135
202 675
193 684
335 193
654 530
561 1018
618 472
412 588
20 694
129 220
63 258
374 614
806 718
644 700
536 204
305 312
823 785
891 638
836 448
412 638
765 1093
735 27
370 239
182 1069
585 1083
870 116
1120 56
339 231
376 975
414 822
752 1056
932 425
823 891
309 650
838 490
489 156
248 40
391 104
891 350
954 385
155 273
229 431
309 418
270 252
466 876
899 336
637 1013
1108 889
1073 743
1017 657
135 695
473 419
655 1008
265 201
573 367
421 717
1011 513
962 506
293 879
580 926
540 466
186 753
38 928
572 411
98 305
978 920
191 334
407 646
939 295
791 877
129 894
383 633
342 720
998 823
727 230
460 342
307 277
321 513
213 413
1035 511
540 496
1093 935
206 726
811 695
982 750
520 355
157 745
252 689
1102 233
783 980
437 457
941 1013
173 625
831 290
145 581
604 1004
933 972
767 521
485 120
986 1043
533 394
801 366
1066 472
803 659
453 242
654 1062
606 820
450 451
515 265
414 617
930 416
982 419
324 349
296 645
282 665
273 675
593 391
232 299
161 605
487 976
714 499
588 51
1106 219
668 319
554 643
325 727
304 5
273 768
832 202
163 289
983 170
823 303
1076 1065
485 132
184 364
229 270
772 117
340 359
289 730
954 629
776 559
827 1108
611 327
900 632
679 333
856 359
786 393
113 1022
920 755
161 864
697 630
784 503
373 834
349 394
227 145
850 205
603 192
905 400
419 867
473 89
344 396
500 574
757 803
424 634
391 940
932 424
186 985
774 717
772 477
833 640
448 265
363 235
825 211
792 324
536 813
876 959
319 702
415 461
399 859
229 8
863 651
955 835
789 798
333 216
597 307
657 996
25 548
526 645
192 617
547 569
1066 417
298 272
676 992
1051 735
607 832
1071 242
722 280
771 866
385 513
846 551
416 681
715 364
724 810
980 687
923 809
211 747
706 146
28 182
463 837
692 313
399 985
399 470
882 886
553 18
774 490
883 578
233 199
793 916
26 732
784 421
558 387
124 614
422 249
330 550
776 374
661 966
782 199
781 314
978 210
272 791
572 226
811 617
484 472
252 944
980 201
895 193
620 562
335 583
160 695
661 159
787 974
864 172
772 185
688 978
314 252
561 271
235 561
663 873
1005 224
273 456
1088 331
906 138
243 770
981 144
406 954
369 1023
544 1009
765 499
513 185
641 486
242 925
317 483
219 733
540 937
528 105
733 326
200 907
885 659
494 759
395 808
498 512
417 167
19 346
220 1059
365 196
135 701
54 93
270 226
68 241
803 401
294 283
491 1011
898 689
231 290
1089 941
24 958
986 534
243 426
536 959
156 549
640 812
715 469
114 635
357 955
926 19
640 906
101 926
367 707
664 485
44 760
796 726
741 230
952 35
540 882
464 571
106 286
354 248
852 918
714 730
202 826
49 1110
218 760
422 154
437 658
257 1102
572 154
104 59
731 988
275 80
253 409
545 545
459 474
452 364
1067 649
146 190
455 993
469 386
632 333
982 821
487 757
549 739
796 929
3 793
128 424
1010 544
684 751
193 670
584 1057
388 849
694 436
647 434
615 405
435 479
291 1059
943 156
326 214
283 867
727 325
662 444
93 197
191 938
656 372
806 742
907 631
203 941
32 224
915 507
585 405
657 587
387 48
135 177
956 285
789 747
370 1107
594 935
420 929
289 807
643 605
102 372
762 807
178 334
1007 662
859 220
857 240
297 739
768 1040
385 704
149 961
242 796
760 591
285 552
692 541
768 355
700 530
644 238
448 824
671 985
815 635
456 884
57 734
833 601
1090 885
1032 400
871 121
618 586
897 1103
340 449
137 976
708 648
137 527
139 1021
513 946
340 117
1025 613
216 362
804 614
675 1120
795 509
262 200
953 352
741 754
273 1036
812 774
353 762
789 700
299 245
1117 329
262 1119
184 76
338 464
821 616
752 675
869 832
660 603
958 978