457 537
46 414
1022 778
773 996
404 569
659 466
745 1018
405 324
409 324
924 247
907 308
32 576
693 1088
56 828
714 315
965 412
58 395
774 859
133 1117
131 887
293 754
390 719
170 956
950 422
551 478
814 453
716 972
305 932
468 123
854 279
673 890
290 445
418 616
716 1068
130 542
526 534
1018 284
849 542
494 1001
418 978
387 934
795 972
519 528
227 628
779 608
577 573
531 1071
722 283
467 853
234 980
508 437
908 358
137 771
446 870
209 102
556 781
917 100
555 531
323 730
284 70
727 267
353 694
131 206
116 605
975 829
735 223
1118 1014
715 813
366 853
516 740
453 927
504 480
476 302
446 637
763 790
382 161
352 389
991 788
1002 820
240 348
382 261
186 115
394 978
546 226
296 610
507 32
918 85
242 981
490 703
140 901
114 556
688 705
559 263
225 1018
95 980
250 768
460 919
557 952
941 401
584 1037
578 298
826 292
817 147
2 979
664 524
510 1106
849 900
801 620
52 672
688 399
143 395
110 641
222 474
151 693
877 658
151 1031
999 966
955 864
258 705
1004 450
157 1023
866 923
739 834
187 416
528 401
661 1020
387 971
564 647
154 695
760 566
181 348
762 593
688 766
485 1032
433 965
360 137
324 400
250 479
401 668
889 432
435 689
982 873
67 626
636 523
718 1014
568 226
999 150
301 657
789 1032
368 953
516 172
206 146
950 885
556 238
927 167
495 611
700 928
829 1022
240 992
751 627
190 1117
895 226
722 533
644 889
760 493
164 273
281 255
811 675
964 711
618 16
692 926
517 856
306 582
400 483
127 299
135 855
689 1045
693 86
823 863
847 918
520 454
330 844
611 1115
473 517
173 96
346 115
110 858
983 601
316 140
217 319
241 909
221 240
1008 582
514 433
388 188
886 939
859 946
120 148
618 759
801 831
871 293
358 908
832 99
473 228
431 736
639 896
847 552
618 311
198 282
631 593
414 1035
442 383
234 922
151 783
609 1004
332 859
889 561
309 130
210 593
240 858
1021 917
746 256
262 472
964 898
1016 309
194 424
397 978
565 458
24 357
47 230
677 685
672 671
606 425
1071 638
559 1116
582 810
1091 1065
609 435
493 772
613 233
876 580
324 566
858 902
560 530
876 251
313 65
572 670
359 468
921 774
1020 539
448 849
888 781
71 419
1070 127
1086 961
863 22
592 1002
510 323
1007 876
756 626
367 581
459 818
328 682
1000 1025
787 544
260 552
535 692
287 717
853 253
408 395
154 189
696 1118
741 724
982 576
431 100
435 178
655 297
703 34
301 148
310 689
361 96
1007 550
707 411
433 382
604 256
103 254
1033 110
183 940
379 420
1014 520
869 245
766 126
423 402
347 248
851 418
311 328
270 829
549 969
1014 959
868 681
509 513
611 769
347 827
392 712
337 743
580 145
470 401
702 740
223 878
793 957
325 613
802 880
827 401
710 557
857 110
30 1032
690 264
277 673
1001 351
203 551
118 419
738 248
721 1004
190 367
749 1077
816 419
755 1119
59 1010
584 623
314 162
888 782
1117 233
249 648
771 924
164 1021
360 884
17 802
719 134
151 930
961 465
694 750
871 242
902 93
118 531
336 149
529 550
698 261
568 719
229 454
182 505
300 751
531 262
839 808
795 393
628 338
945 946
537 116
392 754
934 413
539 990
853 759
588 452
370 546
907 782
1120 461
535 972
885 670
68 867
1024 960
286 485
621 898
121 697
481 397
810 684
347 212
358 729
789 752
329 413
861 175
253 303
655 226
588 246
770 541
915 246
617 369
576 708
682 1019
753 656
467 649
677 849
194 157
707 79
773 549
466 523
498 68
128 677
922 783
734 869
219 1052
796 647
194 1029
825 431
217 966
337 308
481 744
305 895
580 201
598 771
686 159
685 644
1099 158
1019 1012
653 410
214 498
237 546
907 970
730 960
873 678
859 446
893 576
493 884
198 467
797 224
116 385
408 600
676 758
313 628
1066 174
364 342
603 532
84 210
68 877
375 558
920 1018
1051 845
137 787
934 738
812 908
597 805
867 657
842 293
125 374
507 592
37 131
405 816
276 557
288 883
56 658
610 790
142 623
288 581
445 853
34 739
92 571
863 223
364 664
844 415
770 190
902 745
997 284
571 139
203 614
86 947
489 742
606 29
827 530
115 718
1121 685
858 791
156 979
655 540
216 640
313 175
578 882
372 1110
636 759
625 509
455 743
769 904
417 653
955 366
1008 864
1052 187
446 197
177 1088
277 668
140 613
961 274
1123 875
301 216
715 454
495 820
800 140
432 984
551 857
266 930
921 49
595 1102
546 392
878 323
686 482
864 703
605 728
1001 148
89 189
611 799
259 673
391 414
452 589
942 353
170 993
198 251
933 845
853 696
142 9
754 281
928 416
963 632
33 425
1099 815
284 622
332 828
562 104
558 305
1114 252
585 938
511 143
956 659
357 907
263 47
359 699
263 188
701 378
264 463
1097 1013
814 395
425 50
960 86
37 687
197 463
875 418
649 730
744 709
287 797
736 434
1071 439
694 198
1023 438
478 344
997 931
500 751
648 495
297 629
999 407
324 958
501 288
894 952
918 794
108 663
105 326
193 969
407 797
832 424
512 968
1003 809
388 538
147 86
552 37
32 28
249 1048
768 1105
749 435
284 813
1048 375
314 576
817 418
239 346
510 414
370 562
704 952
834 188
667 860
582 371
802 435
423 257
246 444
1015 343
404 1026
205 611
983 874
237 739
1007 187
19 461
580 588
435 344
773 400
520 19
500 403
892 182
958 418
564 748
679 254
659 567
972 507
792 1006
668 969
84 602
315 889
592 521
208 940
296 909
1090 157
884 503
982 742
767 955
580 154
647 306
1018 819
981 693
572 640
495 145
653 734
305 539
753 678
659 758
332 1032
889 567
959 850
619 540
1033 380
377 531
240 1025
541 192
576 251
360 482
216 39
413 219
403 448
311 1042
381 294
517 380
287 289
499 704
760 268
1100 437
293 617
333 839
558 580
9 1034
674 244
726 801
572 632
744 965
759 935
1032 534
131 978
488 357
841 902
857 325
665 679
829 170
402 788
542 792
598 1093
858 202
462 925
373 474
784 941
237 1047
639 950
685 142
568 340
1033 245
1010 1088
372 354
134 736
120 376
728 657
176 719
288 1009
621 999
150 1023
334 374
808 212
287 1063
1013 154
558 86
530 82
815 472
882 366
523 918
467 352
686 315
879 614
619 248
881 812
630 585
1081 827
955 348
320 919
327 254
800 747
914 124
934 261
225 372
1082 833
1003 329
892 462
889 18
239 221
996 539
239 705
961 216
942 558
1087 602
512 412
172 661
967 934
994 1012
157 917
680 817
232 477
1111 684
65 980
448 1068
673 82
451 157
988 502
376 125
791 1022
131 935
1048 140
748 155
820 836
139 795
533 203
13 504
373 619
759 1011
62 792
986 664
747 35
173 683
754 372
732 543
867 258
402 220
368 584
248 434
174 461
356 497
760 76
147 14
417 1078
246 240
616 835
128 537
662 963
525 902
903 36
425 821
226 217
469 1089
617 869
613 406
125 531
167 510
440 674
968 1023
565 704
987 780
769 838
667 885
715 376
650 118
681 1003
949 490
188 562
975 1106
845 876
68 90
457 409
251 177
719 757
723 434
671 692
687 866
86 919
865 484
464 472
491 364
206 1076
1036 340
673 778
827 286
738 664
797 813
442 134
343 364
724 861
598 13
945 823
919 914
272 446
683 726
527 840
847 517
657 870
1123 603
609 648
1007 743
150 175
890 817
696 771
666 579
291 147
547 506
554 726
892 548
337 532
315 555
255 17
221 245
830 552
404 985
572 979
648 960
595 839
535 162
939 29
539 926
935 780
503 609
561 855
261 713
903 409
411 572
999 444
147 726
25 291
818 226
810 897
633 496
951 611
730 788
444 914
199 537
682 116
899 649
632 965
1119 457
493 30
182 136
929 784
770 350
202 896
187 49
148 115
1019 949
368 937
868 334
785 361
935 533
627 750
747 569
478 927
365 493
459 89
485 480
340 511
575 235
849 69
342 189
912 580
613 408
481 195
677 237
947 950
636 731
742 918
439 284
803 216
983 829
788 699
389 882
408 178
753 710
650 826
648 879
583 554
258 681
766 190
646 36
875 602
545 599
376 820
368 727
407 785
746 235
218 747
969 1033
181 337
383 828
937 265
234 302
922 703
571 307
355 270
1007 195
31 835
710 531
323 494
64 820
618 1011
873 276
1008 147
809 1011
995 633
392 498
1074 599
883 739
567 568
834 625
316 911
478 177
825 330
458 349
304 509
456 507
708 420
285 770
414 592
653 566
394 712
467 403
817 976
750 710
1096 561
1062 749
365 971
399 470
735 485
1118 42
723 247
375 657
653 178
527 571
812 637
658 1006
546 1094
967 98
399 856
644 460
772 478
103 696
294 403
596 539
891 350
737 469
297 184
1074 291
1005 549
996 882
918 737
166 483
755 697
1017 169
238 475
249 208
874 366
933 1050
1067 101
1112 871
564 369
10 338
792 181
898 212
500 603
459 15
413 756
1002 1097
981 182
785 877
1084 572
582 874
1092 603
179 77
200 969
128 187
689 551
832 657
18 374
240 720
851 838
4 1104
999 1084
403 554
497 548
948 381
1075 104