805 768
1115 903
658 610
645 378
430 531
1106 474
1084 1093
111 305
979 443
675 145
511 717
240 558
808 558
424 614
841 847
822 235
712 192
358 784
477 262
102 152
1038 178
902 762
551 635
990 922
767 827
486 919
670 726
350 612
270 362
838 762
892 767
768 921
735 311
348 284
424 527
731 584
284 818
960 700
378 729
664 809
585 897
312 270
756 131
312 682
921 352
1054 127
828 1019
415 559
904 922
613 540
922 693
329 189
761 273
1063 307
276 768
535 900
790 571
722 543
168 188
102 837
702 280
454 945
496 458
217 1016
1051 354
185 342
210 453
674 890
21 854
675 833
165 651
369 306
783 845
850 693
450 894
105 888
862 493
135 678
67 107
357 856
1053 103
472 1099
591 680
644 973
441 244
956 272
526 303
589 863
958 672
1066 274
843 284
999 267
271 477
666 419
238 915
922 442
683 707
138 793
912 832
405 657
206 712
506 235
511 1115
202 544
680 797
496 640
872 317
882 426
504 313
757 754
348 544
902 901
7 1067
831 627
765 900
839 847
527 475
453 17
401 1059
438 47
501 938
526 389
448 1065
752 611
141 183
866 111
1119 346
388 352
875 167
79 372
519 590
316 961
987 959
5 650
455 239
84 1024
529 113
515 496
192 255
227 1016
882 777
728 952
671 656
328 1012
302 243
842 465
845 37
994 942
100 569
995 813
936 347
1016 833
258 154
478 228
334 582
390 630
300 717
911 511
986 329
802 106
622 548
688 422
310 411
280 341
819 468
901 883
419 456
666 1044
1102 203
777 524
369 560
940 298
70 222
734 504
373 708
486 487
284 273
546 934
533 248
389 455
824 781
852 867
979 114
850 806
384 175
443 1068
817 401
1019 644
1003 378
815 489
326 949
988 470
1011 676
390 239
935 694
287 1076
788 748
1017 565
417 620
792 923
542 1003
540 1101
151 229
1066 558
180 137
393 497
1013 60
608 318
968 964
518 544
1109 1040
477 580
183 869
1114 317
903 614
352 287
594 73
260 921
941 778
893 974
1023 499
676 1048
584 416
178 166
424 346
136 143
1123 672
983 247
202 596
481 247
564 487
15 982
578 272
987 563
628 222
1000 1028
252 417
72 485
391 432
955 183
186 251
654 868
170 274
517 677
288 193
564 951
649 287
875 619
979 296
961 170
763 467
391 915
524 643
750 235
679 1010
445 344
899 148
894 186
306 718
1083 237
374 832
893 275
731 385
449 117
950 827
30 1029
426 304
294 831
351 870
76 360
174 744
369 372
491 857
394 115
516 828
1085 1023
179 916
707 1039
281 540
626 634
74 749
923 677
484 330
286 787
596 919
811 494
539 224
304 879
527 564
857 470
406 192
600 277
257 585
782 212
484 569
100 869
380 617
158 121
849 283
921 213
930 258
483 442
233 356
688 179
226 989
635 466
165 299
170 1015
839 36
773 903
305 261
173 1021
752 215
720 103
992 623
832 911
880 1080
733 1120
438 914
331 488
587 969
544 879
644 640
988 314
331 87
722 1107
386 8
67 313
530 863
922 919
721 992
88 335
883 505
287 27
630 283
460 533
407 357
296 380
219 40
899 104
559 426
348 548
484 177
412 882
617 551
250 660
371 728
299 925
173 934
99 758
635 165
1102 452
1115 148
843 890
903 271
533 18
854 948
779 210
333 373
411 192
767 1113
850 92
519 361
342 1042
939 943
623 759
621 150
795 957
914 369
585 797
648 307
812 829
235 693
775 213
159 815
136 476
213 539
1104 229
732 762
1102 120
227 281
269 657
393 857
122 837
621 453
370 897
29 285
574 949
950 149
953 912
301 851
683 172
828 727
518 844
149 757
214 259
241 576
516 12
461 851
543 518
510 163
502 1014
686 130
705 502
1021 828
935 299
610 958
624 439
917 598
1011 218
1115 534
805 828
84 162
795 209
970 337
1038 168
468 201
637 173
236 638
664 394
607 147
858 461
470 1104
759 538
969 92
503 1120
1080 1009
161 838
1053 40
540 27
404 852
1023 979
715 299
920 325
54 918
267 930
868 200
603 416
1023 415
908 520
900 149
218 569
561 502
989 356
831 833
206 821
415 456
854 749
107 691
877 753
755 1059
805 604
915 751
240 202
876 1041
243 522
1005 486
356 731
110 858
85 987
983 614
249 1061
774 913
443 450
571 584
222 76
182 440
740 825
884 963
898 313
1055 451
860 411
232 600
93 515
667 389
969 712
485 613
725 478
648 445
570 792
964 211
665 907
271 909
219 648
913 743
890 454
561 515
683 655
224 885
653 250
287 477
225 733
759 959
218 210
353 980
600 917
142 140
880 157
1021 1000
654 507
858 579
767 1000
722 595
808 368
349 354
188 78
413 449
193 167
938 150
32 608
665 886
443 996
32 616
673 957
529 452
837 791
355 957
632 513
958 58
288 934
998 1098
946 195
642 590
801 745
364 663
464 932
419 214
228 717
514 979
806 127
956 248
109 297
661 319
367 895
922 935
1009 553
482 849
1119 899
1079 525
965 874
708 276
304 156
73 784
188 21
445 690
798 198
568 197
484 690
885 920
1003 864
69 380
201 929
317 931
1116 823
318 1028
802 1113
571 523
169 880
890 918
465 581
743 415
377 44
989 149
55 513
548 1017
756 945
363 845
650 694
827 869
887 162
804 391
722 192
600 799
260 403
983 495
973 103
221 241
135 115
455 533
491 50
274 257
594 309
20 469
426 0
297 194
633 975
594 125
802 173
478 340
279 844
613 157
559 418
850 162
904 163
744 476
750 453
862 951
461 579
323 131
580 423
233 703
387 486
553 303
107 592
679 503
684 302
141 233
786 670
557 279
484 426
233 936
677 1034
633 1007
301 211
1068 460
831 226
998 742
851 11
856 997
355 330
994 268
905 119
56 483
108 612
1083 169
947 235
470 306
957 436
108 108
1082 238
944 651
845 90
1093 765
979 206
582 807
400 348
1007 724
376 238
215 423
384 57
164 80
797 889
1046 768
849 864
544 186
700 102
638 609
785 837
627 335
298 309
822 827
1060 533
326 112
575 48
500 103
922 967
43 821
282 272
699 715
724 783
977 670
283 318
171 727
759 672
919 257
872 643
375 1025
617 251
524 455
920 103
54 327
930 309
696 1007
275 594
855 427
556 143
422 137
320 834
408 443
731 702
980 829
1012 131
330 1
26 49
376 427
138 357
921 882
252 686
537 870
246 647
999 41
160 475
905 396
817 178
955 527
469 442
249 554
624 825
829 1056
803 1021
457 976
429 80
391 42
224 1045
371 244
620 476
556 155
316 546
673 911
55 404
929 518
221 329
905 688
203 885
951 585
92 160
394 832
201 829
423 184
806 439
653 574
710 859
410 890
160 780
492 882
923 320
844 445
1035 742
364 153
109 573
797 260
785 996
1063 606
822 883
610 12
6 602
990 845
1066 676
569 979
884 577
763 562
291 906
215 661
856 616
15 553
790 660
278 897
990 628
374 661
1036 826
756 6
772 517
639 539
186 768
18 271
808 33
35 674
697 1001
370 983
986 1109
691 747
150 450
463 522
11 756
690 751
275 314
687 492
969 1
332 637
605 143
127 208
608 555
789 946
452 676
214 624
138 138
613 743
598 405
845 40
300 811
381 111
147 796
958 18
723 246
119 780
978 386
771 617
100 560
90 841
107 378
806 1000
605 122
78 613
1076 561
1051 288
933 657
94 480
1093 817
519 401
960 522
1002 177
131 338
327 1056
384 1017
122 847
472 792
361 674
693 174
401 43
993 191
187 103
1070 684
478 565
159 247
71 476
214 904
878 1107
903 86
86 592
496 675
1020 614
1010 934
750 984
476 719
505 995
813 138
380 985
460 215
554 973
58 332
391 122
1119 503
557 873
14 557
199 949
1033 608
873 675
801 487
491 1010
668 935
782 884
345 276
415 896
305 913
159 809
623 588
952 874
161 511
569 303
248 371
673 454
525 1024
798 263
621 562
63 165
855 346
599 199
963 776
627 470
954 299
869 920
884 545
293 608
998 329
546 392
197 427
1023 146
970 300
33 481
94 1114
641 627
952 802
348 321
725 395
569 1030
628 859
693 33
435 753
189 572
117 475
743 224
221 476
691 91
94 323
638 997
860 604
478 426
1031 406
1093 302
1078 810
832 909
737 936
319 1000
675 688
619 1094
802 509
536 1037
1120 295
250 505
115 475
795 1071
655 268
953 402
139 401
189 917
845 238
555 466
567 301
485 496
1115 656
727 458
509 600
438 679
846 725
317 255
759 638
564 577
608 289
11 525
874 695
775 445
924 566
1059 1085
445 393
186 572
821 217
838 1007
174 916
319 101
696 148
557 809
468 612
1010 1026
437 317
235 886
531 1026
369 878
258 499
817 609
699 1005
1001 171
248 808
131 991
309 601
744 753
652 408
297 177
1093 542
575 417
183 143
448 962
458 571
315 1104
71 521
923 806
972 79
393 943
828 902
821 733
122 846
570 931
107 267
454 866
414 850
906 561
527 659
869 1099
604 72
950 11
563 357
174 351
574 1078
461 916
1113 549
985 435
673 636
700 866
214 806
13 450
967 937
755 375
195 850
522 1108
1063 689
964 841
910 996
813 904
616 126
813 423
791 216
982 742
994 620
1015 791
659 908
792 352
416 202
492 869
733 286
782 849
984 785