180 506
279 681
116 408
55 352
742 456
826 919
564 457
636 1032
529 971
748 1013
280 228
288 706
840 745
302 403
890 824
345 359
244 420
829 999
692 275
108 658
902 329
282 668
849 589
815 303
526 578
779 499
321 1012
373 741
436 398
472 983
570 874
730 467
222 419
782 617
1013 227
241 777
660 122
575 1027
6 140
168 315
678 258
65 992
545 40
835 592
562 964
363 950
454 167
561 425
439 15
691 414
833 219
1078 651
560 763
786 480
812 85
815 578
675 340
853 551
730 765
977 994
291 472
430 857
146 632
70 1006
57 577
1122 205
46 834
606 943
203 226
569 1044
1019 238
656 895
908 960
273 495
1086 1115
103 834
694 205
107 233
444 350
42 909
825 177
156 632
709 945
343 509
175 1073
702 712
1045 698
135 873
583 1038
572 1022
780 895
353 451
358 39
873 652
1034 644
335 363
86 868
554 700
543 484
124 263
707 719
423 548
132 1045
1001 168
449 643
926 930
785 381
703 528
1051 323
112 149
708 82
338 1043
144 599
979 1015
271 624
769 140
452 620
254 592
589 638
376 483
704 203
512 64
16 198
1021 205
74 11
329 888
223 142
755 908
374 862
1118 65
211 528
394 1042
784 409
394 883
289 895
381 564
715 139
304 768
730 418
175 961
212 784
490 230
353 645
175 126
314 641
253 705
608 957
388 397
471 405
626 438
531 774
869 752
875 269
223 1004
45 495
825 827
718 646
396 253
851 1116
24 912
983 43
647 209
337 0
969 602
678 872
96 321
134 501
522 1042
552 280
749 901
985 54
1108 197
97 864
135 859
444 124
448 589
213 547
804 769
169 170
526 58
513 394
571 572
936 467
802 977
137 566
283 957
1121 1000
342 653
678 509
628 520
933 879
601 761
1001 478
780 645
529 1027
572 827
17 709
811 207
947 815
975 212
984 875
951 308
591 334
1016 539
462 949
281 822
1045 951
45 1053
18 952
422 1036
788 677
333 466
169 1013
152 487
848 765
91 790
600 355
243 305
938 325
147 585
824 338
720 439
533 669
695 323
463 376
205 913
521 710
858 129
700 14
746 860
885 173
269 507
89 707
45 263
635 938
209 214
533 713
799 948
172 817
247 50
817 1092
678 1083
298 686
860 917
721 471
201 811
257 249
557 541
124 21
399 435
201 240
816 210
159 300
816 854
921 818
980 880
266 1046
242 308
570 599
1062 939
369 909
797 781
843 74
263 691
170 608
304 126
827 351
1090 628
445 185
650 706
600 1001
1012 968
833 469
897 418
738 252
635 1098
803 707
270 778
320 211
726 183
270 141
415 630
1023 842
877 836
908 778
900 280
592 867
910 2
995 824
195 174
639 950
421 174
742 578
197 536
1001 772
564 128
975 900
934 544
852 429
988 357
185 510
1000 416
1003 296
378 835
535 699
1113 383
452 781
975 157
480 351
1096 141
264 101
765 37
343 42
164 455
456 477
907 516
973 519
845 277
155 634
752 759
865 946
641 716
810 532
917 686
688 291
161 382
592 982
411 350
647 874
921 809
483 981
962 753
649 369
523 396
125 549
968 34
939 566
933 276
968 45
235 610
839 134
470 308
867 84
599 422
47 269
365 728
426 670
181 1068
456 393
858 705
516 656
59 846
657 382
107 551
124 838
441 520
78 595
625 429
560 564
437 209
272 984
128 476
330 790
744 89
448 593
818 925
78 548
971 291
901 53
573 416
325 823
187 665
686 221
1016 752
269 418
101 634
664 1013
274 503
98 676
403 441
152 782
859 860
715 165
429 585
194 817
825 679
691 759
453 990
428 263
821 209
947 853
524 726
940 138
243 113
453 283
910 274
1099 991
462 403
924 100
42 839
926 491
713 720
968 206
703 686
787 831
239 593
581 231
752 993
1015 609
1020 314
561 163
421 43
1006 755
721 1074
817 125
392 295
566 409
636 459
127 1014
645 871
84 703
237 574
458 808
927 959
156 322
915 691
374 271
640 816
426 322
381 386
339 1122
485 335
906 166
122 971
913 170
687 948
505 591
761 214
401 536
915 796
358 787
497 546
1047 870
964 302
152 468
923 940
683 922
767 297
346 872
171 1017
259 766
890 419
1085 429
794 902
976 236
994 268
539 958
831 793
158 987
807 233
233 298
753 235
158 1060
468 794
715 758
55 381
210 74
304 685
1118 229
888 629
1120 1036
143 361
392 779
595 1110
274 983
258 109
534 659
329 842
717 210
375 909
594 393
718 562
814 848
663 1090
644 313
827 424
490 756
481 731
1008 449
151 803
892 1046
258 390
258 895
761 207
253 299
459 585
509 1051
664 294
1013 669
129 451
792 126
43 436
451 210
34 10
826 264
321 687
483 1
461 807
603 983
459 1005
151 369
522 468
158 898
853 411
401 752
172 198
705 379
1105 595
165 839
669 557
979 968
123 539
592 405
553 246
124 898
246 748
197 239
887 761
848 854
877 6
273 820
738 332
509 519
531 909
314 988
142 63
738 233
1052 685
715 346
481 627
1012 616
577 554
502 939
518 128
411 846
832 911
1031 724
621 252
221 834
474 179
1014 607
841 148
908 852
468 691
347 942
925 1080
196 113
102 942
330 821
1023 910
774 277
271 862
293 912
432 383
181 347
846 527
953 978
18 838
952 80
259 823
1032 130
512 13
609 765
556 672
617 717
414 399
794 626
928 666
531 124
671 484
440 869
408 696
858 443
693 1036
723 934
32 1014
219 138
248 222
236 357
875 41
696 829
1123 391
350 762
445 384
604 762
818 421
110 542
1054 998
839 574
914 609
355 861
853 998
476 1038
812 184
468 113
491 710
388 778
363 511
347 153
556 1021
104 627
1021 138
350 294
842 481
135 693
854 26
239 380
314 740
240 597
800 863
751 687
884 159
401 1026
764 1089
550 517
95 710
1084 589
644 1071
551 613
995 865
35 905
355 446
768 77
285 568
134 744
1036 374
668 618
638 167
509 430
235 1108
158 837
172 490
722 439
527 610
15 491
880 511
124 590
174 184
285 921
191 1013
576 633
788 197
780 679
705 527
571 399
841 257
757 533
317 1091
1073 1071
486 670
1076 810
539 513
519 997
944 464
207 101
472 1113
1095 422
33 408
56 688
22 299
671 592
264 525
274 87
17 251
1122 572
85 108
895 358
779 449
261 171
699 1083
925 186
840 558
1 780
49 756
387 139
931 1059
976 151
1094 514
706 121
144 613
876 1109
893 511
940 940
904 822
639 659
533 165
754 641
1088 669
349 307
493 182
372 250
1073 468
725 497
705 41
858 863
346 688
390 654
200 730
324 152
922 680
418 844
516 562
114 417
590 718
125 226
922 976
602 198
633 583
183 486
355 648
533 354
471 228
557 62
475 74
760 306
297 724
262 721
630 141
422 515
372 1001
264 622
386 184
848 804
209 450
297 569
891 679
758 923
991 495
482 942
103 724
221 334
157 964
1058 395
906 987
148 653
16 789
525 381
591 245
645 901
707 654
520 1073
176 304
486 323
410 820
643 951
750 777
452 231
158 13
474 622
524 712
332 264
468 380
331 600
1103 76
641 466
966 1108
475 1116
452 264
194 1086
200 454
631 275
186 408
108 993
532 361
822 571
319 489
907 253
719 769
403 902
876 895
389 584
113 955
706 576
562 27
189 150
977 353
835 957
566 1067
272 1057
1063 992
195 258
121 150
548 565
128 150
807 336
100 114
748 973
542 779
418 167
1090 333
447 997
277 679
800 1089
829 104
591 913
127 707
606 522
245 377
469 628
201 921
430 1022
481 868
997 98
1044 993
996 403
572 169
403 400
213 691
869 520
361 306
539 95
677 604
879 642
411 824
110 453
113 631
84 237
306 229
209 1109
539 1095
859 588
616 438
866 17
471 172
1071 308
501 285
519 581
223 962
425 1008
92 124
944 688
200 599
898 676
575 557
677 169
299 109
666 164
782 283
573 304
741 168
369 764
393 939
764 275
919 557
174 197
734 924
107 27
254 509
924 973
436 107
112 682
620 1063
168 438
67 386
181 851
653 777
210 249
981 643
1013 841
563 485
621 865
894 50
350 241
883 184
619 569
373 840
948 605
598 370
142 116
745 753
970 643
1089 443
401 948
1117 150
1073 830
701 551
316 218
852 1013
1015 568
1103 1005
438 358
662 620
522 525
1 43
265 100
685 177
267 169
935 9
814 830
429 412
257 465
1020 765
212 618
861 476
798 119
162 774
1099 957
531 383
745 190
149 603
512 779
1036 841
632 910
913 499
838 480
321 997
314 236
183 759
344 512
931 703
1113 601
789 100
874 249
536 40
478 884
619 490
413 430
664 963
656 150
550 455
688 982
1069 498
451 862
184 953
54 17
44 392
304 899
342 889
352 431
778 529
370 758
201 319
135 224
183 614
649 971
478 718
371 591
630 736
196 1112
966 368
323 363
522 767
270 510
206 709
881 453
207 736
646 250
680 279
453 223
147 1017
956 23
545 822
362 110
866 634
292 544
361 410
697 342
187 9
406 83
502 912
778 16
232 574
149 137
705 903
1120 755
810 900
494 832
671 519
281 643
479 710
1015 193
777 771
315 819
805 303
595 586
588 331
146 853
510 978
308 572
362 756
257 782
911 657
664 765
312 560
551 851
715 1077
453 384
270 469
465 114
442 1116