346 134
1012 286
344 886
1053 109
677 448
360 532
156 749
471 265
926 567
840 576
192 871
415 193
793 172
210 630
159 902
610 788
169 933
934 996
318 61
684 394
923 117
547 319
636 188
51 558
358 543
174 572
714 991
460 666
935 616
898 293
478 573
499 1018
648 514
307 288
956 768
456 632
676 937
410 335
897 247
689 208
928 619
484 479
740 562
425 825
113 471
291 415
248 789
731 962
878 357
835 1018
925 211
184 2
1095 13
726 651
480 1030
113 373
1077 447
505 887
143 809
242 670
719 234
29 799
308 117
581 370
24 501
319 365
842 589
423 102
630 904
896 819
251 324
703 968
435 547
581 1035
89 1089
230 427
799 767
360 237
47 489
918 722
1030 554
709 922
692 439
819 812
710 347
702 845
767 916
483 928
473 34
48 287
683 77
1071 79
599 409
924 551
242 623
628 140
586 748
598 459
236 910
335 967
543 605
1113 620
386 496
385 933
725 898
114 604
999 457
924 345
902 828
401 245
644 443
544 838
500 291
699 1119
625 736
1119 532
892 917
1050 216
486 173
9 639
464 779
107 235
476 650
789 330
307 588
271 938
1006 873
898 937
350 440
355 243
853 787
939 410
774 183
936 462
30 108
804 725
814 742
203 500
653 523
218 898
194 135
302 695
55 558
107 605
17 161
677 967
103 914
447 533
849 517
490 317
58 138
620 450
214 506
938 670
418 288
839 369
1066 469
1014 465
210 677
237 1001
405 777
275 594
849 962
1048 843
494 20
426 518
188 712
726 106
245 462
152 816
966 785
785 358
643 543
655 798
393 642
517 470
369 694
1068 954
223 781
204 851
869 427
687 33
574 793
455 135
178 620
1118 889
353 847
826 1122
891 332
514 540
843 805
948 1036
315 464
144 508
966 218
696 493
63 872
193 994
565 986
745 1071
370 925
962 505
344 837
251 46
410 836
181 244
697 469
980 372
129 976
815 312
15 145
644 195
260 726
872 709
47 492
734 974
735 613
910 1016
851 88
505 0
870 793
514 460
450 224
155 404
616 412
560 182
450 438
1057 642
571 946
812 226
309 152
141 217
222 911
480 231
253 935
538 9
388 1024
543 750
7 975
344 756
357 365
334 294
760 863
241 870
1123 158
789 579
591 93
297 505
1116 740
946 418
925 890
620 488
550 257
518 545
119 608
863 222
532 1005
582 59
387 325
1086 380
1079 72
587 893
702 537
44 999
640 712
66 377
636 845
113 502
1077 310
893 546
765 839
247 537
587 241
105 287
930 1008
334 901
480 362
822 74
221 832
41 137
495 678
610 373
989 650
351 508
524 959
1102 154
939 801
254 1035
403 244
231 760
957 179
875 89
561 83
1118 247
731 429
712 311
144 583
1001 245
397 952
528 880
1081 131
576 912
392 318
947 671
884 859
1056 546
791 470
480 894
531 773
588 427
179 468
809 106
850 367
575 746
1013 265
274 986
704 1108
11 525
925 611
510 700
103 768
381 510
1035 176
1001 553
172 213
134 656
268 657
152 347
86 553
411 1115
567 337
616 381
275 94
118 931
241 248
675 265
497 89
1100 470
974 698
217 629
997 549
661 871
67 857
985 544
389 1085
551 265
290 780
506 796
538 877
859 655
141 745
879 560
1017 912
719 790
493 342
1014 484
977 219
802 392
710 442
960 402
685 434
186 899
887 99
392 708
12 462
641 869
376 1015
380 728
30 700
676 199
446 1004
11 196
493 72
339 1004
412 783
70 600
653 784
900 463
773 510
942 1082
200 499
833 396
657 363
959 776
977 710
829 760
840 522
568 202
246 486
1010 799
264 333
413 796
148 799
358 277
397 47
436 135
768 963
177 844
276 465
636 9
763 149
360 221
660 621
806 913
275 675
966 843
445 54
366 644
489 871
470 637
478 1011
814 59
587 125
842 450
616 179
512 1122
538 274
79 677
283 259
963 27
281 103
406 150
612 422
794 872
881 946
213 814
185 809
1004 221
403 956
324 759
87 368
817 412
959 852
729 919
655 306
504 16
496 563
300 644
216 636
391 178
787 197
811 81
494 813
1123 911
302 583
119 925
978 375
673 640
965 434
814 373
848 959
997 735
339 349
751 295
130 66
615 153
606 937
1033 817
1022 754
557 639
380 468
940 508
1091 82
258 340
481 280
310 206
498 444
759 833
874 750
647 199
278 902
865 949
786 1064
253 848
884 298
407 821
625 661
329 50
827 512
690 160
274 1000
537 234
111 367
628 256
10 473
828 860
309 317
816 46
510 584
521 857
599 105
762 308
542 423
664 1094
185 563
956 238
471 863
703 631
250 147
421 727
549 864
214 356
487 961
938 650
356 912
395 116
688 875
0 1087
771 743
47 491
953 137
248 262
719 756
936 124
931 356
979 275
1112 856
797 182
1020 405
146 884
656 746
821 968
836 922
851 507
917 273
984 873
418 950
413 45
801 894
60 41
1001 697
69 312
800 136
473 576
295 622
560 947
775 830
798 315
994 603
257 46
699 15
554 990
926 87
901 236
1120 532
939 671
732 385
286 657
677 78
371 997
453 691
240 926
306 882
981 475
203 1016
864 550
555 273
109 583
660 25
231 717
1034 880
157 742
766 291
784 932
624 284
977 155
124 716
174 607
251 624
548 688
424 271
555 998
321 37
536 203
1004 355
967 152
326 138
419 653
938 264
2 699
1031 442
668 445
546 532
542 557
168 894
874 636
359 923
846 589
739 268
709 479
431 670
973 849
711 186
227 712
633 338
596 859
915 574
253 438
280 878
744 127
450 807
679 585
839 262
877 258
109 616
715 712
996 174
634 837
234 422
831 325
881 83
850 720
446 682
730 234
398 468
712 1021
115 593
619 832
153 696
348 942
8 999
242 1051
1010 161
180 826
728 263
357 768
940 462
192 246
1015 76
669 720
1021 430
598 928
604 996
742 649
924 535
611 505
487 897
242 787
196 956
864 823
725 117
383 801
815 849
626 16
607 727
332 443
781 868
266 528
236 233
248 425
673 141
670 500
974 838
1011 635
458 104
554 452
200 714
195 208
930 468
804 939
358 617
497 324
886 863
633 23
330 486
289 622
329 492
653 1036
66 629
942 750
909 268
399 427
253 107
667 820
258 814
894 955
725 386
659 108
656 212
1097 729
569 37
114 252
829 1116
364 803
461 169
505 662
831 1040
289 435
669 322
150 324
464 163
820 708
916 522
186 513
771 559
856 735
520 878
81 637
361 133
131 122
125 704
493 580
319 989
838 739
236 182
692 1004
105 410
290 729
458 305
237 572
166 775
856 466
986 423
863 570
882 356
711 928
584 555
131 31
147 730
308 516
977 63
853 565
356 379
497 1065
1047 176
694 665
434 534
879 124
406 698
141 755
865 1121
326 972
1036 567
497 573
1092 879
689 958
665 423
297 769
200 943
399 852
106 854
668 816
208 204
392 432
524 654
1001 56
1087 816
1001 303
866 1073
769 88
251 1029
48 952
729 339
832 407
670 802
486 881
612 780
935 1035
220 411
254 1002
1017 12
629 787
271 770
957 880
624 646
505 91
222 70
589 316
1050 924
1050 314
800 978
532 1032
778 440
479 447
771 212
775 481
815 316
871 673
1056 299
581 208
465 1093
243 1100
982 116
455 785
484 362
663 260
447 584
263 1004
645 325
333 6
78 447
330 573
176 100
225 532
533 786
180 103
948 943
70 755
501 472
904 446
958 934
231 23
794 570
518 922
510 920
599 743
452 1033
295 934
611 909
722 628
1047 543
1000 981
889 422
937 739
186 226
991 588
578 824
482 72
408 188
88 626
348 692
358 438
264 167
714 244
1077 193
138 832
1071 399
620 587
216 47
550 773
971 814
628 355
694 262
217 191
396 101
839 541
199 494
547 185
1038 1025
635 1085
620 548
433 620
675 705
1091 958
157 267
596 415
401 589
775 939
255 393
146 790
691 569
1110 67
466 423
948 880
599 979
130 188
655 673
567 467
734 60
803 1
336 219
507 720
693 456
641 459
620 234
239 1073
886 644
373 147
358 719
386 934
235 139
295 232
712 513
900 7
839 498
871 273
378 903
115 277
1010 352
612 108
546 321
934 854
263 645
140 672
638 927
758 607
953 650
179 282
699 777
344 528
519 982
283 649
156 1118
836 193
647 606
617 213
502 884
33 711
579 707
599 365
323 736
951 172
989 229
876 1015
467 962
923 13
193 849
919 561
812 271
742 378
966 846
1000 465
886 109
694 658
576 789
494 712
72 934
1004 242
190 728
407 520
315 885
365 47
580 459
72 630
1039 614
754 1003
984 695
814 485
212 421
1015 404
633 628
841 691
118 763
159 855
721 1106
905 840
468 329
758 893
467 170
104 867
867 302
958 15
163 769
289 920
523 592
355 755
672 361
380 802
595 25
343 169
600 453
824 475
393 358
135 632
790 344
320 327
726 602
131 186
913 658
551 22
675 218
410 473
787 106
652 988
1022 781
316 801
1114 527
602 621
516 918
454 751
506 316
24 424
330 466
314 531
425 503
886 836
593 551
908 364
568 907
643 992
999 449
566 214
5 163
661 1057
171 798
28 491
673 980
261 490
113 595
937 66
1012 303
724 11
1122 659
353 705
662 548
2 895
857 540
493 330
1014 350
587 340