205 222
350 615
614 756
470 851
633 479
339 530
275 314
667 206
218 719
11 696
29 448
895 945
402 154
917 591
662 272
219 393
576 926
326 110
397 439
871 316
632 893
761 766
107 681
353 298
576 458
586 836
1094 934
102 1121
1022 346
346 1027
908 155
201 104
889 271
1014 619
211 667
311 990
516 542
720 568
184 166
1025 695
957 619
460 445
556 567
434 524
320 424
820 1011
800 995
709 475
347 347
133 424
704 115
1116 581
633 283
672 457
631 119
820 668
1003 426
346 1120
224 218
682 602
543 661
396 734
460 990
743 780
182 647
515 49
345 443
697 506
740 372
961 792
783 813
848 387
958 61
1010 282
226 760
662 754
440 747
713 204
1087 744
235 274
715 796
312 524
203 669
250 416
461 120
331 270
917 77
14 18
1029 654
950 77
783 1015
190 55
382 256
530 340
857 243
670 660
997 993
748 1028
181 917
455 484
151 470
262 743
251 539
594 753
404 899
21 525
463 833
942 932
826 436
1041 302
370 349
578 172
395 546
1000 88
1002 118
740 535
316 602
315 717
990 225
453 681
1011 136
822 388
310 729
226 134
733 751
301 1123
118 486
556 687
326 611
714 1019
938 871
286 480
721 207
688 753
644 775
497 68
683 945
283 472
721 596
627 570
657 896
205 746
263 644
153 969
667 684
723 333
575 61
143 1120
261 1064
174 1030
526 758
432 6
822 262
299 563
1109 238
343 1096
935 481
539 279
352 401
979 158
823 584
492 406
434 1022
640 728
185 707
558 84
1004 754
812 120
837 881
270 443
313 812
679 259
605 219
190 769
342 412
1060 872
640 701
1083 103
1035 755
262 854
930 292
406 483
61 460
847 261
1079 938
276 939
392 326
0 359
1009 843
510 240
1106 230
47 416
927 724
682 127
591 505
751 866
706 462
48 113
104 388
156 657
307 329
869 423
822 470
652 253
136 546
931 737
392 485
295 492
822 467
607 297
619 920
817 670
678 548
146 784
469 865
287 678
268 372
377 1097
129 356
1073 703
143 1066
85 221
927 256
618 262
949 580
836 908
198 66
786 848
964 742
1078 125
525 404
819 1101
338 549
696 696
235 512
97 348
116 632
764 923
500 672
483 866
577 814
375 209
931 1088
656 2
253 1019
466 609
406 701
290 1068
1028 1090
954 394
271 500
570 757
343 142
865 692
1006 811
438 686
449 475
506 61
594 314
725 1017
615 331
576 708
473 645
383 748
161 901
680 621
855 376
615 966
681 1106
970 980
962 779
151 317
1051 527
476 161
274 556
327 312
175 935
679 1111
234 148
730 308
350 102
1016 149
199 201
844 739
650 943
1056 1056
24 680
1122 921
251 469
629 601
625 480
121 669
606 710
927 355
314 920
743 239
661 971
788 812
473 319
732 20
1055 305
396 104
331 955
899 795
394 245
301 21
758 1010
435 539
822 431
32 754
466 434
259 768
346 287
682 619
418 1095
785 815
102 205
500 816
969 693
926 952
428 374
612 635
169 458
573 125
528 197
738 1096
441 1065
56 980
937 1016
868 501
1006 196
2 277
755 607
962 160
155 522
804 506
970 351
642 438
401 209
851 1095
540 886
429 475
974 270
351 561
170 429
680 869
806 942
167 877
535 808
540 356
201 660
727 138
364 763
815 485
951 622
821 728
443 466
761 466
919 801
944 157
738 56
32 240
956 792
25 968
391 824
108 508
346 457
772 958
28 529
979 380
389 1033
575 984
797 280
638 745
925 937
880 482
619 337
563 151
333 730
114 158
457 648
729 435
721 388
1000 528
318 70
751 185
606 982
805 750
417 300
21 394
136 693
913 841
698 734
576 117
578 565
351 440
219 992
139 1037
968 570
1049 486
702 453
865 229
490 218
888 589
632 17
228 412
256 971
605 376
923 842
905 831
414 147
580 1074
122 151
874 284
947 710
273 967
453 950
498 911
342 108
798 512
603 531
644 359
418 559
270 345
56 889
213 388
220 348
338 577
206 525
413 451
35 668
482 1055
1014 321
755 762
40 112
612 331
1075 55
750 244
1121 809
274 626
82 967
236 159
529 475
111 939
896 554
14 750
536 587
1078 611
826 620
146 433
873 891
419 501
822 255
984 137
218 453
704 843
870 330
862 773
778 971
504 903
513 830
804 632
685 559
1068 493
125 320
561 184
28 1097
645 438
323 202
924 410
512 397
464 398
392 827
67 675
559 66
390 349
112 193
520 603
785 316
172 867
388 518
1014 341
334 312
948 532
304 394
1025 132
625 799
37 226
324 912
75 642
323 393
724 512
372 677
288 81
511 609
938 845
984 453
499 855
518 209
318 555
364 179
574 208
541 685
725 973
451 547
575 1010
1121 285
941 1005
906 719
757 679
542 241
962 678
34 869
719 995
76 570
377 408
127 665
45 58
677 859
39 474
9 395
229 1009
912 902
859 683
197 809
143 479
843 1001
800 913
645 976
826 33
551 285
428 1028
106 56
869 981
249 84
611 464
751 688
774 394
729 1084
293 1077
633 339
599 1037
237 1016
936 699
209 908
155 313
353 885
627 511
328 428
942 170
386 731
965 1015
812 236
355 734
579 662
83 84
397 10
243 786
185 317
842 840
197 480
500 82
671 919
846 193
1039 956
512 1002
233 1078
462 725
523 484
1010 820
471 799
45 731
616 859
877 732
593 322
778 147
817 725
468 248
393 1065
1017 464
742 926
899 958
1011 373
356 759
1059 417
597 315
412 870
631 686
435 290
459 1092
700 342
756 947
727 501
108 557
1068 768
968 976
775 452
175 547
449 989
536 959
251 716
506 936
412 912
773 372
321 616
279 325
771 248
744 847
290 389
642 220
139 418
779 878
803 780
844 758
377 469
914 154
1052 572
827 150
138 201
147 212
409 958
279 693
211 223
463 528
828 910
223 557
176 1111
426 1019
538 976
114 726
536 200
703 491
832 217
167 998
614 655
1005 631
836 746
405 398
835 677
215 670
999 570
547 839
673 969
465 1013
769 217
649 1012
679 376
501 544
856 908
261 277
834 624
91 812
714 120
600 933
332 794
426 210
881 303
582 340
455 755
996 640
391 819
554 771
215 302
750 380
117 828
247 118
119 979
293 806
1096 298
808 246
849 49
806 82
769 788
265 378
844 926
376 970
1075 417
587 918
124 375
256 648
1000 209
444 56
60 544
720 385
388 53
973 442
602 838
53 406
59 723
186 226
921 82
979 345
968 236
342 980
298 344
249 782
844 308
956 867
1039 219
330 455
416 1120
15 189
372 333
774 840
264 852
1075 336
273 770
82 519
570 896
145 487
221 29
960 470
150 1021
215 920
641 794
505 1072
511 937
950 516
891 950
124 14
982 508
218 20
639 160
1026 405
624 704
662 714
657 388
312 132
5 594
117 372
314 369
391 133
716 795
650 159
985 315
197 657
996 791
721 401
168 394
101 274
224 875
219 92
613 65
527 709
792 60
238 1053
647 472
786 834
153 762
147 215
229 581
896 1032
833 428
903 752
505 583
357 1004
107 362
746 165
714 240
960 863
736 117
979 700
208 662
524 828
1102 729
217 618
210 775
917 877
498 161
907 828
343 853
961 559
705 164
810 651
140 739
147 25
477 530
1002 838
344 489
1115 1121
370 360
997 772
919 1009
952 791
384 737
863 500
109 605
545 415
961 258
307 889
238 418
1020 891
812 283
724 124
634 89
326 913
549 142
317 970
991 408
353 797
883 241
162 489
605 858
468 607
28 244
253 373
346 621
715 975
292 635
722 492
363 574
473 202
396 397
170 396
516 1122
1064 552
532 1051
836 1058
1014 950
144 566
178 240
576 178
890 654
168 28
844 1017
1098 1011
440 528
1040 863
165 64
501 718
629 185
809 143
165 838
1109 226
1017 36
924 924
1048 455
84 771
948 786
212 744
447 75
998 516
457 221
3 446
772 157
996 952
569 280
333 1004
757 729
981 370
1077 1065
1088 288
892 866
193 101
879 830
53 382
705 988
780 609
417 486
170 401
762 361
353 246
402 940
834 1014
458 319
228 605
173 784
152 514
359 424
175 182
309 542
156 997
569 129
358 37
745 261
285 151
60 995
723 776
310 792
689 307
749 29
498 107
264 864
880 804
1121 129
422 658
141 1072
434 708
165 578
963 371
926 304
340 935
166 669
353 313
970 227
983 974
835 701
104 195
117 321
141 757
753 982
254 34
735 454
437 709
152 394
1098 337
466 753
1123 290
564 838
181 946
199 989
330 350
179 231
60 527
820 859
1121 388
26 421
112 910
1086 163
399 142
506 79
413 291
225 702
1103 119
271 639
150 150
779 505
488 795
234 641
407 274
722 683
137 145
335 913
194 585
1053 340
770 265
40 889
931 930
209 171
290 1119
203 607
204 695
582 230
151 493
272 438
522 471
952 154
338 1078
435 968
797 154
153 603
220 1051
803 770
900 483
426 16
381 164
121 1006
287 604
89 159
813 602
870 938
403 390
1097 217
254 402
974 1050
602 649
889 993
312 815
378 847
552 150
867 820
141 90
162 765
343 352
500 397
101 766
187 906
660 323
336 156
887 1101
557 111
960 756
988 80
605 268
928 104
1039 706
8 240
408 707
995 594
604 445
1072 676
267 637
566 666
467 576
212 1067
295 1038
876 175
710 3
489 527
661 825