223 757
889 580
613 1114
707 155
575 742
512 866
1016 693
206 441
631 804
307 1083
813 404
601 866
40 744
107 314
580 294
851 521
858 302
709 757
363 535
739 108
863 915
738 568
447 480
289 515
519 419
424 776
18 494
703 158
124 368
638 129
555 454
676 447
335 638
652 814
310 377
676 338
244 497
793 1062
432 981
449 274
5 508
643 605
865 658
236 663
307 684
123 479
305 705
687 912
487 922
174 656
710 722
684 787
805 452
1005 24
614 112
712 397
180 1015
821 249
219 444
553 176
940 643
280 487
793 701
443 353
915 364
531 1059
428 107
305 198
519 409
806 526
815 787
45 206
738 730
1111 550
843 383
959 680
286 221
671 468
774 1057
530 538
100 300
315 1096
538 578
653 940
619 876
876 526
276 466
776 891
596 303
848 619
886 322
757 399
945 409
807 827
796 341
135 676
474 193
398 585
439 930
430 365
272 286
935 491
375 233
341 909
147 509
927 404
811 474
966 412
536 786
983 600
195 194
810 744
978 50
1084 293
897 1013
694 945
476 151
928 493
81 325
1055 939
806 653
46 170
172 962
756 128
828 710
9 446
198 817
495 76
372 794
1006 761
140 157
603 31
504 935
797 364
953 713
944 639
918 678
988 943
928 163
922 602
248 391
1012 171
1045 679
798 825
787 943
306 632
637 786
632 96
588 711
391 102
791 522
1004 798
875 497
721 781
245 123
427 644
1051 777
192 102
847 908
255 789
63 504
569 192
163 172
377 541
415 359
135 429
1054 878
581 740
238 852
413 1006
975 924
621 709
812 640
245 525
123 199
474 940
247 543
740 387
114 499
1026 763
571 365
611 633
112 274
820 885
865 216
232 789
469 504
811 404
180 977
763 851
759 869
1015 963
972 492
689 145
498 121
451 165
263 195
997 1005
279 581
397 508
789 1031
482 724
240 899
641 386
827 893
1002 959
457 750
414 1027
446 821
946 306
300 610
164 194
938 337
467 560
792 134
760 287
940 261
987 391
907 409
439 567
328 934
570 229
582 258
280 981
92 229
918 148
378 730
705 249
707 253
759 364
547 652
278 264
847 574
923 417
745 344
1121 859
356 505
83 768
150 468
575 925
422 1010
700 556
607 352
690 755
921 433
536 268
846 190
497 348
903 24
490 128
600 126
592 365
688 383
638 666
298 484
853 457
539 98
478 289
278 634
1011 88
596 341
894 15
505 901
467 534
476 380
585 406
536 412
874 774
609 762
481 272
289 632
276 156
241 434
99 156
1012 673
785 151
989 463
208 637
339 827
258 1022
981 336
342 355
634 668
668 1030
862 375
21 138
491 288
454 736
431 198
155 824
70 489
850 617
677 354
888 808
956 111
836 520
824 638
123 1010
928 100
191 1045
260 295
787 815
938 356
945 317
912 503
942 983
115 396
1023 159
459 234
541 402
363 866
712 656
212 463
1118 264
305 382
541 900
378 499
1025 948
204 260
1003 346
773 606
844 449
686 160
97 312
704 756
999 485
456 138
309 607
873 1031
817 499
282 795
352 8
763 858
601 670
411 141
3 225
543 739
413 739
775 352
958 210
419 579
319 972
966 1102
109 537
868 1105
322 954
962 387
170 660
55 116
993 951
522 614
45 440
606 108
473 83
335 481
352 312
283 611
779 225
104 791
1115 439
684 723
851 224
364 832
105 1029
1037 610
179 156
951 245
325 201
209 995
872 313
815 350
142 624
933 281
116 543
59 894
291 995
712 600
283 685
486 152
216 95
148 596
806 640
605 682
471 378
1016 559
219 189
882 235
651 876
852 214
930 348
796 487
889 835
321 166
706 879
1013 468
830 358
1011 88
1010 1044
868 484
187 564
997 266
88 986
463 197
457 1011
380 100
670 397
114 141
213 640
640 1094
567 778
417 219
229 549
581 47
479 930
162 1004
809 926
1045 345
456 177
799 1091
107 668
78 640
622 764
792 982
207 66
554 639
796 619
725 662
788 427
127 122
709 1073
700 270
249 961
923 821
364 415
245 1008
605 744
83 60
827 613
580 44
131 817
201 1080
408 879
1011 152
787 295
202 234
108 777
635 213
611 293
757 469
738 23
737 992
251 638
530 1120
814 246
579 503
670 580
354 987
1091 648
168 668
554 313
858 883
156 625
765 576
747 659
51 821
924 8
226 718
989 776
298 322
526 1105
344 298
870 1060
260 943
110 283
349 781
717 676
790 800
973 276
946 316
454 144
214 809
617 391
566 321
447 556
1046 1003
930 1098
220 693
804 411
878 894
735 659
438 593
704 556
789 241
903 812
293 301
206 8
955 442
624 955
468 651
841 403
767 461
948 295
768 748
253 973
335 748
1119 334
476 892
571 691
694 948
562 835
1022 388
581 990
12 848
667 462
964 245
812 524
248 556
523 834
803 971
95 116
460 36
622 318
983 202
419 378
810 603
103 865
568 929
229 1023
792 437
273 441
14 380
846 913
746 1045
623 663
700 256
756 422
80 751
837 329
432 292
222 528
810 206
492 429
316 203
516 656
114 94
706 556
138 168
16 489
593 1060
168 506
307 940
726 975
639 658
386 855
367 113
569 1123
415 970
699 80
435 979
688 954
457 693
446 731
959 716
447 748
852 858
350 102
507 343
1055 100
576 246
151 429
25 762
505 639
958 1003
1018 710
260 470
659 37
154 849
517 993
357 559
797 544
520 518
953 432
956 356
710 526
514 260
282 917
701 604
784 1063
354 504
435 825
364 708
172 1048
107 570
271 161
388 719
256 640
830 931
33 981
974 653
1023 885
614 642
117 566
794 288
156 617
371 680
588 975
500 130
855 349
882 329
580 1057
467 309
290 980
949 543
958 652
744 360
369 178
663 443
551 697
159 395
616 519
6 683
463 284
270 892
72 890
302 117
573 433
336 690
849 241
937 476
920 477
559 417
126 1049
762 1077
1087 582
562 1064
715 782
124 672
883 518
269 626
899 888
305 246
800 82
268 905
720 314
951 342
696 705
527 1071
13 167
126 1015
39 517
380 340
755 715
4 1098
1040 1016
579 370
404 1054
84 228
358 780
688 802
754 597
977 921
196 394
676 621
1074 913
324 1004
894 798
415 629
731 709
767 814
109 685
496 958
867 629
544 296
112 397
392 555
305 491
396 578
549 950
855 827
362 896
1015 952
940 696
906 245
407 865
412 494
756 78
119 297
276 327
362 906
492 906
777 60
896 420
464 851
772 663
412 483
319 365
381 1032
433 508
933 391
779 906
316 339
748 654
379 718
787 856
831 703
436 288
589 141
967 808
674 179
647 900
308 467
1018 268
323 895
437 530
531 859
495 466
1045 1000
382 799
960 481
412 658
596 820
494 769
857 357
706 30
781 17
920 578
1005 542
255 267
650 937
552 1058
637 699
199 481
884 1019
448 72
174 127
760 925
644 701
860 73
981 445
905 559
1016 1025
990 221
127 814
831 652
1119 651
554 340
335 304
891 918
668 825
507 809
218 472
365 801
609 355
717 686
76 209
532 772
928 447
192 274
712 362
1120 828
1003 783
484 719
752 820
203 714
640 241
759 456
236 1042
837 1092
634 447
944 637
917 950
124 361
557 595
424 911
990 315
388 112
593 29
420 445
644 882
723 701
643 269
1020 216
735 403
710 849
464 823
207 978
439 679
923 916
136 56
285 631
880 776
757 688
378 156
275 801
948 113
732 792
210 1004
211 673
338 197
838 719
1056 326
241 610
653 440
222 264
290 476
743 156
1119 908
253 86
722 949
290 141
1004 228
248 897
202 742
882 320
1078 1040
999 775
147 674
246 942
680 550
910 535
324 295
718 384
544 566
62 89
990 909
991 348
145 860
525 73
120 1020
403 564
736 189
227 191
812 50
150 133
409 137
109 561
993 2
154 881
373 104
298 1008
550 848
532 772
206 664
209 799
607 894
252 718
801 976
785 224
838 737
913 897
864 654
749 695
384 84
19 942
869 566
360 435
662 1092
135 642
836 246
202 420
243 26
887 385
184 563
285 17
278 901
175 972
58 728
244 319
682 5
833 802
249 1033
152 124
975 113
1026 610
708 402
298 418
795 667
411 256
801 591
1007 474
539 198
33 1017
656 799
256 337
998 374
653 944
824 122
454 1009
734 671
332 1001
911 468
827 612
654 206
192 104
963 552
983 453
213 684
117 439
933 124
804 1023
445 293
605 172
811 1005
502 267
329 151
301 1000
334 847
1092 374
677 443
797 342
179 335
937 666
609 944
980 570
290 885
328 903
845 612
1018 604
474 426
828 148
152 225
109 990
813 747
225 798
585 518
940 392
610 993
429 349
790 809
47 287
804 798
519 10
347 1020
429 63
370 925
656 127
596 899
979 213
945 656
1117 925
527 690
900 530
985 653
831 603
301 303
940 838
684 729
343 823
50 705
988 547
655 848
870 120
5 296
641 403
229 891
510 189
856 267
749 88
21 762
363 90
683 250
973 1016
567 147
923 840
185 1110
497 776
384 530
930 165
818 245
567 617
202 192
427 809
602 639
79 838
19 912
949 865
489 306
160 803
1070 38
1051 4
663 675
498 1027
845 866
909 159
355 787
707 342
433 709
420 389
610 533
547 536
240 694
454 697
624 688
471 975
771 136
356 746
821 949
489 346
1111 202
369 304