339 606
1099 606
994 943
317 613
363 479
225 706
458 618
1065 266
765 618
702 748
544 199
232 702
624 825
514 27
515 558
505 217
1012 856
212 249
548 515
371 992
583 612
603 895
270 1043
305 690
982 1032
197 311
709 434
850 601
444 781
547 786
366 475
697 349
936 116
267 737
213 425
910 699
896 947
229 1093
994 864
955 860
780 731
295 716
832 594
499 1036
131 970
297 496
391 527
415 279
221 633
1010 279
538 295
128 162
1015 302
9 646
632 149
442 879
414 378
1020 411
913 670
1005 107
354 766
1020 222
321 735
755 684
564 143
191 904
220 978
403 826
564 405
829 672
89 445
768 914
284 976
876 170
1013 367
554 1061
214 657
773 799
415 179
504 726
406 414
924 535
804 933
1037 73
192 120
75 945
11 599
820 110
903 531
471 476
724 846
720 858
348 228
202 906
936 1012
480 910
592 46
608 467
887 756
312 797
547 708
250 181
877 949
226 812
605 299
622 121
372 204
654 1097
263 629
596 920
101 924
1106 427
37 584
186 320
612 187
603 322
228 581
1058 982
817 155
526 753
197 513
639 879
379 1074
844 316
299 662
428 85
35 845
970 324
991 948
884 683
939 591
190 997
1074 640
91 826
298 882
608 487
370 380
211 338
775 317
934 593
687 695
664 901
537 419
605 914
773 119
853 977
1051 150
476 214
163 576
669 266
513 36
68 728
193 149
51 1118
523 858
911 784
506 952
257 186
289 850
433 268
799 318
293 936
631 291
611 1045
918 10
1040 878
635 627
479 647
841 434
869 642
320 497
877 434
949 815
848 60
994 968
999 1116
438 301
740 778
136 350
1078 69
321 575
700 142
995 935
387 737
145 1069
651 114
175 582
647 513
435 1117
172 708
889 142
999 825
82 110
459 492
21 688
830 531
973 672
265 349
811 591
493 651
1058 237
732 1085
782 559
1062 376
123 338
444 973
1011 389
678 395
568 488
512 620
393 641
1093 208
1006 277
207 268
858 498
926 1037
950 585
959 702
1114 678
912 491
150 896
746 685
601 501
958 984
951 131
308 468
333 567
420 762
139 388
726 484
888 1007
892 113
592 221
526 745
166 310
274 802
514 555
285 825
844 479
537 572
399 38
839 1011
995 1041
1043 813
1019 960
87 558
655 952
1005 284
984 12
1008 128
331 164
716 1082
634 935
93 441
263 1056
869 346
941 189
1018 841
410 759
234 838
247 383
840 1009
730 212
551 313
988 338
677 159
594 514
43 255
476 698
242 584
863 43
712 879
375 1068
19 481
435 742
482 567
162 240
450 372
728 453
496 495
386 356
661 743
963 945
209 621
219 573
516 993
446 477
136 321
118 1116
92 384
381 48
829 118
874 509
526 162
1006 980
955 231
828 300
416 941
421 160
756 614
897 821
187 636
853 150
435 902
948 693
355 374
603 127
1009 403
1066 548
659 992
307 718
1059 966
795 483
814 536
1024 424
750 217
724 286
895 546
264 619
1064 234
1074 896
154 33
1012 291
792 975
816 137
200 322
845 152
1002 566
670 892
407 325
139 190
361 153
762 703
312 906
991 964
467 657
1023 452
543 1011
1047 539
128 578
773 47
503 752
290 414
139 991
726 869
619 129
580 1068
119 546
288 886
430 589
615 266
216 551
800 714
756 1068
261 271
748 693
971 281
759 519
477 574
154 1002
579 897
555 717
938 42
146 254
298 974
170 627
125 823
1003 512
32 601
1064 532
615 806
579 1109
181 806
240 36
550 428
379 892
1026 876
333 864
540 245
849 805
832 139
498 525
393 250
232 566
384 1050
787 1115
873 169
967 836
518 575
169 262
1026 1028
102 0
618 237
827 353
1025 672
1008 96
430 825
527 356
612 117
571 369
145 946
933 223
114 672
83 771
582 587
140 723
892 1016
307 125
436 426
675 1015
236 615
443 133
609 925
650 310
68 815
392 1032
53 462
678 658
997 903
539 225
1020 818
992 948
838 300
27 889
851 348
615 587
347 862
1018 117
252 1090
105 395
659 650
319 918
595 273
22 340
913 392
943 149
432 1094
62 464
614 521
672 416
342 923
493 472
949 925
401 471
620 1061
438 1018
776 66
549 702
506 807
789 1040
889 810
1059 16
273 1084
876 1052
413 409
503 919
318 321
399 717
108 363
756 597
852 79
120 342
853 491
128 429
745 886
531 938
836 436
627 762
635 198
259 456
719 1115
509 998
1001 836
476 842
146 1094
575 1052
248 1074
1046 855
724 307
958 984
1009 5
633 533
927 890
716 465
21 458
1099 808
925 672
60 1046
126 426
1107 601
566 183
798 832
896 786
250 582
45 1039
253 455
465 223
389 942
80 164
912 817
666 818
956 441
76 1009
954 527
578 1008
918 346
771 143
217 196
577 1020
203 1113
379 744
807 949
632 809
904 446
862 772
168 224
607 229
1007 420
890 364
297 698
284 762
908 918
66 977
501 118
109 396
241 783
550 549
686 197
844 526
371 787
722 3
609 204
339 716
570 293
283 325
231 413
11 562
349 654
1118 486
4 337
651 202
308 128
419 738
944 165
374 404
868 181
179 264
765 256
510 206
359 207
129 892
767 320
910 382
497 605
409 954
384 734
292 497
348 728
666 877
984 40
795 961
1053 933
777 891
881 331
743 618
556 267
596 155
1096 846
438 761
368 102
411 331
511 976
191 967
593 576
1120 954
877 983
546 514
620 976
800 441
218 668
624 196
3 31
465 778
1020 875
1027 120
450 943
690 999
319 427
485 140
699 507
432 805
437 652
570 188
963 281
666 588
439 468
916 647
899 298
1120 305
1010 321
900 118
528 539
835 757
267 955
883 585
771 667
305 624
479 702
930 598
961 143
287 378
579 756
3 702
500 808
202 278
610 376
459 600
392 754
3 472
170 604
358 68
143 103
346 802
591 804
171 953
678 183
830 907
340 329
790 576
445 67
597 585
336 215
705 551
379 290
767 98
870 592
636 392
648 154
266 490
845 215
660 463
602 696
183 478
909 605
950 471
424 673
618 231
112 937
1010 829
178 831
652 220
134 166
828 434
663 174
1010 573
289 575
686 382
772 956
601 762
730 1097
633 504
908 854
179 803
286 1105
467 1039
499 115
80 963
686 209
345 459
290 504
1010 937
184 979
825 204
822 844
743 721
759 212
190 372
305 340
918 537
103 315
639 165
1088 407
23 416
398 853
476 12
403 244
441 393
108 1006
514 839
800 872
1066 428
824 172
437 1076
95 739
592 186
801 303
58 763
439 187
1098 836
170 126
204 261
496 635
552 979
626 309
464 817
928 1028
1067 499
705 628
665 543
734 683
1075 655
249 178
317 500
1090 275
859 306
842 463
390 629
1091 660
916 883
115 672
1066 597
47 831
241 13
330 555
268 628
583 234
874 534
728 143
734 765
672 826
743 1079
218 661
317 1076
499 978
358 193
169 263
187 569
245 835
133 1091
151 888
917 791
480 1074
987 416
780 909
298 1065
240 869
343 909
1078 557
635 842
231 637
55 437
361 852
166 743
66 438
589 305
145 653
579 523
18 619
67 243
319 978
343 851
36 1028
430 714
759 1055
965 559
233 718
824 512
248 590
468 1064
447 38
884 471
546 352
779 924
214 477
939 630
571 715
748 498
403 93
871 1009
659 701
323 941
512 220
163 706
545 733
433 768
722 728
384 901
547 194
264 1016
962 165
1028 145
474 122
370 558
869 991
649 619
1023 1036
673 672
820 554
799 721
835 391
356 1051
381 756
635 996
737 91
802 751
176 578
163 656
902 874
112 465
338 734
267 415
292 128
332 1020
269 735
392 422
1036 744
399 542
486 933
908 1052
770 979
558 105
358 517
345 1073
637 837
879 432
706 471
299 1050
956 991
359 648
787 169
840 486
195 420
515 692
615 172
666 426
216 360
140 1102
1022 662
997 40
914 431
841 708
525 1002
186 982
157 678
863 641
271 801
784 726
684 118
640 897
103 850
843 503
405 1077
691 222
335 414
963 786
213 82
911 838
348 96
353 424
430 938
1 890
359 835
907 89
795 38
470 818
925 648
75 53
535 473
715 946
544 26
602 674
570 341
209 29
869 538
491 987
206 728
1075 1084
1028 135
301 714
8 281
453 618
1003 298
609 108
233 508
653 170
443 49
446 823
521 227
529 562
913 180
15 965
679 275
795 611
143 508
400 810
139 984
282 213
896 521
917 1006
527 1094
682 941
1047 599
1123 316
126 736
522 733
305 353
678 1060
872 239
859 35
1070 968
861 431
412 717
347 535
748 105
464 697
829 679
1026 163
236 703
334 794
517 406
821 964
363 702
565 880
249 501
950 1091
682 532
554 115
851 111
17 508
727 371
375 470
207 494
580 884
914 942
384 824
758 974
280 160
297 767
99 562
694 951
87 1113
972 483
112 709
876 279
707 458
113 338
561 971
721 156
74 882
401 496
541 956
606 557
941 602
1001 960
624 351
55 315
911 422
859 204
215 551
436 874
663 106
290 456
43 769
967 122
253 585
1041 267
453 818
291 350
377 473
277 834
811 781
244 1074
275 531
990 930
535 332
621 1009
507 643
98 1120
972 992
485 957
185 197
715 689
1023 293
854 41
611 1030
220 250
432 632
353 101
361 14
639 1053
904 978
712 679
532 285
602 577
121 1062
263 1007
421 875
133 267
937 241
160 210