78 749
476 358
494 1099
699 492
488 794
250 1054
831 936
183 486
1022 832
1084 744
667 376
526 160
130 891
514 902
807 1057
529 555
546 117
986 953
925 729
300 540
655 820
565 97
812 704
473 546
3 970
511 581
278 123
589 1068
916 547
970 151
230 314
705 736
968 140
483 318
358 938
434 750
770 357
924 782
725 481
1 59
492 5
177 928
302 755
352 839
652 718
755 566
954 993
251 519
105 421
992 434
848 549
356 44
874 918
472 659
833 1108
323 729
128 729
578 121
719 586
763 809
1010 213
517 150
426 736
151 167
456 815
759 1083
1110 434
570 980
113 180
978 792
126 198
839 164
397 528
450 538
600 1000
102 257
591 311
872 511
865 159
1025 839
608 700
986 591
188 441
76 198
902 763
752 197
873 191
1069 68
978 111
305 975
412 307
745 120
804 989
564 314
1027 902
373 656
839 935
855 1071
347 894
246 172
202 762
220 317
874 226
450 335
799 544
431 672
600 416
672 310
1037 951
737 973
634 510
828 810
858 486
56 1002
233 786
224 300
173 663
125 1105
474 117
584 305
822 521
940 206
253 737
11 739
125 915
935 365
473 875
8 411
153 675
324 603
870 344
250 1007
1101 309
154 586
234 604
1044 176
741 436
696 617
367 7
614 294
670 114
591 53
158 987
554 879
387 886
507 630
225 441
812 669
659 874
253 550
1017 752
355 257
238 296
84 245
438 849
761 800
298 798
159 964
196 727
331 876
846 326
764 1021
773 924
947 677
827 757
365 1005
126 564
284 577
826 1071
798 958
987 1052
781 553
631 963
304 215
746 928
810 985
851 108
1073 383
795 687
225 601
718 448
434 625
481 860
434 326
820 526
127 387
486 262
180 193
171 517
779 384
257 1
194 223
343 894
705 599
910 393
159 696
467 435
404 821
411 721
927 8
518 205
632 312
478 960
724 313
445 482
486 691
606 384
297 549
321 438
916 762
142 99
842 840
221 795
219 608
67 249
890 494
465 760
304 952
460 382
279 326
653 427
907 694
936 301
1090 853
478 139
722 341
555 388
120 772
63 372
623 1051
320 575
158 401
127 979
534 249
951 915
1019 625
420 526
449 872
28 292
697 534
260 727
748 113
999 742
931 436
226 901
184 142
749 731
501 409
958 358
332 213
266 870
530 981
975 981
799 721
290 919
521 15
876 942
368 925
605 351
1086 436
683 805
223 993
255 958
210 988
973 220
761 1089
423 607
194 824
810 720
239 984
269 426
200 489
264 764
735 474
1015 306
1068 1017
709 346
522 992
581 347
113 326
507 730
692 536
443 955
194 968
479 749
408 912
134 453
389 76
247 38
945 560
263 877
695 272
386 1114
130 966
966 897
1054 780
880 362
487 1104
1004 217
534 144
518 1046
994 257
402 592
1001 670
609 934
839 78
331 647
806 674
873 614
912 269
869 377
1057 712
975 1109
401 196
549 341
166 1110
661 521
245 863
1084 436
94 171
600 307
847 999
810 730
869 599
259 659
122 719
662 931
543 591
256 416
666 615
712 663
798 891
437 864
281 208
299 600
777 313
874 358
931 280
744 550
720 471
727 936
778 57
0 622
586 716
627 468
354 281
898 435
354 703
921 228
694 337
390 744
914 79
666 870
786 149
558 1018
155 713
644 1019
806 238
192 917
255 1014
869 985
529 546
188 281
646 458
5 65
580 194
566 257
186 822
374 826
99 621
154 787
686 726
645 622
376 676
1085 897
294 595
808 215
704 914
538 276
390 13
196 922
731 446
1102 217
251 662
560 669
1016 378
299 1017
133 800
1113 232
199 176
882 666
788 479
542 407
253 426
835 74
654 253
654 952
468 121
76 751
490 405
177 421
976 230
370 319
57 442
136 337
347 233
270 326
191 190
561 482
73 432
453 441
1026 547
323 935
229 421
43 138
1004 351
197 89
891 983
288 647
676 559
515 729
219 919
940 1020
321 267
262 411
733 307
353 297
375 218
313 947
215 906
650 824
56 537
449 420
288 515
478 825
111 209
532 825
177 568
500 764
533 909
1033 752
343 315
517 291
1075 415
150 522
723 70
858 641
677 492
736 844
161 728
311 702
395 931
684 313
900 409
635 547
546 283
193 230
129 679
1048 333
915 1050
337 124
287 480
496 324
877 639
38 441
941 170
404 514
346 281
373 214
124 481
187 995
158 735
56 260
745 746
447 208
676 1022
592 648
693 224
1053 182
787 381
377 242
21 502
711 259
806 251
320 484
1 948
861 282
740 911
209 564
745 98
483 809
188 63
560 841
347 272
234 662
459 650
186 211
159 476
269 271
633 223
204 811
764 228
1047 361
224 946
117 156
487 385
653 449
585 614
862 901
11 117
863 1066
112 1071
999 848
20 1080
719 296
757 710
511 518
147 441
834 1060
730 372
625 775
197 903
453 511
902 631
1020 43
268 772
761 997
400 631
127 930
244 1074
336 480
321 638
632 771
623 907
903 435
282 874
648 827
1074 956
1008 374
443 563
966 775
118 175
949 37
814 679
695 481
736 799
569 474
972 514
295 741
1049 600
444 369
388 462
674 32
406 720
1020 270
731 960
874 1061
577 850
762 854
243 838
233 359
966 415
213 127
188 129
173 824
279 855
64 750
908 661
236 159
873 673
780 687
556 155
770 182
245 503
115 991
1117 705
219 152
695 592
909 1051
856 924
762 961
530 598
585 874
938 363
934 926
467 545
200 918
761 110
375 217
762 90
655 581
597 506
627 943
692 433
676 872
108 272
941 626
307 893
833 1114
690 549
801 136
164 816
283 727
478 735
670 617
872 399
111 1110
619 381
637 117
820 632
964 160
280 623
717 532
577 110
1049 665
873 330
255 739
388 790
110 739
335 512
217 804
695 796
386 411
980 849
464 719
534 972
822 927
328 899
130 482
259 253
891 311
533 1094
361 182
227 928
3 1026
860 6
597 923
799 843
595 146
106 63
1012 343
652 215
868 234
1057 288
927 625
419 1067
125 808
1059 526
488 715
41 245
679 734
858 635
270 1029
616 131
1044 908
954 12
112 243
365 191
512 1050
341 719
268 648
1096 198
537 198
692 331
3 234
847 59
194 412
655 128
1004 850
75 513
802 530
713 321
190 188
225 385
359 962
961 194
752 709
346 775
176 532
174 164
865 410
531 667
313 135
580 579
651 993
398 857
644 834
317 297
658 781
552 829
1026 670
1037 639
53 179
129 106
368 582
135 692
366 291
711 512
662 954
962 149
215 566
779 689
323 205
664 552
839 584
425 334
1109 552
462 599
450 22
421 578
758 120
694 415
849 621
1089 329
478 447
1103 117
347 413
648 222
274 345
757 170
520 426
327 43
537 620
1022 443
158 891
814 232
144 247
978 159
815 1121
947 490
1056 796
553 893
151 903
1119 1030
462 144
584 1043
791 763
703 787
292 722
839 10
232 222
452 797
837 953
825 604
81 486
483 574
795 805
398 523
806 988
598 647
692 692
96 1037
942 1055
218 292
963 1021
215 730
785 327
655 266
120 1005
726 1037
64 484
403 375
416 983
296 145
381 220
935 895
450 270
231 1088
548 177
608 381
1118 421
664 437
1080 688
663 796
668 218
753 172
131 836
418 157
110 442
601 1116
452 32
41 1002
511 427
1052 340
407 103
537 807
1080 739
617 940
974 969
229 592
244 750
654 656
417 236
120 946
854 299
475 760
439 625
884 498
542 19
743 1009
262 236
1014 387
428 482
242 254
1011 633
287 688
135 702
449 464
837 38
444 800
986 915
945 914
170 900
335 957
552 392
536 190
2 918
837 987
193 524
610 970
790 169
110 369
606 518
386 548
470 377
728 1041
387 324
399 945
907 609
516 1119
36 851
68 262
650 862
304 174
142 712
163 441
898 63
667 1000
897 308
837 775
732 175
203 939
602 741
977 1072
227 418
714 714
377 641
945 909
669 682
101 972
1009 894
784 793
296 805
108 876
247 169
751 156
990 141
757 20
68 672
643 728
825 528
410 881
786 600
508 573
866 387
950 720
745 882
321 415
145 892
683 68
143 493
426 401
711 796
1031 474
878 764
1065 1075
279 608
906 124
1119 481
881 765
862 195
609 1007
519 693
687 742
580 1113
735 267
254 528
275 889
1016 933
783 450
989 320
171 720
444 1091
675 167
895 413
489 151
683 207
864 298
74 43
496 496
714 708
303 699
549 211
31 733
578 175
654 243
540 758
713 283
388 857
1037 593
600 477
922 1105
208 401
210 156
944 575
893 101
683 784
197 974
691 956
560 679
614 66
356 150
335 378
160 804
415 635
192 898
425 551
862 724
342 623
423 39
675 497
266 1005
1028 186
904 1100
393 124
244 270
559 1095
90 467
991 564
886 683
621 625
133 940
836 924
619 200
964 1109
823 864
19 969
956 559
1105 203
928 775
125 563
266 185
867 100
958 466
755 652
148 970
994 434
674 279
700 112
155 725
931 421
402 367
784 508
729 988
401 61
213 70
764 618
253 1106
813 868
618 798
54 566
323 928
41 836
993 800
186 160
857 419
232 924
896 559
27 928
426 389
1100 470
751 9
1064 129
595 816
693 396
452 697
1041 952
981 477
378 877
648 165
58 185
993 474
466 433
1057 513
836 753
888 559
755 494
438 598
701 962
415 489