486 907
401 90
396 798
862 899
946 843
906 173
955 857
796 992
934 129
866 330
115 532
1020 266
9 180
410 988
1107 283
119 402
706 963
336 379
695 878
1056 445
388 48
116 977
517 744
393 746
827 576
723 575
56 814
253 705
345 991
576 516
675 961
1109 764
216 934
662 936
791 322
366 351
911 1090
135 27
700 162
660 31
564 238
208 1031
950 390
962 568
128 576
818 631
841 1002
1120 612
529 890
819 306
181 246
392 49
1018 301
219 714
648 16
485 36
612 865
256 489
757 301
963 317
541 1000
154 262
82 241
225 737
282 774
919 801
506 277
790 105
889 276
200 367
848 691
617 929
997 642
458 597
510 107
373 843
887 208
895 693
711 458
765 457
598 467
98 182
969 451
124 695
246 119
263 1010
318 467
450 832
574 360
144 1105
107 122
702 1003
182 960
873 81
329 613
546 791
942 236
725 190
498 427
626 709
1098 294
670 871
419 2
922 935
248 571
145 110
909 752
475 791
707 853
735 1043
973 520
1018 915
683 627
214 1119
758 457
593 592
928 215
294 981
904 347
431 383
968 259
149 107
547 533
996 150
14 195
427 1042
250 247
159 561
213 85
775 511
637 902
463 371
112 956
616 900
266 399
235 463
507 1000
868 317
163 643
722 575
483 722
916 977
871 779
135 333
947 121
230 427
565 660
818 502
618 755
186 604
1008 39
465 34
696 180
966 705
788 624
1079 1012
295 381
98 887
654 698
661 255
332 453
829 106
353 37
876 389
879 703
934 198
131 737
24 987
722 572
131 343
382 1060
665 930
665 153
990 690
336 594
245 1004
429 803
442 517
334 908
923 453
597 164
674 723
876 206
422 104
135 874
1123 572
1002 921
319 540
606 749
1038 795
604 750
579 48
985 572
119 255
572 562
393 124
393 367
888 577
39 372
546 555
766 565
918 3
608 933
880 481
333 592
347 873
455 708
114 240
439 532
515 672
1017 382
508 248
916 419
1007 877
1051 826
24 784
1065 676
245 910
377 656
118 80
470 482
173 1086
396 577
300 228
566 181
806 953
332 685
219 197
631 781
463 1121
947 136
608 510
25 819
678 120
904 947
920 787
129 907
461 713
269 749
337 292
661 777
319 166
1023 798
1042 1062
589 440
736 578
148 966
550 924
590 197
739 900
796 459
1054 976
472 307
449 1057
337 939
967 1050
37 181
848 535
181 109
1093 937
837 728
1082 58
1063 861
82 148
805 693
1066 165
310 619
336 1079
310 195
147 835
864 885
191 654
968 612
576 278
790 1026
347 144
474 594
549 710
949 919
105 909
455 282
269 183
84 715
629 641
676 905
201 296
297 672
541 486
869 698
111 928
306 241
855 863
1006 1040
777 14
559 308
885 142
120 1070
930 457
733 780
728 632
575 767
461 472
258 347
41 681
425 322
518 518
265 427
222 478
8 240
686 260
638 742
607 736
799 982
531 28
150 665
446 944
944 494
709 265
842 301
812 179
377 453
283 783
165 632
949 579
176 332
620 881
949 331
204 810
520 684
855 696
806 215
624 811
627 690
443 853
184 312
876 937
1118 328
319 197
397 1
1044 533
112 932
251 476
82 692
934 661
92 358
725 1086
857 565
314 440
922 471
438 873
180 197
375 387
991 212
1010 297
172 110
607 121
461 968
868 931
592 740
983 74
877 942
935 1015
921 944
600 906
528 34
702 360
375 768
199 780
871 689
981 388
426 1031
1067 410
248 878
829 1081
792 104
45 623
248 844
1012 388
214 533
739 957
69 798
219 1060
727 801
626 297
728 937
982 359
652 744
702 586
331 414
512 463
851 319
1106 908
628 999
436 916
544 205
117 475
344 655
1013 288
1085 397
635 946
351 193
1031 46
348 923
885 903
238 755
611 687
370 1080
593 1067
872 390
79 1058
522 954
60 540
688 873
116 168
221 686
297 336
674 2
302 329
836 849
861 246
1052 460
320 160
148 922
769 690
207 211
565 258
622 211
382 656
116 114
256 1019
408 747
710 171
397 214
813 449
230 594
460 578
389 536
173 607
1066 880
412 971
813 421
646 342
257 556
901 504
825 707
129 801
887 639
669 762
895 418
891 1049
272 957
304 446
1032 934
420 1024
596 826
869 1052
923 229
323 1101
79 770
407 688
998 865
1055 753
897 602
526 614
553 111
575 407
133 1102
964 784
342 449
1116 1098
503 1090
80 719
418 891
890 610
48 621
762 429
514 929
515 739
703 751
1 904
689 839
787 268
881 920
604 480
334 855
1069 388
210 24
377 265
983 286
284 701
169 246
769 892
941 70
563 518
568 13
38 151
921 495
862 726
572 131
583 751
161 503
943 216
492 508
672 756
966 581
978 134
151 755
804 95
854 732
952 1051
539 592
161 393
368 623
408 871
426 759
315 671
1070 395
169 366
1080 821
173 697
999 603
746 465
906 733
343 44
1054 1057
699 181
772 108
1118 522
350 371
577 640
262 380
127 988
652 50
629 395
767 180
293 255
960 246
142 333
274 316
898 619
884 284
866 247
832 994
382 573
902 414
745 106
187 922
335 1071
483 813
555 976
264 600
786 461
729 540
1076 514
610 739
709 206
99 840
407 397
984 399
971 959
464 157
512 590
170 164
279 603
678 3
401 580
954 525
465 620
187 953
326 31
290 596
968 218
668 363
513 759
467 742
910 741
682 19
430 339
224 662
687 804
957 893
752 173
833 311
535 354
238 772
603 343
477 605
891 610
1022 861
263 128
436 246
272 553
826 684
260 960
225 762
592 876
480 617
512 917
384 327
562 1083
761 789
410 968
874 53
194 302
271 831
531 428
532 667
151 1009
164 525
360 481
571 812
464 627
358 976
298 89
823 413
504 445
612 577
381 337
898 373
742 148
1006 759
1100 653
618 1096
265 854
179 736
275 191
175 543
616 994
314 341
308 289
878 419
943 1006
697 3
611 392
280 544
497 1052
193 111
410 875
68 494
728 767
238 971
166 988
43 154
241 862
240 1018
247 512
300 318
949 442
893 787
252 917
329 412
736 319
392 398
645 771
169 274
546 1092
828 121
231 483
532 754
437 315
488 580
572 860
890 893
841 1029
1083 88
600 671
620 216
460 966
210 1085
405 900
699 1029
146 449
11 911
672 1016
405 205
594 805
851 145
713 287
650 999
850 186
1003 186
671 291
699 978
427 1102
268 611
818 399
368 327
140 553
666 407
383 171
335 628
1082 551
875 211
536 902
303 702
790 447
785 290
953 577
1017 981
339 163
218 783
68 988
877 608
767 373
570 601
414 959
1043 771
51 463
279 214
224 292
379 334
992 1022
406 630
871 322
975 998
683 834
100 59
1012 4
203 115
405 591
810 122
396 605
547 260
7 933
628 998
505 736
631 510
1100 604
152 417
199 980
410 150
398 946
821 176
104 435
898 346
41 300
955 806
529 1072
200 681
608 460
559 752
378 462
385 627
462 228
520 904
674 812
859 1070
178 295
723 10
521 275
570 381
467 840
15 643
141 726
584 195
993 136
555 253
301 681
724 862
310 796
161 902
961 625
719 806
570 805
539 637
704 997
1066 325
908 184
207 378
1024 709
529 977
578 1051
737 358
553 155
495 860
792 430
1002 815
978 991
877 698
530 760
703 983
435 385
1068 358
198 597
225 754
338 442
136 1020
199 678
232 244
70 33
483 544
1009 320
218 112
743 793
591 131
406 125
459 665
780 736
231 334
870 790
436 467
739 254
945 1001
856 728
878 50
828 910
965 394
875 988
1084 1020
294 952
70 266
506 500
834 281
561 654
177 646
948 181
234 261
219 194
410 994
53 424
980 613
1076 851
135 736
735 519
313 719
121 228
482 549
482 263
847 1081
780 181
1004 1052
505 713
106 881
74 804
683 879
518 157
1044 1109
228 805
816 370
154 139
1123 829
927 455
549 872
186 483
196 480
452 379
843 977
927 937
609 351
984 593
583 472
155 915
838 1005
805 298
574 357
1078 689
585 483
511 340
668 395
350 668
137 1014
641 612
569 411
456 205
1015 405
309 879
696 868
989 80
277 763
1055 907
600 226
1021 287
492 548
139 122
252 560
359 110
1115 939
426 898
168 480
858 990
173 796
562 388
519 764
778 226
1036 259
875 112
232 778
565 126
731 379
234 578
746 260
271 636
98 272
809 285
282 267
715 422
467 893
917 862
858 156
1023 469
235 207
255 533
661 529
296 791
279 433
900 376
501 134
255 620
1095 997
325 813
670 897
145 73
426 416
896 517
92 153
5 109
908 229
517 613
540 1012
797 175
413 122
569 416
625 317
876 910
379 303
454 560
1066 191
130 769
130 492
689 119
596 153
98 557
800 272
643 666
229 509
603 818
918 497
713 109
102 288
177 661
7 931
628 120
669 1011
1093 118
764 489
506 682
139 496
608 883
519 734
227 1097
121 186
952 131
563 991
132 252
560 580
953 261
212 900
280 386
936 657
890 848
67 1119
706 120
166 517
145 1000
624 767
300 537
350 945
323 399
339 233
3 301
336 383
974 554
967 735
216 162
420 681
813 357
478 1079
192 243
589 117
91 861
956 530
661 593
253 422
752 314
30 584
436 380
880 788
1075 96
641 247
989 83
826 21
934 978
1108 1112
982 291
107 478
629 136
416 474
744 657
448 992
775 880