895 322
1023 77
547 439
287 397
58 277
492 1071
1109 497
367 179
811 246
963 119
774 486
598 109
474 112
871 1008
352 422
1039 558
1118 945
323 465
575 857
149 784
37 762
778 585
49 36
984 594
1112 960
328 1007
280 972
849 936
924 527
446 67
47 919
318 418
232 274
586 524
969 478
360 126
490 309
300 928
603 472
966 196
545 341
243 667
768 556
273 371
65 425
910 1010
159 79
766 349
69 979
164 224
286 988
626 895
530 577
188 49
128 572
387 180
1009 986
173 388
709 236
312 531
692 737
512 293
645 533
649 716
504 216
633 341
725 1039
1116 340
293 229
353 52
936 727
341 313
426 378
159 1068
623 758
179 715
137 697
330 495
370 954
929 497
924 634
425 570
231 9
791 217
938 1015
547 632
220 281
902 554
633 857
1111 987
7 646
555 698
314 438
566 182
869 600
700 600
807 643
484 784
409 3
1029 219
554 536
522 766
318 885
921 895
516 803
319 993
183 260
802 391
426 159
778 143
857 805
545 168
867 456
762 395
659 581
624 535
300 504
286 217
961 711
1058 482
469 159
653 831
611 227
722 69
647 34
400 1025
695 1084
396 392
891 819
811 200
544 907
414 1045
313 809
872 81
782 131
797 170
881 531
611 638
177 107
350 808
998 865
783 959
169 975
745 417
49 699
727 679
567 95
217 847
728 880
1006 223
314 697
881 639
1123 1001
176 711
978 495
685 953
296 804
590 497
20 770
144 794
640 103
230 932
369 338
876 908
777 856
825 255
576 323
980 569
561 262
268 322
4 107
333 539
514 376
679 190
695 1085
57 1085
253 179
601 787
33 173
146 547
389 350
113 9
897 137
546 383
837 1112
223 1011
982 308
321 657
157 682
689 592
921 489
840 657
308 243
654 292
516 232
929 668
630 483
127 518
518 929
197 970
642 384
297 938
973 816
625 864
172 957
740 205
429 495
81 862
413 303
823 221
387 602
640 618
134 471
1001 648
727 312
1030 369
1046 300
634 365
497 498
669 165
280 510
648 606
60 1072
464 363
446 209
42 481
737 843
15 874
292 883
313 690
763 195
1069 15
296 511
770 1087
110 739
109 521
951 367
821 299
525 480
197 673
401 81
913 459
967 442
246 291
113 383
502 684
891 286
386 583
442 389
417 779
228 863
1073 820
962 853
867 859
136 445
141 231
841 903
674 720
979 558
101 849
1042 786
231 130
350 855
74 981
220 451
215 694
547 239
465 974
1057 120
154 940
1088 530
878 296
964 794
607 862
886 862
69 577
48 172
630 687
563 815
435 385
948 419
948 589
236 1040
13 679
242 268
1075 648
103 327
766 968
535 321
399 636
89 607
116 924
991 1077
394 776
367 558
291 433
868 13
232 729
270 148
257 494
992 27
1012 980
1030 1026
927 50
444 789
762 186
313 876
411 834
1030 918
715 977
499 516
1092 237
475 999
724 249
586 1018
502 708
886 959
118 291
859 976
651 780
615 896
112 985
919 223
490 1074
107 182
1121 150
879 465
820 926
64 27
494 606
368 275
766 754
628 917
194 159
225 57
388 255
883 311
393 737
643 291
842 950
1072 381
532 23
962 798
522 317
215 913
440 685
319 168
747 750
718 903
654 995
513 1053
768 945
11 292
109 705
636 930
665 684
194 980
940 602
924 332
189 112
107 176
760 782
904 427
687 72
871 892
932 698
165 364
410 622
255 640
660 217
352 963
997 156
46 105
241 626
991 278
103 1009
38 991
352 843
522 633
872 682
749 861
891 990
1084 1035
670 571
991 815
222 1074
326 42
560 601
858 207
427 962
990 273
259 565
684 330
255 164
564 561
736 753
885 785
410 868
1104 613
336 226
478 204
531 686
566 653
108 608
642 714
418 183
772 236
413 534
262 19
852 1037
110 858
477 289
1120 640
1115 530
394 730
932 41
740 269
251 917
55 1029
636 529
1093 206
158 591
899 558
637 94
443 360
577 98
57 1019
466 766
867 123
117 989
400 158
182 664
942 413
903 469
850 283
652 790
661 418
616 145
189 390
1003 288
119 781
501 919
547 361
859 682
845 48
176 747
257 971
82 313
655 466
773 117
1120 223
824 636
773 4
6 1104
955 617
171 408
927 779
256 842
662 927
451 495
677 577
740 357
996 663
592 1074
544 660
951 326
244 412
115 957
935 261
418 527
139 101
237 573
861 299
610 196
497 753
356 833
782 886
217 1000
928 541
284 1068
856 204
315 199
158 520
675 675
1019 879
610 795
8 725
662 438
341 309
579 851
519 1116
745 818
188 454
87 274
330 913
754 463
770 352
603 513
655 1121
271 714
698 408
304 1069
410 546
492 685
340 142
275 92
215 296
251 362
368 833
470 31
468 272
423 451
71 314
869 803
449 127
768 996
15 1119
435 192
503 691
316 569
797 867
1010 263
110 989
424 968
248 807
734 825
475 717
221 176
491 979
755 77
574 746
956 442
716 53
946 366
965 240
999 944
381 215
225 862
722 366
217 846
882 857
712 145
933 997
718 829
981 607
628 137
1035 565
652 393
99 877
375 229
122 321
211 269
825 789
166 356
873 333
538 449
137 454
858 218
765 967
592 245
466 377
648 311
819 2
696 413
349 898
841 842
177 540
434 647
25 486
10 98
1058 226
111 558
712 766
813 604
139 509
157 475
777 745
111 416
955 1022
905 377
504 382
176 867
747 878
422 709
421 143
350 999
61 405
141 672
181 961
330 799
714 265
395 827
397 598
145 306
444 195
1093 619
879 603
340 390
1073 704
249 961
964 280
888 690
265 207
954 159
216 168
727 737
803 561
340 731
603 967
206 756
768 524
186 245
481 223
605 427
369 1120
182 560
866 140
906 1040
1001 844
52 976
948 18
990 905
384 325
207 454
810 1079
742 503
445 109
674 356
447 553
915 987
454 207
701 190
1092 913
603 132
132 875
569 629
957 497
630 853
336 460
820 895
211 650
553 378
1103 163
723 597
926 452
254 205
63 405
249 512
309 271
178 989
327 946
115 595
986 953
102 109
179 841
455 243
27 1069
815 499
965 166
819 847
102 1006
774 981
483 930
948 847
1014 1007
857 320
666 330
177 304
552 958
392 249
1050 771
1072 903
508 1077
617 650
800 771
416 910
1042 429
532 458
1109 726
821 801
728 792
719 469
510 476
614 569
852 252
371 715
1103 651
111 451
267 680
373 570
197 802
717 927
864 894
366 755
719 966
864 289
1021 370
844 708
963 1006
732 403
833 911
1007 268
505 509
876 177
935 114
652 177
379 108
162 299
547 205
158 719
38 46
426 535
526 294
624 308
780 52
858 699
418 1086
1012 227
383 1035
55 792
463 329
559 145
744 584
283 979
559 125
586 358
200 559
649 984
497 1083
171 590
387 577
296 772
352 1087
58 206
138 1113
632 958
386 455
236 304
216 1055
80 851
107 394
412 47
446 273
210 912
789 184
149 826
303 976
386 546
81 516
649 287
963 336
987 143
488 272
1077 436
436 306
413 1017
916 199
378 515
16 259
557 994
284 265
382 288
1049 332
680 519
212 372
169 383
102 506
837 879
388 814
1065 568
494 406
750 864
977 804
590 206
197 185
1083 138
559 146
294 296
1097 283
246 657
281 974
98 661
986 985
712 809
1086 476
455 672
661 43
359 138
333 513
927 185
230 974
262 592
983 347
365 121
324 81
437 924
130 246
620 95
627 1077
354 259
547 765
985 562
444 864
952 582
888 500
500 327
379 164
660 922
923 111
516 61
1014 810
695 750
962 751
960 261
219 989
785 423
617 300
334 688
266 1074
997 711
731 6
55 650
837 631
1015 240
802 660
81 410
200 260
845 149
170 517
756 506
1045 1077
947 443
105 561
894 310
414 809
311 401
1118 496
399 202
30 430
685 700
922 530
1109 124
606 636
864 980
506 829
738 368
302 552
890 488
1078 435
633 869
119 152
756 1007
873 129
868 512
61 690
320 453
740 1008
761 804
95 838
154 627
422 281
336 430
203 150
748 725
95 106
1087 914
294 321
102 703
419 314
542 679
240 490
310 193
619 313
356 735
184 488
993 552
663 1016
8 639
789 178
448 300
485 830
584 1079
477 433
55 393
1015 114
389 276
830 587
318 604
1108 436
613 211
976 684
327 122
835 459
640 104
500 152
474 852
600 807
372 120
149 678
969 288
735 816
802 990
650 150
508 811
78 230
878 553
844 174
714 845
579 1033
1090 540
528 121
78 468
745 845
139 923
741 270
963 391
643 1000
379 264
327 219
988 949
664 379
30 38
598 342
296 485
538 770
933 698
688 990
280 949
658 379
598 847
1066 75
212 908
1016 477
409 94
542 244
698 791
641 24
180 923
757 567
779 462
335 950
353 991
670 1029
568 446
221 468
195 667
613 48
514 362
400 98
388 795
298 329
842 499
590 104
794 228
879 196
450 844
785 711
622 839
641 419
138 58
335 98
811 816
851 772
600 682
978 230
581 697
762 579
432 630
904 528
887 116
275 324
309 746
187 313
531 795
192 851
598 45
883 351
159 192
619 608
630 710
838 338
2 82
400 73
728 661
951 443
1115 424
673 661
804 494
348 1112
283 782
261 201
484 1056
718 609
1053 283
948 891
136 390
118 1062
229 275
773 944
226 648