811 105
784 976
372 276
531 718
516 889
1098 704
951 435
548 961
618 608
919 1016
578 491
523 280
332 731
728 858
1012 577
541 173
729 214
1114 695
447 257
1112 907
1117 323
927 744
123 335
739 141
25 389
339 150
727 413
815 390
1005 355
296 384
364 455
656 952
264 813
459 431
414 263
360 94
814 679
284 182
448 598
641 34
407 537
594 1011
628 507
1010 238
378 48
1093 1008
838 745
718 768
247 916
546 830
1018 408
389 567
159 704
1083 210
421 80
305 1031
716 512
508 325
786 282
506 35
648 718
727 920
824 994
446 301
503 567
385 118
732 616
10 191
870 684
867 848
156 700
975 294
515 324
233 441
584 565
433 417
425 769
326 159
289 930
656 534
873 568
175 660
201 222
574 926
514 924
203 492
366 748
231 612
851 590
322 971
883 608
249 242
474 342
379 815
946 1033
936 213
568 197
699 355
593 567
759 243
900 134
189 441
866 103
849 940
579 743
893 207
148 471
121 327
727 656
284 878
459 671
334 928
265 1
407 234
817 93
900 1048
390 252
208 885
21 112
1081 228
603 387
771 245
872 175
1121 549
201 1084
146 390
65 583
970 1008
524 537
362 440
601 54
921 724
560 700
556 583
656 465
135 246
805 398
133 835
600 1059
501 216
388 277
998 472
636 584
868 1052
894 48
196 811
47 522
126 1013
375 1065
169 1080
484 754
959 200
697 748
225 860
149 461
125 317
495 549
670 988
663 528
1065 959
815 241
269 693
698 376
891 775
578 689
399 761
806 1016
750 227
859 697
897 136
560 1113
421 731
199 230
836 485
450 693
503 380
583 1060
869 690
3 764
472 183
303 100
678 212
839 882
762 16
838 700
188 744
681 362
205 365
362 1054
607 908
92 369
951 783
361 591
1085 408
529 1022
221 653
425 298
566 1104
336 231
904 212
514 924
801 171
783 82
705 834
1118 556
374 978
150 358
958 320
160 541
803 421
749 487
614 1123
212 236
504 821
1097 282
721 314
260 351
562 280
885 858
453 514
558 924
659 736
362 879
1094 629
881 819
408 32
833 329
511 887
996 913
610 971
825 276
471 488
522 946
102 286
386 895
585 910
864 304
541 222
825 514
925 967
363 1083
573 187
496 523
685 859
449 257
525 752
95 796
848 326
616 233
293 965
1109 398
882 227
125 541
1020 500
817 268
521 1004
528 1052
1024 338
389 790
86 837
453 508
2 705
288 514
387 286
949 494
1055 1007
238 240
134 1107
566 305
856 585
489 534
560 528
233 477
75 217
1031 755
679 870
1025 996
359 357
551 739
695 823
380 935
820 919
202 391
207 423
160 494
345 518
193 129
325 761
509 1034
988 558
895 552
133 348
245 701
582 561
27 754
310 153
835 767
460 145
543 330
247 892
162 368
903 340
232 776
704 846
857 710
901 830
500 10
471 387
790 203
262 970
569 494
839 140
832 219
439 511
246 590
608 926
697 835
938 830
793 576
1081 264
190 573
172 303
525 1022
284 417
773 724
638 985
489 288
818 406
960 438
541 784
343 360
213 529
866 300
555 898
507 472
40 718
251 404
563 839
629 25
146 772
432 785
888 861
1012 661
831 451
729 246
47 780
475 227
921 928
806 924
752 975
363 855
993 793
467 502
641 1111
917 451
268 943
245 368
43 125
417 786
438 88
260 673
827 225
725 533
514 137
503 932
514 326
534 364
268 401
301 808
318 989
143 983
985 361
416 850
399 352
653 255
723 285
756 1044
514 292
2 631
843 749
360 645
874 187
261 569
585 767
630 818
978 803
592 117
227 362
569 16
364 47
427 709
1046 188
952 451
869 764
971 875
1052 635
610 27
558 628
570 837
640 905
726 479
741 53
321 549
489 312
611 114
394 669
1102 715
615 987
99 872
1098 325
628 90
937 365
992 89
88 111
744 991
33 950
624 758
735 1052
389 108
403 375
593 623
833 49
799 890
171 803
334 152
219 609
726 207
334 906
801 519
270 827
440 393
1008 835
813 477
896 154
263 661
261 107
455 270
425 638
857 825
536 123
514 831
767 408
249 965
435 1105
886 611
250 282
5 759
570 963
888 253
240 825
364 807
428 215
842 169
778 301
614 112
755 684
519 293
885 343
885 275
1004 780
266 888
131 994
446 145
605 447
1112 192
735 291
483 586
194 130
356 521
45 644
151 391
561 767
228 943
1119 629
787 768
885 576
194 138
657 360
388 594
391 850
854 11
118 894
684 678
912 36
669 547
1112 546
832 682
492 763
546 741
132 235
574 650
219 511
712 166
811 424
844 490
1022 287
471 456
923 883
1046 312
778 323
291 1023
132 527
361 794
242 166
328 433
684 220
952 638
672 531
1123 616
603 886
920 633
524 867
389 222
120 554
580 339
373 323
1104 545
794 657
303 674
794 748
479 476
903 400
795 581
601 855
347 209
520 264
879 213
84 403
999 53
1011 872
221 234
263 360
565 469
208 1086
1113 200
463 689
878 971
1061 103
94 960
259 1088
472 560
666 679
447 357
837 600
771 694
366 122
752 1092
678 308
344 547
128 891
519 156
507 895
524 471
262 594
397 745
836 218
557 512
986 402
422 145
677 1114
745 105
271 967
382 203
612 776
1090 549
577 1116
424 989
877 32
1092 232
778 138
271 662
658 720
269 47
846 462
47 148
699 577
854 916
744 629
402 121
395 339
378 763
266 158
348 979
825 1015
525 86
250 421
104 950
740 969
768 799
895 1008
613 1118
975 693
797 672
120 400
307 421
758 867
904 140
805 938
522 653
347 240
513 651
412 849
322 427
593 837
141 357
245 154
334 98
365 1117
764 118
487 663
618 883
816 708
246 426
169 614
880 719
767 498
355 333
953 707
678 1005
467 355
572 9
825 248
498 623
529 482
481 1021
140 893
831 557
1087 162
932 385
398 795
149 770
893 932
750 388
34 802
557 655
701 340
844 709
465 137
346 289
339 492
563 1054
465 483
983 1008
470 647
838 733
1116 488
130 397
673 337
553 823
901 683
989 717
595 736
761 1122
327 794
142 223
1103 803
378 960
1045 370
993 836
317 244
709 66
891 839
584 699
903 445
1035 465
652 843
208 576
989 799
1120 476
33 211
149 510
494 992
959 330
648 592
958 432
432 695
502 381
515 355
764 398
119 210
978 967
669 439
473 918
263 81
1034 1087
457 476
945 288
734 712
772 774
635 174
857 649
367 961
827 17
108 302
912 498
838 631
335 516
474 266
566 566
305 29
841 976
549 631
830 627
708 100
1113 252
180 103
185 566
802 497
193 33
286 110
161 843
2 373
106 1022
938 359
220 36
295 691
239 289
255 312
362 319
489 687
228 884
980 398
487 253
813 288
490 630
97 440
117 423
929 150
834 797
412 417
870 245
50 550
625 993
542 613
405 1010
215 254
967 308
795 297
585 382
957 791
998 1029
862 755
45 204
573 509
713 872
474 226
293 831
408 890
85 690
330 568
752 21
624 985
241 325
218 472
972 576
460 484
789 351
219 615
111 836
164 214
742 969
1099 592
170 446
162 737
730 937
587 556
948 649
410 923
967 304
631 1039
146 523
879 529
363 621
914 562
952 913
684 1001
742 248
559 294
742 516
153 37
827 974
233 604
650 663
555 312
884 958
340 653
69 230
887 907
275 790
985 1115
273 764
963 763
1118 653
1062 85
386 975
195 1025
417 245
748 755
590 428
26 313
540 50
471 157
1008 348
214 988
581 217
314 874
898 338
804 1015
727 430
672 143
700 946
106 265
607 481
316 26
615 477
155 601
776 281
194 870
342 721
214 860
472 720
299 243
860 120
419 195
473 1109
1013 229
101 618
144 492
606 325
129 788
394 914
341 444
639 377
52 1041
837 539
882 981
1081 27
374 925
819 218
484 585
541 983
438 816
38 906
843 1105
387 880
131 115
216 871
938 1084
462 668
244 966
1023 949
361 699
394 161
466 699
944 726
543 878
167 978
1121 665
202 713
278 443
249 612
651 127
346 445
641 675
696 70
972 810
719 883
357 287
257 75
327 201
121 733
300 573
594 632
111 628
186 203
664 894
274 957
575 373
350 476
394 661
7 130
387 237
1019 722
521 683
734 767
573 754
1015 340
567 1084
678 979
329 356
487 571
455 291
597 431
712 862
319 774
746 155
640 984
737 176
720 165
833 188
111 209
780 1115
723 164
828 533
298 12
413 790
866 922
154 548
331 519
431 460
363 278
395 479
335 527
1110 1052
527 872
713 471
721 299
636 728
456 791
643 110
359 236
1101 723
427 498
809 239
635 328
1018 263
1029 109
910 375
283 878
122 1114
869 240
489 711
43 987
469 145
575 944
596 849
741 408
191 732
209 173
208 814
622 456
979 968
711 660
987 798
974 417
181 658
827 184
277 382
243 612
735 941
268 949
644 4
299 536
965 589
934 818
567 647
737 614
737 933
518 152
359 696
457 1036
127 937
210 916
17 419
1038 402
994 747
832 631
181 815
911 918
134 839
979 233
627 163
187 268
235 419
299 368
460 159
477 1048
985 684
249 715
425 736
410 490
150 167
995 891
801 1019
542 987
817 670
548 315
254 515
411 930
571 653
720 373
568 891
204 940
905 164
886 977
1017 594
959 311
868 746
341 709
202 688