55 444
472 685
912 409
399 379
588 723
819 483
240 896
1003 129
122 786
460 373
676 821
776 630
956 475
1085 172
558 929
414 596
791 290
113 171
722 193
821 106
507 635
891 827
918 353
280 953
526 232
1024 171
135 427
273 583
881 182
200 756
897 258
703 389
1058 162
569 423
407 862
623 926
606 260
1084 126
558 408
1107 589
118 971
702 139
112 920
1066 2
259 1010
561 503
543 162
895 355
806 803
1032 746
903 1004
485 585
428 955
830 981
544 306
168 287
197 1109
664 258
732 571
695 815
645 292
1086 812
1068 995
36 149
738 526
1038 962
144 61
1063 19
452 523
585 402
85 952
923 699
852 427
252 709
564 575
1024 200
224 340
665 231
665 526
475 453
807 233
299 311
725 975
1097 164
344 1031
629 553
499 874
213 808
940 710
524 239
746 782
145 123
345 790
360 675
363 1039
577 921
1014 894
728 904
97 778
915 932
837 750
923 843
1017 403
832 781
291 1021
711 419
155 1040
998 1009
273 934
437 762
557 881
876 186
858 180
315 936
826 119
846 402
317 673
641 279
1017 574
310 788
964 443
829 999
432 422
275 939
887 293
647 501
1112 659
410 976
730 883
493 504
360 71
192 263
800 294
624 980
518 818
109 995
710 502
605 76
890 420
512 767
279 707
134 424
644 178
277 532
1023 676
190 958
244 77
390 483
324 713
1121 905
403 249
331 547
432 775
713 145
138 13
782 372
288 658
474 234
857 565
419 107
81 237
751 652
200 497
493 974
405 140
698 107
423 914
354 636
957 388
512 958
480 556
647 133
498 591
587 497
372 901
370 175
343 24
822 445
839 1105
587 624
696 957
565 160
331 690
1072 151
350 679
714 708
779 444
305 930
659 771
417 735
547 264
872 216
279 109
445 711
316 266
77 368
735 200
424 594
604 499
180 633
306 487
919 597
573 249
634 113
802 352
932 866
679 438
972 398
1087 211
499 679
174 677
624 993
243 191
301 935
23 12
982 109
608 45
1080 399
369 698
1032 154
582 426
476 275
859 589
1002 1064
1012 50
503 679
934 210
327 814
777 992
955 712
996 406
570 793
429 1009
619 401
573 1006
290 455
39 372
881 681
622 171
254 848
797 468
203 950
170 987
673 868
129 965
921 476
140 996
536 677
531 153
409 356
876 1020
787 414
472 366
908 199
833 323
604 428
928 893
382 176
677 137
1012 976
787 310
225 354
767 637
584 316
1063 558
946 105
181 589
793 770
1089 895
531 916
74 753
840 485
11 312
360 907
573 1110
647 738
395 865
906 129
991 676
2 514
72 408
607 490
543 771
587 1006
735 400
879 414
240 298
398 916
543 396
497 545
380 536
930 1019
427 273
540 1121
281 803
10 546
629 162
518 851
677 112
673 431
474 128
937 931
429 892
234 654
684 866
977 261
617 406
141 924
1102 202
879 213
592 610
520 578
319 1022
905 506
377 599
51 200
837 487
583 720
24 303
560 1023
113 546
104 58
777 790
132 147
425 240
955 986
626 134
424 426
422 1050
590 263
888 33
505 391
243 262
467 200
921 626
37 411
830 818
126 232
425 259
755 104
268 586
376 1048
31 705
1091 293
313 202
687 930
778 309
967 903
876 1002
724 321
227 1016
783 1004
725 763
219 636
908 345
690 510
950 934
494 824
840 177
1059 278
42 167
723 243
949 251
865 593
822 1032
721 912
671 863
1115 235
516 999
111 1079
1024 927
141 449
669 1102
758 907
535 926
561 1003
610 105
698 33
798 732
275 1016
220 957
980 561
680 774
230 1005
395 219
211 864
837 607
160 452
169 584
438 143
989 26
766 487
415 394
459 85
518 740
282 441
228 15
580 381
103 567
967 525
345 354
877 937
234 266
52 429
976 479
247 109
729 611
317 980
352 1119
432 183
956 722
140 692
983 698
457 737
950 818
501 513
661 193
182 750
343 1001
347 293
240 24
882 331
112 961
841 185
182 514
696 111
477 785
262 410
530 646
363 645
714 468
906 754
387 225
215 192
493 984
743 980
956 574
381 371
67 835
816 288
434 169
467 677
605 902
949 675
146 366
50 107
268 380
321 760
624 171
159 35
347 694
970 353
530 85
306 385
535 813
885 879
431 335
457 979
840 770
635 408
894 327
326 934
821 1090
485 716
158 997
205 740
1032 491
334 373
675 161
88 894
853 487
588 1104
739 729
219 809
776 265
206 15
929 1023
847 409
668 651
448 84
539 730
899 899
55 73
185 953
520 575
102 156
657 474
508 906
921 690
1023 603
684 258
457 520
234 504
694 620
680 244
757 1047
14 174
176 300
312 194
745 979
809 282
150 1070
508 365
207 740
761 702
1110 184
966 1114
531 301
132 454
865 582
244 990
756 769
154 653
931 131
842 457
733 364
350 279
687 176
159 776
268 230
342 665
168 392
264 107
1054 1003
855 116
249 86
175 900
769 472
173 669
670 1083
701 572
145 43
261 544
169 844
951 54
752 665
576 921
966 876
748 682
465 406
40 441
167 947
276 764
744 146
172 776
456 559
692 803
793 954
276 28
268 575
961 378
1017 550
439 183
1118 255
135 125
972 555
536 1119
561 405
203 678
778 138
543 242
593 338
727 762
601 959
666 755
576 539
26 1022
324 52
585 168
338 118
183 329
571 651
908 507
609 799
175 753
589 647
786 262
353 641
819 918
265 730
1054 654
461 28
1013 488
453 361
363 985
521 877
175 120
102 932
451 917
509 254
239 408
354 305
900 780
200 13
971 113
429 974
260 989
219 472
1061 615
449 624
771 301
850 37
535 369
1105 330
14 488
655 943
658 772
493 383
645 843
247 698
71 610
45 808
323 941
242 756
339 537
386 1008
861 528
87 421
748 924
272 763
664 955
670 827
539 925
859 585
283 811
692 946
980 685
181 408
499 258
875 964
315 335
677 17
400 664
327 94
431 610
544 789
583 139
562 409
957 1078
134 426
208 148
384 414
852 711
285 1086
194 698
524 453
324 461
927 986
292 716
1098 770
701 298
1063 835
216 869
594 797
475 1010
804 1094
775 718
508 286
306 652
754 606
1080 1094
670 288
323 507
831 467
416 407
407 686
173 417
342 915
285 741
712 478
381 127
88 599
424 419
278 995
660 6
218 3
789 1053
154 17
713 1089
300 966
653 430
152 790
376 582
918 631
747 524
123 548
938 294
105 167
386 824
56 757
1063 432
422 862
848 1039
182 811
223 490
372 378
883 1019
804 85
867 293
965 205
308 809
979 1004
362 851
929 666
215 695
544 853
334 691
587 1040
969 1028
316 939
354 182
154 919
842 950
780 801
22 422
497 470
661 439
728 831
908 797
583 202
240 359
696 240
242 407
995 625
815 997
578 806
911 857
582 133
665 725
142 660
558 818
284 1057
907 126
339 724
364 236
423 478
854 1040
30 937
954 527
1084 74
919 1007
242 576
206 624
611 938
326 707
523 976
798 203
348 673
62 217
778 511
503 295
765 128
622 314
636 143
82 45
1049 233
1121 775
675 591
882 837
407 753
112 356
619 477
141 776
808 434
449 854
966 918
208 1078
225 293
295 750
361 170
383 302
866 471
703 817
397 975
462 165
693 290
790 293
983 586
1082 125
23 534
252 184
240 734
1003 372
815 265
193 339
437 699
267 764
854 68
783 184
168 413
745 246
6 833
502 745
565 586
118 999
359 373
364 651
1070 610
495 113
207 65
651 850
928 975
923 637
671 438
583 160
444 450
460 671
976 411
58 523
686 910
746 729
99 382
527 148
489 737
114 621
661 934
197 690
994 268
217 324
800 690
656 1077
769 816
382 491
656 758
996 674
555 348
865 272
83 964
876 197
138 1123
214 221
1085 559
318 442
675 923
716 186
389 515
29 229
239 1114
734 921
326 504
846 232
555 931
1093 798
127 515
758 487
824 638
1096 1065
916 406
286 1013
83 257
827 582
118 306
178 192
334 871
807 606
219 332
513 977
141 631
343 450
47 965
631 782
666 493
810 397
224 769
264 361
794 779
658 229
515 344
724 942
310 641
344 472
241 954
339 569
131 661
65 498
648 251
478 324
794 694
940 760
838 26
263 607
480 707
312 321
385 790
627 408
1023 974
259 690
629 390
865 437
924 618
463 56
828 259
715 731
415 556
200 220
635 774
160 157
134 678
943 383
426 530
485 636
882 375
571 853
1060 669
811 815
0 172
182 613
296 868
965 337
561 151
293 535
857 991
866 717
818 646
584 490
875 501
996 509
341 420
627 552
1092 739
625 768
407 1000
255 705
952 627
170 429
280 885
799 540
846 894
781 982
766 875
805 648
105 615
854 1097
802 636
178 403
267 324
88 204
392 889
676 971
565 811
513 233
380 717
37 200
673 137
718 672
336 52
751 471
118 441
372 304
911 553
759 1023
456 933
853 846
902 982
1000 399
997 278
93 462
133 755
345 378
213 90
974 532
802 82
943 255
464 920
534 561
886 422
61 656
975 239
1028 797
438 1086
677 885
18 812
1063 376
955 45
430 444
156 390
112 504
946 41
876 648
181 271
1061 614
317 722
163 887
731 457
397 33
849 962
740 544
514 309
464 883
166 533
973 925
925 57
669 663
466 226
1071 186
643 940
508 239
446 949
667 340
218 732