163 123
1010 482
843 292
579 412
10 244
188 746
598 306
831 370
821 767
664 318
21 432
162 1111
521 497
696 937
494 533
130 798
719 300
360 597
844 464
998 145
601 357
809 680
129 647
186 1003
68 0
89 748
186 484
460 760
1016 904
921 985
397 285
461 640
166 439
909 1033
593 966
734 94
976 371
304 1022
33 242
1007 670
836 463
317 477
37 245
995 329
857 77
887 1096
893 637
125 108
433 260
994 195
517 397
465 720
663 485
775 337
666 895
1009 593
554 339
564 369
485 378
425 535
171 532
698 325
614 146
140 527
502 505
758 982
943 87
581 361
227 72
792 439
554 440
594 493
963 884
1118 153
556 803
1012 102
169 928
10 12
927 963
813 525
901 896
568 924
342 375
324 499
412 735
810 1002
804 991
697 537
485 780
892 667
675 341
127 233
946 932
655 907
904 165
520 801
539 129
458 839
101 598
44 162
215 202
100 1023
177 826
934 894
1047 704
500 633
470 890
1009 750
589 232
338 1001
1105 743
637 530
873 994
467 508
189 656
68 767
501 313
1040 188
441 473
437 708
482 664
623 898
922 249
764 1016
259 515
857 939
344 16
884 791
149 142
490 227
559 238
723 301
171 570
933 1046
1015 128
90 690
959 63
1109 254
170 918
675 546
1116 1020
1101 998
790 719
257 730
259 361
889 1095
123 749
975 879
802 1048
187 488
1087 187
101 1105
608 266
327 794
457 935
1010 313
223 487
151 880
23 326
28 881
862 160
247 998
112 117
123 1034
979 1024
90 828
59 903
382 619
1061 484
171 972
402 704
228 833
789 903
93 323
355 841
569 356
302 854
740 693
207 195
547 196
623 250
314 974
81 155
689 963
52 867
603 496
251 24
403 429
655 207
713 89
4 320
256 156
1018 183
720 147
871 235
867 1099
214 225
291 135
446 979
387 741
209 175
293 403
321 467
347 68
418 78
673 318
1081 519
878 210
330 264
275 107
1083 862
175 939
439 883
653 878
906 796
410 665
485 192
1099 246
310 856
550 644
309 454
175 567
697 684
789 285
614 1043
790 869
754 100
1047 881
1010 833
768 951
190 221
483 357
956 1005
300 803
1014 885
281 1089
559 403
442 468
553 752
634 723
376 350
695 965
57 679
751 77
313 130
228 936
748 894
183 464
381 210
1016 135
500 865
1000 616
186 808
394 953
514 200
1066 288
934 243
607 475
982 588
500 489
361 1062
706 907
381 933
972 1061
620 722
726 772
497 858
879 673
445 661
134 1038
290 157
771 825
633 1018
439 650
976 297
1040 514
309 533
448 871
792 735
636 747
581 729
264 418
317 884
283 47
692 538
152 763
825 809
627 421
826 346
429 763
786 163
232 179
379 568
24 878
58 561
914 714
141 605
757 835
882 233
50 230
969 141
871 167
546 143
705 912
1068 476
939 85
253 548
101 963
465 118
800 458
758 1028
1013 875
317 534
125 815
153 1108
378 1103
269 758
27 864
133 297
369 448
541 583
623 962
576 104
401 234
102 78
882 374
309 514
311 115
657 155
353 678
648 572
965 285
875 208
924 224
381 351
790 220
564 162
483 267
0 461
1010 430
962 218
724 81
616 202
907 908
521 456
751 198
988 180
653 212
861 521
147 161
537 966
682 220
790 824
1069 691
424 220
879 299
620 739
480 1016
175 145
973 895
182 913
448 686
917 515
104 1095
267 138
870 503
864 576
580 409
682 399
55 514
281 134
819 766
647 853
477 414
239 113
573 530
42 510
1020 871
691 103
464 356
394 570
510 955
603 955
800 556
991 943
736 326
548 276
676 719
838 276
579 1012
742 929
151 461
1100 907
324 594
233 1038
376 781
812 186
516 563
18 895
38 827
1013 223
232 391
1099 109
425 1096
748 231
682 323
414 861
303 762
379 907
902 812
578 1118
328 831
632 711
990 223
396 891
838 511
59 425
791 131
821 890
962 784
0 836
874 426
28 626
553 1023
950 521
467 520
438 194
480 838
716 110
949 965
203 310
388 832
753 470
989 303
655 974
919 718
267 764
843 420
373 839
957 837
398 620
756 840
905 538
364 767
48 754
178 604
1002 511
749 181
105 938
466 363
158 292
428 564
411 1016
517 900
699 68
708 564
1026 813
776 136
150 314
208 497
939 863
924 762
1049 459
863 503
578 210
606 636
941 988
13 568
587 790
528 958
224 303
744 372
593 307
206 252
229 676
828 497
754 467
826 282
439 200
967 976
168 690
513 563
863 637
354 554
649 345
260 152
749 341
274 429
931 1015
792 723
267 448
664 769
651 853
694 340
757 881
110 868
291 850
931 407
991 815
379 436
223 399
553 124
864 220
915 902
763 175
853 391
871 764
708 277
766 799
183 945
818 155
410 621
315 445
621 681
147 453
64 124
978 703
1000 337
734 554
61 936
1090 1013
77 366
504 853
105 1013
212 833
549 1091
415 360
917 914
149 185
69 213
872 955
242 555
71 140
775 682
722 937
346 700
213 33
959 182
847 920
121 157
149 1019
552 850
118 819
678 381
607 589
341 128
640 997
363 800
1008 1019
175 687
717 68
305 359
181 810
933 615
1117 841
145 90
712 42
552 214
1112 1086
368 724
218 1060
299 283
647 267
757 565
975 397
441 252
472 443
317 1108
223 376
870 368
221 505
346 522
1014 194
653 295
564 528
101 576
724 612
249 897
386 31
482 306
621 932
876 859
976 344
128 1066
778 786
795 644
215 715
578 307
166 337
287 142
863 843
300 1112
372 788
157 772
58 650
600 780
120 558
831 1108
1010 331
993 337
701 995
370 192
512 296
307 911
407 959
870 390
58 823
97 503
541 639
921 173
281 434
705 533
517 250
924 556
60 561
516 80
179 545
308 837
855 119
460 232
686 500
650 95
122 387
504 705
636 554
212 985
773 769
455 460
15 10
186 324
319 445
213 943
222 997
737 1000
859 549
184 338
278 473
435 923
904 950
921 432
696 1055
814 889
937 991
761 715
759 830
497 1016
357 395
1040 921
845 342
754 465
875 304
1117 912
289 782
202 331
855 370
548 1020
315 420
718 151
1001 807
235 1009
1004 261
472 698
544 813
9 307
83 748
205 666
796 870
686 328
854 593
245 339
874 851
129 830
230 836
718 179
846 761
792 814
387 471
233 210
888 553
976 933
983 399
803 807
873 1070
71 35
62 691
30 987
463 1037
388 331
649 997
1085 279
479 477
834 762
567 188
219 724
1055 609
729 919
742 551
213 702
150 753
464 111
342 101
939 267
865 782
745 414
229 240
995 1042
937 771
4 219
240 909
1014 508
798 195
877 436
1078 76
330 334
380 753
285 808
69 392
454 400
79 479
124 1005
872 458
161 420
621 693
678 812
585 786
851 786
306 1078
978 992
846 216
217 236
547 64
422 20
426 855
726 1026
416 398
642 850
825 223
245 788
152 529
113 948
106 24
1048 1056
984 801
997 775
1000 193
20 191
290 294
991 145
716 992
610 351
93 476
553 290
317 502
968 882
17 925
1047 491
73 419
670 790
120 1004
307 524
247 574
122 548
727 733
684 658
329 615
244 30
397 190
283 344
861 726
762 577
736 610
669 855
203 122
557 744
635 256
702 1019
651 616
131 635
755 416
314 934
424 502
371 1096
499 656
566 555
832 1062
692 205
780 552
399 828
489 595
958 446
136 743
1072 860
1059 410
143 269
753 387
803 372
113 300
327 19
872 51
100 578
594 143
1036 664
895 909
202 1118
129 863
1031 447
796 416
264 212
286 327
334 328
231 963
256 422
558 272
792 410
542 240
376 408
536 475
276 589
925 578
404 1056
67 903
210 277
320 509
557 15
163 377
976 563
690 883
330 482
366 374
526 776
396 564
1069 913
925 976
202 272
17 208
311 74
778 691
997 486
507 1090
389 786
759 299
61 1074
644 426
920 977
648 602
945 257
150 1044
877 199
482 1014
616 1044
516 651
249 977
920 704
346 144
86 727
583 549
852 831
773 651
600 1003
865 283
610 925
969 343
490 760
299 113
246 84
525 819
222 217
548 775
116 522
1032 156
857 39
587 208
527 291
952 429
964 415
831 871
738 808
703 525
291 380
1027 905
734 1046
128 866
515 1026
511 404
39 15
183 720
405 658
969 669
70 1003
286 365
549 563
937 1119
819 200
633 752
426 1
545 1076
37 991
211 893
284 164
861 407
312 183
686 801
287 137
197 627
250 928
728 710
558 254
566 738
423 249
160 573
371 194
973 799
46 954
245 84
279 328
912 851
560 1003
439 874
616 402
231 59
233 924
292 870
601 377
36 238
709 643
1117 610
805 213
971 93
226 880
270 814
307 436
639 395
604 402
713 693
655 561
667 378
137 596
340 770
954 774
702 982
491 571
374 903
1110 743
751 199
15 548
942 305
705 241
490 675
729 405
668 190
601 400
569 185
498 385
398 439
818 915
332 866
535 450
949 175
386 128
306 854
758 644
261 137
0 392
121 346
463 323
760 110
231 980
206 834
249 524
1012 1079
1009 759
178 814
878 199
192 748
334 464
198 452
896 564
475 760
767 991
336 961
945 852
421 258
424 559
948 989
218 1003
620 414
928 43
1056 263
957 5
897 672
114 74
852 308
1048 991
496 453
451 202
1063 14
545 720
108 524
701 316
416 239