284 484
795 663
496 204
774 774
1018 888
285 683
845 973
666 644
600 558
271 725
765 315
286 1000
586 957
554 835
395 643
925 571
75 884
491 735
704 408
595 259
229 622
467 631
291 599
997 1120
950 789
448 947
476 762
348 45
723 837
946 890
315 263
298 374
528 411
639 291
516 398
187 994
836 713
1119 676
176 746
134 866
259 1044
488 460
993 513
586 66
977 471
435 926
285 673
198 936
597 1005
645 994
1087 1046
728 797
449 403
583 135
718 356
545 895
709 1045
623 1045
278 857
544 548
1067 1092
501 468
644 152
431 859
694 166
471 825
555 19
677 291
462 926
405 375
550 550
807 754
643 511
949 621
414 395
182 631
189 780
464 626
579 186
206 312
1075 396
667 393
671 600
202 923
626 999
335 443
782 1091
90 98
453 154
482 540
290 776
536 1000
944 1105
268 489
280 493
615 485
93 648
403 474
487 300
444 1071
866 887
319 467
831 1061
515 517
533 816
6 307
14 1048
674 968
440 448
529 640
232 664
711 522
358 1072
910 123
618 1038
917 133
634 583
300 266
220 358
107 983
283 1094
202 269
71 666
924 446
444 683
296 662
851 292
904 208
839 878
691 876
877 900
514 582
438 518
222 740
237 726
984 1020
1019 741
660 924
119 1001
731 372
921 761
871 904
161 1015
756 639
406 297
380 438
663 354
75 338
725 157
189 883
190 629
148 799
158 502
269 489
193 763
941 656
284 658
967 894
877 379
849 480
947 585
1096 8
309 1008
441 577
607 1100
112 767
136 459
741 102
49 1120
294 177
275 639
199 187
206 351
721 160
706 667
745 633
333 166
967 3
430 426
402 402
219 1001
97 69
547 1095
789 554
151 267
237 389
722 266
390 924
311 839
747 416
421 279
1027 467
591 602
465 1020
565 794
799 149
722 1046
247 847
594 843
363 308
952 736
300 367
7 3
244 733
216 969
1071 774
801 569
147 149
245 201
54 621
168 785
581 509
693 384
347 813
482 747
559 537
575 198
961 1071
507 455
619 548
549 1033
100 614
572 654
988 424
529 751
822 633
878 984
119 846
281 445
499 835
650 355
685 404
341 740
550 782
595 224
417 594
961 777
465 103
872 412
152 757
190 258
970 873
410 748
428 347
741 654
488 953
163 979
1093 412
989 4
130 765
183 457
240 872
154 719
320 849
250 458
874 865
370 1002
272 539
187 213
506 530
1046 129
1122 91
368 24
479 777
960 494
37 728
18 1068
899 180
517 311
232 193
324 384
806 758
234 143
249 558
388 267
100 85
874 1042
938 612
504 666
399 497
170 906
182 147
266 516
1026 166
957 555
961 630
845 74
520 126
679 587
214 213
412 741
1014 699
690 585
966 233
836 108
465 911
962 958
927 521
906 422
433 744
170 955
739 662
542 293
401 732
774 690
229 171
144 750
336 194
963 545
928 51
604 1086
397 171
586 1109
391 972
1014 440
712 887
257 852
550 842
190 484
219 125
304 512
200 997
949 693
282 21
142 456
926 576
1095 901
819 762
530 1044
727 481
1047 612
799 494
674 858
722 698
12 972
559 710
872 508
493 114
789 132
808 603
412 352
106 412
212 679
107 534
477 804
333 275
436 1062
194 428
356 148
351 781
398 999
981 608
1001 411
174 410
1031 792
754 802
884 1021
490 625
350 737
726 712
375 110
274 484
313 721
525 601
181 632
1029 984
867 951
1046 19
571 952
818 458
529 1118
748 606
501 1058
1096 229
980 852
638 566
930 729
982 638
650 856
948 924
796 15
924 768
370 132
312 935
979 540
376 1036
731 698
254 659
795 951
555 636
215 841
941 232
686 589
193 136
596 514
187 286
412 50
189 410
632 797
389 930
624 748
746 749
880 162
356 525
675 162
123 840
674 992
837 136
444 530
444 945
695 557
175 625
424 544
814 98
381 742
591 336
401 560
1063 930
103 623
627 1103
351 205
608 556
229 200
312 477
118 945
357 470
132 609
362 896
553 235
825 363
117 583
168 789
71 804
175 199
442 143
529 679
763 543
322 847
889 329
393 783
707 530
318 647
634 1094
53 942
85 968
276 766
424 140
259 1116
163 427
842 143
428 617
288 407
228 641
905 768
262 722
323 164
785 27
525 203
618 431
601 700
5 447
809 140
220 371
423 907
654 480
104 152
535 869
426 364
829 161
253 246
170 887
584 344
159 182
388 619
531 804
284 1104
1057 490
750 115
890 525
222 332
147 923
609 1044
178 748
181 194
682 1042
294 457
458 884
895 960
380 908
434 490
228 235
456 1043
774 274
429 465
171 482
239 358
475 852
710 928
9 512
83 803
937 664
812 449
733 950
572 308
429 320
534 627
836 740
528 429
322 547
61 418
855 338
982 416
874 832
533 573
643 307
258 929
707 167
952 1078
802 179
119 94
957 767
658 171
600 919
388 198
726 513
966 528
227 913
915 611
295 459
199 755
115 296
873 831
128 845
656 294
932 327
328 1107
558 144
1005 32
456 489
695 262
477 746
272 908
347 185
770 789
159 1099
581 995
104 653
380 458
177 972
1085 968
361 913
423 623
397 826
751 473
225 176
295 532
647 239
643 350
709 893
855 35
249 711
317 362
867 479
307 326
512 511
584 490
640 872
428 1110
608 485
1032 537
102 616
895 922
563 893
871 143
649 897
535 623
936 1115
145 763
482 935
802 805
479 117
439 143
222 839
336 819
690 248
264 553
1022 227
407 318
17 609
340 252
442 880
760 133
700 618
767 133
282 218
205 817
107 495
148 333
355 974
425 701
645 701
431 660
536 927
679 786
642 1063
706 205
256 234
851 301
948 239
849 28
102 852
704 229
535 34
934 735
449 794
436 1003
230 316
797 34
1109 772
979 843
950 640
313 404
472 799
481 748
878 289
1102 234
841 922
119 910
1025 469
532 144
335 402
90 405
732 860
579 733
224 411
624 883
934 268
801 825
800 408
68 1100
257 538
517 1096
875 64
262 432
783 645
1032 484
1106 927
845 470
494 262
879 835
287 917
964 546
437 141
771 549
137 85
594 405
999 558
872 711
474 909
626 862
874 318
489 242
976 437
7 994
933 544
994 806
573 709
364 824
106 135
213 277
798 160
593 335
931 585
542 409
252 831
1025 95
166 69
927 1011
209 21
542 1091
331 213
61 910
163 681
949 934
590 967
176 561
996 842
159 963
976 208
655 365
355 991
252 402
938 429
1106 947
1118 846
432 882
195 1066
326 346
946 1053
757 994
489 208
221 1067
314 80
635 439
1013 765
155 397
654 643
172 360
893 163
810 92
895 681
420 581
888 552
399 509
315 427
218 372
456 878
963 907
849 63
288 19
1065 664
938 825
741 959
599 938
1086 785
431 655
827 1107
654 341
911 792
878 631
575 186
990 181
135 293
809 26
254 475
868 448
760 392
532 396
1067 906
327 494
148 734
361 260
577 1026
105 842
183 706
77 17
969 541
331 878
149 793
1081 885
745 630
854 902
1111 357
874 571
634 1069
487 564
167 499
225 783
44 540
579 1019
815 972
995 983
94 592
212 236
122 200
1082 719
1111 299
158 941
736 998
626 866
476 993
534 550
1024 567
157 811
459 414
287 1105
328 865
600 78
747 295
520 699
567 260
676 217
616 302
104 702
231 694
717 948
598 736
354 874
1061 402
646 690
224 554
785 277
1089 933
412 672
984 170
381 287
487 760
318 1064
708 959
524 445
505 298
188 79
1011 320
846 937
319 837
773 429
68 601
274 1084
681 387
471 950
486 523
122 1114
128 371
466 1015
720 935
342 920
203 1086
397 229
967 1084
622 146
290 1063
480 881
1063 738
824 289
424 196
1009 980
614 690
1095 565
271 758
439 816
995 365
355 305
980 597
874 403
688 365
314 1119
447 319
993 248
260 838
320 219
735 940
274 323
441 605
556 862
278 847
1029 825
205 735
805 788
1069 714
457 781
993 897
230 1054
693 7
1006 585
387 210
246 529
543 1000
266 393
970 883
581 629
560 778
309 604
76 900
225 9
608 403
652 111
258 479
858 376
639 840
625 824
601 720
675 477
807 794
321 182
672 1011
274 325
979 472
941 437
989 475
336 661
405 619
122 877
670 1008
530 911
156 350
145 11
871 749
361 357
678 1009
879 267
962 558
463 835
396 345
950 835
94 920
20 322
209 872
419 597
798 282
806 118
404 956
1014 961
962 690
254 305
961 782
957 974
28 77
453 502
484 1103
104 983
896 539
215 825
1020 610
758 112
467 199
371 952
600 114
775 615
723 960
572 747
1025 1055
281 177
851 663
570 697
444 574
700 739
280 683
99 672
673 1089
277 1004
892 538
415 935
562 359
366 37
1102 946
13 874
688 711
548 400
880 278
323 1035
143 498
744 689
183 25
658 928
567 494
871 977
640 355
832 319
746 131
114 605
730 1085
159 341
433 977
775 508
892 656
433 61
525 496
70 296
92 898
923 737
582 415
964 782
786 236
204 1033
155 943
987 392
366 720
216 518
748 774
1112 249
411 845
630 260
527 923
1020 177
556 214
513 266
596 1103
508 598
322 398
477 184
954 1034
82 381
803 242
227 1042
113 713
897 945
375 427
688 339
893 944
36 861
530 506
1018 772
830 724
216 198
143 318
489 208
271 468
765 298
674 179
348 564