826 883
830 43
574 853
141 476
770 428
296 332
1085 77
347 932
188 912
659 213
273 978
386 132
658 855
409 157
869 678
406 207
597 236
710 580
798 996
281 401
424 1038
269 693
908 901
112 291
646 822
1001 564
607 675
121 1118
443 1081
733 393
563 553
491 177
180 666
965 981
1052 669
589 109
15 563
675 813
794 300
735 146
1033 818
1099 372
288 228
399 294
708 577
247 450
874 546
474 408
1085 30
827 999
861 693
21 974
490 843
946 508
518 940
628 603
958 827
799 611
231 557
694 221
234 355
845 640
672 181
779 556
1052 325
528 833
656 585
281 568
546 374
114 947
267 364
23 867
298 57
631 822
324 571
469 594
330 738
329 11
310 298
926 710
379 853
364 303
1046 160
1001 879
403 501
859 956
402 212
685 406
74 102
633 393
872 453
12 321
109 970
689 284
290 544
635 250
1113 344
799 279
920 312
109 127
612 855
565 94
111 938
364 409
928 935
151 925
1101 283
515 330
730 96
527 841
113 757
663 246
9 465
921 1123
385 121
805 501
329 164
1048 694
691 574
153 500
838 517
352 121
651 930
171 22
282 822
138 918
44 873
616 604
200 878
891 599
952 236
697 130
454 445
604 706
871 941
989 1072
710 1000
596 142
637 196
742 116
575 788
457 720
347 261
136 296
231 723
1027 444
231 706
186 324
486 657
698 853
232 809
822 791
435 841
530 443
550 323
993 606
412 337
406 816
261 375
621 545
396 265
794 955
1009 579
270 406
418 433
504 150
370 208
910 237
877 272
908 918
65 561
1021 1026
611 756
952 717
50 51
945 559
91 409
353 380
352 377
310 503
530 474
320 153
623 1107
500 988
934 308
721 327
327 471
992 3
755 752
727 297
997 456
203 472
829 875
598 708
60 734
495 696
542 625
728 932
817 597
219 139
472 1053
681 680
318 882
959 373
1096 547
539 147
850 383
910 775
672 357
707 224
912 413
395 389
157 994
298 811
394 131
737 323
394 467
564 1053
46 175
503 922
650 717
780 706
346 760
420 644
293 914
599 567
287 307
560 1027
1007 831
940 907
131 891
197 1036
754 574
171 735
627 49
883 257
587 726
371 590
774 867
424 565
1015 1080
289 306
951 626
916 1016
649 198
936 994
441 882
515 655
1117 407
372 535
796 843
598 156
118 941
438 314
227 57
398 673
379 349
459 817
922 76
17 178
660 858
1013 813
116 998
227 369
243 1014
872 237
809 1092
342 714
655 653
446 941
718 484
766 180
160 782
700 293
113 820
1118 564
835 1000
171 319
465 738
941 318
773 386
983 182
258 539
362 785
32 644
819 726
884 473
728 931
392 878
924 754
298 1032
467 581
895 377
449 905
834 427
181 762
548 179
898 530
363 156
998 709
861 724
638 972
696 343
392 535
220 873
467 389
742 229
552 541
163 870
625 831
231 144
543 400
591 625
839 927
523 815
526 1002
929 344
933 455
526 1084
690 777
36 997
97 286
334 83
437 747
216 631
898 649
294 309
599 485
535 499
1040 911
686 695
174 331
244 5
562 271
823 233
199 990
233 970
878 1033
623 986
294 335
82 826
205 911
358 70
922 133
237 309
515 895
445 7
230 494
886 874
651 225
514 228
649 288
179 1057
874 878
10 193
503 931
210 241
184 120
561 4
954 53
698 1035
146 943
764 358
674 925
717 365
730 300
804 830
581 1079
711 305
637 561
652 808
444 486
224 100
332 515
888 439
604 861
508 638
484 809
18 595
298 982
800 369
134 209
1016 746
860 492
338 257
439 866
606 116
1093 959
774 458
705 663
869 208
109 104
836 295
505 90
862 852
706 545
761 243
1015 968
703 1093
180 884
890 923
641 1031
2 527
378 353
457 1043
736 369
671 687
723 185
634 877
1080 504
735 573
446 632
223 765
373 613
712 847
1023 379
168 39
785 227
967 352
156 192
948 414
671 218
867 190
96 892
812 569
323 656
294 273
603 265
176 1070
135 191
585 829
95 789
190 396
912 1025
237 976
1105 686
845 966
647 750
46 226
186 889
128 1009
129 381
804 795
319 894
755 390
439 797
283 810
542 204
747 690
47 806
198 785
874 723
258 850
625 471
9 554
291 374
634 975
970 489
642 22
160 470
1073 853
909 383
512 870
583 825
725 642
589 927
399 85
464 717
944 463
403 955
507 29
642 91
259 842
326 762
332 574
884 687
241 276
911 1003
968 113
726 257
515 772
529 467
411 239
493 97
383 385
439 654
269 346
539 209
1016 315
1070 986
919 618
657 700
390 395
902 1076
460 1025
355 222
832 638
397 555
552 221
667 1105
290 814
1028 898
945 533
826 1120
346 1097
128 284
364 905
185 452
793 657
986 605
253 636
649 922
367 761
64 490
646 1020
933 641
386 454
978 222
688 363
635 273
167 429
261 111
722 765
310 991
283 325
115 50
609 1100
306 409
891 639
521 731
758 681
39 185
122 553
344 1005
848 972
850 553
262 589
133 218
978 153
847 147
428 472
250 1011
442 473
270 869
747 213
282 549
518 589
360 750
51 664
448 361
763 414
131 883
1020 674
465 129
115 351
16 820
827 861
469 422
189 220
963 599
328 3
138 242
1053 826
178 243
96 762
577 636
856 203
986 244
546 230
919 957
432 183
25 959
19 407
270 222
268 889
782 1043
26 181
361 104
416 354
844 622
1002 256
307 302
208 306
575 312
623 254
641 439
972 654
1042 444
37 786
299 702
942 779
903 1046
232 1039
127 685
600 270
638 776
167 673
958 817
159 964
834 932
544 852
1013 836
113 227
363 548
1018 715
918 877
625 1016
166 806
315 1083
660 79
524 678
700 512
246 740
427 717
461 10
652 929
776 447
1045 645
826 61
524 192
25 932
565 789
1037 983
0 299
666 1056
361 598
393 1062
970 57
589 204
352 287
867 901
155 406
321 216
992 937
155 851
369 750
267 11
210 289
96 904
827 683
620 678
692 288
400 994
481 246
572 295
806 1072
755 894
601 1006
1088 390
870 1066
572 826
434 670
206 826
692 144
128 872
889 450
670 693
342 1058
497 514
727 452
840 229
21 7
144 644
84 1036
978 177
407 606
296 392
940 354
903 1018
291 362
28 362
928 787
113 149
536 987
301 88
997 744
1020 1006
502 237
941 181
566 861
798 833
26 998
1014 576
201 225
544 1120
615 486
59 746
1062 204
309 719
328 1110
748 610
484 236
792 555
655 234
849 450
361 998
567 782
857 369
160 203
82 706
940 877
712 28
480 220
294 143
715 299
448 699
989 840
286 276
656 186
938 239
645 590
583 816
1050 385
1019 762
343 144
780 263
179 880
526 1046
549 413
391 728
670 112
686 1074
576 1030
817 741
327 990
925 624
806 195
135 482
126 1122
873 936
555 540
101 6
979 996
289 105
511 941
1019 1118
723 677
220 831
101 229
355 37
491 804
1074 458
955 904
525 165
747 408
329 676
751 558
583 608
848 183
681 490
637 706
553 969
792 533
264 244
236 110
1098 268
727 405
672 539
974 265
1005 34
744 698
1028 643
957 434
813 445
1101 1099
782 405
166 373
333 657
943 484
748 685
896 402
437 800
564 531
190 608
912 7
111 255
783 386
578 243
10 11
302 964
568 796
1081 317
1053 407
1023 749
996 831
103 347
779 196
791 763
955 396
1062 192
522 458
687 1027
435 919
876 809
405 267
324 542
817 1078
976 224
726 553
951 391
509 73
425 227
52 738
270 615
29 912
719 944
633 771
621 379
612 82
296 192
687 763
134 627
426 822
252 848
888 350
649 629
581 494
322 620
740 756
793 591
1081 478
625 864
836 978
933 618
979 171
991 902
257 600
400 619
490 293
902 965
671 851
377 656
160 1013
562 799
893 886
992 193
166 784
212 537
1044 382
159 859
123 777
58 432
361 939
266 942
485 213
821 647
154 362
147 127
375 292
473 36
977 573
499 136
908 1007
560 632
402 25
591 244
996 882
928 301
998 490
712 995
313 266
976 723
625 860
952 987
595 420
255 582
479 708
614 406
350 816
589 956
249 446
762 796
835 196
440 1080
951 809
390 180
610 337
289 152
299 403
462 125
187 157
372 964
338 884
565 457
260 132
596 11
946 673
342 192
278 864
236 504
977 676
492 967
391 877
751 1020
843 835
7 987
568 1081
232 401
854 1035
32 253
310 395
395 410
391 478
957 68
990 771
995 407
462 629
682 492
444 1002
257 643
261 110
965 942
591 285
644 651
717 496
720 111
75 286
603 281
871 743
441 1071
441 372
517 571
180 803
425 796
1002 1094
129 1087
255 482
182 525
143 594
46 164
1058 534
999 945
904 636
397 208
701 288
52 908
1020 552
249 781
553 517
131 801
471 993
278 376
370 743
888 850
122 930
528 441
635 836
82 505
825 398
1095 735
48 753
60 898
994 891
297 821
939 149
978 214
674 170
680 550
60 734
757 291
409 306
952 346
133 463
718 207
634 571
867 705
637 934
583 442
988 820
117 807
443 858
524 777
946 732
927 711
500 1060
1120 505
1010 171
656 654
129 690
161 982
884 107
1063 672
993 64
752 57
507 633
579 550
105 1099
359 188
302 517
163 429
967 684
789 140
1074 694
694 798
892 1079
321 698
705 6
93 109
869 519
387 329