501 666
956 1081
538 859
613 591
561 944
764 495
697 350
882 924
150 1076
542 969
225 373
461 733
951 406
699 695
921 1088
301 904
1004 876
113 865
972 376
954 1077
577 847
352 390
915 466
339 866
918 720
678 196
615 915
899 743
511 380
565 596
893 1097
169 49
23 987
632 511
740 264
804 919
355 943
1025 435
1048 524
535 454
652 235
742 207
1081 867
1110 944
286 541
255 217
998 883
199 634
246 1006
1122 8
95 370
282 689
662 332
552 333
337 640
869 911
411 658
773 710
510 834
981 768
923 121
819 998
497 1061
163 203
667 336
88 573
678 543
1104 976
768 889
891 918
1093 522
541 211
658 393
243 889
676 150
488 998
165 305
200 385
784 200
9 974
853 456
72 556
426 630
685 785
320 933
99 183
509 204
684 958
818 282
216 47
846 201
526 676
209 885
1094 477
333 963
721 392
783 747
603 798
124 479
1071 1013
540 690
137 157
647 77
180 500
75 331
324 113
932 323
5 344
384 586
133 834
346 894
308 133
356 678
1098 962
174 317
873 36
180 565
275 1057
472 476
678 240
156 294
927 834
435 874
276 692
482 908
445 78
20 609
1032 907
457 603
380 715
793 355
579 326
398 367
619 698
523 365
554 377
1014 115
265 490
894 168
943 942
1110 1026
614 62
769 725
646 993
1060 248
192 596
965 723
218 258
508 585
696 202
455 605
733 261
90 889
234 121
783 207
411 919
781 633
969 313
66 833
755 47
193 370
216 577
699 602
452 904
211 682
866 635
681 928
725 320
467 63
490 77
621 519
782 534
0 1013
172 371
1095 525
245 414
714 976
483 523
1027 818
638 530
900 353
592 1011
1048 803
1104 1102
488 464
626 216
254 248
481 587
146 317
872 755
729 418
698 855
384 397
209 219
932 241
404 1071
558 233
844 347
521 547
564 586
546 754
448 154
1007 42
416 401
240 638
614 333
363 138
920 319
671 766
761 102
423 410
907 902
663 1033
541 63
766 692
759 1034
583 1005
1022 219
936 592
40 429
119 859
252 701
26 327
1117 578
431 44
621 26
532 123
1013 449
8 407
427 154
516 56
179 1080
898 968
346 425
394 1019
683 111
820 980
867 982
419 290
496 69
568 640
500 76
736 209
331 735
884 668
606 742
503 28
790 378
377 271
822 520
870 490
687 354
944 977
4 768
67 299
480 560
961 881
687 35
535 804
450 823
354 457
62 376
577 426
643 138
438 997
440 965
1085 902
874 713
589 824
166 590
771 289
983 236
128 999
980 713
976 1100
253 592
603 1086
787 972
403 976
750 846
768 118
754 352
794 714
258 817
1028 924
416 1000
235 80
448 98
1012 203
356 868
133 988
579 287
743 377
678 379
664 994
243 589
62 1096
395 34
131 522
862 519
646 1001
684 235
652 700
575 887
157 1078
111 592
377 912
222 511
1027 868
701 50
298 584
190 675
88 355
1075 732
773 621
381 92
812 259
721 756
592 819
252 1077
650 588
230 795
263 509
249 947
213 998
801 275
503 93
663 245
214 687
441 268
608 711
521 751
223 295
119 450
425 538
439 358
526 791
111 136
101 477
244 328
1022 231
1115 241
738 260
834 124
639 788
743 1020
899 404
1041 546
250 104
166 891
158 474
620 142
962 704
883 413
1039 199
27 50
878 1104
1009 20
613 311
751 512
289 154
220 539
212 253
893 228
140 563
134 467
986 218
304 1079
669 863
667 586
136 495
438 244
708 1032
1005 341
303 350
386 312
1021 203
656 841
124 426
1113 187
541 746
655 80
87 387
401 425
874 811
846 835
172 927
269 803
753 447
885 555
32 878
836 207
350 1005
1068 206
30 993
297 107
1076 853
985 136
307 734
196 941
338 525
427 932
914 148
360 620
862 1030
819 248
912 809
127 601
649 456
190 120
649 302
469 128
346 65
956 693
375 364
274 200
793 10
284 398
691 342
1003 120
244 1052
494 486
741 619
149 560
461 324
711 846
126 522
650 644
1046 178
753 866
43 382
373 261
166 959
304 1032
450 120
586 751
431 777
1006 448
185 531
176 971
1003 72
295 464
299 288
286 920
875 366
638 1002
256 215
539 1065
453 143
999 117
284 412
381 434
438 837
731 704
131 952
282 211
686 192
167 463
247 876
714 490
114 1070
204 629
257 481
870 384
416 501
417 400
810 623
669 957
596 922
28 609
976 20
537 1057
988 591
405 400
421 599
818 75
860 288
820 792
307 391
748 783
1016 442
782 110
125 368
928 606
376 228
603 702
931 842
83 428
160 417
715 571
132 403
575 442
418 357
124 707
767 678
1064 862
74 914
318 445
148 806
160 535
204 535
191 514
278 160
763 1066
546 220
431 251
247 594
763 986
551 319
494 747
78 628
537 438
540 408
89 305
933 904
1015 892
314 193
209 209
286 953
392 583
711 519
1123 401
487 220
236 87
883 1084
337 438
327 688
425 225
246 405
583 998
521 171
659 828
262 419
599 482
202 1009
144 295
119 877
590 649
1019 1104
837 899
1107 355
236 226
488 160
231 1090
303 557
560 811
324 458
955 375
336 538
442 137
289 520
442 630
862 50
239 267
352 821
845 733
740 590
377 983
312 596
455 453
997 875
836 1
768 1017
178 108
1023 154
98 925
454 902
226 1111
416 898
112 956
1017 957
590 767
333 220
623 894
575 851
657 50
777 758
940 925
249 884
1002 613
977 1002
984 608
173 282
288 887
200 387
704 553
878 700
227 200
937 246
406 541
7 957
397 141
342 664
934 294
175 917
842 896
333 1057
674 864
855 569
240 1003
604 607
1031 348
810 409
600 991
749 643
358 702
406 453
259 803
929 1014
132 966
577 227
718 830
549 319
1066 859
466 702
827 571
996 1051
725 818
918 444
773 1005
322 364
407 285
510 106
827 185
393 793
52 1110
772 886
266 1006
111 147
470 601
251 266
563 593
364 320
858 288
691 142
418 155
732 768
113 1102
596 244
638 857
639 507
728 230
563 992
998 322
273 919
336 1009
1082 677
1077 483
243 661
606 386
722 886
691 398
674 750
956 471
831 498
274 73
190 113
814 170
576 283
894 728
849 276
382 246
232 671
558 922
460 358
929 716
306 988
544 58
241 514
144 365
166 747
320 528
412 276
928 464
200 7
618 434
250 223
298 613
956 1004
832 542
1076 214
772 601
162 808
681 747
342 190
341 299
41 161
337 570
822 156
909 981
674 275
290 668
893 793
411 531
1054 742
800 1047
124 530
565 926
744 920
106 812
212 263
148 859
13 32
351 172
141 131
605 780
903 151
859 460
867 427
537 1012
70 387
839 1069
970 989
669 760
523 138
172 299
644 933
67 516
241 975
812 527
862 429
1120 420
106 335
763 606
308 34
748 83
999 881
844 248
512 65
181 21
20 132
181 441
663 780
556 877
476 534
947 779
722 903
702 677
105 181
675 985
375 884
604 493
729 684
330 160
1007 233
163 157
1036 378
463 469
134 783
389 758
737 350
315 329
346 165
295 944
491 725
764 209
181 635
561 238
965 922
43 604
473 119
825 439
1048 947
320 792
308 917
600 677
1001 14
526 718
917 352
875 15
706 791
216 1098
885 577
51 383
454 677
642 708
775 376
541 138
289 397
82 483
335 126
779 290
101 142
115 485
171 673
970 737
895 227
501 16
630 600
618 968
1093 1122
587 691
960 754
705 575
304 401
75 677
818 35
120 641
629 327
542 1043
1069 446
676 854
916 930
762 160
500 766
830 1009
827 126
622 669
337 559
436 1022
588 688
629 684
876 3
342 126
254 160
787 227
683 289
297 182
826 699
150 346
652 314
792 545
191 129
415 829
381 756
958 751
732 861
23 1019
132 6
13 1068
447 257
990 797
24 658
386 450
634 407
179 999
198 390
318 642
382 13
342 825
782 841
423 861
974 630
633 89
605 21
869 585
959 210
859 774
302 647
493 917
649 925
432 854
299 849
505 314
641 619
423 314
713 953
1078 262
1091 259
739 693
170 23
822 1020
497 636
702 969
372 107
444 209
756 848
1077 801
877 132
434 173
970 584
406 1000
124 809
1077 636
486 203
904 281
596 1013
328 846
926 131
907 523
993 35
789 127
785 711
1010 439
415 774
719 594
652 300
815 490
874 132
620 199
668 450
750 842
1079 917
755 496
951 182
207 791
321 538
370 684
743 700
619 191
170 248
90 125
368 326
595 490
379 687
441 6
658 335
289 491
928 737
847 556
805 667
484 756
105 1061
57 409
464 891
44 483
467 369
858 196
465 11
488 541
282 148
157 618
461 218
635 708
792 449
724 286
763 691
895 585
225 588
924 189
480 109
177 578
229 241
982 1067
926 855
799 639
880 123
552 250
216 257
69 545
448 100
954 207
577 690
1009 833
562 811
250 369
274 248
783 282
338 71
216 730
990 924
929 101
415 809
266 442
727 1121
967 400
205 962
970 326
1022 501
780 736
996 502
955 280
465 134
300 637
311 167
775 766
852 952
232 744
374 1099
932 531
563 1015
585 828
896 619
506 535
827 454
794 1008
382 1062
311 762
780 639
677 565
91 173
139 533
986 715
522 702
181 965
500 107
18 299
276 503
98 799
131 873
533 758
610 888
649 915
918 152
982 585
19 285
477 353
300 1063
415 427
174 786