402 841
829 519
355 370
1004 198
964 157
266 679
597 154
423 145
46 132
683 240
575 1008
198 267
886 467
979 315
95 736
824 417
14 601
893 150
956 788
686 1113
626 584
187 689
103 225
478 627
592 759
618 722
380 648
871 989
4 799
971 873
871 701
524 301
763 396
100 624
159 18
180 108
220 440
125 152
351 264
927 950
944 1009
876 288
651 389
480 538
1004 577
201 196
126 91
553 287
1096 390
162 187
987 478
627 1085
491 994
361 198
824 315
163 736
829 313
321 800
371 890
565 931
951 436
436 404
988 771
269 575
313 851
664 160
1012 480
305 350
314 855
325 323
859 664
332 764
225 68
529 628
573 222
115 269
419 1087
1012 1010
305 674
591 370
854 633
700 522
369 385
567 773
242 1024
1066 1088
347 208
816 722
922 366
980 440
767 533
404 481
747 184
561 729
600 193
522 833
1064 961
312 472
604 551
718 698
775 763
1121 7
481 137
458 808
1000 461
298 800
388 1035
434 691
952 960
915 68
505 193
492 407
185 1010
674 381
189 657
816 543
602 34
225 308
1000 1066
1050 645
986 585
219 71
514 409
807 574
93 519
418 958
873 490
88 296
1034 564
844 506
668 285
927 890
371 1086
881 5
399 539
775 757
66 956
431 623
212 694
669 1034
451 288
1062 139
777 253
834 159
364 367
1021 472
157 82
886 652
731 195
779 674
478 199
163 541
59 203
982 13
268 326
38 780
1061 717
744 828
776 983
290 675
286 42
380 605
367 855
1020 286
384 188
502 574
870 654
737 295
1083 175
552 73
935 177
576 454
940 924
302 118
353 1112
332 475
369 112
587 1114
982 512
635 486
695 256
73 394
1083 676
221 793
255 1104
502 587
92 93
402 333
1090 80
1089 1119
374 8
772 641
647 616
521 42
474 597
58 619
571 464
510 720
209 582
599 634
218 550
1022 314
1028 761
588 206
780 629
938 801
1102 458
658 650
583 569
678 579
389 392
641 201
756 316
412 279
1069 702
844 790
947 619
290 64
50 541
598 491
777 464
15 226
503 152
226 418
989 491
818 511
222 257
388 797
279 177
507 423
336 764
974 434
663 693
528 643
868 389
780 441
458 236
154 751
616 199
80 1005
496 1030
429 211
1036 553
455 272
644 1020
227 754
308 223
194 88
571 779
242 812
207 1003
6 635
420 654
529 515
641 646
501 261
520 882
847 283
692 1115
642 586
492 160
365 802
247 83
352 909
122 584
766 1110
461 923
0 471
72 576
830 409
1009 649
199 835
1006 792
824 776
935 184
729 60
559 873
415 1117
524 959
1005 1051
24 208
822 79
484 1022
966 374
575 456
840 585
665 619
443 333
613 126
561 702
1061 453
544 603
610 220
434 193
199 553
347 204
782 656
1121 844
1099 122
672 551
903 664
215 705
297 142
634 459
957 943
1096 233
632 139
787 698
564 708
382 1004
463 1117
1012 963
228 188
327 234
347 980
982 29
581 889
882 804
1081 558
482 1016
791 976
214 40
999 722
671 278
646 165
156 667
865 485
754 1068
850 860
176 232
1072 798
1005 628
355 640
675 580
628 351
733 185
29 524
716 239
192 824
410 394
723 332
850 737
740 323
451 814
417 428
332 572
458 158
631 182
500 181
529 104
110 387
922 998
694 648
752 509
196 879
593 477
177 1029
106 804
675 160
190 626
764 911
243 13
442 916
494 795
128 1004
740 399
930 8
252 375
336 110
524 669
702 1022
97 967
1101 984
666 634
611 614
495 1021
933 369
461 728
0 136
488 364
399 545
1029 450
241 1078
845 534
140 996
231 1014
883 57
829 567
521 1000
780 872
579 857
945 601
900 567
786 445
729 1103
479 319
477 92
986 721
266 206
724 651
917 85
576 1006
336 904
756 1038
154 826
327 54
181 200
1102 590
536 955
42 664
59 639
106 539
339 784
908 191
514 941
985 298
720 391
249 374
827 562
880 804
130 281
946 591
1036 570
525 677
755 660
1005 862
706 718
516 828
281 386
963 347
980 179
676 240
554 834
961 1005
733 213
944 441
718 906
727 238
241 433
822 131
508 635
428 765
879 480
855 104
385 701
1000 988
993 360
993 675
488 302
360 155
282 879
944 605
629 728
941 934
361 921
29 1042
402 1111
45 521
703 796
146 54
789 1119
225 448
818 860
684 298
915 564
694 77
382 871
643 1023
401 7
1020 415
405 725
979 28
436 47
850 190
184 719
249 558
602 103
824 1113
719 898
121 862
341 89
203 1036
526 549
15 169
777 666
396 172
474 117
458 868
1121 366
665 779
354 567
856 138
208 192
371 35
959 1078
753 565
719 299
671 983
213 189
779 297
953 858
549 757
887 958
75 983
192 138
876 849
198 514
107 785
29 847
252 1017
779 762
270 364
880 236
1114 930
406 416
719 775
240 252
911 673
957 954
1042 538
260 348
370 933
748 466
518 346
225 510
249 993
442 642
101 662
1053 422
1044 908
290 278
200 806
496 305
355 623
833 232
12 725
523 1017
786 815
987 249
529 749
779 827
980 623
347 822
671 572
641 899
821 959
55 456
924 201
940 994
743 187
309 252
475 305
746 1102
758 278
924 699
108 989
1083 576
372 1001
355 382
218 840
959 807
766 994
677 691
80 756
269 246
644 739
160 854
297 374
810 446
173 342
132 292
420 302
248 796
417 649
109 438
868 1009
418 414
341 420
45 928
112 880
520 1109
259 602
139 317
948 556
594 964
359 1041
992 941
1083 275
800 1041
1059 970
289 191
511 734
496 622
611 738
415 298
677 1064
894 488
906 337
1021 255
122 924
1003 280
1004 143
549 430
1058 602
356 1013
482 455
538 482
733 697
374 608
785 300
442 774
977 639
261 716
1123 669
757 549
450 652
782 850
772 1073
878 1001
834 773
985 871
838 683
704 652
225 729
631 571
133 396
301 954
418 63
196 839
644 313
110 621
384 388
0 327
463 146
447 747
185 945
870 792
887 794
520 69
567 997
730 295
681 962
1119 666
658 92
341 218
519 772
465 232
759 653
507 484
901 232
703 883
373 554
136 154
733 459
244 796
379 612
779 524
924 279
245 419
823 808
233 170
450 411
72 286
885 847
340 396
910 461
251 520
189 628
870 555
1024 530
140 979
160 130
274 979
606 665
663 861
756 75
736 894
623 806
1090 466
993 114
809 1067
123 66
584 833
472 897
907 210
1001 710
828 350
336 212
629 355
950 717
466 592
244 484
105 1101
629 460
736 270
715 639
365 293
330 382
353 344
16 993
637 194
158 809
291 1061
519 515
926 420
110 1022
552 868
993 54
485 678
156 950
401 315
987 634
1032 758
356 283
777 1048
744 469
793 63
488 457
423 145
603 695
368 573
333 941
834 364
766 589
1098 75
524 503
118 192
382 176
1093 852
378 231
987 747
1104 314
786 854
944 868
572 777
873 408
187 761
195 803
204 47
407 435
447 924
781 502
510 1058
470 999
699 217
562 356
717 313
560 220
123 995
92 295
396 8
989 334
1086 798
672 689
813 1014
596 512
894 520
519 711
884 882
824 38
356 682
246 327
796 68
424 631
295 750
246 181
176 958
283 128
970 950
164 1110
586 809
389 660
350 662
370 497
457 880
1004 182
707 207
365 952
72 483
864 942
211 267
325 452
787 926
532 472
798 261
760 346
1069 964
786 223
717 416
614 443
413 102
571 575
704 114
510 990
866 783
1096 174
444 1021
368 239
294 695
110 461
267 277
842 202
733 337
295 89
594 422
844 132
169 346
799 360
890 811
339 227
124 81
325 690
10 311
417 572
404 484
263 710
592 753
195 45
448 599
413 648
240 655
682 425
1111 731
198 1017
1009 946
723 192
317 890
897 385
784 898
575 446
1073 398
757 475
732 349
436 169
709 701
1022 176
448 460
633 157
123 298
402 252
948 380
798 920
754 653
861 538
0 243
818 599
861 540
438 438
533 162
267 871
300 343
755 405
243 682
210 914
444 399
301 825
708 741
412 198
1027 243
294 455
867 658
706 1073
335 1015
49 428
386 936
913 398
322 162
333 835
1001 630
1019 858
993 1017
418 886
944 436
349 190
691 408
34 270
439 154
183 919
367 115
725 601
45 344
527 72
78 625
754 903
983 308
238 542
308 1030
372 1083
235 783
649 368
220 341
567 56
952 664
217 1091
118 305
872 114
793 152
100 350
87 844
592 337
741 302
450 518
934 105
729 850
605 240
912 482
647 546
147 204
396 631
752 433
955 352
309 127
1108 914
7 852
870 228
906 74
526 362
638 314
575 962
24 65
593 1086
666 1015
842 582
508 412
1120 149
709 821
677 1097
888 378
996 269
290 879
261 163
647 1009
360 307
1100 482
1032 856
813 400
1007 481
168 759
496 506
445 623
1048 881
670 422
873 601
201 393
81 210
772 0
693 1009
585 224
416 887
563 549
95 505
536 874
125 1009
584 464
226 378
1013 356
220 534
708 331
175 280
672 342
1056 873
341 526
772 425
375 502
665 453
715 482
895 813
949 434
178 967
427 278
228 544
786 940
248 712
640 318
722 873
149 1030
989 728
381 343
603 1003
341 730
717 990
652 544
721 887
312 693
871 970
690 1011
142 115
603 271
601 155
248 123
314 147
800 756
176 970
1060 110
286 500
815 222
209 92
190 668
936 1054
1062 312