714 843
909 54
503 635
826 751
685 793
318 828
977 136
370 950
728 204
624 487
662 306
968 920
767 988
155 910
953 800
289 121
504 855
550 487
873 245
980 762
645 856
632 424
582 66
146 47
1039 1018
1023 840
258 530
509 201
945 825
1004 437
174 220
756 381
126 451
117 383
939 480
331 243
820 256
322 766
436 796
224 455
707 287
65 340
301 967
263 436
1022 440
515 473
241 621
526 70
797 441
92 70
804 878
186 610
967 756
918 646
899 699
836 137
499 113
511 293
882 547
329 163
772 28
134 1016
444 59
283 747
195 769
522 458
758 627
1045 906
475 372
315 326
447 976
130 829
303 104
503 370
774 42
695 283
392 1010
991 329
996 857
309 21
981 737
15 847
1011 86
620 887
919 103
201 391
107 635
102 872
811 475
267 935
616 1064
1005 111
683 252
52 469
471 554
465 620
475 579
363 510
218 639
935 859
240 950
280 167
232 486
525 404
607 485
1057 717
536 215
791 782
988 457
175 1006
952 797
151 230
1118 909
894 767
888 599
466 735
206 839
1008 131
572 567
617 264
595 491
187 326
755 114
893 344
316 851
534 342
635 491
359 320
230 266
784 890
400 826
69 831
678 525
105 834
953 158
843 655
656 216
575 602
527 269
103 740
624 676
627 567
1057 766
302 781
828 704
497 730
499 177
620 865
19 894
1116 782
906 186
200 686
670 417
839 118
744 127
285 180
759 302
813 695
57 394
782 167
547 248
1018 1120
481 516
751 945
662 672
383 536
405 822
986 877
516 79
506 625
813 273
231 109
856 334
555 767
1080 401
633 901
1002 376
657 217
258 890
862 575
184 591
1099 275
151 696
687 374
600 139
760 580
319 795
781 954
1053 197
823 823
185 494
277 482
466 585
1111 840
325 113
334 692
678 851
857 914
1123 205
157 814
250 173
553 1042
433 345
1044 169
533 803
600 903
100 533
256 722
873 1077
1085 636
204 902
517 367
503 1056
511 956
140 253
606 608
921 411
205 822
128 325
1002 940
236 354
438 1046
974 149
173 734
1076 96
937 25
830 621
736 1011
548 137
119 304
709 267
277 467
946 63
900 37
1006 870
1013 328
530 175
633 270
88 183
451 1008
444 503
917 329
648 428
480 515
534 117
951 437
747 897
533 814
857 465
278 543
469 435
223 457
400 557
105 661
247 27
576 191
392 285
831 818
785 151
427 836
579 973
473 979
389 711
284 538
620 1080
211 1076
575 577
10 691
1103 536
911 953
275 541
183 1011
611 510
881 577
638 299
595 179
836 632
948 466
179 325
21 575
748 780
851 428
191 485
540 850
651 4
1105 1011
168 383
172 261
526 543
242 467
505 1008
959 505
1026 277
1023 16
228 769
344 710
361 516
262 360
693 746
971 514
225 671
408 1049
612 968
939 1065
472 905
210 348
905 879
123 583
600 359
1076 233
738 395
369 212
468 715
909 772
723 678
526 389
835 394
908 368
295 936
560 524
744 295
769 314
884 280
138 682
111 380
490 646
855 256
828 148
1046 695
294 947
705 983
1081 899
1020 386
22 1054
162 145
979 466
227 476
286 479
265 32
982 356
192 91
889 1018
678 915
1005 205
378 193
571 806
764 245
52 939
252 660
124 1100
431 609
268 214
433 147
939 681
776 676
30 661
482 158
537 172
636 608
265 1093
151 847
882 163
4 649
347 1079
236 156
136 327
757 907
628 992
191 434
1080 519
832 1088
1022 485
509 933
50 389
895 667
410 391
358 618
565 620
490 392
838 238
181 219
1057 455
203 863
897 405
334 932
795 862
882 883
1002 869
170 608
396 962
309 609
649 859
538 748
674 925
896 8
365 335
413 865
686 869
234 1015
460 751
685 463
197 984
524 420
498 331
26 413
383 245
553 226
379 550
913 314
443 598
621 325
616 164
194 928
89 615
373 443
974 709
319 411
510 156
243 1084
511 286
940 93
196 785
397 422
166 83
242 781
911 878
784 594
435 370
407 501
1097 295
883 385
473 818
749 240
582 1108
559 162
411 3
1047 385
1121 265
616 749
740 41
400 606
782 523
282 875
1015 972
570 546
102 412
1005 617
407 218
350 439
982 963
651 1086
459 572
808 121
1007 261
963 362
363 1070
250 390
480 342
518 745
38 889
722 437
728 14
528 463
934 489
510 918
724 49
171 611
632 781
872 659
311 301
165 953
1045 462
817 1065
597 119
475 340
477 592
348 929
871 629
122 167
660 339
594 825
538 428
54 260
332 62
888 593
655 797
269 399
1101 492
818 770
861 661
162 964
73 986
609 196
475 810
656 609
680 82
994 834
214 312
793 787
545 900
403 18
897 884
288 647
846 1045
180 168
1048 557
611 1010
688 783
616 861
220 627
840 951
582 381
1080 62
234 674
633 505
1069 466
105 456
308 1082
713 341
866 783
656 244
582 607
723 809
1048 158
964 638
914 490
330 273
605 943
27 819
981 106
449 945
586 1029
729 318
815 673
688 662
720 865
395 76
439 775
753 211
880 561
840 151
773 651
171 165
151 651
626 778
422 956
597 1051
174 1016
762 451
972 241
144 922
556 915
159 874
147 26
462 1111
671 839
477 775
445 553
870 371
1043 319
291 171
527 447
382 447
703 490
755 1089
962 626
40 806
218 495
1121 1047
635 601
965 286
739 312
169 725
323 194
221 331
541 510
986 251
623 634
386 387
272 619
569 962
1033 1069
127 930
1030 317
606 199
853 735
11 655
339 35
917 955
349 909
535 710
378 578
960 230
318 698
462 335
233 618
749 927
825 104
158 250
152 1121
445 213
867 590
287 301
999 433
180 393
469 600
1052 590
764 179
535 337
252 291
714 611
914 1096
126 215
954 525
908 751
993 455
131 88
579 508
146 271
307 905
141 550
625 331
219 74
668 1095
172 424
313 734
631 548
595 709
968 851
164 643
636 269
51 55
664 906
703 270
831 714
187 156
937 891
763 141
368 291
370 938
167 366
613 275
806 508
328 1010
754 762
623 732
503 791
1099 247
135 592
293 687
302 793
267 162
655 878
634 1123
322 109
631 305
108 622
416 812
535 851
317 1084
689 1117
899 321
494 1118
170 688
376 179
935 921
756 401
927 868
286 354
853 162
844 265
669 342
167 558
235 109
534 911
1014 645
492 947
281 976
1 260
234 648
606 795
420 621
350 743
655 543
337 493
502 799
574 852
910 639
126 184
1108 415
910 1050
348 151
128 3
887 208
629 883
385 203
841 385
644 327
723 192
724 742
850 533
4 982
689 846
196 453
378 469
716 1003
353 603
601 125
570 240
614 584
691 530
317 510
952 205
927 476
536 713
388 384
690 918
167 411
807 1068
853 463
290 649
124 121
824 934
966 708
419 680
383 621
356 972
948 714
700 485
797 922
199 921
61 965
1115 311
327 873
169 598
835 326
255 927
586 270
702 416
1008 856
322 251
808 869
1007 612
609 982
212 435
182 393
743 873
933 916
329 246
588 278
1087 328
412 1058
665 224
408 759
1116 544
625 963
928 977
747 858
955 99
495 557
17 368
554 1034
78 128
814 662
441 165
606 791
182 931
1087 283
217 977
653 667
179 426
147 1117
287 786
574 114
595 52
580 275
837 768
577 602
841 925
190 346
564 780
165 437
363 175
280 713
290 634
320 288
818 136
232 551
696 679
747 214
61 60
775 785
905 621
811 927
576 327
1015 210
748 513
41 174
453 1051
111 435
579 519
579 943
702 663
214 240
540 631
697 685
342 130
120 945
851 544
961 463
630 1045
384 900
244 678
1011 430
1017 878
328 706
253 795
605 880
258 607
276 878
810 386
640 1057
167 662
595 986
354 994
553 938
404 668
968 954
158 297
9 223
360 587
951 703
574 354
598 173
738 712
762 532
659 993
728 856
311 440
236 373
520 152
156 193
439 918
185 249
809 158
117 514
577 1016
180 415
813 961
110 807
5 677
628 576
624 604
1033 635
527 815
103 358
479 74
923 365
210 154
242 660
977 200
541 623
538 216
435 189
942 290
261 464
24 114
554 203
426 96
843 946
1088 1004
305 1049
109 610
948 292
927 353
283 762
701 1075
363 506
876 345
664 816
427 491
331 389
898 516
172 629
535 442
662 293
181 974
900 245
317 169
601 551
549 678
776 978
856 419
805 537
224 823
940 176
47 103
144 570
552 737
482 847
534 246
770 48
734 193
425 867
899 19
937 133
282 181
561 734
530 165
533 790
977 729
313 180
764 1116
924 970
945 849
588 399
984 965
103 350
218 300
85 489
957 525
163 901
638 758
302 379
1033 764
674 685
936 167
673 230
226 722
823 811
844 306
146 485
700 528
909 617
143 532
650 782
126 682
345 727
1120 461
892 117
176 308
947 231
766 266
714 667
675 722
738 823
313 482
580 369
889 469
957 102
870 1096
470 1023
416 454
226 385
107 432
421 777
143 18
338 470
260 105
870 605
520 835
211 448
773 712
759 887
988 183
493 17
307 300
531 223
728 1094
110 934
955 691
754 191
729 199
902 605
26 812
539 149
215 716
427 974
55 333
1009 1
680 228
135 402
669 808
395 1079
883 788
709 142
322 531
684 784
21 542
1079 872
117 264
423 185
1085 280
563 576
726 728
635 154
438 1068
209 616
609 165
337 656