293 210
74 695
846 978
77 479
332 330
1115 413
1031 1081
872 59
266 694
902 350
335 761
597 44
170 945
68 586
740 866
571 127
283 389
227 638
409 203
1014 966
377 742
994 697
819 179
880 773
85 683
665 491
222 277
693 621
547 778
255 775
793 89
324 915
1017 1107
994 260
713 206
1076 901
672 1119
947 981
892 895
1119 1097
159 667
991 929
50 642
742 201
526 657
311 265
531 1000
427 561
238 577
185 912
232 384
981 745
599 234
900 454
927 81
592 719
463 656
304 724
202 682
206 777
234 1050
532 114
826 895
951 725
928 344
54 373
285 183
706 381
205 911
943 690
473 710
907 156
690 820
604 1025
270 244
911 387
882 616
510 752
842 306
946 1078
406 481
1027 269
335 495
316 391
612 872
587 194
637 402
599 1019
623 589
419 584
111 516
975 959
517 46
1053 769
1008 361
735 621
411 932
902 205
134 507
490 401
463 318
207 542
181 335
106 402
459 754
869 901
1022 400
932 567
212 443
890 173
271 192
110 974
658 424
361 1012
202 343
667 265
503 1021
101 995
870 336
455 522
174 270
211 429
570 172
901 178
362 273
795 838
187 920
519 903
612 499
1115 1101
1060 428
709 256
183 370
260 942
78 601
38 523
227 727
315 942
130 917
266 135
845 972
777 1038
930 313
38 570
188 883
452 768
156 760
943 565
56 288
580 318
631 723
235 572
403 197
870 540
619 930
426 983
676 32
653 915
717 229
611 532
707 266
676 308
87 674
673 266
755 467
1021 697
208 168
959 839
975 431
821 308
240 350
859 593
324 211
749 659
836 42
310 778
93 419
995 943
770 349
1015 109
895 984
615 584
678 951
992 465
552 255
38 150
1109 600
128 559
1044 894
755 59
808 592
312 419
881 1061
681 447
260 689
957 486
778 417
906 530
743 308
395 646
413 126
75 478
577 181
197 639
465 351
357 1070
52 505
707 139
782 856
734 108
578 485
331 56
1051 789
638 65
637 991
148 842
959 1041
339 832
768 988
906 260
674 1120
781 34
701 339
196 136
755 196
682 1080
611 388
525 1008
500 371
267 763
529 514
672 264
704 1106
925 812
251 666
376 658
348 616
786 689
690 934
900 705
463 1075
245 618
532 637
831 661
395 86
250 628
863 517
485 678
665 551
299 168
886 302
317 690
369 351
412 136
282 756
261 958
201 875
232 850
445 581
553 332
453 668
1 862
974 142
361 14
723 634
396 280
24 31
222 350
254 116
946 970
766 535
761 297
326 787
105 979
383 184
20 576
667 45
1049 1
105 810
478 293
757 194
744 821
1024 708
931 196
383 443
862 841
831 1075
642 472
240 533
26 985
554 992
582 67
235 242
139 635
565 353
398 215
726 807
823 551
46 690
213 902
798 248
711 648
344 717
910 453
334 857
889 66
386 568
1013 765
1099 923
541 211
913 246
704 777
275 883
281 101
1073 932
574 1122
492 284
277 979
991 1078
888 934
103 453
848 644
812 745
163 533
746 949
937 914
900 627
955 578
543 716
854 987
9 558
768 1001
190 241
529 228
513 97
372 548
584 1091
845 924
343 368
906 309
810 387
325 1098
279 157
573 591
482 312
830 416
1095 584
962 714
591 396
385 1106
801 125
810 471
500 762
898 211
775 673
716 3
1028 549
491 931
850 195
197 914
473 483
1025 218
1003 468
883 296
734 111
814 1056
434 979
505 535
338 178
662 823
580 418
595 552
911 386
994 996
316 521
59 1015
918 660
72 178
132 1087
505 318
263 897
864 26
93 720
1039 858
1103 820
753 333
697 540
682 451
120 899
834 685
904 727
1027 613
500 673
889 546
709 226
667 346
700 241
512 640
830 764
848 331
18 359
210 352
330 664
469 790
162 151
1027 516
1033 405
329 899
123 757
310 731
85 634
161 254
403 466
884 856
444 826
814 178
64 564
987 241
896 732
904 304
134 311
173 817
338 172
1033 1019
1024 500
1021 892
193 666
851 375
625 489
966 506
331 721
198 437
705 130
211 330
867 828
542 407
981 1073
1048 317
608 643
88 115
34 985
608 347
625 634
504 840
351 961
380 863
942 322
708 220
258 825
130 698
765 608
934 998
111 367
1036 560
602 966
792 757
481 621
973 928
566 1120
987 1030
868 542
544 532
179 989
368 208
166 321
945 925
18 666
161 485
553 216
593 635
991 1042
1014 199
122 164
614 371
161 328
901 887
363 180
824 576
271 700
275 602
916 324
806 617
368 338
324 1025
113 596
223 104
736 925
987 145
227 1003
298 508
1059 774
627 626
600 586
750 711
163 583
207 673
539 1095
938 348
984 293
875 581
107 899
238 606
253 387
277 765
183 598
736 149
1014 735
441 344
85 886
745 928
645 340
22 554
764 82
517 445
119 989
22 768
840 830
711 581
123 246
378 177
826 446
594 974
114 223
831 408
181 506
401 292
98 258
142 819
514 176
872 283
757 641
494 929
1011 589
560 613
505 567
848 1045
1107 922
847 872
179 639
870 388
0 356
718 192
796 688
729 208
755 296
865 955
1081 343
513 977
0 1021
627 219
872 785
225 755
847 806
391 619
441 252
632 802
659 679
584 668
46 156
898 729
762 479
666 709
423 394
56 823
207 411
1110 945
1053 263
116 786
853 69
730 966
789 750
827 316
363 161
295 698
46 80
720 1015
831 129
321 864
493 192
660 884
401 811
547 364
191 1001
80 281
824 786
264 1068
199 1026
641 727
175 88
819 1069
643 250
269 722
552 213
424 693
371 833
399 224
166 750
496 929
469 831
1075 434
136 341
865 685
268 928
520 447
244 354
116 829
482 1083
892 530
410 289
654 493
475 1068
959 124
61 430
231 652
383 134
520 164
630 548
790 657
588 716
630 624
715 1017
338 867
876 873
333 909
452 463
722 1041
720 520
755 535
951 416
1103 193
674 785
115 950
509 58
717 697
827 1052
125 77
819 320
566 794
1066 894
740 96
714 454
294 291
734 775
787 103
67 694
656 294
765 932
796 368
434 349
495 705
486 970
516 451
488 357
614 696
617 28
137 301
790 589
753 621
453 882
1034 991
924 589
626 516
865 168
451 28
801 629
541 362
976 930
935 550
785 34
363 951
646 140
644 304
589 1006
307 187
1111 81
690 38
169 1002
972 890
355 7
612 544
372 905
701 443
789 780
510 890
131 1088
494 305
239 302
285 305
599 626
212 279
337 875
86 826
135 529
728 2
426 416
840 998
539 949
937 932
541 368
897 139
559 187
789 595
683 625
157 661
673 158
764 894
612 180
914 447
100 140
526 455
349 679
865 211
806 91
775 985
955 530
868 1116
158 672
938 703
1021 926
558 759
619 123
379 997
1013 403
430 505
929 226
644 752
357 313
128 83
616 105
529 617
301 200
911 161
397 1034
436 585
62 418
881 140
263 339
193 618
427 880
1010 628
568 307
355 271
620 134
590 234
969 212
454 667
872 295
894 290
483 515
154 311
415 517
847 895
691 586
407 826
812 745
275 627
321 584
771 12
181 691
777 290
852 419
565 594
629 233
329 1013
832 222
198 483
281 810
890 359
447 907
891 504
518 966
671 899
615 815
685 80
354 1004
923 323
49 593
632 507
1037 676
489 731
553 349
991 580
341 1111
364 236
846 574
782 1110
506 270
127 978
143 171
343 152
793 335
454 22
486 307
182 223
757 719
432 892
710 181
269 829
175 464
55 678
327 395
321 48
984 244
52 229
363 601
362 780
833 272
580 384
10 594
207 620
710 944
647 646
237 948
440 245
654 33
481 188
121 376
1058 791
353 662
632 578
1021 748
927 606
549 1100
364 748
552 968
939 246
905 770
715 1076
909 67
584 918
12 660
373 104
932 14
691 527
574 572
417 949
718 496
572 790
395 54
757 801
966 330
370 762
326 476
530 78
327 386
357 715
545 201
751 1087
663 406
786 229
988 867
977 709
140 937
779 712
730 746
1081 934
282 722
660 920
946 644
26 106
661 135
567 1070
472 1007
738 796
275 472
177 214
892 733
374 653
844 222
851 539
166 157
1007 357
931 326
674 684
972 634
686 1040
501 602
455 187
182 847
760 165
487 986
247 756
236 296
310 213
623 965
476 610
802 106
111 835
243 608
98 43
165 581
277 633
1008 591
795 581
595 489
780 4
214 421
476 452
753 493
279 714
938 591
1021 26
940 389
1093 331
241 152
885 214
664 440
949 878
632 297
572 965
479 665
566 478
682 130
32 621
853 807
592 888
460 101
592 619
585 301
1101 580
298 212
28 571
218 981
701 236
470 117
819 385
149 212
755 95
234 1082
139 476
702 576
389 418
860 494
668 637
260 171
955 277
531 622
933 931
490 4
21 63
720 1014
230 56
285 40
41 299
636 1009
997 494
209 160
670 854
509 778
569 1059
142 268
532 552
455 815
2 957
858 1074
281 491
134 415
959 279
876 989
1037 366
207 723
446 1048
380 344
411 1110
483 401
687 389
454 918
782 579
649 571
337 399
515 606
353 898
893 1080
100 448
412 149
535 971
803 805
622 694
229 732
1016 431
501 836
631 202
488 338
1026 1006
1090 142
204 571
155 212
937 693
266 767
511 492
599 427
992 511
199 752
101 1083
886 990
841 493
329 11
807 689
603 964
937 531