591 543
746 354
258 591
44 275
452 302
263 873
95 953
586 838
948 719
476 277
519 208
584 532
985 917
1018 241
472 489
394 804
506 706
759 60
976 1065
470 565
325 498
1003 360
943 596
867 763
418 530
500 910
936 524
986 847
826 485
1010 588
183 704
411 737
623 799
715 824
483 428
244 244
1051 929
1080 1010
723 103
491 168
338 659
439 87
623 854
319 966
474 964
359 656
60 1078
619 490
509 541
815 608
324 150
342 347
609 540
583 304
571 445
212 310
493 441
676 931
90 309
500 694
159 107
865 914
974 1088
508 744
358 676
561 951
1019 889
741 952
576 338
350 1013
774 601
572 879
695 860
861 482
543 1056
645 619
944 1002
488 841
866 826
512 497
626 252
810 133
333 455
139 404
299 980
326 947
677 421
237 342
919 100
969 463
964 624
375 2
1111 129
836 664
416 434
922 354
684 1007
779 603
678 435
493 80
581 95
584 157
311 902
685 472
908 681
272 127
838 174
92 1019
134 262
956 422
291 157
785 46
1016 161
498 504
366 166
756 304
1019 911
666 218
301 494
495 217
789 916
226 672
743 1007
430 934
484 539
795 157
339 597
175 911
709 575
673 167
938 348
414 953
298 555
310 659
422 955
335 836
209 237
359 998
79 495
415 438
348 423
582 931
235 350
187 557
436 236
254 236
679 319
105 433
1018 737
995 549
531 565
396 447
150 170
471 890
541 1016
469 712
872 402
422 737
833 362
893 688
686 531
819 985
677 585
155 134
868 636
408 686
510 682
548 244
491 677
1075 132
451 372
698 221
646 843
99 638
835 739
317 238
256 381
335 685
882 773
894 68
383 713
159 566
408 163
938 392
874 373
905 351
378 453
560 412
201 13
293 585
503 560
391 4
363 238
770 688
375 464
997 56
248 441
271 878
576 350
386 1093
601 724
242 922
665 190
222 373
539 671
341 889
290 684
315 549
732 1042
428 879
408 156
628 490
1112 684
176 160
1019 109
228 373
367 309
159 104
108 166
756 443
929 792
985 295
924 999
833 986
636 653
1101 561
350 816
279 956
352 251
330 488
212 343
425 540
55 1014
342 615
346 790
602 107
387 375
347 921
155 801
969 589
47 268
973 28
720 480
906 756
235 367
165 964
370 507
7 709
566 220
537 534
149 325
496 102
205 935
257 206
905 482
123 660
476 691
340 601
473 424
789 1043
815 508
537 134
722 909
899 22
133 958
606 555
764 380
606 851
620 909
437 205
343 205
311 618
146 395
178 528
738 477
556 633
889 428
366 162
529 717
849 502
942 662
1031 193
759 179
536 195
771 826
989 874
176 1019
746 834
594 734
1111 105
812 123
659 918
1106 217
268 606
162 258
334 850
729 155
475 441
151 194
314 814
470 1056
259 934
167 983
474 713
807 817
267 651
520 980
278 441
1089 512
316 26
591 570
952 654
268 694
489 144
987 746
368 388
643 156
430 426
1081 819
525 803
662 140
918 415
600 742
1117 483
463 244
276 305
1031 510
333 274
30 462
843 108
810 826
514 364
403 438
358 419
966 818
305 252
588 570
193 718
963 889
525 477
899 482
605 971
821 911
1107 326
455 573
1064 118
329 880
569 144
910 297
947 271
1110 303
620 872
431 449
338 1024
949 22
784 221
544 107
736 530
874 184
788 661
773 935
632 982
991 1015
347 150
293 445
285 698
248 876
517 753
1000 490
531 890
406 610
547 107
921 144
99 556
943 767
163 483
490 199
419 435
715 1081
558 385
611 365
44 718
136 879
263 48
409 507
2 643
653 52
143 545
727 161
832 579
780 884
656 186
604 563
449 996
575 120
388 492
1101 327
616 1004
51 989
368 458
660 126
601 936
129 261
923 966
80 332
397 125
136 1075
130 483
746 982
386 392
994 396
283 650
834 398
409 716
258 1019
215 1002
984 122
823 175
792 427
142 200
157 860
196 366
811 369
103 708
392 998
1095 828
691 776
410 684
970 1103
903 705
1020 889
984 566
848 215
651 163
254 673
286 307
679 853
28 1020
510 172
226 455
721 124
198 1
305 163
948 977
620 205
1019 164
554 843
347 984
230 126
935 771
668 400
334 715
451 771
109 317
1033 812
711 561
8 447
616 780
187 769
327 849
944 532
795 438
845 985
272 263
224 598
562 672
788 630
937 435
940 116
639 491
649 930
94 652
488 950
126 503
230 717
762 843
873 449
912 646
283 735
159 314
199 137
540 702
821 698
729 361
131 687
522 816
507 171
1008 833
1016 156
46 146
685 931
701 878
1089 470
99 523
307 203
452 793
709 59
117 134
447 964
705 406
721 78
214 905
444 506
1015 310
303 1030
42 351
833 316
756 502
935 417
667 193
159 17
852 925
635 152
317 288
98 680
525 483
1060 538
171 286
255 812
544 756
714 846
664 273
385 1107
743 682
444 725
63 254
301 1
757 639
954 452
428 855
900 460
57 606
497 447
849 737
590 755
335 130
668 106
58 720
131 367
802 287
1061 912
537 1112
56 993
580 342
643 1004
490 874
615 409
218 320
793 1033
192 155
408 494
301 171
191 278
887 345
78 839
801 222
779 217
240 977
297 354
54 168
225 404
424 873
474 972
958 1040
331 454
1072 222
775 107
1016 820
168 357
430 281
125 752
504 801
760 490
1035 55
665 630
45 657
1113 454
1036 1118
418 761
346 359
104 998
506 743
836 1073
666 901
547 353
585 1010
1043 512
400 375
731 723
340 963
1023 903
627 948
634 872
359 742
969 657
842 782
287 593
132 767
853 935
993 518
136 357
671 377
185 122
387 800
341 468
306 140
745 252
846 1102
197 356
802 179
596 200
475 754
139 240
296 813
1091 309
887 34
860 979
216 745
1019 455
198 251
555 451
173 729
94 1009
776 293
198 193
155 716
591 186
355 630
403 938
684 986
449 551
667 701
554 488
172 484
46 723
322 466
891 937
589 132
359 966
172 416
128 520
1028 562
188 1029
912 865
782 615
602 237
727 1082
648 353
1002 364
475 260
908 631
689 170
463 766
634 1029
779 313
538 600
3 351
428 727
169 550
776 322
822 272
504 676
652 549
392 278
288 82
438 883
986 368
1001 847
429 653
540 189
172 175
830 644
593 753
594 475
282 134
145 675
242 907
256 914
638 129
846 934
437 1032
875 964
704 849
429 61
327 944
1116 724
192 658
1119 1101
338 580
432 134
924 87
502 713
607 122
169 937
500 260
478 596
711 418
419 934
777 470
328 766
434 220
864 628
135 841
455 588
240 864
1005 937
337 971
478 439
554 180
971 304
526 524
752 268
583 297
966 544
798 824
1016 394
320 216
913 200
265 1097
346 807
598 301
761 928
419 950
239 1100
732 122
253 774
1083 517
488 948
1054 503
373 342
962 837
724 785
814 609
728 747
117 724
650 391
612 660
764 222
668 148
224 559
566 476
137 820
646 467
858 310
73 641
302 142
670 356
980 308
696 651
1115 1042
871 709
464 1044
490 635
646 704
575 654
245 690
45 583
310 169
406 644
399 121
841 128
387 1066
144 633
784 264
8 900
324 133
326 637
964 294
556 844
767 440
123 673
802 642
675 392
701 432
616 928
717 1027
187 396
482 454
201 378
896 535
368 366
505 900
775 786
706 1108
271 846
391 715
437 533
899 683
325 1067
916 550
538 874
349 990
968 127
109 150
241 123
248 562
162 861
356 277
683 445
951 456
836 650
654 638
818 882
740 1009
810 481
388 1042
541 809
796 724
258 1103
139 713
264 696
352 727
381 603
684 273
961 112
745 760
810 328
420 536
1088 224
777 607
945 74
597 348
709 590
916 170
742 258
788 934
907 587
917 103
508 418
505 330
958 521
94 108
684 334
914 486
287 774
987 955
401 575
479 792
870 630
971 712
683 1045
87 751
731 1120
841 138
584 1016
595 445
387 18
296 95
884 326
286 206
350 228
580 783
151 136
747 845
571 1073
627 471
984 620
534 819
908 1119
929 335
501 284
897 674
191 876
577 500
232 470
785 1016
643 970
797 617
844 412
1071 1070
173 644
470 222
936 881
584 954
408 460
906 1071
490 281
109 1027
852 864
540 392
563 169
908 1007
661 353
159 849
1079 331
885 343
601 187
879 360
140 778
85 997
836 957
862 666
804 308
383 597
495 346
412 304
1015 485
845 945
703 892
428 361
987 276
643 871
776 983
573 825
803 419
685 335
618 710
339 568
480 831
701 1005
940 882
239 422
161 913
574 656
228 407
558 759
172 17
803 155
1056 707
810 218
322 542
249 813
785 222
847 458
625 514
1072 71
819 525
948 862
346 311
646 594
1039 135
164 444
401 779
796 795
1077 485
69 567
933 600
263 174
321 1102
244 940
427 851
224 764
31 405
759 6
261 63
781 29
198 658
949 897
167 1079
582 538
378 842
386 179
845 743
256 589
260 852
749 172
117 59
981 1044
473 772
444 497
653 911
690 412
500 556
871 883
667 670
1080 1098
759 634
297 726
278 901
644 818
607 1051
129 460
651 748
184 416
597 508
1047 314
890 947
415 403
575 560
241 157
848 226
236 1010
489 183
886 749
136 279
388 17
651 200
822 1088
204 260
175 1001
276 454
644 135
145 494
747 779
915 937
759 14
319 1072
713 540
717 717
213 1019