470 942
61 993
261 326
388 428
957 48
227 633
209 550
604 646
545 44
658 296
454 62
34 621
484 669
252 800
268 385
934 673
65 352
990 1072
199 145
169 656
372 293
793 1002
571 848
143 721
322 309
1003 646
746 572
288 490
730 37
292 34
668 192
659 411
547 295
946 743
586 753
654 937
127 314
133 329
866 1086
881 994
683 373
979 584
207 483
403 415
291 489
853 796
703 634
642 139
968 924
544 441
778 863
1059 594
263 463
1006 1100
321 139
280 303
301 600
586 946
68 241
989 472
221 983
232 510
730 526
608 479
1093 422
138 247
584 359
1100 127
543 609
412 316
647 665
894 832
391 450
353 10
271 205
43 35
48 465
915 956
771 689
787 761
789 92
599 186
431 113
594 958
795 509
822 87
533 420
441 591
424 416
110 258
1017 735
377 683
144 159
31 819
994 673
609 261
1001 680
471 184
603 416
575 441
566 742
550 266
449 531
195 883
758 405
1123 118
709 143
272 761
227 399
357 107
1010 806
789 810
544 595
50 626
332 812
692 271
174 815
275 695
248 924
179 131
760 589
518 346
960 401
546 999
98 803
299 802
402 847
534 273
335 785
792 694
531 39
734 216
683 519
805 433
194 191
384 887
696 494
89 137
561 107
53 828
229 442
315 831
970 675
330 606
255 765
89 1057
176 427
671 82
128 343
197 577
553 600
1092 266
314 928
658 505
865 359
639 135
303 837
860 715
235 449
860 639
9 1006
701 998
434 509
877 527
224 479
729 509
562 1032
1014 465
459 587
211 388
915 928
806 594
1037 315
341 653
543 218
308 759
1024 717
933 775
651 669
611 257
681 374
298 484
488 856
686 596
976 215
995 60
660 129
529 994
821 1004
240 526
983 887
802 591
372 130
527 928
375 18
556 388
864 291
896 878
235 169
612 429
49 557
138 809
205 410
575 314
515 88
260 426
819 726
1018 690
598 499
356 658
635 559
530 802
293 352
420 935
117 566
560 129
118 403
911 1001
802 95
602 33
861 801
601 981
472 940
516 1027
655 635
845 740
208 1014
408 812
287 245
540 1107
349 104
142 1035
870 916
444 815
314 279
421 390
159 331
679 194
837 535
904 655
540 942
1072 615
754 207
850 934
886 448
114 260
529 934
266 275
1069 278
384 513
706 1003
600 970
1010 89
950 694
651 863
258 795
16 889
239 410
353 679
440 1029
573 435
428 514
690 1093
1005 334
368 386
371 607
511 471
599 429
393 276
846 125
661 338
882 945
1107 830
240 819
252 893
510 343
605 349
980 651
1076 743
381 1110
793 573
766 1085
316 1061
694 320
808 561
135 925
723 889
961 214
880 251
773 332
729 984
524 860
796 640
432 651
155 954
1023 756
462 884
407 886
442 349
189 185
852 696
361 605
974 1106
509 852
143 629
493 969
767 112
898 747
578 241
522 231
237 825
456 125
885 74
359 256
714 623
584 415
509 580
796 796
558 401
464 628
693 227
271 547
777 599
13 908
186 440
169 404
664 1081
206 748
1020 492
190 824
172 720
88 653
377 435
681 994
666 150
824 445
956 688
901 177
506 294
271 370
168 1033
1013 236
371 489
1067 777
646 636
837 394
943 999
999 355
552 237
422 1057
434 680
799 309
345 1073
126 415
379 805
893 1056
173 128
918 758
989 893
213 457
250 487
610 286
787 797
778 455
56 987
477 545
357 533
659 968
139 640
730 1013
777 720
244 491
654 37
1012 326
13 350
322 727
551 20
23 953
1066 397
166 522
268 813
932 970
606 387
318 859
465 979
281 676
805 1078
670 1088
628 204
887 34
337 774
597 265
591 362
138 172
305 216
101 475
978 729
645 601
111 156
971 629
458 293
163 267
479 921
965 200
200 312
839 201
176 932
86 231
857 881
533 594
123 899
709 219
747 487
934 919
671 511
542 739
588 844
288 577
694 780
943 580
561 28
1036 835
819 217
908 844
756 241
1063 989
838 322
601 212
134 690
657 801
140 990
843 40
734 590
97 364
585 214
642 905
726 455
46 103
481 1019
613 987
351 211
903 114
864 604
132 785
413 513
925 1066
499 861
410 846
776 152
724 744
767 821
241 1018
1090 34
278 942
605 369
1024 450
235 510
255 444
400 410
512 286
660 482
386 440
146 740
551 253
837 286
834 579
477 1111
1011 317
507 717
490 287
993 419
937 419
954 441
1006 636
416 772
720 833
497 22
776 278
314 1022
178 155
281 315
116 576
860 605
734 251
222 479
915 397
322 250
549 698
117 143
340 1020
1075 460
168 955
258 319
343 863
384 814
823 500
107 131
584 485
659 129
245 220
158 606
666 320
750 400
582 463
164 582
537 72
242 858
208 685
510 779
183 583
523 443
1022 974
730 227
64 290
608 468
260 302
846 287
389 566
776 692
457 71
464 422
869 105
968 279
144 198
708 882
800 341
1026 372
507 719
358 958
106 600
1012 111
43 934
471 287
478 119
644 488
122 684
287 183
288 545
732 106
304 660
518 379
602 540
517 316
371 930
332 1024
120 143
247 724
86 454
692 868
300 441
9 178
674 727
318 258
618 696
151 592
1016 674
673 1065
605 218
921 894
284 749
386 525
201 22
872 107
206 866
868 1002
502 151
174 772
135 109
622 591
876 1054
476 167
560 1078
583 1
881 1057
924 671
668 346
401 466
860 288
345 930
217 361
110 377
1094 444
365 444
47 666
767 612
444 691
635 504
148 218
338 229
703 814
450 716
453 911
243 643
963 842
547 374
960 956
198 684
131 844
236 612
840 147
1072 491
299 995
563 436
529 700
772 20
781 405
786 291
981 565
811 409
1061 85
509 180
1031 753
435 273
661 1048
394 394
760 735
911 906
762 211
242 1060
893 868
425 671
276 401
149 984
1098 500
980 236
634 310
101 736
835 904
295 108
420 933
691 35
902 169
675 748
647 331
32 112
786 428
122 244
813 813
944 747
322 629
739 485
554 277
492 272
622 810
204 942
216 537
368 412
1021 521
756 567
60 667
450 575
434 860
341 630
223 111
890 741
176 445
663 588
845 793
58 253
562 966
883 104
153 802
770 691
575 437
363 147
727 798
805 473
839 1024
747 1003
849 511
153 654
612 598
962 1032
1035 619
494 1013
957 790
421 858
1039 318
542 973
307 406
363 232
634 6
137 456
591 549
1051 715
525 902
1011 820
882 553
587 800
349 563
520 351
249 225
1002 603
67 698
363 340
9 563
451 543
1004 603
444 594
776 271
661 541
874 779
691 1013
982 156
1087 510
609 204
535 163
965 319
319 138
955 1049
864 284
105 117
566 798
573 924
389 959
697 586
437 700
31 407
811 4
400 24
467 618
480 408
28 388
941 950
352 25
416 113
732 1107
207 916
910 815
861 445
430 878
682 538
955 366
294 625
152 161
392 324
655 730
171 1106
679 789
1077 257
118 536
923 252
182 130
211 809
850 729
748 604
730 763
1006 266
1013 130
278 930
353 150
718 553
175 680
880 270
424 925
1008 239
85 326
530 450
860 970
401 858
104 486
274 293
179 974
855 9
666 379
711 657
303 587
726 848
931 492
729 635
714 1115
732 296
484 682
111 277
751 390
497 175
445 795
415 832
801 848
728 934
393 951
1025 594
725 40
316 1054
777 222
756 929
329 1019
4 851
202 503
728 829
810 428
392 226
121 674
595 562
590 744
954 289
154 551
989 417
273 150
77 830
522 868
491 418
166 32
877 819
625 843
247 210
610 296
844 905
765 865
854 524
64 1022
759 403
498 920
97 145
968 761
587 854
312 390
693 344
638 28
517 1059
105 294
563 722
1024 389
51 301
504 1090
128 41
768 1019
700 710
647 270
694 234
155 863
736 145
784 992
185 442
314 307
177 752
829 599
500 436
157 911
483 181
143 300
826 1023
149 1093
877 366
955 870
996 244
463 337
54 274
698 934
233 948
43 881
697 214
883 345
193 390
874 841
986 748
1099 359
546 1035
971 466
242 765
444 651
388 397
204 16
179 582
956 1105
996 220
482 148
554 351
330 666
548 623
711 999
430 198
692 189
1065 406
835 870
204 978
542 610
268 189
296 359
1021 50
507 714
298 109
862 266
510 515
509 2
676 153
739 466
985 494
337 820
352 173
937 268
437 711
580 926
966 234
905 959
854 607
134 1016
899 1032
1072 1082
591 1074
437 274
841 1029
286 368
558 314
427 722
653 602
773 331
247 923
348 564
72 1022
533 1084
505 372
273 114
863 759
138 615
887 845
197 545
316 966
112 812
597 323
683 995
122 605
541 906
984 862
455 310
1036 54
877 876
558 539
118 35
654 102
101 420
100 977
1046 271
291 319
1086 875
1005 177
436 366
486 511
701 819
930 382
436 738
457 954
896 216
425 250
584 210
57 203
855 1079
312 145
909 965
359 221
767 663
1028 555
405 186
432 590
810 258
412 519
131 210
598 178
378 833
110 698
791 485
398 846
704 1121
677 340
85 1066
880 926
1010 426
737 91
17 398
578 975
684 608
665 582
870 974
973 325
512 1007
777 3
482 868
182 746
336 1100
658 1080
704 1062
615 142
360 70
104 487
1009 500
475 938
844 179
1003 963
699 260
1013 488
794 624
610 1083
570 683
1010 448
897 541
411 265
853 584
818 982
955 775
525 647