877 902
485 528
721 66
381 475
648 824
650 526
795 417
400 165
940 156
176 941
1009 542
799 594
0 652
431 760
925 496
385 367
139 403
308 676
367 966
937 439
827 431
865 774
627 227
587 563
780 1114
426 717
755 922
658 40
863 974
905 812
680 164
432 1093
755 90
1106 23
117 1012
509 1072
252 336
96 394
819 483
373 444
302 116
846 803
332 621
729 704
891 201
607 843
165 644
129 825
370 547
791 374
1098 647
85 552
442 365
688 440
99 289
692 932
316 804
102 982
859 475
880 963
498 193
507 295
265 908
925 384
205 180
1076 970
1042 233
1086 361
459 4
841 812
266 422
566 629
645 384
993 226
209 1008
255 671
437 10
548 189
623 362
483 966
716 183
111 981
568 129
782 999
399 696
196 1006
763 476
849 311
155 995
791 758
809 37
439 528
1038 273
674 224
895 914
702 303
247 275
146 418
994 696
946 116
251 654
1095 562
457 43
703 691
816 178
1072 947
618 951
894 476
196 954
829 969
718 659
724 1045
215 176
355 601
445 244
743 696
541 209
1052 202
541 1046
214 173
556 295
940 545
651 441
178 283
501 1023
957 921
444 713
344 321
114 758
940 802
812 160
499 602
888 389
681 477
1052 176
336 275
1114 778
755 846
408 834
389 851
531 437
714 1022
320 808
449 328
115 46
1075 292
982 801
544 923
896 237
440 457
615 1044
528 904
226 81
429 623
422 667
993 343
432 931
908 886
194 671
165 86
515 351
962 69
906 481
181 92
284 41
624 940
238 631
702 661
137 214
578 179
702 219
576 422
439 807
619 78
572 129
939 223
5 467
800 374
650 583
761 523
617 800
552 642
336 855
922 452
585 609
859 354
377 956
184 966
546 691
1104 777
450 971
499 414
868 846
789 534
125 486
566 560
398 443
1066 544
126 1020
608 989
695 281
902 874
42 478
588 435
793 342
257 701
517 31
201 313
710 475
256 144
143 422
947 269
678 106
621 1014
737 280
344 294
864 885
757 467
352 683
580 819
562 593
392 164
11 195
753 601
406 322
995 523
809 90
132 433
678 931
681 312
290 712
714 1062
875 591
110 382
540 111
1000 29
1106 898
523 198
470 103
156 934
602 169
589 944
175 126
653 331
157 622
678 1038
1020 599
714 872
587 703
699 436
220 484
4 1016
119 731
180 666
156 128
880 967
667 827
422 679
746 572
634 123
787 1039
1068 629
216 400
573 1107
925 380
162 611
213 324
952 633
479 235
873 761
1084 372
106 358
579 830
783 117
995 528
755 4
143 521
259 75
63 1021
89 80
1080 653
237 659
527 618
752 827
476 884
916 490
615 128
291 184
947 696
494 744
832 354
444 627
921 296
756 556
953 1052
867 485
470 796
507 146
147 478
208 832
663 587
956 838
560 197
309 953
922 983
708 548
558 101
929 632
341 1082
725 588
33 1086
772 794
890 193
971 150
507 821
1032 855
896 632
104 900
762 396
973 446
286 573
625 851
911 1057
842 957
756 559
319 690
129 1065
826 440
268 99
1007 268
408 426
641 890
802 815
642 690
1011 1013
308 847
935 1012
446 446
974 489
1032 488
443 751
507 754
171 615
239 199
538 746
406 688
507 453
469 880
687 691
369 247
891 943
433 198
220 901
761 37
529 421
653 162
48 826
335 307
328 247
306 784
457 319
928 170
36 955
669 273
644 279
253 952
451 1026
999 968
675 184
596 379
3 999
1059 914
705 113
517 956
959 910
938 344
654 762
453 878
930 551
982 995
926 292
750 874
1093 605
268 721
489 723
245 161
525 535
772 1113
1099 667
355 812
590 455
261 553
631 240
453 236
167 401
906 154
570 1013
268 610
994 71
151 149
981 96
710 733
208 146
414 184
758 1016
227 395
326 179
294 844
772 29
616 55
220 9
259 467
737 281
352 311
329 976
284 304
780 102
998 833
797 994
711 574
955 937
956 1035
977 986
801 294
1044 695
631 779
831 985
100 789
452 202
240 49
655 951
543 758
663 461
340 268
436 130
589 625
75 222
453 244
608 511
318 547
207 422
184 522
591 313
608 924
1016 18
69 681
789 390
1000 225
1023 894
1058 390
194 582
843 491
511 654
664 398
445 106
153 935
390 164
1012 124
875 102
213 1013
463 291
647 154
523 1004
703 1065
203 513
63 61
749 683
437 630
960 959
556 226
1113 679
766 477
458 37
764 654
250 696
106 457
134 411
351 318
464 264
624 886
644 669
843 117
574 409
719 766
745 1014
1081 545
339 64
817 908
410 388
870 842
655 183
435 704
644 889
787 610
922 177
859 368
690 1082
366 954
703 589
208 398
137 896
647 1001
880 246
218 891
903 728
860 669
168 1013
684 129
872 167
877 46
722 354
104 191
602 831
120 523
113 475
914 491
34 356
734 770
507 529
250 1074
144 266
764 745
428 662
97 367
313 724
532 714
108 955
584 1034
139 502
41 860
421 692
801 184
551 700
598 554
412 707
747 443
582 1010
1072 578
526 1
538 286
340 696
495 120
783 473
673 506
260 615
169 972
1020 288
983 956
384 423
759 520
974 935
866 189
731 1078
951 978
363 771
799 656
1090 797
552 784
978 35
432 312
662 889
425 162
417 969
765 838
587 599
762 166
505 271
176 864
566 1040
248 242
666 214
697 148
651 153
742 103
532 770
970 922
512 21
591 558
156 425
475 599
685 984
1077 692
1074 190
635 684
1060 103
741 774
852 437
1098 349
800 747
145 118
332 733
305 201
275 450
748 339
756 23
357 696
963 630
65 634
801 833
913 295
972 179
1053 199
606 1018
711 520
843 932
785 377
226 28
691 332
399 903
113 826
464 247
684 927
385 821
279 536
555 151
437 61
321 796
544 349
849 43
461 789
723 957
686 60
79 628
779 413
161 528
932 266
477 734
898 829
527 866
989 916
1019 114
858 978
896 364
950 831
548 865
134 468
982 614
816 230
1092 103
12 481
881 896
903 1005
348 136
37 314
936 874
157 674
611 435
798 624
576 201
935 940
227 559
728 248
732 390
383 928
474 67
380 179
101 770
848 940
668 862
211 317
252 595
878 851
288 324
588 992
265 298
187 450
501 338
497 286
565 773
1091 146
531 804
166 874
164 188
809 392
734 200
1078 751
234 633
839 869
942 398
700 135
660 488
803 672
108 93
663 71
270 204
836 996
383 829
746 894
441 986
961 626
495 269
1053 504
291 858
610 576
1004 248
678 592
997 157
437 335
328 263
533 577
331 193
586 445
1016 254
816 343
298 255
504 972
1080 247
507 512
390 967
262 205
226 295
14 1058
229 383
666 861
61 500
422 263
788 206
286 583
44 495
296 379
413 983
502 1024
669 512
794 454
708 887
203 338
407 717
680 486
498 774
1035 397
549 650
672 968
1023 731
198 835
510 240
246 597
321 7
587 114
679 766
245 940
246 369
729 729
766 519
188 640
445 538
366 741
901 281
746 37
241 968
332 9
738 331
738 173
248 856
927 818
605 620
1080 161
773 80
776 681
608 514
146 1116
705 931
725 341
516 732
356 820
232 299
566 109
153 622
761 488
681 276
290 67
426 543
711 555
461 881
272 778
132 739
455 225
532 313
102 401
225 642
282 821
802 581
526 619
754 479
565 656
867 32
60 205
247 925
438 677
155 455
537 676
648 823
793 183
659 438
1035 424
924 882
528 953
241 255
155 699
674 898
559 1037
295 870
101 506
389 814
513 525
503 543
987 800
477 646
261 134
574 1040
131 629
836 276
346 177
296 832
324 683
906 670
644 808
0 814
925 241
677 380
617 310
773 963
287 719
727 402
468 118
422 77
493 748
1004 721
881 379
313 752
243 611
1113 821
538 278
373 318
500 729
825 386
776 212
246 162
555 303
544 359
504 686
971 537
787 1020
827 1040
491 414
429 319
591 523
1008 533
519 643
301 1088
603 766
938 148
295 624
693 964
920 798
497 1097
67 599
60 828
964 826
1104 1081
261 879
706 998
384 102
548 217
834 658
148 795
248 31
513 665
527 548
470 426
655 675
949 265
1116 153
762 858
944 974
1052 693
360 1001
477 436
366 774
607 310
482 240
815 183
693 304
1093 986
774 783
953 218
342 178
701 196
78 539
258 637
895 915
72 747
194 238
681 554
641 562
978 155
677 115
646 636
240 780
349 500
342 738
911 694
599 913
734 173
243 1000
381 335
577 407
736 1091
253 38
525 614
193 809
295 143
1110 946
388 980
979 425
182 613
581 146
402 1022
776 287
798 131
758 324
239 406
542 271
587 550
887 544
134 282
1014 216
532 802
57 996
395 804
365 225
755 659
105 625
169 153
387 249
795 913
979 184
113 617
1039 298
924 406
1022 854
657 271
328 802
242 838
382 6
1097 629
317 966
955 1000
400 39
753 111
47 594
658 64
466 462
633 642
306 611
1122 805
473 950
65 193
96 765
106 492
137 570
740 976
805 732
413 503
420 467
279 1105
916 987
747 248
827 365
213 938
376 15
670 283
80 34
896 387
292 191
152 847
518 924
993 348
1004 624
539 560
144 719
766 1014
170 552
505 252
98 1085
682 710
1074 604
223 498
682 817
883 541
510 381
227 981
273 515
972 322
738 575
220 968
248 665
89 654
313 631
1103 156
363 741