635 1038
974 494
616 61
947 904
99 1000
750 311
310 779
874 1035
1073 762
523 562
497 171
1043 929
759 496
576 818
378 959
825 846
141 1093
682 475
490 584
172 191
382 564
553 106
563 757
763 924
556 971
420 510
873 951
1033 70
43 626
258 486
130 745
977 302
659 810
817 426
103 646
790 113
706 313
834 190
668 384
339 121
188 444
1011 411
1070 565
259 367
501 450
804 536
461 1006
318 370
800 882
43 165
182 866
971 615
555 340
544 601
889 49
684 124
363 505
329 358
422 385
1 170
612 483
623 465
637 1086
810 605
526 201
1079 952
734 823
100 957
374 583
491 863
395 172
496 842
441 676
335 680
254 142
940 569
365 801
172 312
309 318
95 697
740 902
911 492
744 636
601 680
886 415
1099 518
134 568
781 365
761 491
243 47
444 1059
582 681
43 641
497 117
864 985
183 814
299 928
410 547
219 402
159 501
468 594
72 105
781 567
9 862
779 242
583 771
487 586
521 998
389 334
136 263
1104 465
413 355
216 206
872 932
210 995
664 934
512 417
746 654
552 771
299 499
858 866
529 1061
904 394
715 899
1112 1013
727 276
471 946
1016 770
184 299
377 95
209 508
754 1112
1052 865
857 904
676 799
159 436
365 996
283 898
166 598
922 294
716 382
680 144
948 1089
782 946
161 652
822 858
721 980
779 471
716 896
509 927
990 576
256 380
717 1057
1067 253
842 244
976 121
916 68
290 173
354 205
406 794
1050 475
309 632
105 68
177 1063
568 999
510 1100
317 205
68 239
257 797
739 421
254 271
803 290
409 270
908 701
193 215
52 354
445 816
415 257
246 398
295 19
885 637
645 102
604 449
206 263
656 227
826 1023
323 419
290 713
560 1002
80 234
214 617
444 211
720 481
237 950
299 704
449 672
213 227
472 815
618 459
330 252
805 1114
496 597
167 2
609 1071
442 290
565 346
171 1004
106 246
522 729
645 946
687 82
954 922
735 470
1024 821
674 269
1113 886
295 107
973 555
433 1066
91 950
300 445
787 843
306 580
446 625
1092 141
0 170
271 896
96 254
241 355
998 369
678 270
225 797
192 284
833 199
617 292
958 673
687 772
290 422
959 639
213 1007
281 774
847 110
417 862
762 596
787 358
496 314
893 797
279 586
531 504
28 376
760 971
621 125
631 614
218 466
249 37
673 372
1022 1085
825 663
108 4
720 150
355 743
232 728
246 814
855 145
363 324
1030 326
769 916
80 910
581 746
339 535
540 726
359 393
217 1033
253 858
376 500
811 907
903 673
405 739
108 369
650 543
525 265
615 178
340 965
564 151
488 234
998 253
551 709
992 792
552 259
917 295
1088 507
813 657
254 859
95 601
974 302
990 664
550 881
487 489
818 1000
623 1078
21 742
601 1100
34 625
430 136
621 1042
616 721
1032 851
651 411
591 658
557 780
35 612
253 296
219 288
239 529
741 644
442 669
173 174
133 588
788 742
635 1119
437 542
142 897
631 567
33 1080
1027 666
425 249
628 1009
197 772
949 290
701 48
436 779
793 451
95 1016
307 987
518 616
785 424
340 1039
310 607
684 699
152 1039
748 993
826 88
969 757
544 179
1084 830
499 788
1005 433
833 813
582 757
713 769
745 968
842 394
306 445
810 659
423 567
990 451
733 1096
264 307
297 249
828 353
409 890
511 98
79 988
888 97
329 398
1024 548
274 262
657 173
1115 834
617 504
229 754
988 527
191 870
571 1023
924 349
255 468
496 991
947 321
171 758
264 290
1093 322
801 814
296 172
1057 952
502 595
532 239
668 234
591 320
311 378
955 150
44 875
944 162
141 983
181 894
1026 860
779 635
904 306
579 92
946 895
580 790
309 760
153 693
295 877
1034 498
230 111
496 485
990 529
667 503
757 262
631 409
351 1067
3 305
851 525
445 577
570 209
833 1066
809 1005
1057 989
522 482
756 943
956 554
355 20
957 726
800 374
691 537
608 702
714 544
663 295
667 547
857 964
359 544
352 353
594 1095
868 841
748 945
235 392
856 124
666 422
361 540
39 588
333 948
688 1045
586 675
598 37
1095 116
222 504
223 887
745 511
703 12
459 103
730 670
902 131
832 990
382 945
28 811
352 175
75 991
694 709
37 797
810 824
846 929
1092 411
782 830
48 142
1009 40
684 641
362 766
1085 465
1107 959
120 266
685 1010
115 293
310 804
988 565
938 992
146 162
457 217
707 191
153 990
69 214
1093 610
1072 1046
916 616
936 834
793 520
846 173
394 1093
796 216
406 107
729 212
411 222
310 132
673 237
291 684
1097 958
721 417
594 368
472 323
653 16
963 637
803 160
458 622
442 140
47 737
754 667
981 642
415 608
922 909
690 91
316 980
316 260
210 914
415 107
435 105
611 576
410 300
710 368
978 964
895 930
113 760
625 190
321 554
549 194
970 587
841 61
550 406
738 572
817 534
437 557
488 925
663 949
817 270
435 606
208 246
565 663
40 145
704 344
571 177
108 548
546 896
937 347
985 121
860 493
915 945
540 1068
985 519
1080 1116
376 897
115 205
235 964
144 300
926 392
66 789
708 1031
323 1003
343 246
197 1004
670 1094
794 639
226 749
603 415
949 257
345 153
599 632
910 58
843 1076
504 231
349 677
224 665
236 777
274 897
759 865
512 223
923 835
997 600
988 243
492 241
932 494
929 226
1034 898
289 246
312 601
680 889
739 252
577 240
1036 939
700 984
747 1098
481 1055
409 409
304 517
979 489
131 774
742 22
93 912
938 479
243 370
697 634
591 85
834 699
465 481
274 969
716 440
691 276
695 401
769 881
514 8
473 1111
379 58
971 743
500 785
209 622
547 398
728 658
712 856
128 725
183 913
200 244
71 372
780 771
925 598
137 785
356 423
405 199
109 596
123 361
665 327
1065 928
545 225
668 795
213 756
740 644
279 428
1012 49
282 1032
316 419
700 688
123 1092
307 690
518 512
223 634
534 170
604 260
288 389
271 427
14 618
323 1031
153 1119
218 728
120 679
618 445
697 823
648 557
750 911
1014 782
906 393
427 166
644 492
188 972
416 453
859 468
756 1019
879 562
321 976
108 509
971 383
576 284
70 588
418 893
569 827
311 292
468 76
918 446
237 932
713 363
328 128
975 836
631 359
704 201
999 718
245 515
532 481
675 278
942 550
659 648
38 933
295 952
744 431
648 892
1081 250
919 26
707 462
222 996
191 603
363 711
211 561
661 980
165 245
412 499
923 712
104 77
636 300
292 212
338 27
830 903
657 745
204 1045
631 622
784 482
565 505
722 974
489 928
1085 84
957 994
307 413
176 273
24 231
307 502
310 737
506 55
313 312
483 914
646 369
87 9
418 594
191 889
1020 634
669 148
787 432
764 917
337 1039
165 168
642 756
723 791
869 70
1008 685
904 391
321 338
454 361
767 71
976 247
935 1071
247 818
1036 949
1113 1004
210 491
603 413
702 310
855 550
452 897
1123 875
168 35
318 298
881 847
265 407
155 375
452 1117
691 151
442 587
224 939
97 272
271 854
1016 239
239 612
119 113
286 423
271 117
959 993
578 140
149 178
902 166
115 843
464 840
973 773
805 102
354 797
616 870
347 315
663 87
128 983
145 1000
345 944
676 150
895 690
801 657
483 163
663 60
651 353
220 325
923 783
743 224
475 180
449 695
550 773
473 722
621 314
646 970
221 603
651 876
557 249
771 165
709 182
589 936
1015 834
463 23
647 953
603 378
365 792
681 1032
217 1013
489 574
374 564
363 504
1010 4
142 575
882 419
235 173
18 155
1081 308
563 549
722 305
1016 300
963 954
973 960
883 1123
362 340
557 505
439 620
873 1121
433 9
412 417
376 886
194 276
1010 856
602 477
488 412
312 675
790 914
1061 324
628 231
349 686
1026 177
146 875
549 395
921 918
992 146
598 464
677 632
531 702
933 272
833 555
324 846
393 595
969 108
178 946
629 417
439 914
50 590
89 997
770 825
556 893
153 945
449 151
652 1012
7 280
915 267
1006 598
652 987
1058 556
665 961
510 186
375 632
706 186
1016 697
463 272
648 798
129 823
178 975
326 95
680 433
673 694
412 681
1008 246
265 1025
512 19
1038 482
362 456
924 5
206 585
950 240
349 191
141 746
457 669
373 1022
206 588
935 183
458 1009
896 219
889 440
1025 12
864 498
144 403
491 102
943 766
124 362
50 67
230 889
543 1068
100 632
1112 763
970 143
736 141
352 434
1031 730
644 319
258 384
149 649
327 764
656 630
756 348
247 67
1086 632
19 391
484 165
641 660
965 218
90 456
927 764
148 335
353 316
167 222
135 816
713 310
827 650
96 831
703 245
676 415
433 183
785 145
430 501
897 573
515 855
749 830
640 1100
846 306
614 738
831 215
167 266
363 644
373 917
100 815
588 693
368 324
571 171
545 915
240 845
793 887
1082 986
1102 959
459 293
77 82
615 872
77 147
832 183
517 240
923 539
931 974
131 977
417 538
316 278
977 343
582 162
536 6
770 109
750 944
468 558
995 1033
42 398
608 889
701 632
384 219
534 238
1024 684
728 483
384 778
947 831
136 100
764 455
63 136
339 85
470 253
703 1041
503 1003
633 1117
633 470
962 547
578 821
751 779
1013 777
451 273