782 345
409 328
27 804
392 222
217 521
619 1121
217 390
1074 436
533 749
475 965
420 267
177 941
773 452
384 30
1090 800
552 737
1106 839
489 1088
61 623
255 768
802 955
854 279
701 607
428 301
680 321
693 452
431 395
443 113
732 650
119 930
1003 324
834 474
757 827
976 615
918 562
622 463
271 248
906 595
109 389
376 175
682 1059
410 803
980 578
737 192
962 800
986 1052
335 638
490 1103
888 323
174 110
840 962
796 877
227 376
255 468
594 55
194 416
515 122
123 163
840 681
874 664
732 579
18 466
375 579
228 889
812 995
763 48
1060 5
1107 347
491 619
365 171
767 322
114 621
510 589
382 331
650 263
672 844
808 1024
296 446
113 110
261 32
1105 517
311 575
234 835
110 831
324 953
556 459
379 298
1036 505
818 696
605 190
811 667
970 675
304 563
418 823
562 864
519 940
180 656
42 672
327 710
377 971
540 331
596 891
207 1
841 46
295 623
638 580
724 1003
560 1084
611 1054
234 644
213 1071
723 675
382 109
132 542
420 20
716 396
468 776
941 411
953 993
895 436
868 378
179 779
803 267
94 481
142 935
551 37
603 834
1118 226
850 642
853 760
834 885
979 782
614 216
127 561
542 509
871 819
931 916
35 538
649 1091
1013 919
927 319
864 1056
595 257
578 988
571 282
837 318
240 402
971 916
746 676
403 817
415 634
678 465
233 674
766 533
1089 203
671 554
310 32
927 968
664 872
872 1050
446 762
701 505
116 147
646 1059
389 1107
559 396
129 958
226 473
798 271
875 578
1106 735
449 727
68 784
747 864
217 548
385 982
362 972
355 492
981 191
853 664
942 461
332 543
1068 1075
989 531
927 959
684 579
709 728
907 191
947 1063
332 784
504 601
564 566
193 375
552 800
284 565
749 668
645 763
419 757
332 577
146 100
621 270
272 199
930 319
578 393
148 101
458 452
878 396
992 740
426 515
629 701
592 817
680 983
632 964
906 968
591 1102
532 1079
535 18
191 277
752 297
432 734
880 435
877 855
491 801
367 517
659 632
777 1002
156 454
916 1017
612 423
283 643
597 519
1097 84
926 516
817 285
183 594
247 173
206 703
573 1086
138 607
400 581
702 895
179 307
161 347
263 506
663 967
29 353
901 523
988 1087
146 730
839 997
256 1028
190 176
311 796
578 477
499 519
743 200
1078 193
221 929
462 709
367 864
408 297
519 651
838 649
585 229
36 110
815 848
979 836
1012 686
306 142
645 160
450 41
992 825
772 322
830 659
138 74
775 559
496 280
1027 40
612 779
548 298
573 136
890 678
677 163
127 742
446 905
524 391
707 1036
599 958
174 780
949 381
600 562
674 948
928 642
280 98
546 719
209 250
410 847
592 213
309 618
650 930
513 283
128 925
187 977
356 769
700 265
780 990
454 103
402 95
541 110
990 351
544 650
904 1080
653 314
930 228
258 785
689 768
996 646
586 679
348 213
511 1063
695 734
146 192
827 740
958 401
392 607
205 328
358 89
545 466
256 820
126 675
285 751
743 641
890 934
912 565
846 11
412 139
551 310
287 233
796 509
742 459
106 162
413 581
764 362
264 683
509 625
486 1095
518 967
402 628
576 775
892 656
137 975
31 244
789 693
539 935
272 602
422 210
331 425
150 169
489 991
294 173
1082 750
848 874
972 295
606 978
477 934
244 624
490 22
693 761
485 263
190 514
902 77
326 946
690 347
896 229
309 747
701 447
832 910
38 589
321 460
869 587
752 652
418 339
970 782
760 708
129 465
553 124
957 211
782 815
807 247
371 323
1107 44
134 716
713 300
151 103
15 575
284 904
362 946
333 651
398 818
769 1018
309 958
842 92
644 459
434 1067
154 1121
215 31
919 234
38 56
454 401
843 222
145 272
615 8
747 199
61 149
467 234
201 455
193 115
442 498
1091 144
567 487
740 901
1093 898
936 500
367 140
71 738
977 731
636 484
626 801
610 948
25 965
13 159
870 864
246 505
738 545
283 653
467 498
982 363
179 734
397 174
415 722
462 295
1107 390
840 616
414 1117
623 697
1035 407
458 613
1110 332
853 794
824 530
477 786
1067 899
502 878
139 613
357 896
1077 561
438 412
712 538
765 819
145 308
730 172
378 35
1037 747
640 8
361 731
742 748
1098 456
296 202
998 597
131 1089
663 950
536 594
810 36
664 390
402 638
253 367
968 558
206 882
522 677
280 950
312 710
186 473
301 471
712 369
993 429
741 877
352 782
218 315
620 730
1076 125
275 363
356 356
400 296
175 540
674 878
377 771
877 161
606 1023
653 455
949 437
189 441
967 456
201 153
174 371
694 903
186 1040
999 867
340 155
738 897
1094 243
132 341
913 786
495 1014
832 647
273 331
1022 891
231 834
387 346
324 992
624 965
913 831
915 1048
914 973
839 910
70 802
1017 243
965 847
935 704
581 45
202 636
742 170
502 46
642 125
480 533
410 931
172 761
371 494
919 958
446 529
851 1067
581 985
177 1010
966 74
703 723
504 558
243 349
77 174
347 735
327 115
950 576
699 496
358 533
281 970
535 86
372 317
123 340
1021 544
567 229
951 641
137 866
656 734
123 1019
406 860
876 824
653 966
413 186
329 1033
1094 928
214 217
473 528
77 269
519 262
233 191
1105 433
503 778
297 422
86 105
178 861
512 254
721 151
321 419
989 908
327 574
952 870
835 345
422 1010
591 524
995 148
1031 141
744 577
444 146
395 615
814 1012
200 966
730 114
366 981
1004 274
430 27
1056 563
1044 556
1001 299
71 415
898 457
875 109
481 657
101 147
623 161
12 781
900 41
485 639
139 62
1007 699
278 1006
776 336
188 147
275 508
989 364
475 690
801 654
55 568
998 638
1007 822
970 871
450 1054
733 209
985 950
760 203
252 982
838 1013
435 618
651 929
1035 859
510 754
289 864
926 339
447 927
995 114
557 620
892 388
422 375
707 624
12 842
1066 129
601 433
958 271
935 399
536 935
841 788
638 677
235 535
520 1007
667 584
284 372
1001 198
358 845
465 698
190 593
54 331
554 489
210 914
218 366
300 243
11 782
950 1006
854 366
864 427
224 171
835 988
953 190
234 1000
157 701
57 483
598 315
312 704
768 521
783 771
967 519
347 328
265 121
480 1039
541 52
288 1048
565 991
876 515
677 96
600 1018
720 900
148 808
816 535
984 585
1009 682
693 50
834 875
298 214
637 376
369 675
606 849
794 384
904 1095
568 612
80 577
27 649
263 277
137 292
184 972
616 919
331 617
378 167
561 387
210 422
270 272
468 206
834 344
888 318
1000 861
752 680
985 1090
123 594
73 512
631 682
629 291
958 946
464 762
932 828
944 1077
940 510
889 650
44 60
204 390
185 967
982 301
353 120
679 97
320 862
441 396
328 231
495 739
268 408
43 398
1061 441
1006 876
79 338
805 423
1059 754
87 418
1094 776
866 506
837 378
247 112
850 581
1098 346
939 144
527 564
792 318
901 622
1095 787
371 772
1074 512
743 282
632 824
362 418
317 535
1117 983
950 111
796 606
793 984
677 198
68 557
378 510
164 641
484 545
336 412
128 770
735 398
721 384
19 662
910 753
775 687
112 267
463 47
575 19
285 278
101 709
383 185
825 297
359 595
722 293
30 252
624 818
701 443
490 553
324 150
587 164
124 370
614 980
571 1088
465 888
486 978
89 69
636 599
213 670
393 1043
884 291
828 338
760 902
868 922
826 986
735 0
296 405
237 424
168 186
68 670
1010 1069
349 7
578 142
547 948
982 931
609 267
882 161
2 225
65 347
155 561
459 252
288 282
942 570
800 894
1017 720
817 783
785 752
488 239
981 738
612 741
451 1028
345 970
537 83
1063 620
196 13
684 180
163 888
115 619
178 701
478 235
514 888
586 881
377 722
849 658
954 796
231 114
36 453
808 1041
554 129
241 1
792 667
94 331
192 816
252 638
321 230
1008 277
655 539
215 310
795 669
350 834
998 413
972 1093
130 750
1014 553
372 199
595 354
357 1109
761 542
799 274
784 27
1041 651
885 376
1031 581
544 879
128 167
1017 706
116 1006
507 805
1027 490
1052 827
1018 932
617 819
30 1009
246 340
733 168
873 136
251 934
300 822
732 751
1065 962
559 975
969 313
357 797
617 249
274 543
1032 43
355 747
436 827
555 119
187 428
877 883
648 589
657 512
895 297
1055 853
994 849
519 646
309 721
962 542
908 538
182 404
131 748
222 908
730 242
938 459
657 909
665 30
342 755
356 204
973 72
592 913
1071 50
516 287
935 944
760 224
1022 511
118 84
269 987
845 465
876 103
704 985
912 564
336 847
97 323
116 679
342 594
460 42
61 38
995 92
582 516
222 684
309 227
445 900
583 100
87 279
766 323
228 425
689 490
765 659
95 835
848 345
490 983
298 119
934 212
630 370
186 997
979 879
715 986
621 591
287 748
586 508
729 814
310 446
554 715
305 751
919 988
505 134
825 31
114 525
351 998
403 303
875 81
1033 178
311 191
853 187
767 897
1000 486
599 295
548 358
853 908
757 716
388 758
766 56
491 138
957 802
205 770
543 380
705 794
247 195
272 568
696 1103
677 810
476 234
134 200
651 1042
712 178
550 980
296 377