340 198
937 294
802 636
187 450
653 597
1012 924
704 389
509 594
620 705
372 214
1076 516
408 365
447 363
707 87
479 157
707 874
546 55
821 1053
210 712
970 418
599 106
164 971
298 829
132 973
955 214
516 488
1004 810
220 433
937 550
864 355
304 519
1100 1056
740 744
196 660
586 375
661 756
526 445
672 517
548 260
853 936
657 954
259 151
550 827
768 549
309 643
1118 468
736 355
628 167
704 956
957 959
132 496
424 840
473 304
530 593
525 99
352 886
754 473
154 356
34 1078
332 255
136 732
501 827
398 312
949 968
122 910
1106 57
903 768
127 281
141 305
609 834
790 329
298 913
710 762
943 409
685 929
924 751
664 1018
766 384
384 1006
420 967
13 502
298 1080
970 230
307 44
786 250
1013 288
568 149
761 880
1019 995
363 386
559 731
752 277
589 233
527 439
981 1004
166 944
257 940
469 1065
1034 718
158 417
803 155
277 41
470 977
791 846
976 413
951 517
397 843
581 693
835 620
753 999
820 445
230 587
779 919
898 853
456 1056
873 938
670 507
779 970
760 990
459 590
979 945
697 74
337 69
737 657
870 35
493 1091
260 995
351 798
376 445
251 829
1043 608
389 277
54 251
574 870
677 184
768 717
395 263
1027 377
898 954
525 693
347 501
313 242
154 649
807 946
990 906
1087 1020
894 287
216 907
501 408
790 846
971 434
20 224
514 1030
707 700
553 157
274 743
858 970
975 1053
669 213
973 175
309 116
623 757
995 677
132 109
202 223
187 1094
391 623
542 833
1081 566
219 983
11 331
354 49
20 395
453 1005
586 760
901 700
516 341
1017 315
329 748
371 337
800 493
470 630
833 30
22 100
897 1119
969 851
247 227
963 545
616 711
501 540
265 396
810 353
355 210
110 650
953 202
459 56
905 577
717 518
754 57
1044 503
827 362
927 601
429 545
108 576
6 109
294 779
419 484
766 1064
969 755
590 900
826 642
571 240
652 965
265 797
177 149
852 540
82 573
1036 910
508 621
705 686
208 1097
672 193
863 708
188 473
769 355
314 881
981 892
170 372
839 167
947 746
998 339
802 384
364 963
472 639
420 816
853 155
372 478
555 100
932 952
685 697
563 489
800 753
401 614
950 396
641 161
433 644
580 976
578 56
182 738
323 1078
374 700
934 470
722 1016
1039 1033
1031 958
791 1011
805 538
785 162
119 957
1014 277
132 899
940 232
877 332
228 716
786 416
773 656
50 259
371 521
385 228
900 247
313 167
1091 557
445 994
982 259
142 10
994 898
833 820
205 490
107 828
236 215
617 906
126 770
935 1017
344 218
174 939
130 374
25 952
121 528
313 1015
398 797
686 29
174 481
833 982
475 256
579 520
391 252
359 741
630 907
406 762
457 905
739 111
545 1070
556 509
398 68
364 849
368 1041
114 124
254 1013
268 125
221 655
677 748
591 873
307 377
437 370
207 804
214 815
351 564
617 349
1021 247
804 369
112 72
638 809
220 140
1051 281
127 563
829 2
813 266
349 401
144 558
299 170
659 768
468 109
638 1095
642 917
564 337
884 701
954 885
711 1092
1002 188
591 538
32 842
738 88
835 315
238 1021
971 235
625 912
650 702
893 882
880 148
885 190
374 433
343 852
790 62
355 768
81 356
443 1019
634 135
916 921
730 502
844 231
555 412
853 400
675 681
274 565
149 940
936 800
612 967
759 794
430 30
122 143
538 320
459 650
191 284
347 508
154 379
573 885
762 549
793 978
542 711
112 574
993 376
629 195
3 690
318 858
835 219
491 928
319 485
456 706
886 977
607 212
800 602
404 849
27 142
115 894
586 406
713 272
357 479
1042 1008
690 158
891 732
338 44
673 893
497 782
248 1069
808 1085
968 159
442 748
328 849
249 482
965 444
138 1086
175 120
417 201
377 1048
376 687
770 934
495 556
705 530
14 335
677 451
92 871
350 308
367 1064
655 526
795 711
701 784
133 1084
1076 509
778 542
192 921
168 371
910 0
248 688
1076 617
511 671
977 844
923 9
745 385
840 207
12 560
10 549
877 652
168 100
674 186
577 455
705 401
726 115
929 147
110 563
546 610
214 738
878 807
364 626
49 361
710 751
1067 397
1067 326
124 396
984 935
319 590
462 98
67 764
169 1037
982 902
225 745
883 326
912 901
863 542
718 164
255 482
542 464
524 273
109 1006
154 769
960 589
457 609
705 947
142 516
542 885
629 260
578 110
296 514
996 479
748 112
743 59
281 834
689 672
151 386
527 457
662 1010
898 437
1067 900
14 829
921 794
156 490
978 240
332 24
671 928
473 174
348 60
928 708
72 771
392 744
320 455
610 444
178 483
11 102
317 748
975 460
974 625
462 181
1042 568
212 719
674 493
376 389
505 811
482 250
597 634
177 201
803 185
72 464
845 538
962 594
587 546
519 941
116 476
1059 198
875 447
633 379
1015 798
475 923
910 395
168 640
518 766
545 414
749 255
554 270
719 745
208 962
509 458
1091 850
692 344
700 442
866 526
826 261
360 207
467 276
727 1112
27 261
581 1105
499 463
228 1074
401 831
225 1103
216 275
375 1061
801 921
596 398
265 416
299 815
1110 325
443 321
497 343
749 856
718 795
185 130
718 453
333 954
4 742
233 983
583 205
113 962
198 220
445 548
297 2
163 457
245 593
954 1001
308 973
490 1001
84 646
713 333
457 693
345 96
780 689
400 965
772 995
687 996
552 996
1063 878
908 418
1032 4
1032 482
884 1006
410 737
119 1022
683 978
991 864
989 670
106 138
48 1093
318 104
279 668
166 909
681 957
490 916
339 393
1048 518
430 450
985 332
987 915
772 294
504 963
802 222
947 81
1070 849
249 424
308 677
329 481
1008 134
209 298
671 190
1006 545
793 315
270 870
905 178
975 176
890 264
219 909
1082 1022
935 789
192 363
813 358
408 932
575 921
218 517
806 244
1036 809
892 466
853 936
571 807
492 468
520 953
723 334
325 504
623 728
800 76
659 516
921 839
156 496
674 1037
425 402
1049 902
1019 701
868 770
787 726
964 542
218 206
535 66
296 1015
224 767
393 374
338 867
849 482
253 142
870 651
857 218
847 198
644 70
930 994
996 216
71 877
682 900
635 595
1020 147
370 417
637 944
48 744
289 279
757 411
969 456
480 700
465 137
790 514
144 496
635 683
845 994
564 532
124 317
143 384
1094 360
644 24
219 78
844 887
312 1021
791 346
480 1020
553 917
173 863
760 236
310 110
157 320
1075 934
916 595
621 851
742 1033
103 944
581 863
480 742
678 737
432 962
595 918
1007 528
104 597
916 946
547 854
652 240
112 702
713 744
702 53
887 47
936 10
667 722
663 68
811 212
516 210
129 494
725 774
534 750
1079 711
789 126
1018 1014
700 900
907 621
535 946
574 286
801 201
630 1079
743 658
1057 969
940 800
303 372
83 547
229 195
835 286
613 240
690 789
101 1108
478 116
440 342
346 842
764 633
244 121
822 428
132 513
787 443
516 733
1008 648
387 938
839 38
159 166
818 352
530 96
688 649
232 199
1006 447
761 509
797 333
119 229
786 265
764 130
177 23
35 976
493 870
639 304
555 804
876 561
854 471
226 498
543 94
515 454
741 263
669 851
727 545
307 533
752 343
183 1026
1091 612
690 132
1104 994
78 61
825 583
375 228
761 160
905 305
666 640
354 887
501 266
239 1035
431 414
1086 692
1106 248
648 91
885 414
900 502
415 503
306 256
593 840
391 232
627 832
426 380
609 507
201 1061
566 701
811 1079
845 939
547 137
278 820
255 131
611 395
599 264
612 635
647 1051
1120 845
869 357
1076 456
946 1008
1052 915
1027 724
545 997
696 862
158 819
984 426
1030 632
653 706
897 770
528 929
966 616
635 790
136 0
1014 133
733 403
392 790
923 554
814 721
492 792
864 578
324 666
230 464
817 411
621 855
947 395
217 937
237 915
1032 702
571 902
803 493
428 535
982 1012
198 906
504 520
864 571
532 495
233 105
213 710
903 662
166 713
577 288
5 592
960 504
471 790
799 505
629 1095
754 942
189 990
138 423
323 897
886 225
1086 204
87 938
812 1022
424 25
879 554
628 496
978 335
169 107
579 421
338 1074
433 57
24 522
270 720
137 339
705 959
692 308
367 190
852 805
884 230
276 453
1093 963
914 155
421 878
463 487
181 654
839 40
935 909
980 562
904 287
172 566
887 327
900 346
176 439
391 928
308 1042
859 673
443 844
361 479
297 683
602 615
1121 279
481 322
150 139
648 298
730 113
512 1015
1009 997
1020 893
479 149
496 4
359 394
749 446
377 988
791 520
837 215
818 886
552 739
334 537
616 315
482 56
875 271
988 576
716 283
406 504
385 672
746 248
145 809
882 603
458 956
326 947
64 996
192 600
697 801
553 996
715 995
508 622
736 897
171 183
117 14
905 597
438 810
703 1028
971 340
698 238
165 105
521 616
313 439
906 926
431 280
102 205
800 237
869 779
224 1091
683 773
270 389
924 591
751 945
2 819
669 710
749 466
163 619
471 313
417 1107
25 493
627 310
105 362
594 831
669 986
1018 254
687 329
973 910
137 849
502 381
1047 1001
145 325
132 150
535 404
586 100
920 340
598 112
761 259
734 1013