603 1040
73 295
66 260
190 496
10 831
970 666
514 518
1 418
842 677
741 797
244 710
180 142
536 877
539 831
505 559
157 407
550 596
992 732
418 266
713 396
764 556
653 402
140 731
595 869
690 603
553 589
316 251
192 839
516 752
571 825
841 354
701 339
973 821
170 720
343 562
435 13
154 216
637 281
357 63
376 899
764 897
187 566
643 315
339 648
1117 689
157 855
879 1003
368 478
910 427
615 69
417 997
734 759
323 508
931 61
327 1089
271 552
149 417
517 837
306 975
551 704
312 860
1016 854
337 105
765 804
864 223
743 579
115 1006
752 406
297 1121
613 631
732 419
548 969
164 546
390 698
685 148
511 317
1014 1017
291 159
1048 648
428 650
989 665
666 364
105 142
667 621
351 643
812 157
664 345
955 286
590 1005
798 608
667 531
1103 1026
1100 587
328 536
1046 175
241 121
342 768
801 219
647 1007
966 144
717 437
416 1012
859 972
388 208
92 490
917 865
40 444
946 494
99 1120
302 522
1109 548
412 409
860 539
690 324
117 379
781 302
240 358
234 162
1020 693
419 662
87 576
570 288
987 708
938 680
692 319
829 147
986 695
853 496
494 549
463 23
688 948
264 1000
198 120
656 149
233 645
772 491
805 534
63 528
956 840
498 898
752 331
301 48
432 871
297 10
779 770
830 167
202 178
947 123
726 128
924 678
1091 431
516 164
51 151
516 526
466 655
990 809
759 1010
326 308
179 380
1006 684
360 974
457 541
108 300
950 818
937 703
565 208
767 272
725 840
804 520
943 1029
616 1047
446 681
158 324
160 838
105 40
733 1118
142 863
1078 929
482 428
1089 403
967 286
1026 462
964 539
800 834
545 114
857 220
192 1096
454 655
526 641
1123 633
861 1030
975 523
1029 815
335 1005
915 233
280 744
950 523
205 422
47 684
802 393
657 158
658 928
423 427
979 907
58 833
984 661
567 359
430 662
870 162
987 882
306 763
387 438
651 192
221 427
935 824
369 197
607 597
218 981
389 113
367 702
645 613
357 482
754 980
312 268
502 962
714 226
796 783
203 73
302 333
634 549
545 666
235 559
722 1051
722 711
831 226
1011 384
886 861
467 318
45 107
447 1010
924 889
884 205
954 584
566 957
528 409
300 301
1054 70
118 685
308 1083
480 309
863 796
280 1105
348 887
587 689
473 352
617 1009
855 397
489 635
399 733
269 923
634 908
667 446
680 1048
580 23
966 956
686 176
1004 424
308 898
850 309
275 673
843 691
161 177
312 614
241 844
580 360
797 119
853 271
495 942
170 882
1020 101
854 807
874 572
461 439
501 191
897 351
293 248
596 427
334 58
296 1117
940 1073
997 625
1056 268
838 321
1040 247
322 987
410 82
428 963
382 422
623 669
469 278
93 172
1096 499
691 726
66 274
260 1112
986 112
217 8
748 226
750 610
358 622
984 821
181 258
1101 600
609 366
787 597
362 329
205 459
371 1061
334 445
656 293
717 432
331 267
51 18
360 117
572 514
121 271
613 201
967 32
196 463
274 704
777 138
642 828
750 167
752 896
964 289
640 984
787 718
623 849
898 507
879 907
721 747
465 685
256 919
547 515
921 271
603 64
656 99
263 183
365 572
486 1014
348 586
814 947
213 379
527 650
889 194
667 579
563 114
247 577
599 636
369 194
334 863
771 673
504 690
568 431
557 815
237 870
947 198
1114 257
932 668
233 739
657 238
39 103
831 248
1073 17
881 234
1106 533
820 330
1114 897
612 1011
241 942
423 684
1101 492
956 667
748 549
561 569
759 869
211 209
187 1013
638 877
969 279
342 703
592 806
557 949
400 650
892 82
634 908
114 900
830 401
714 19
53 395
101 956
983 512
308 691
1031 973
385 675
901 463
1065 622
1008 188
674 395
261 229
845 627
27 1033
182 416
40 1031
390 49
987 154
382 238
595 869
755 622
1011 409
669 351
815 140
932 327
198 622
539 978
761 954
986 171
1096 205
1036 231
387 608
373 1083
43 1018
763 195
697 422
738 760
155 767
697 850
846 231
540 657
463 102
992 785
316 1072
813 503
197 384
491 152
151 346
184 898
874 1107
954 535
931 10
680 309
151 1071
1042 461
265 806
762 1018
789 26
539 499
935 881
844 766
458 754
480 78
1069 852
821 395
650 588
210 688
824 625
164 400
355 828
581 465
906 931
728 376
226 530
500 1053
744 675
928 489
304 475
238 208
139 596
937 602
425 655
459 182
536 120
725 265
396 355
582 1017
536 602
811 882
24 137
208 920
864 751
533 767
1069 961
136 587
586 460
285 857
401 450
556 49
1067 851
972 109
404 452
860 890
187 900
859 592
813 674
600 749
392 186
492 586
102 8
919 908
659 1009
664 752
520 559
816 841
665 414
137 802
273 784
889 802
635 493
733 301
1083 185
627 515
390 18
116 655
452 668
848 790
572 94
803 904
693 155
218 279
274 730
155 146
633 984
583 627
1120 410
89 876
556 919
911 324
44 1019
1006 196
581 263
404 588
655 947
239 903
663 1009
133 643
870 526
2 1060
1026 218
151 649
114 800
746 967
943 462
589 565
569 578
359 590
147 266
275 493
338 43
391 949
1036 278
103 115
93 606
253 636
914 695
754 752
185 569
415 678
872 540
472 927
980 359
486 151
188 52
172 907
1023 1007
369 349
199 213
715 977
703 784
386 235
423 669
480 997
573 818
383 114
963 328
661 107
727 691
882 827
682 52
118 530
461 294
532 9
280 502
729 388
781 467
408 441
1108 929
606 650
1031 141
915 402
992 951
371 895
169 116
20 259
348 178
664 614
132 421
389 442
467 895
228 326
741 475
506 576
156 510
914 198
445 867
924 380
679 498
946 549
386 142
918 503
890 344
647 709
540 732
565 953
320 313
938 1020
568 594
875 314
457 982
1053 297
969 646
847 540
396 340
673 228
770 494
667 606
1044 461
810 791
285 788
835 595
423 810
595 959
815 606
916 291
802 216
709 684
593 814
1102 841
263 466
290 677
497 212
718 278
1022 1039
414 836
607 939
884 272
389 989
737 375
896 219
577 640
883 830
945 1047
383 638
646 893
1004 1012
417 591
791 649
566 168
128 194
785 670
26 126
531 754
644 538
319 188
661 472
473 549
988 534
588 903
313 290
590 232
768 884
419 715
292 923
732 890
738 554
740 986
710 127
968 485
905 807
585 616
317 918
718 601
261 802
774 688
233 922
351 554
649 489
690 192
808 206
711 501
544 723
274 512
939 738
526 845
681 941
49 881
1079 284
562 821
990 824
765 1113
182 305
610 203
501 985
564 310
971 844
382 673
614 297
688 244
673 493
589 155
734 83
736 526
749 270
642 881
592 185
794 1023
71 528
818 814
30 1070
535 822
374 59
143 134
396 693
365 697
193 490
1008 303
1066 451
546 810
1102 901
465 687
661 333
281 175
870 607
894 141
698 946
892 423
975 231
635 247
203 699
42 18
257 917
413 592
883 163
332 569
514 938
413 668
258 668
973 171
474 582
552 336
747 842
1099 881
63 210
973 476
965 1020
156 456
1003 257
977 588
991 412
921 359
113 658
246 439
476 340
777 521
587 492
681 300
159 893
433 411
711 324
906 892
1103 990
452 784
997 492
405 172
729 596
379 458
67 235
111 135
105 521
950 910
993 854
919 400
305 743
340 176
453 907
193 885
678 40
555 754
121 573
795 625
412 535
398 74
648 617
994 771
1011 959
121 89
772 404
1116 656
980 61
187 502
235 174
115 324
821 102
127 136
717 1021
822 134
766 939
765 463
1008 565
772 832
4 297
957 284
733 239
937 148
302 888
367 885
1104 816
585 594
211 1116
795 242
619 1011
1016 337
930 630
856 211
835 887
723 20
794 527
617 160
114 735
41 1029
390 831
25 1013
348 1084
112 977
954 466
40 352
426 424
224 735
448 228
816 188
842 138
465 967
844 173
516 865
716 482
1104 989
104 1035
990 319
518 250
203 968
845 894
863 480
594 376
490 1013
860 1113
388 400
931 765
857 343
402 535
536 107
499 586
952 959
80 388
392 570
784 657
770 908
883 744
369 564
1019 472
179 30
1054 768
786 684
143 912
260 333
771 380
214 514
816 816
996 580
850 898
670 463
321 555
1122 3
890 626
631 251
940 13
68 989
626 255
772 644
863 570
728 223
573 125
413 1075
425 277
476 1059
627 173
518 454
777 238
940 373
953 866
346 486
655 801
932 121
124 767
860 289
513 980
495 423
999 215
872 218
648 1057
679 220
505 940
303 229
768 1027
687 897
220 322
496 748
284 240
476 961
145 424
628 124
151 622
796 593
981 725
608 824
564 771
845 447
557 809
443 853
654 146
878 675
395 192
664 788
281 623
574 664
363 611
387 891
1112 585
751 581
195 534
280 349
916 595
216 531
348 458
401 62
300 963
1010 686
907 300
713 865
927 718
755 872
1016 917
213 906
171 620
103 235
858 544
291 834
370 455
724 185
448 9
734 458
216 474
580 458
934 560
528 673
1030 1121
107 1020
654 1064
913 701
802 379
277 428
844 1070
638 150
277 771
797 929
430 795
199 926
603 681
108 158
133 882
368 987
519 677
967 146
743 742
777 749
484 399
760 1007
402 7
743 1019
101 559
866 530
719 795