351 299
133 31
1119 907
118 147
248 821
451 116
590 336
196 1041
516 797
558 413
993 341
817 456
640 702
222 428
440 278
182 459
315 578
992 344
404 582
198 547
314 453
117 269
206 518
346 334
981 692
587 770
396 924
492 187
792 1106
307 950
139 187
189 192
550 723
961 950
851 21
945 172
657 320
736 710
780 1016
631 963
745 696
995 605
284 689
911 304
836 173
357 1060
515 538
578 688
481 452
242 123
604 319
613 418
179 173
459 244
195 900
182 666
818 17
38 419
401 795
201 209
1024 440
156 411
1109 563
721 86
701 511
1082 370
638 141
581 535
895 464
368 531
946 283
907 217
191 632
317 917
336 594
672 324
264 929
705 1089
552 994
842 199
731 202
609 963
315 892
485 713
588 693
710 256
170 291
966 263
785 724
358 961
590 105
543 1074
828 380
250 165
179 329
661 622
230 688
1071 149
543 223
652 29
834 653
229 729
342 389
272 913
133 300
267 368
921 668
998 835
587 779
785 446
470 572
902 962
614 887
620 174
815 818
388 254
314 320
421 337
1061 546
627 345
946 235
210 848
433 132
157 1055
321 733
460 227
294 310
534 283
1120 871
480 860
596 159
1044 1022
868 846
702 1007
1122 46
200 76
145 647
717 105
885 719
436 294
270 1004
501 606
524 103
859 1040
483 8
851 423
951 930
900 197
1057 464
344 891
254 452
443 590
423 744
171 477
845 287
275 495
284 283
594 198
315 623
590 203
752 867
909 974
865 526
721 818
231 741
764 511
258 533
565 553
732 903
715 756
188 555
90 379
594 1105
845 281
348 419
484 753
402 960
854 708
474 213
549 798
835 703
528 864
236 838
312 679
1083 922
815 859
363 525
821 665
684 886
973 462
74 619
963 430
846 484
559 359
582 1088
997 594
446 106
301 179
865 960
1106 204
237 396
358 539
613 1009
237 323
595 441
986 750
436 291
361 55
435 380
182 390
78 312
1017 709
825 1074
28 692
258 13
861 801
163 577
672 995
577 831
1028 936
657 302
892 842
124 601
620 260
579 620
988 1066
576 418
686 838
361 796
803 886
724 687
163 880
622 533
957 103
262 379
527 879
811 914
155 812
27 770
838 703
647 157
266 561
731 456
90 724
848 626
268 695
822 239
619 384
717 542
317 963
701 955
11 577
576 491
927 656
321 377
458 14
8 760
766 270
718 498
951 779
885 676
653 905
601 666
681 90
977 836
136 855
416 659
670 454
1111 949
1104 383
207 1087
928 905
235 835
418 455
830 412
27 584
134 192
208 628
968 917
160 835
762 609
326 557
800 704
830 703
963 222
54 459
539 220
868 10
222 969
789 412
918 411
500 1076
154 263
139 555
883 584
778 196
343 137
479 549
476 1082
774 393
941 847
633 375
19 115
813 311
1059 1040
599 414
440 618
381 672
683 274
136 214
761 383
650 103
360 424
252 442
937 910
161 751
508 776
450 80
957 222
1081 570
518 1056
47 725
977 946
1021 66
416 426
270 753
417 632
500 244
1100 290
515 579
144 1061
117 1014
366 934
887 147
734 914
368 952
205 737
359 736
647 1020
702 674
790 506
485 859
264 197
900 688
299 371
669 1120
152 357
629 977
980 693
641 585
808 465
192 989
195 506
846 562
995 1017
723 985
507 680
421 1052
55 618
423 1061
790 81
819 447
970 696
153 591
771 1018
905 260
835 886
978 1101
810 310
276 651
493 1009
268 520
1008 176
806 667
575 946
639 476
524 677
163 860
832 902
373 113
994 512
437 999
807 757
258 643
463 987
281 307
684 899
861 213
297 1020
672 492
1077 927
97 826
707 342
943 1119
971 273
753 140
302 907
1007 415
235 414
360 838
889 755
925 696
41 310
782 1001
143 892
987 203
778 541
521 939
194 573
166 253
169 875
297 554
580 1064
670 708
660 696
513 1037
431 706
625 479
718 700
283 747
312 509
47 843
862 656
100 948
913 879
439 310
209 887
693 316
87 410
841 84
941 292
435 177
28 338
835 975
380 1118
944 389
643 716
597 809
884 263
788 349
203 168
396 859
477 419
1038 1095
497 340
1018 1057
431 721
1008 507
995 430
316 434
353 185
818 998
417 1004
851 718
792 264
451 335
450 478
908 389
798 583
714 406
513 358
280 552
306 776
762 912
207 505
685 721
742 714
307 5
331 425
194 759
956 436
315 497
1075 1017
351 362
805 1055
806 175
807 951
651 673
184 9
415 491
104 542
644 492
175 1017
560 874
676 1072
107 439
381 188
322 686
839 994
877 632
754 165
367 995
852 552
667 406
330 433
154 946
53 485
394 659
611 431
490 239
538 650
676 1023
1058 422
383 363
367 640
606 950
532 997
103 764
562 1104
784 855
982 627
958 910
1084 533
192 973
273 510
775 604
648 762
759 323
715 1075
241 273
188 187
922 53
189 327
228 589
147 622
434 45
887 811
181 39
652 180
861 704
954 345
429 317
534 770
651 992
925 371
130 583
686 892
713 820
150 367
604 353
819 404
137 662
828 333
798 37
741 528
896 150
361 1030
71 854
447 880
231 351
1024 748
577 438
84 827
595 956
43 430
1093 177
507 953
158 735
678 694
1029 559
757 939
499 1111
676 944
272 623
819 199
117 135
191 360
546 389
320 557
225 316
483 1100
134 4
531 935
247 304
848 838
622 239
736 911
893 520
504 382
222 318
971 212
204 842
800 745
621 479
590 703
769 616
707 1095
602 377
1123 179
317 683
432 914
521 779
275 166
590 531
805 65
256 52
624 793
436 978
704 986
362 1000
771 580
740 718
115 552
731 218
105 997
665 136
83 342
250 812
110 470
758 415
764 355
350 175
126 571
549 858
680 801
629 554
568 728
851 715
637 293
676 548
586 305
209 480
827 691
557 425
287 294
629 470
61 588
952 906
770 313
215 716
1001 459
207 813
246 352
788 389
844 216
481 570
274 115
943 480
643 260
511 619
80 1057
43 990
149 98
682 654
132 866
802 868
920 865
350 442
502 373
241 549
738 492
886 707
433 749
729 1067
859 178
390 299
610 780
712 223
109 271
680 581
103 614
206 490
605 548
103 791
272 1009
1065 736
744 971
983 333
199 172
633 631
892 849
959 256
386 1008
100 515
775 442
886 373
863 782
67 103
435 95
163 460
264 457
539 438
1001 632
289 972
921 293
918 863
265 655
695 832
821 918
615 113
303 972
332 700
1107 552
185 206
770 791
948 866
456 774
761 196
1102 905
766 925
591 924
440 910
265 1012
112 791
262 454
530 336
848 172
654 449
922 166
633 528
437 222
368 674
793 849
274 492
794 1079
211 1096
468 795
1030 813
203 291
668 297
153 263
331 422
1100 1079
721 22
493 624
25 597
114 1010
785 466
37 769
814 1076
502 266
208 134
590 577
106 611
133 438
737 432
796 864
180 65
174 651
859 241
623 579
115 967
950 411
517 890
176 528
21 108
1119 597
222 33
442 533
139 346
534 534
929 1061
720 124
971 198
637 998
906 474
910 187
333 141
404 971
675 805
162 227
455 20
744 607
855 468
683 722
913 531
559 407
647 991
5 768
858 92
962 431
348 106
1061 671
257 931
288 352
162 1079
568 467
444 739
363 1
981 492
372 831
324 929
489 986
503 389
506 886
39 720
644 90
847 619
604 166
341 744
769 930
488 1114
754 472
212 1023
925 1015
530 262
200 409
941 359
1005 526
996 271
190 741
764 351
204 1069
681 17
302 471
179 100
691 991
540 310
175 27
831 804
10 470
696 290
302 883
818 909
982 431
748 295
598 151
456 283
287 892
180 741
689 277
354 1032
415 317
970 1012
901 612
982 244
138 852
630 529
815 918
188 571
627 804
314 115
845 592
474 779
618 323
1091 266
402 100
890 457
47 742
246 953
763 9
999 650
981 789
1104 459
851 343
628 408
203 725
178 413
1061 27
884 499
277 727
506 941
948 1041
755 973
8 541
328 496
364 501
571 781
687 128
910 25
215 447
576 50
705 472
837 843
557 127
701 793
451 286
912 158
401 840
597 338
659 428
812 255
489 652
179 422
435 482
887 209
34 704
841 770
207 653
665 37
583 326
141 141
29 1120
351 989
958 219
8 321
291 1019
199 847
771 521
205 970
232 500
217 723
477 414
440 351
932 848
207 725
222 309
588 594
560 1083
542 13
99 176
404 214
651 882
107 584
441 565
667 442
293 755
211 969
987 300
788 913
347 22
947 513
890 597
283 308
511 824
594 882
1013 689
1057 421
393 634
97 658
330 516
1092 658
694 183
850 832
675 1075
1060 533
1013 269
394 83
352 559
96 436
403 777
557 152
22 710
311 1001
514 119
754 246
684 81
191 627
144 302
924 947
532 271
338 245
123 381
166 113
735 139
708 284
627 703
760 706
179 213
830 556
544 375
612 313
358 692
886 100
700 958
1014 1041
180 1100
901 38
90 980
769 260
697 815
503 827
1069 153
507 757
425 223
719 630
311 259
725 197
754 997
896 456
243 977
692 514
268 872
357 1
431 936
77 1058
183 36
866 110
640 895
126 759
287 254
736 1081
386 604
515 513
260 715
773 487
40 207
19 814
1028 873
794 501
993 947
564 552
609 499
259 297
859 878
766 511
656 504
554 423
106 714
236 695