121 463
287 880
880 365
822 105
800 250
690 321
322 1090
295 970
156 490
127 122
153 884
229 254
432 227
53 329
381 448
315 159
424 540
139 584
354 435
785 716
705 345
442 255
1009 1074
309 286
774 573
510 21
514 757
915 812
512 248
920 165
422 154
302 112
815 943
279 84
809 627
944 504
717 924
634 3
1089 747
2 155
67 350
311 284
824 1016
670 749
926 796
680 497
17 459
459 304
735 405
537 122
912 915
696 1016
410 938
955 481
519 724
309 136
516 563
244 171
672 486
16 591
251 359
397 341
794 627
125 949
631 917
642 165
601 1000
275 528
788 149
998 212
490 597
1101 270
858 470
1044 630
705 64
650 718
352 218
1039 761
552 360
398 678
713 468
115 948
977 567
363 520
454 402
65 370
679 983
564 725
598 302
279 332
321 543
825 471
438 450
1014 772
112 784
325 861
20 510
227 794
319 714
1102 908
560 1042
870 544
635 449
121 547
83 291
781 116
44 22
1023 275
696 724
778 1050
153 982
5 111
420 986
1017 472
492 1023
978 937
237 1013
716 295
111 635
336 197
903 670
1055 797
922 738
82 835
197 83
787 754
602 1055
452 520
257 430
967 119
893 754
1009 804
44 316
506 421
907 625
768 797
879 646
171 1103
1026 123
845 707
100 1100
474 805
402 1109
797 156
656 995
972 1056
796 267
365 519
231 951
858 151
726 100
979 920
925 451
482 172
24 361
411 136
542 538
805 607
242 370
760 181
574 353
1071 375
814 946
865 416
898 619
883 36
345 412
228 379
236 621
788 847
492 383
646 88
485 129
797 202
857 792
261 507
307 274
586 815
161 731
789 607
643 1021
829 629
997 202
0 845
530 365
778 237
464 446
913 561
332 358
107 551
926 144
872 582
786 476
900 230
664 823
925 1006
824 409
128 670
1039 139
1001 218
269 634
418 755
363 401
684 358
316 691
533 974
297 570
618 655
451 679
149 995
701 89
221 1098
984 583
884 4
136 175
20 231
603 557
606 106
137 226
571 102
954 950
549 403
19 626
593 650
182 986
421 885
757 938
397 782
828 843
657 912
1113 124
713 894
15 941
845 948
403 433
490 401
231 489
929 237
397 300
870 980
808 959
780 164
431 656
261 514
1102 817
751 641
649 763
197 804
935 498
662 25
251 133
981 126
616 572
915 1086
502 453
501 819
107 543
563 942
141 523
765 915
33 257
998 765
439 432
242 197
563 339
819 921
606 176
112 47
444 662
514 756
5 1022
351 509
191 1023
208 678
822 193
825 972
689 159
559 813
553 838
245 836
564 571
835 645
147 374
672 880
875 223
630 13
801 458
718 862
628 872
452 658
824 432
557 114
742 14
720 313
254 1121
163 429
968 672
398 35
929 574
399 574
1020 768
1046 406
831 915
652 1018
713 579
1088 18
790 160
374 146
182 922
50 660
221 178
311 647
580 875
219 533
867 624
414 96
577 825
204 1106
225 531
92 1035
782 119
346 215
632 559
350 55
255 369
942 901
813 725
28 539
227 147
476 759
106 858
886 690
997 1120
287 467
270 365
621 91
388 493
804 134
523 964
1066 402
884 154
10 159
835 923
428 303
1047 463
616 73
565 1081
841 936
600 893
919 1083
692 231
933 925
761 522
612 70
306 711
719 77
499 344
512 799
752 842
414 172
494 906
80 277
250 405
1041 778
931 324
156 947
240 689
559 109
306 571
996 321
726 939
615 14
851 825
694 154
317 1098
470 313
1003 169
602 123
192 385
160 622
633 505
855 328
810 640
427 914
440 35
106 480
926 547
372 126
443 323
742 436
306 257
871 895
1002 663
487 599
1026 479
444 348
440 813
206 184
859 187
293 52
530 526
920 870
440 577
49 326
133 274
343 184
588 985
591 933
514 617
503 670
881 540
176 230
347 938
906 522
410 93
229 266
969 963
429 414
355 322
998 130
361 878
865 835
562 1020
141 1013
172 40
499 529
620 401
695 529
1056 709
276 850
335 264
719 812
839 551
1017 140
813 133
646 399
819 1036
876 860
387 394
778 1013
364 189
897 459
858 950
295 1040
986 735
1010 625
339 517
599 501
47 550
996 256
413 657
803 563
107 500
464 587
560 307
1000 1103
734 496
778 623
704 1005
323 683
307 744
909 853
470 436
153 858
105 165
550 413
699 856
420 317
922 905
453 164
984 156
864 425
136 551
311 771
855 415
983 760
410 281
78 727
58 644
125 916
356 271
31 908
142 206
1045 567
839 569
435 974
364 557
586 525
896 188
879 490
297 50
927 126
538 514
732 109
428 48
408 330
194 201
639 920
287 90
462 870
508 267
1042 528
395 754
1107 705
677 421
345 350
1083 785
111 761
101 866
606 97
654 590
228 806
684 61
598 578
216 868
647 853
574 258
554 138
1062 361
501 589
1015 158
351 137
293 774
1036 559
1112 920
318 810
918 959
622 509
649 819
36 439
796 853
1029 330
305 675
707 322
871 838
377 570
499 954
552 606
581 844
704 862
1007 22
355 160
146 624
639 186
70 881
202 797
565 616
186 582
9 953
550 235
671 550
852 624
961 771
324 672
332 889
684 152
745 748
1013 267
1091 427
505 915
292 929
270 925
874 905
495 1065
430 337
233 461
13 665
840 919
789 355
219 617
437 469
828 423
536 1114
220 489
605 944
206 291
627 682
834 1119
39 689
33 484
948 413
1078 517
556 932
547 1016
764 160
716 365
918 250
953 358
293 822
832 518
899 783
769 1085
626 915
572 808
977 54
782 1005
408 132
595 925
347 944
204 89
1017 290
714 970
186 286
741 1098
385 546
585 359
189 545
217 861
370 232
870 841
915 275
596 972
576 901
1082 282
161 292
211 931
680 753
162 562
855 137
1074 1120
821 773
607 796
786 477
644 314
20 493
502 797
336 913
357 474
547 451
1 70
775 616
107 700
561 998
661 950
886 1017
390 848
810 967
170 137
907 305
929 124
1089 363
534 470
177 569
775 992
1056 1004
434 809
917 485
626 400
857 1016
259 924
401 1015
643 708
411 592
562 539
815 369
792 155
548 587
413 124
97 561
880 811
1101 263
132 169
732 101
883 388
794 814
724 915
747 794
976 1122
689 137
512 810
775 773
601 462
742 883
499 654
201 845
122 327
212 728
335 561
753 295
882 769
251 516
561 719
479 1012
989 468
1110 672
26 948
1050 840
680 191
490 974
183 732
267 778
860 632
295 226
170 892
123 223
535 686
947 349
776 749
930 323
717 192
249 80
137 651
881 285
77 147
475 577
851 624
532 59
238 256
1070 497
399 691
993 429
975 148
141 660
899 954
961 154
654 200
955 870
598 231
794 971
564 677
927 438
710 394
1101 167
872 255
774 137
693 393
194 216
188 827
544 881
344 875
402 304
511 424
769 460
903 1003
1008 704
638 523
675 659
624 371
985 66
674 807
732 270
373 432
527 114
135 364
1011 458
841 495
590 297
456 942
1034 362
806 67
546 900
245 640
650 803
258 1116
675 104
680 107
570 1095
229 571
616 661
892 109
481 138
932 897
442 1004
282 117
551 39
250 138
695 506
482 887
315 363
394 545
592 674
982 543
933 426
382 486
338 887
480 231
636 167
667 950
751 226
475 767
387 868
810 629
696 157
398 716
261 85
689 210
527 877
224 1002
577 137
376 283
1077 564
857 512
577 551
397 571
501 630
232 244
772 670
608 589
198 1088
507 327
679 713
1063 376
706 369
715 746
834 203
667 961
636 1083
21 228
89 182
954 537
292 424
1013 1020
721 225
387 80
214 6
575 1021
1010 941
853 213
16 822
801 122
400 719
992 875
717 755
118 375
71 171
754 882
408 768
1063 1061
564 114
507 134
874 413
981 281
678 556
1081 756
1096 878
139 281
191 1008
461 577
655 839
530 772
500 748
717 398
579 718
616 996
798 868
624 325
393 257
328 577
1008 107
101 922
299 610
1006 111
562 244
716 479
279 759
816 338
107 276
571 283
224 860
277 20
303 125
522 136
1083 664
738 1006
374 531
775 1048
610 431
756 547
285 468
755 527
1079 656
536 874
725 504
4 461
837 168
1123 1086
342 732
593 474
80 716
234 745
194 750
513 364
536 211
1095 328
937 405
12 397
758 215
133 145
611 130
104 717
1039 824
501 540
510 819
205 356
289 1074
936 422
667 641
714 546
852 159
1013 530
137 659
1118 2
754 792
249 848
38 280
455 982
176 197
566 764
1039 1099
1031 265
415 170
832 770
710 789
393 866
927 7
488 51
575 405
161 107
882 221
527 946
432 933
849 394
868 615
260 136
270 185
133 959
362 144
102 963
913 116
912 977
636 894
683 458
853 681
828 239
832 39
315 795
744 1119
815 817
1072 167
274 415
795 389
48 737
630 741
758 1024
286 898
286 1056
1083 991
1090 794
759 537
297 1027
717 575
833 949
347 845
919 249
799 662
72 216
861 962
561 218
582 479
860 483
342 620
603 554
509 53
661 742
641 789
255 471
290 245
218 74
382 153
1011 726
325 919
674 443
210 558
526 467
232 485
316 865
869 310
631 228
877 764
592 914
258 107
294 180
316 840
604 926
364 523
1105 420
896 786
692 474
1025 617
977 500
823 863
714 260
114 617
666 557
112 518
843 989
257 156
182 823
578 195
896 411