188 618
318 131
520 189
964 735
424 757
232 363
708 354
638 341
162 269
1058 258
496 659
935 785
388 84
291 433
449 1076
15 161
274 242
883 744
258 964
416 283
811 278
633 702
172 239
350 430
492 231
595 225
472 1017
756 594
392 902
130 737
709 595
797 658
365 520
507 1061
853 1010
189 569
529 449
535 250
398 774
133 915
568 18
547 225
345 192
938 849
178 315
1105 138
201 162
758 310
798 3
6 746
824 704
377 619
664 401
778 756
667 487
906 862
304 600
723 926
610 954
691 735
395 121
602 222
1002 393
861 753
960 221
92 728
553 390
33 376
507 401
666 243
621 34
136 518
93 990
449 454
88 944
697 507
666 677
1123 892
1007 881
197 47
328 586
765 67
697 774
890 631
1113 504
143 719
109 253
617 706
965 974
855 128
324 404
318 574
98 555
422 256
801 516
972 1107
643 101
777 936
656 680
754 681
569 599
177 645
340 539
960 554
373 367
315 80
813 718
380 1033
343 541
1001 936
553 388
305 715
665 774
616 52
589 980
559 950
1060 366
648 974
633 728
649 281
302 905
223 1096
894 199
917 770
1120 610
902 1031
1005 317
476 1017
589 677
66 265
354 1112
924 838
674 276
316 690
201 551
976 818
157 676
722 935
536 795
883 763
922 738
580 527
918 918
541 586
665 680
895 303
374 625
280 768
570 617
1014 39
487 247
989 882
1001 201
916 1080
810 616
21 682
300 901
251 7
461 1076
712 802
532 488
584 1032
406 1101
845 340
734 853
668 904
966 899
660 671
380 448
861 0
346 311
375 918
139 1076
115 794
151 456
1049 683
586 221
139 219
343 339
46 764
729 615
407 320
271 225
361 175
1079 720
972 399
657 334
685 987
472 214
100 386
1023 626
636 943
610 449
114 279
194 235
87 455
241 915
272 947
606 369
888 765
1096 736
427 66
820 950
134 918
924 340
38 73
172 860
585 241
975 1066
379 965
753 504
112 182
579 693
301 88
794 911
365 159
728 219
450 650
780 760
760 624
869 404
321 843
965 751
825 253
1071 31
272 242
693 333
489 542
856 270
472 387
1080 188
685 336
75 934
215 367
1058 378
31 122
680 384
221 178
563 750
46 986
599 906
727 735
158 364
682 418
897 686
952 687
441 641
554 244
714 555
699 371
125 933
709 1057
1094 599
690 676
265 940
829 80
463 930
314 259
288 446
83 232
745 910
404 630
166 205
385 997
990 1008
838 704
550 823
323 583
340 945
664 842
847 1093
867 166
562 336
736 183
370 174
657 704
256 630
822 389
518 127
479 410
269 512
992 253
805 407
1105 557
1019 111
440 375
866 552
202 198
708 379
857 862
415 151
198 803
591 516
965 4
738 801
550 957
996 640
706 438
385 440
327 889
340 120
728 157
585 223
984 149
876 636
981 947
474 496
487 475
959 963
809 539
616 404
584 789
547 923
1042 500
608 1121
478 468
400 222
689 772
269 105
1076 862
809 1018
308 715
946 282
1005 963
181 887
138 813
819 801
1004 120
155 1110
682 1016
626 924
620 399
526 525
924 148
865 120
797 1001
634 685
1014 340
397 383
750 848
209 20
784 907
171 583
110 1121
524 571
440 271
1012 837
159 95
517 977
432 438
1100 170
381 59
1022 893
387 597
829 940
484 72
261 808
803 894
454 343
229 920
739 784
798 607
313 197
753 823
963 943
692 635
909 1040
803 159
907 851
763 767
258 1117
997 65
495 667
427 159
297 921
75 146
263 288
83 273
225 386
684 445
463 713
242 160
522 560
951 443
986 389
606 260
719 28
235 318
469 206
625 421
749 749
147 251
511 912
86 618
660 689
279 369
690 487
305 912
354 363
889 951
495 125
700 641
174 895
265 229
854 575
315 727
265 943
869 295
598 907
569 827
319 601
262 749
243 1023
424 1073
646 244
849 190
436 306
302 86
345 192
834 935
762 576
882 368
738 224
417 415
653 821
1003 259
330 321
968 1016
795 163
897 277
479 523
1027 1012
178 766
482 282
404 102
736 572
658 577
1023 133
382 9
559 446
1013 889
268 265
374 264
275 458
747 954
323 101
512 502
583 995
532 885
930 774
504 195
974 116
1010 801
904 95
236 843
484 889
206 1056
28 348
788 790
834 402
88 300
454 1097
486 937
65 276
988 132
364 10
653 410
236 1014
1028 632
311 471
289 494
122 856
359 1007
171 513
645 636
1121 761
586 889
322 745
654 701
70 77
100 735
354 135
42 121
326 293
386 903
1010 745
765 147
218 789
867 784
785 32
882 931
968 423
348 707
560 620
352 488
156 215
227 895
754 901
109 1053
224 380
148 91
867 77
216 663
500 981
169 168
182 225
582 862
227 324
253 695
422 252
133 453
800 824
982 844
174 230
597 627
170 72
869 240
753 849
535 443
369 371
392 740
851 363
874 245
751 375
948 167
765 180
109 8
863 252
465 766
349 1009
883 740
393 1037
218 1038
516 376
753 901
111 902
193 616
782 619
514 986
818 353
1034 122
493 307
569 590
603 233
171 574
967 405
376 50
167 734
178 592
291 729
966 409
316 182
1085 735
728 638
631 490
161 579
134 143
623 822
857 330
714 326
540 867
428 218
991 948
929 233
959 747
24 584
414 401
411 924
360 558
338 537
721 835
897 738
945 577
969 228
1004 920
775 572
368 103
236 162
701 740
784 721
426 173
906 704
904 982
351 605
361 605
674 1019
24 622
540 329
1042 398
709 754
611 237
1105 882
463 431
623 53
991 585
362 938
996 792
673 1047
122 206
326 386
227 118
866 878
855 1009
796 318
556 199
425 997
478 551
486 146
522 835
181 384
379 181
585 765
630 840
454 706
909 227
55 437
579 289
481 248
915 534
207 971
115 154
655 391
460 142
525 835
945 767
670 921
920 428
291 644
585 201
479 1061
964 125
550 958
689 838
222 939
114 867
107 438
462 465
670 885
951 369
634 300
197 215
602 424
575 149
366 397
921 352
533 104
940 2
943 497
1009 1068
827 225
160 717
714 736
500 243
301 226
466 86
893 117
470 516
706 725
1033 216
273 411
771 407
528 946
956 842
254 892
847 922
863 1038
228 708
750 273
196 969
630 212
805 834
490 329
725 879
508 539
507 477
44 201
271 1005
441 557
724 115
503 146
499 922
242 400
264 178
894 65
405 1122
880 736
237 890
509 907
939 397
577 808
142 1106
298 1099
582 362
886 100
969 219
1038 173
898 1013
348 473
431 510
446 64
340 494
819 557
935 209
34 553
597 139
762 434
971 180
853 496
602 263
241 337
777 372
955 629
484 463
413 170
132 197
998 181
932 1109
919 142
688 1122
177 517
998 558
565 467
167 1041
624 863
862 755
80 368
413 688
978 145
1028 1108
277 841
876 165
474 1088
959 23
596 1067
273 799
695 427
1093 77
884 493
816 464
1003 578
293 278
765 921
141 583
280 154
779 969
628 1000
214 39
898 420
84 854
994 609
1052 142
794 290
1023 738
542 21
633 345
107 88
54 345
1054 443
224 163
979 1016
924 1016
202 677
611 253
350 420
1092 278
522 952
100 304
895 273
522 949
610 882
652 687
822 632
624 419
957 1020
793 555
880 931
928 103
663 202
574 56
170 293
164 164
658 1016
283 342
723 931
493 508
418 353
771 874
665 1066
463 245
225 480
875 840
272 372
260 545
700 675
623 834
827 493
803 492
835 532
160 707
464 476
816 1058
837 834
737 194
180 360
1040 493
1074 382
127 110
253 273
265 843
103 278
253 898
1119 1034
674 1014
790 1076
1017 993
704 581
349 779
163 977
975 388
560 506
444 445
536 271
651 395
897 769
317 463
297 331
782 609
715 703
156 326
657 128
1071 411
1002 585
940 787
460 566
331 820
159 700
388 813
923 154
872 884
227 960
805 373
259 106
337 325
476 811
166 95
910 148
245 718
917 461
655 336
392 229
998 355
254 635
893 570
835 664
985 658
362 883
1097 899
1051 922
518 750
156 255
239 269
835 271
339 176
951 441
165 682
671 289
890 601
858 1012
142 696
376 224
229 191
892 195
404 131
203 680
59 439
657 816
1023 212
298 558
1104 349
915 246
277 10
337 516
958 725
694 456
766 878
354 891
315 990
268 72
616 1085
130 1044
756 191
749 528
23 216
346 644
244 260
117 1100
370 599
1022 176
432 861
513 415
406 563
873 763
240 360
146 346
627 343
736 295
60 365
762 798
146 480
554 515
702 815
837 644
588 426
399 1069
1121 134
289 288
713 551
118 1026
869 456
354 111
985 252
1060 47
955 297
627 756
671 739
356 157
426 479
871 707
404 345
42 522
1068 240
861 187
437 306
687 698
969 355
292 306
775 336
416 272
598 348
664 858
671 881
671 49
799 605
531 819
517 590
448 775
280 842
961 451
469 316
701 430
855 163
244 890
221 127
187 244
406 877
529 316
193 329
739 966
178 245
13 670
806 752
122 794
814 1041
585 572
850 1070
905 472
183 1083
70 576
556 655
557 868
897 196
706 767
384 718
856 793
788 306
713 455
494 296
470 799
630 974
781 242
821 1007
377 948
196 943
195 825
53 391
542 608
5 714
867 617
702 366
518 318
334 976
484 314
808 429
486 374
965 374
873 929
623 46
311 405
429 75
869 511