268 680
408 481
606 810
736 602
472 263
625 465
152 902
665 385
703 579
587 899
857 312
582 387
462 972
919 882
400 499
971 506
229 936
530 559
523 766
1012 467
351 754
732 891
335 229
326 519
515 1110
780 571
108 957
221 584
41 663
665 977
356 194
288 75
820 169
754 769
67 259
1035 912
1046 207
360 409
54 996
201 556
635 655
183 823
16 919
204 569
671 530
545 312
864 440
759 225
540 949
418 840
917 406
783 285
685 1122
205 594
85 747
802 476
56 661
237 485
590 574
334 764
440 1060
597 974
612 362
356 979
651 145
601 232
961 171
235 704
260 301
979 976
179 901
313 250
698 449
919 399
813 964
893 929
689 694
286 33
543 1089
352 970
230 326
695 718
406 755
631 259
405 511
930 1081
89 565
542 467
272 250
475 929
936 131
1012 930
199 942
421 298
875 87
769 878
693 412
900 314
471 1
255 300
759 802
530 555
590 1090
325 812
955 297
163 881
241 571
859 710
33 605
272 869
523 782
576 358
515 732
592 120
43 403
799 709
849 928
219 68
411 958
1098 430
1113 821
877 634
791 123
802 684
1066 61
969 427
775 546
849 92
722 1039
395 13
769 1030
331 124
793 146
117 139
914 870
494 194
447 759
419 478
410 571
305 261
337 571
503 1027
870 806
985 645
113 378
85 455
1018 482
839 984
308 704
120 713
92 133
171 749
885 132
476 120
395 695
809 545
183 442
161 70
1073 971
30 1036
835 293
687 685
321 846
991 181
448 536
316 400
105 806
535 697
260 969
903 828
362 772
180 936
833 567
721 235
214 406
106 441
304 794
679 194
60 31
443 592
619 636
506 29
389 723
660 335
500 1018
366 1004
838 184
283 834
281 3
142 507
879 568
615 818
995 129
302 335
216 859
128 1106
535 299
680 697
85 717
592 660
414 656
848 932
114 982
934 48
902 488
32 428
397 209
563 254
194 130
621 482
597 331
792 940
572 822
271 384
1090 1116
561 372
1045 355
805 5
662 428
506 71
122 195
463 340
1072 746
997 584
342 322
842 829
771 279
577 1067
627 267
616 668
1011 370
701 468
1110 476
909 868
911 1010
453 873
917 901
355 365
653 720
884 808
807 621
807 682
549 955
833 338
226 630
554 862
19 425
939 156
394 882
848 1083
399 959
397 901
454 248
964 977
901 775
506 596
798 681
554 336
264 139
866 232
1022 249
108 569
806 1045
595 630
53 782
958 954
657 663
220 366
942 561
922 136
1057 833
622 437
992 927
101 1112
1004 239
822 1115
616 354
600 373
182 1080
1025 743
1086 407
1032 770
669 993
560 295
915 57
174 1060
360 1000
744 466
630 1110
855 234
545 302
547 398
782 381
325 367
246 223
413 378
708 806
652 283
296 778
412 894
412 609
582 749
1123 1014
164 916
105 724
808 1070
1000 529
852 585
974 83
874 1073
324 840
651 278
710 784
691 359
1009 784
264 686
435 297
427 800
351 1050
650 563
833 1031
456 553
401 277
369 642
884 645
497 736
475 773
1015 419
258 977
982 929
330 961
784 729
255 751
614 811
915 969
650 328
133 209
727 875
1085 1058
957 9
136 281
17 166
570 925
713 520
162 816
259 989
729 132
75 423
638 676
253 881
473 657
424 168
445 828
637 849
918 117
390 735
173 402
546 907
370 751
81 174
278 483
260 202
109 194
819 359
961 794
1018 580
498 973
44 462
496 593
138 588
900 887
371 421
284 183
332 278
152 1004
739 765
508 260
671 285
108 994
863 459
563 334
227 1004
941 998
607 624
556 473
678 449
49 655
681 265
429 318
680 16
158 890
200 606
637 362
790 1022
329 332
1096 626
378 546
322 257
959 623
135 936
560 536
321 283
931 400
146 658
133 559
124 640
545 1024
70 309
349 654
456 551
161 771
1120 91
444 893
830 316
899 281
1042 669
683 280
451 923
101 365
619 540
1024 366
913 601
734 998
603 496
643 471
412 572
843 922
140 1110
390 46
127 227
416 361
474 980
706 484
877 526
760 407
380 228
334 253
815 483
402 344
773 210
443 844
188 899
334 344
1044 661
966 873
876 53
493 259
405 395
480 670
37 410
748 889
185 659
809 930
591 508
527 919
814 677
559 328
23 43
691 438
577 670
871 458
1007 825
676 814
613 741
425 372
1044 677
452 120
307 538
119 546
935 172
257 1003
1016 17
494 833
469 809
883 497
509 706
378 1106
655 899
102 153
148 1084
1028 875
35 159
394 510
700 1007
1111 748
913 89
214 582
209 189
907 318
118 599
961 284
934 113
648 233
468 345
1083 951
301 936
864 1034
376 617
70 199
670 931
757 866
403 749
984 579
244 1010
1028 1082
778 537
941 371
366 780
814 376
839 506
243 102
528 482
764 571
229 492
0 60
543 221
730 1101
807 624
688 243
309 122
233 794
65 437
264 267
763 41
1001 998
110 83
577 178
296 863
231 37
977 270
544 602
317 838
71 377
532 425
217 988
932 952
365 952
892 410
378 798
695 969
310 540
626 140
8 862
155 249
294 144
283 221
651 937
291 605
150 562
529 812
957 357
53 408
376 683
441 925
611 195
640 915
808 488
123 717
245 497
472 890
322 837
813 478
271 135
820 700
895 124
552 564
451 1014
1028 226
725 219
609 697
627 563
1005 503
787 381
722 829
1003 794
647 134
706 204
430 313
815 229
858 555
808 164
192 599
659 503
221 154
987 817
797 668
850 900
570 943
296 799
189 517
152 590
452 166
815 620
142 472
116 375
736 479
837 982
1073 698
917 340
664 942
195 660
827 764
383 497
179 650
496 731
358 845
982 872
936 853
1041 556
309 923
228 645
542 266
985 283
435 305
541 491
417 768
768 926
229 1011
377 143
796 1072
498 500
499 1048
361 220
493 615
751 790
667 243
109 939
960 587
875 436
942 440
764 174
564 125
161 35
57 566
543 371
741 770
439 374
718 376
796 903
1120 887
338 242
768 325
884 872
834 101
133 1072
666 47
314 128
38 202
889 30
681 224
647 743
178 636
454 895
733 463
936 219
842 186
193 582
813 441
318 803
492 997
242 919
960 817
886 207
901 143
930 343
604 532
1066 260
495 491
1022 278
330 139
746 490
753 603
743 445
1000 886
663 272
263 380
362 970
486 232
876 602
1019 757
145 309
1034 216
699 639
636 684
228 654
700 1030
507 505
347 290
231 1019
506 297
837 352
613 209
461 719
341 890
643 46
434 1092
531 959
754 656
1097 418
741 640
260 172
699 57
1089 43
410 548
170 524
147 879
337 486
427 397
715 361
166 1114
144 655
272 772
893 336
230 501
551 1067
431 373
323 162
655 1019
368 475
300 411
924 886
324 701
707 543
454 527
380 1118
687 977
804 590
443 894
1112 77
381 28
1007 133
712 511
735 831
384 386
1067 1022
759 767
740 801
11 622
418 746
348 305
203 29
314 625
574 136
961 632
957 673
735 616
406 149
406 163
1014 620
854 752
378 513
877 249
166 1014
842 1013
1015 718
254 186
914 8
669 376
515 623
933 633
639 1025
644 454
296 1106
351 427
761 329
985 1011
612 162
1077 559
558 220
968 1112
779 819
149 930
1018 735
754 173
276 453
411 397
557 103
981 883
270 659
433 436
691 531
145 548
408 70
239 329
257 187
588 216
131 384
492 568
252 1074
128 537
865 975
639 634
1018 809
872 661
90 994
555 705
362 605
1030 1082
689 343
167 241
682 733
200 644
905 63
454 508
72 238
1022 674
531 768
657 646
736 482
942 597
9 208
884 159
443 727
833 637
638 60
97 510
175 775
139 993
548 418
13 904
448 735
982 435
466 243
697 413
884 1015
879 474
978 934
738 643
1070 289
680 549
519 618
561 134
152 833
317 828
604 634
512 163
696 531
255 263
732 605
967 739
533 993
372 987
142 220
492 136
662 1017
740 586
301 464
147 693
300 342
70 594
89 49
583 572
542 401
705 434
172 473
591 899
372 858
131 215
976 713
134 567
711 873
766 820
356 1013
623 640
57 332
590 438
966 740
710 692
405 956
372 678
599 795
153 35
12 839
926 235
22 949
788 457
424 336
1020 444
111 571
565 32
768 427
957 622
264 559
41 203
336 153
176 598
709 2
237 1035
755 995
227 120
149 890
222 776
502 694
1000 345
540 1003
682 811
873 348
571 665
964 657
280 658
1081 874
237 745
358 122
404 837
262 34
964 646
341 270
300 392
985 83
393 594
966 708
20 269
548 837
304 173
715 989
855 118
355 79
947 286
91 999
212 152
631 735
720 356
608 697
838 587
547 241
934 289
214 472
992 652
879 593
836 744
731 771
798 642
714 375
875 860
906 599
938 1099
815 483
391 325
955 949
888 761
447 525
521 66
485 108
747 221
410 612
736 532
290 888
581 773
854 1009
171 907
1114 912
535 871
236 386
136 454
369 1085
511 314
209 504
121 1033
106 432
232 1053
968 875
938 311
521 792
517 878
253 1032
620 1011
470 505
502 628
255 823
957 680
345 102
1009 693
580 291
702 498
1011 216
250 275
992 265
147 799
338 514
1024 1053
727 490
791 689
771 125
378 955
849 203
101 755
520 362
747 276
767 374
160 534
391 256
271 484
178 1002
428 369
1100 700
1036 661
489 158
354 463
330 1020
809 769