573 1026
340 891
607 254
420 899
740 567
388 958
661 354
206 1005
917 469
761 189
876 316
4 293
540 940
940 173
59 1061
54 288
301 772
137 640
251 726
1043 447
685 988
306 970
310 615
230 984
845 938
725 870
992 895
950 711
1023 233
705 826
1090 931
662 550
818 807
677 470
357 149
730 763
754 116
1042 992
892 623
480 738
687 405
628 1004
852 275
124 838
956 405
348 910
74 867
705 210
467 852
929 87
421 119
37 254
912 751
138 487
528 320
49 342
753 590
317 1099
801 563
955 991
582 1106
4 466
455 684
917 1080
123 464
827 469
962 474
669 447
686 821
867 39
814 356
924 956
367 330
218 165
848 755
929 1050
817 220
641 557
1057 364
640 661
206 295
964 661
166 859
848 710
967 303
374 169
1085 218
236 90
490 502
434 66
1000 144
627 105
868 831
155 201
211 632
549 350
597 289
365 959
437 686
532 406
112 196
505 435
904 855
1087 1017
479 53
109 643
242 541
890 938
998 601
1050 497
115 569
756 828
665 642
404 634
410 260
291 1019
722 476
246 697
1023 441
988 288
212 34
627 598
580 689
508 798
192 618
710 740
46 278
688 727
447 852
1123 1008
894 678
191 895
903 86
132 536
395 328
523 409
593 902
741 773
123 464
903 109
677 346
679 655
359 843
167 727
1076 800
497 138
359 27
910 3
772 1078
618 750
1086 850
127 234
479 373
449 252
778 326
150 319
627 664
198 282
23 504
20 484
799 431
718 395
349 481
866 204
472 511
114 568
801 253
830 28
500 170
464 836
920 332
832 866
943 863
425 685
597 250
911 726
421 709
889 190
267 972
942 989
650 661
339 456
402 883
1023 983
333 749
770 363
306 121
355 209
121 630
217 879
905 966
144 852
429 109
44 842
915 481
442 765
931 703
981 199
972 1015
39 898
61 293
176 167
575 977
934 699
834 1012
735 905
140 1096
687 998
676 624
646 601
482 106
717 283
938 714
288 327
846 851
584 742
683 857
1000 165
594 928
1017 193
596 223
321 803
660 10
613 7
434 497
847 785
1121 400
837 65
296 569
380 773
297 1036
223 203
420 244
884 174
489 293
192 1017
662 883
521 613
1008 603
644 987
632 926
847 920
819 504
813 1076
927 469
737 276
626 51
408 473
989 957
370 176
569 230
323 163
709 632
61 375
424 813
181 525
199 828
846 543
1091 492
478 407
898 842
791 765
539 648
855 377
223 922
796 704
842 701
202 105
777 810
935 128
541 478
664 51
160 275
797 641
310 649
194 562
954 187
998 625
705 1106
453 561
100 147
985 408
663 571
669 376
906 917
622 937
452 353
570 678
1004 651
658 436
315 397
278 378
1122 680
38 410
544 771
620 9
349 787
129 988
868 286
516 996
955 765
185 795
222 422
993 14
150 652
1118 1045
308 1119
34 249
931 737
624 499
248 504
82 713
1001 272
867 421
856 505
556 745
442 110
754 763
116 500
627 130
967 350
330 749
906 103
814 1008
752 915
650 933
280 635
797 445
861 227
1089 681
960 323
883 529
430 646
256 884
948 652
611 604
865 394
660 266
355 248
899 292
364 610
190 238
301 349
591 743
756 563
274 598
274 325
39 973
958 1094
523 1000
307 842
972 834
145 247
757 884
879 442
1107 672
414 1044
978 469
932 952
1027 210
689 440
318 948
853 316
910 162
1023 1019
315 168
594 675
408 941
127 654
206 813
269 128
292 51
527 162
128 100
928 895
641 711
495 521
309 977
657 432
398 291
856 289
760 509
1088 370
1114 1109
401 310
230 380
298 978
256 716
365 282
1006 320
325 150
156 909
53 785
536 482
801 179
853 280
16 934
619 613
440 857
778 994
238 983
4 560
106 866
657 844
531 358
422 19
145 358
102 939
474 262
845 790
23 142
717 855
240 371
1018 45
353 478
924 972
255 346
754 593
251 152
314 436
656 36
15 740
1047 185
390 425
1020 208
941 693
770 894
469 320
107 647
14 984
434 357
952 585
176 679
631 862
192 220
38 338
229 559
193 103
491 974
296 946
410 855
137 941
483 524
276 124
777 642
1008 124
394 41
474 629
321 1092
859 551
803 268
339 941
135 1101
436 813
638 566
676 235
883 1013
671 146
631 654
128 692
337 404
486 851
448 656
22 278
3 378
750 1011
73 48
520 810
919 758
160 351
217 503
455 636
508 1103
720 142
807 381
692 404
972 910
601 42
194 337
1044 513
472 593
520 488
990 196
909 267
158 306
733 293
1027 376
427 270
190 110
517 711
805 486
476 690
503 599
178 516
689 1005
48 691
809 595
217 562
588 156
310 221
810 218
899 167
773 357
837 1000
833 763
445 614
846 269
732 970
889 528
280 499
130 945
387 226
382 421
1065 659
819 821
551 845
688 694
90 524
231 1023
217 981
861 446
351 390
523 200
40 636
241 503
1010 62
1078 186
771 821
1055 113
192 662
355 355
536 940
203 572
986 531
582 401
288 346
423 716
901 1032
735 529
440 113
592 670
618 676
726 879
421 550
310 477
870 639
543 619
718 417
764 629
571 803
360 288
624 766
685 530
598 310
883 366
421 632
447 717
551 978
463 57
718 27
1001 789
228 669
270 663
47 213
972 547
326 804
879 891
1111 1006
866 196
1098 508
132 179
229 139
146 987
401 1008
248 396
552 556
931 572
512 470
862 324
808 241
450 595
705 425
456 41
955 1036
383 746
200 355
357 552
145 728
846 719
144 449
689 854
1109 771
1093 382
508 335
372 251
350 594
301 525
197 217
896 297
430 581
141 960
874 589
943 100
674 514
637 156
716 727
303 799
60 326
672 511
566 563
438 940
675 635
296 693
43 734
317 560
471 125
641 474
599 692
875 928
682 285
669 1056
365 889
986 74
588 926
758 362
736 425
750 589
308 827
482 696
570 478
507 28
226 318
552 401
776 450
161 548
659 946
105 410
859 230
877 542
75 179
814 103
352 379
482 579
338 536
957 284
185 55
803 1077
690 593
682 477
1115 669
262 487
375 148
1088 757
766 806
408 906
388 813
949 671
816 1068
1118 909
88 557
946 61
498 882
990 460
753 1051
202 376
129 110
920 962
496 966
596 925
382 784
571 481
307 227
144 181
119 231
805 520
909 322
882 409
156 331
158 1022
478 647
112 582
594 298
729 508
121 534
1070 231
515 631
1028 544
496 751
74 982
205 212
517 60
59 644
86 280
559 725
554 827
821 636
91 692
1015 959
215 916
670 959
340 918
214 596
470 758
407 502
357 552
409 283
190 924
937 534
673 300
114 205
758 1001
842 483
1035 932
934 820
786 273
934 1098
495 310
317 648
863 981
660 36
110 469
341 288
64 111
799 447
928 586
303 93
544 111
302 577
655 133
480 857
155 197
731 817
169 396
130 828
377 155
303 366
491 1
128 754
240 403
997 1015
112 891
557 0
622 821
135 543
250 233
822 688
259 248
1024 59
753 138
363 152
718 956
433 604
869 343
170 921
757 401
835 845
825 512
308 478
766 742
598 552
820 218
279 1086
805 900
233 263
978 192
738 841
119 133
1120 680
612 382
68 820
1078 730
429 874
916 104
1037 33
249 453
503 769
456 306
930 296
777 292
594 838
766 493
654 487
133 275
385 887
177 863
372 1012
604 438
743 1068
760 100
686 239
453 540
435 339
990 742
577 1096
182 364
776 840
251 112
1078 367
887 461
581 676
817 481
803 736
147 206
809 367
754 401
352 625
813 240
796 453
123 1072
131 658
1077 537
593 693
970 213
36 949
388 796
526 247
972 1004
817 121
957 799
216 624
523 180
331 719
544 784
664 257
889 550
104 245
397 1123
914 821
911 990
159 181
268 359
294 534
15 778
863 689
899 113
986 193
714 337
8 49
521 480
349 941
141 291
344 774
199 791
252 623
309 793
751 680
791 195
1111 121
380 575
1019 552
337 354
124 920
1010 265
909 191
911 968
837 626
694 669
258 1005
1016 414
721 774
973 585
892 406
180 657
607 714
414 567
991 392
398 857
791 294
886 477
260 672
121 532
443 503
517 844
17 901
237 474
734 949
992 1019
686 464
729 577
981 943
635 407
113 504
317 617
341 266
1087 948
995 808
998 453
423 742
611 455
914 732
988 669
224 201
501 1067
941 1050
671 794
49 465
32 522
979 167
685 772
480 774
233 128
68 202
327 1059
728 485
430 505
430 821
204 363
1006 966
661 698
289 156
265 478
267 984
590 1013
364 370
129 222
378 680
993 525
846 459
700 640
612 925
485 425
197 918
568 528
291 1015
583 400
882 451
798 103
218 410
178 353
995 362
609 403
497 376
944 935
600 407
180 90
658 182
921 268
7 367
209 714
813 443
404 662
137 140
487 811
568 564
371 87
418 788
824 492
96 1040
733 571
172 276
79 761
426 472
457 655
413 416
680 966
339 465
260 1018
108 257
434 262
669 985
537 159
592 920
940 870
699 56
843 347
1089 724
767 782
500 106
307 789
453 704
526 109
793 329
286 375
101 1010
730 535
27 786
749 574
853 29
455 1001
1042 732
173 238
719 533
225 185
204 1077
591 522
465 1013
926 321
623 925
619 467
954 483
199 1000
1115 265
305 768
345 1071
912 178
77 608
492 221
430 53
94 321
831 2