295 47
874 561
850 592
269 413
274 873
125 4
286 713
53 49
442 748
92 522
650 199
34 672
135 176
761 736
391 696
107 404
113 323
145 350
552 838
1062 676
661 151
757 861
101 710
280 701
669 66
298 130
38 371
766 830
846 1087
569 947
873 8
1109 909
430 601
439 208
972 790
151 619
46 193
766 235
368 541
988 362
967 976
491 253
166 765
1006 197
924 292
318 196
484 263
710 857
713 119
701 1017
582 309
141 423
492 951
944 724
1032 1088
715 128
758 249
830 491
859 943
1111 281
1014 659
1103 522
929 936
1028 420
235 486
865 822
731 778
258 458
874 422
724 832
214 147
287 135
937 312
349 660
726 327
299 310
1082 719
758 973
764 327
469 402
1014 303
108 568
474 510
831 636
151 561
560 89
597 382
582 968
831 598
943 614
22 75
100 878
242 484
442 517
354 728
1035 718
185 569
679 676
772 813
141 188
533 545
910 69
494 589
867 520
846 184
324 105
154 79
404 305
675 279
291 267
1014 696
672 381
500 1005
728 417
513 224
562 547
535 364
836 302
906 702
457 209
206 183
580 254
714 923
321 1063
472 370
410 293
427 218
683 75
889 305
457 252
255 659
932 786
901 801
876 261
666 994
962 812
70 828
152 865
535 747
245 785
737 1045
1093 493
388 155
552 461
583 240
65 821
100 944
934 815
630 385
381 253
168 830
1065 224
718 302
870 40
914 713
302 197
744 517
909 94
136 186
547 859
363 112
776 888
18 702
623 588
586 549
670 861
603 827
906 948
1007 885
407 561
442 966
3 163
350 126
602 590
960 705
416 878
619 888
741 618
56 964
357 799
694 237
473 368
858 576
489 17
816 41
1067 283
494 1067
847 84
973 583
213 951
377 594
179 319
493 18
522 699
318 396
795 816
483 1096
453 571
526 473
750 670
839 163
651 537
963 949
956 743
796 29
420 879
746 6
984 1011
862 519
262 585
967 946
781 152
901 133
1066 7
800 647
1049 5
386 347
869 966
1076 748
477 463
433 276
433 683
237 660
503 229
836 635
217 931
892 745
999 288
643 752
96 50
843 402
595 235
263 598
411 164
901 866
942 400
568 346
1122 654
553 362
836 811
936 537
227 207
106 612
397 885
953 757
1007 196
974 200
298 508
936 913
1003 955
143 827
471 629
128 785
385 834
757 526
824 367
140 169
492 757
660 618
787 163
336 924
1023 558
944 946
1095 989
676 736
167 557
8 419
904 541
586 884
916 238
944 100
869 712
256 177
189 828
417 1049
449 366
834 319
537 698
612 977
663 277
291 75
614 724
637 536
681 1038
122 145
549 953
785 947
373 93
520 220
540 718
192 505
371 481
830 167
163 719
1086 977
444 816
552 61
848 679
598 1064
1047 387
176 428
315 972
741 618
646 487
300 462
722 721
49 786
949 962
293 712
550 597
655 536
352 244
411 125
516 869
663 826
388 579
883 790
318 335
53 541
742 893
983 147
935 145
1091 813
480 1074
332 685
667 916
406 272
833 168
778 641
372 555
184 694
217 333
673 832
982 975
9 903
599 889
1002 242
236 912
54 208
426 945
476 726
536 169
184 158
605 117
410 674
431 685
196 32
183 754
235 17
747 521
866 535
687 209
661 273
207 633
602 932
344 487
175 457
887 787
672 689
967 514
338 505
381 441
687 777
452 675
1116 882
741 555
858 815
997 190
379 1050
690 624
498 721
211 644
244 744
878 1059
287 743
270 152
536 958
1022 665
695 148
882 518
483 131
908 94
232 86
784 471
392 563
980 168
265 468
134 128
229 243
807 588
1012 1011
616 769
458 472
755 121
93 239
867 707
1003 385
168 200
282 412
810 902
542 198
260 251
775 534
660 353
875 890
553 982
667 626
176 449
411 479
554 610
575 306
225 644
262 1023
513 913
370 960
550 659
746 924
1052 123
336 201
339 299
674 874
731 287
753 948
626 994
133 394
20 246
562 793
819 751
1073 710
864 318
392 76
616 306
531 121
643 429
303 1012
522 418
177 934
727 1070
425 638
434 524
797 853
1105 336
753 221
417 743
296 299
139 228
143 1007
668 639
289 872
985 731
172 1121
341 465
269 247
484 630
204 603
536 421
752 35
282 663
110 588
882 256
20 55
651 958
229 539
990 593
93 752
526 393
1004 151
639 126
472 978
250 576
587 974
528 282
805 864
469 1013
439 1000
1008 188
415 739
361 466
448 686
419 848
265 219
650 765
670 829
206 947
409 777
209 232
463 1054
959 333
449 673
660 733
847 457
610 105
558 862
939 663
880 28
461 981
887 877
69 646
291 552
41 574
990 642
817 118
555 861
715 714
683 495
213 913
530 130
116 259
490 912
731 744
1076 946
165 884
326 1107
895 300
870 211
720 16
30 798
482 350
540 585
501 920
194 819
2 1055
105 207
578 1079
668 315
960 716
360 186
120 602
1121 241
520 302
268 18
876 209
313 480
684 849
393 301
550 1118
518 1078
690 356
613 937
577 295
53 699
801 212
316 532
896 509
753 847
400 895
706 813
607 767
580 403
1096 109
668 625
428 454
244 555
597 595
5 670
599 489
223 156
200 676
784 1053
19 738
1055 887
320 764
240 619
470 310
360 298
428 763
508 126
1073 855
707 896
906 988
944 277
705 574
385 931
124 105
89 725
983 839
369 145
766 886
439 298
121 339
24 141
673 951
688 408
639 279
204 138
651 261
601 561
152 1076
993 346
517 928
165 369
234 576
111 965
364 501
487 519
857 584
887 930
624 181
215 1037
112 1105
290 608
727 176
797 554
466 64
801 392
299 1107
759 1113
866 1108
674 312
520 344
65 619
584 481
525 394
479 432
738 643
570 716
596 827
822 218
101 19
648 740
174 694
950 722
617 1014
825 878
402 662
356 787
661 957
656 940
609 542
824 445
795 865
183 400
725 1046
25 170
1077 771
791 109
149 938
878 482
1066 34
418 86
710 133
470 385
675 113
843 852
289 542
146 921
552 271
798 997
990 452
982 852
52 323
1062 888
902 790
475 141
245 704
1093 897
265 493
200 791
983 55
1095 611
612 369
788 234
904 1016
839 1105
966 992
1022 327
751 491
164 5
607 330
390 591
491 790
606 457
540 439
281 305
668 292
1095 730
394 840
1032 688
161 124
874 224
153 544
857 88
59 695
631 958
285 1094
373 1022
1045 551
321 967
80 714
376 704
114 160
702 637
584 665
469 786
904 462
907 215
140 559
176 897
33 571
458 272
1000 864
529 481
122 962
662 946
455 14
183 424
426 390
246 90
365 621
883 642
228 1035
850 1022
1018 355
713 627
680 495
253 182
83 761
323 887
1059 813
253 113
104 107
925 787
357 225
618 820
385 541
378 72
306 483
1087 606
166 164
389 973
203 821
860 127
624 250
81 653
1048 792
862 652
863 939
842 39
333 120
218 877
267 169
594 248
975 763
826 639
633 218
669 741
717 507
171 876
713 177
773 843
352 267
41 925
851 530
894 272
876 60
738 453
659 352
787 1017
1006 443
808 969
689 750
376 310
599 24
602 793
483 977
293 473
458 422
263 586
460 332
521 493
456 396
458 484
162 497
389 914
611 303
831 421
799 967
741 751
949 645
269 339
383 671
955 121
1035 774
918 701
1105 766
84 306
519 496
730 881
448 808
1008 1102
1087 469
964 664
989 223
934 561
334 37
560 542
983 941
718 447
4 607
483 108
141 626
1085 58
856 688
858 534
270 391
525 999
138 353
940 685
116 922
474 515
615 868
419 582
275 170
486 332
714 544
499 784
929 624
373 634
668 318
287 377
839 243
578 711
589 819
317 650
122 2
1097 968
167 667
1010 264
136 568
906 334
966 976
373 704
862 127
357 79
575 770
887 323
192 563
648 939
454 146
705 663
890 257
442 712
347 577
102 901
360 620
324 989
684 1022
528 470
326 999
1035 554
868 356
587 284
930 661
120 186
368 972
147 158
157 332
735 625
747 698
581 619
58 1095
123 1015
547 926
642 503
832 145
761 874
953 898
840 172
481 868
488 169
938 106
702 102
998 638
199 459
922 877
217 590
893 537
407 915
263 269
158 80
569 482
917 383
934 420
848 923
612 269
162 808
166 877
540 247
318 876
923 484
272 231
872 562
470 858
833 575
706 62
39 899
856 38
1025 368
460 594
633 249
967 162
188 1099
823 541
484 984
817 768
321 497
492 801
316 995
998 1020
159 830
517 609
619 1099
512 100
931 125
252 318
702 564
51 521
272 570
367 460
1006 499
230 817
890 802
302 344
411 478
1011 484
538 359
379 239
165 882
256 386
293 951
376 1029
222 856
770 996
613 796
717 405
1062 557
1103 6
358 1007
979 159
975 387
154 764
154 563
920 447
365 348
27 618
310 1062
743 837
899 946
490 499
1027 283
247 1001
884 145
382 1019
462 432
402 307
799 834
611 228
1000 425
1014 511
571 35
312 515
318 873
117 391
1020 202
785 956
434 530
1110 80
668 998
706 1011
888 146
836 807
783 981
801 947
970 156
1048 821
679 623
964 119
949 499
170 892
509 185
558 1034
954 544
403 845
362 787
1030 858
533 924
636 951
563 772
168 111
42 911
12 901
810 663
231 971
795 801
395 364
718 416
551 353
227 450
371 10
762 129