730 598
870 854
385 1085
655 978
241 546
157 739
1053 1048
230 218
163 196
658 200
830 1089
360 214
189 88
990 211
595 148
482 998
170 492
983 480
690 193
477 488
777 136
805 575
125 493
676 997
537 714
310 988
608 66
965 30
322 189
730 876
918 805
15 696
165 411
543 432
902 654
475 972
407 970
646 306
315 727
71 487
881 477
100 600
57 351
242 137
121 719
690 132
286 1013
575 678
503 76
830 675
840 587
193 895
155 743
392 452
786 1054
800 361
542 741
742 914
149 685
1098 613
748 920
48 1091
775 102
536 489
455 230
660 558
611 545
627 418
419 305
371 892
875 979
727 949
47 1052
42 261
171 578
260 686
289 146
1051 856
836 564
891 535
1048 626
721 685
630 142
517 122
332 84
15 802
794 1043
953 915
887 359
138 979
131 614
261 298
928 132
1018 1115
319 454
340 155
57 886
525 659
596 762
627 658
260 284
932 853
710 1038
520 360
16 864
149 835
36 663
970 823
1096 970
599 71
364 900
200 620
619 669
433 830
317 715
637 601
1004 1111
1003 571
694 489
185 927
367 749
458 312
919 611
103 712
926 755
825 241
1037 983
325 355
251 397
435 1056
729 662
64 341
703 757
858 680
9 464
489 926
864 295
675 543
739 652
224 364
557 377
776 597
623 805
785 661
274 237
980 406
85 1089
258 714
556 222
650 1038
357 225
99 719
269 248
647 180
483 36
322 612
221 191
428 684
200 473
627 46
84 935
101 337
311 182
524 380
846 507
724 180
842 336
490 824
646 277
806 1055
794 372
43 652
233 180
877 706
249 933
854 290
74 706
404 758
902 1073
659 718
269 562
766 133
190 797
552 864
603 793
296 724
1091 52
581 177
112 297
19 155
408 780
476 683
636 838
707 943
331 709
537 136
574 261
1106 187
201 911
1052 659
397 1066
413 534
820 672
766 912
483 228
870 842
524 604
720 881
115 253
304 832
141 228
940 415
321 916
583 747
446 727
1058 470
601 78
309 754
568 717
1020 458
471 151
302 560
688 688
374 540
951 876
429 1074
183 578
679 924
142 229
532 956
560 402
129 466
182 1090
697 177
326 913
133 653
308 779
147 954
435 574
254 642
464 317
529 971
939 123
701 642
586 1091
403 374
595 370
899 815
830 282
167 257
247 820
995 750
1013 724
829 323
630 371
784 399
68 279
964 89
312 88
500 414
428 668
331 865
898 217
879 630
1090 944
888 279
926 180
349 1007
216 253
181 448
1064 471
552 9
444 257
766 448
286 854
387 865
243 758
52 570
453 268
665 1005
851 235
141 26
760 154
1083 196
102 317
833 790
1028 762
90 215
100 390
863 298
1070 72
578 809
682 173
870 1046
806 990
18 188
802 435
916 1095
366 1052
105 309
81 606
843 363
178 540
682 210
287 908
855 544
296 426
893 378
573 137
697 174
77 618
332 396
554 319
159 907
836 591
199 600
684 501
825 524
551 178
292 752
86 636
694 933
953 337
988 290
136 127
485 750
1119 930
144 420
384 570
980 667
339 365
97 621
330 835
21 436
324 805
197 477
303 476
804 769
1098 696
943 934
948 919
866 221
582 105
38 463
3 378
165 146
931 337
639 260
178 1073
422 989
952 687
287 1006
90 886
9 1093
639 1096
810 547
117 555
200 428
683 809
491 625
947 633
313 403
715 643
617 529
195 301
1043 989
356 626
987 413
532 208
485 431
641 446
41 608
434 699
352 932
842 586
361 628
287 618
399 113
919 153
871 1046
3 369
518 393
349 439
538 336
686 245
409 136
950 131
568 137
840 279
912 611
394 1013
934 449
314 490
273 86
188 716
734 294
251 781
102 298
780 938
706 32
846 522
1107 606
843 393
1116 962
862 364
849 1009
118 843
1096 831
1003 848
1118 475
1045 489
448 267
222 1000
667 728
587 899
1097 180
408 570
812 886
424 899
839 467
367 861
1004 661
509 640
701 629
127 148
758 975
52 372
426 409
1033 483
109 716
841 423
806 612
279 681
909 1115
46 696
87 137
785 746
183 738
448 913
40 747
541 539
617 104
168 253
837 601
888 763
932 332
870 640
812 795
851 644
620 527
174 198
150 879
619 1019
76 832
900 267
1073 234
266 1089
295 321
419 719
867 581
875 260
520 919
980 629
517 397
113 271
779 473
231 53
862 203
497 630
1057 450
872 947
919 571
302 1003
729 397
206 933
962 1036
104 710
417 154
330 494
848 470
222 82
1081 715
938 184
793 606
583 1006
752 144
990 728
836 612
518 626
333 489
295 622
265 342
673 924
215 125
627 391
501 586
449 377
973 1060
825 662
625 456
1112 847
896 199
825 408
903 622
530 576
684 342
301 657
999 931
929 1044
19 872
963 417
168 532
575 295
817 943
827 152
245 689
515 613
297 944
545 806
308 288
355 283
878 776
753 466
354 273
750 682
667 386
26 631
225 473
290 359
1028 880
732 1083
313 193
365 181
595 1105
670 927
659 197
75 890
764 553
1011 834
645 723
175 102
1017 655
809 799
692 965
815 513
566 55
645 82
696 927
275 266
6 478
205 309
769 960
689 695
748 754
833 297
1008 696
697 316
179 998
458 582
293 973
52 27
815 679
152 857
820 756
905 489
250 756
279 234
444 637
418 155
816 339
350 64
463 616
253 264
595 347
676 372
125 633
884 95
487 1001
740 805
328 616
509 947
647 561
226 1027
941 1123
70 1098
486 512
600 671
874 906
4 268
351 234
723 332
258 626
727 662
158 712
810 828
360 419
760 818
965 209
696 435
676 219
206 191
976 264
432 653
709 993
395 341
417 331
449 277
769 129
266 772
805 966
1082 998
857 1101
444 307
764 254
650 661
182 619
1048 593
853 435
771 905
208 65
633 344
736 461
102 432
475 508
624 948
298 781
340 973
849 525
674 256
996 222
130 762
41 922
333 361
469 481
186 537
111 1075
759 370
227 497
984 781
118 524
241 430
470 454
547 492
809 278
731 159
230 837
497 619
839 405
945 975
655 303
38 17
235 945
600 354
724 975
896 101
132 1001
568 792
377 282
659 524
1049 371
800 211
712 90
480 518
842 1086
811 760
853 209
6 372
590 233
730 697
602 415
785 547
939 523
877 476
380 875
485 693
762 616
660 610
100 69
620 380
416 737
698 832
470 867
207 424
825 637
440 105
637 48
302 1017
169 793
629 993
317 202
614 474
514 276
933 132
752 133
594 86
672 324
733 622
498 793
668 412
1109 900
795 848
1093 387
735 855
1045 444
312 913
750 571
861 962
535 295
296 681
630 619
463 917
598 1041
421 855
873 398
881 40
117 900
854 430
730 48
299 1105
359 156
1121 625
734 904
721 470
843 560
381 186
348 671
822 129
425 1006
146 231
260 4
245 521
784 848
850 658
677 496
283 290
567 609
281 330
468 820
715 382
924 1008
726 670
940 309
945 105
319 388
385 899
393 388
437 722
704 359
245 111
716 272
950 749
289 434
579 675
882 647
212 716
969 48
144 756
653 755
37 723
259 379
922 791
961 685
1048 58
1020 335
478 650
632 440
517 249
269 776
202 648
431 975
111 766
633 1053
990 662
263 547
81 257
477 92
35 982
628 157
291 229
91 260
915 53
401 15
272 871
427 523
851 701
331 1044
554 880
82 473
285 452
946 492
828 641
157 621
769 458
107 520
847 57
283 76
243 1081
128 473
478 916
799 659
13 652
918 215
138 684
779 741
326 654
261 139
1007 733
472 214
387 284
340 91
947 134
903 766
944 874
875 680
125 704
597 840
312 220
960 865
410 857
764 656
639 555
75 265
379 470
520 64
719 917
321 671
812 130
355 1018
477 723
124 415
458 627
425 721
161 20
753 768
859 841
209 392
252 266
681 366
715 181
218 1010
695 264
432 739
443 619
643 234
333 1003
410 363
301 733
563 984
881 638
249 281
988 5
818 624
934 12
312 556
846 169
934 1014
122 883
131 360
670 537
607 347
647 419
44 676
857 158
748 884
1033 995
1096 724
900 468
995 327
403 907
576 757
293 339
185 788
831 522
129 930
202 377
875 968
362 859
604 584
759 318
490 251
792 999
422 571
440 352
796 436
546 516
889 487
54 862
941 273
1018 439
114 238
474 1012
912 800
1010 425
849 206
483 799
363 921
963 951
476 338
194 420
694 865
644 865
348 672
488 365
248 119
198 306
797 684
209 241
776 324
476 590
243 580
458 893
85 1010
373 373
328 351
681 105
571 500
370 906
431 808
528 307
1116 655
763 865
844 37
298 915
748 713
1019 819
874 721
948 108
286 49
1040 270
99 500
374 1100
904 278
15 613
571 454
341 332
659 446
545 350
966 218
763 1042
309 562
546 583
638 986
676 334
61 507
99 586
854 620
558 769
978 110
227 988
201 130
894 135
192 366
448 351
539 230
545 385
373 716
314 347
503 468
462 913
585 637
689 108
752 570
480 441
935 431
629 982
799 357
938 299
55 1032
721 1119
611 940
668 759
1074 331
488 622
413 153
985 496
700 618
579 290
216 449
909 456
753 612
371 572
855 737
0 415
831 499
472 323
711 63
683 701
758 76
205 647
312 790
124 211
41 586
864 720
640 554
576 148
379 1106
1083 757
584 425
488 591
182 149