242 808
214 157
312 55
946 1011
773 876
385 214
707 306
800 689
403 557
881 429
534 56
167 464
103 909
774 181
448 679
57 366
452 802
765 541
132 896
201 350
380 535
247 104
961 592
727 593
646 615
626 963
355 766
274 192
1076 973
719 995
321 387
692 1092
415 534
882 380
115 670
1057 970
193 534
918 474
850 866
872 76
46 382
718 437
314 540
748 378
318 645
1013 885
179 166
721 266
560 973
823 2
307 524
17 635
247 7
182 663
93 21
871 996
541 476
814 415
784 976
31 901
152 763
992 528
857 1008
944 531
926 1036
787 128
773 884
336 765
983 430
142 474
1098 720
1080 264
1082 630
32 610
498 160
202 221
810 1082
441 735
897 233
157 1000
82 636
310 629
119 721
996 404
530 653
1096 822
802 729
263 923
228 167
981 146
1095 928
857 687
955 991
806 354
390 628
604 996
1009 517
184 808
496 397
948 715
449 370
619 232
748 125
976 648
1050 3
278 107
660 562
788 156
149 755
145 415
470 984
961 939
1123 400
681 168
981 271
876 400
461 225
975 900
271 836
679 693
987 710
681 400
403 958
959 611
425 943
96 488
378 131
196 696
147 1028
777 250
461 619
752 875
12 165
572 625
630 493
113 524
732 357
856 409
331 978
814 79
150 163
445 514
378 510
410 193
328 41
248 326
5 18
340 799
733 578
715 1014
657 813
100 625
166 203
490 945
452 299
217 1020
674 398
335 532
733 42
997 112
1033 904
742 759
740 588
404 313
113 644
898 158
895 927
1113 210
193 622
294 767
775 82
856 108
236 719
893 394
550 591
786 107
607 489
571 619
463 760
624 618
1063 569
394 1070
432 916
649 402
692 950
654 119
394 732
551 110
1114 985
945 702
495 732
1090 859
465 274
752 405
110 882
517 601
694 593
491 239
752 661
502 827
506 123
193 264
1034 863
494 1020
277 185
274 935
358 855
959 632
1000 429
707 344
686 685
409 175
581 692
782 778
686 448
586 278
580 52
687 954
986 151
222 324
689 946
392 141
750 165
467 682
556 608
518 733
975 368
321 971
1103 545
585 186
779 198
240 297
675 268
640 348
674 22
825 745
533 416
699 872
693 702
801 119
548 245
911 843
545 453
974 647
105 1020
470 661
458 1101
267 253
918 25
180 879
575 410
717 934
1086 375
979 181
540 249
25 635
344 309
656 975
521 904
562 682
194 177
171 469
526 700
497 728
814 148
691 423
689 732
852 1039
873 197
440 713
594 387
610 875
180 165
231 390
366 1058
439 812
994 338
738 1039
837 542
349 646
572 100
413 814
137 295
932 1004
489 370
210 1080
530 1041
414 832
919 333
14 741
344 249
932 92
1104 541
130 490
911 502
827 397
987 912
218 957
711 997
127 530
145 359
73 776
3 268
180 464
212 503
772 299
975 834
320 483
47 172
706 185
979 1006
483 627
129 130
835 196
616 632
303 523
468 650
710 864
2 219
1112 1031
43 107
217 416
314 260
981 873
690 455
876 675
377 427
993 898
235 258
766 803
469 1112
251 463
208 638
431 620
374 729
514 282
614 913
892 245
197 913
170 940
540 293
631 465
650 699
529 1091
154 503
580 484
466 221
751 142
586 345
685 326
532 662
330 163
588 912
791 200
245 743
315 200
442 1014
619 107
781 292
699 1021
1003 872
126 724
5 143
939 1008
355 34
521 805
132 338
845 712
777 911
569 197
981 858
564 218
451 547
432 782
96 304
1063 887
885 192
442 629
61 256
983 245
906 428
906 81
187 149
753 961
834 568
274 532
392 484
877 660
785 553
462 131
947 927
158 155
306 966
546 892
430 121
227 501
224 756
215 8
212 143
231 807
127 306
131 477
505 976
754 131
869 292
1005 902
477 128
614 526
933 1120
293 1028
97 1010
183 630
468 220
1050 593
886 691
727 610
652 807
2 328
205 933
875 307
328 819
454 703
900 1114
968 602
694 662
234 603
975 322
243 243
903 978
698 773
574 221
766 571
1065 284
400 380
689 598
168 272
833 645
543 44
751 248
781 776
132 772
371 644
829 429
835 1115
223 553
286 1014
147 495
942 999
934 282
317 32
363 1066
285 420
351 1042
849 501
999 663
635 1022
1039 269
551 901
82 154
268 598
515 351
240 289
618 380
657 897
38 617
610 704
770 127
531 48
407 107
757 578
990 458
872 38
230 413
934 385
91 369
832 140
573 635
343 345
581 578
450 479
912 211
1005 613
382 499
208 889
202 886
641 827
756 406
739 357
778 1066
344 960
447 896
984 925
894 631
731 924
299 96
344 427
180 1118
680 493
1002 492
670 738
679 84
175 775
995 324
147 39
266 876
589 752
177 639
749 1095
368 642
132 956
1060 563
529 60
591 145
857 203
106 639
439 553
271 327
965 975
233 149
294 975
999 1018
261 197
321 170
217 726
228 958
378 950
512 175
724 569
51 1110
482 1029
1000 30
605 248
216 980
477 955
271 154
127 1033
991 944
232 1115
750 22
138 487
611 832
101 835
626 706
917 1065
544 467
954 732
264 784
822 757
623 797
845 862
711 726
434 125
25 642
655 257
599 409
327 257
629 529
430 688
349 501
716 1080
451 979
480 578
1019 254
532 1010
1117 161
479 415
730 22
699 82
135 120
616 747
483 374
595 864
417 387
315 549
213 534
461 763
69 540
286 406
255 783
734 796
297 72
618 913
654 920
710 173
1097 828
828 437
485 790
544 401
111 602
693 708
1090 1062
476 685
266 311
571 325
101 396
724 149
182 507
390 1085
387 529
823 764
644 38
972 31
538 479
661 982
872 546
645 352
345 1115
833 562
699 810
135 178
334 381
157 551
695 417
555 724
702 540
950 417
1101 29
1038 32
1017 544
430 517
788 409
209 124
706 207
232 99
736 958
306 592
866 350
267 582
533 803
785 500
330 906
847 265
49 10
876 145
905 279
899 255
1018 1119
451 1088
344 209
813 569
641 61
356 761
655 772
1041 900
940 464
400 614
45 416
903 1018
819 549
852 386
211 880
880 619
953 1116
289 345
131 483
809 877
169 908
261 254
827 489
971 393
201 1120
368 741
623 711
400 954
655 596
1000 308
991 206
865 985
919 416
1013 607
927 697
982 406
349 598
573 361
168 740
186 1076
1013 132
745 903
793 358
947 723
365 159
551 686
550 131
122 829
179 36
166 267
351 750
29 267
642 416
1013 152
933 825
24 647
951 473
964 1041
307 997
237 718
722 930
544 148
859 467
363 498
1011 407
924 419
916 338
435 117
519 882
339 510
1015 818
814 209
664 292
439 887
964 173
316 401
664 657
709 767
397 37
1081 896
384 667
639 609
836 983
882 1002
304 440
680 504
935 556
836 641
799 369
395 992
469 549
394 6
116 741
693 280
527 737
238 675
676 325
118 192
849 988
200 455
327 1110
349 567
415 197
419 503
15 457
537 395
621 312
250 435
869 630
344 519
649 853
136 801
804 150
747 534
816 594
508 255
49 340
40 963
1090 687
381 524
833 709
151 981
149 198
247 33
1003 862
134 64
216 825
153 952
287 631
582 733
931 407
853 539
856 318
819 922
825 284
600 129
1004 196
127 197
126 514
619 1015
20 769
615 435
814 932
935 251
774 207
589 362
375 414
825 453
67 55
492 434
1009 863
830 101
56 440
488 718
435 683
153 1053
355 91
563 883
820 735
316 690
932 390
713 1108
9 918
923 197
313 619
629 808
939 886
909 496
798 877
505 56
1060 13
205 350
230 307
491 316
488 514
982 314
744 523
34 414
704 712
791 577
613 864
245 325
565 318
760 209
591 998
508 352
368 143
419 511
286 239
157 944
457 713
904 350
1021 434
960 277
311 564
149 241
494 285
700 598
596 831
898 807
292 1003
360 677
647 470
355 680
538 104
866 535
232 877
853 1059
309 318
812 1009
484 182
965 894
62 141
10 869
528 748
613 1102
646 682
981 557
981 880
609 1027
859 135
1123 273
196 119
587 341
791 572
556 943
1070 624
591 144
248 340
126 559
883 140
120 452
976 750
411 545
1001 867
941 694
318 563
126 827
110 56
101 753
258 871
106 360
393 233
1007 638
516 318
650 426
130 72
1011 729
811 827
386 169
462 505
699 364
748 164
157 279
376 249
1079 984
497 457
524 585
952 387
318 306
591 1042
198 688
840 200
698 1083
203 501
210 1005
608 565
468 712
1078 643
230 426
187 182
325 760
525 732
636 1013
649 903
150 371
769 343
128 310
458 595
481 141
919 218
1027 533
805 0
830 373
685 167
835 806
575 447
727 550
1001 397
224 573
855 181
224 183
635 787
377 279
531 114
688 406
1004 123
381 691
574 705
322 1052
643 1016
731 427
668 532
1077 356
110 319
930 363
395 745
845 170
364 883
361 614
553 620
772 718
1009 271
632 943
1051 646
221 741
927 400
661 1088
667 334
168 166
546 879
169 470
446 664
319 880
761 795
304 678
20 138
615 580
219 390
829 541
475 725
57 725
461 916
627 1096
245 512
886 948
910 622
957 891
801 668
612 437
171 277
511 768
671 553
990 929
401 456
914 697
239 719
688 182
613 381
212 267
898 742
684 906
484 685
230 301
20 620
214 653
460 297
236 156
110 466
849 836
368 446
785 919
374 168
249 304