479 5
592 408
807 996
666 832
1033 81
821 177
437 61
814 171
270 950
201 404
701 341
261 178
809 906
862 500
1068 802
807 678
1034 765
593 560
1062 650
459 947
506 286
354 244
571 68
319 223
428 487
200 664
908 426
356 972
983 759
667 41
807 87
613 381
509 4
256 352
930 689
7 300
652 471
161 934
352 504
443 549
512 207
234 67
330 338
464 744
5 860
333 140
1080 637
604 1001
699 838
135 756
932 299
172 139
184 611
697 398
194 683
997 291
1111 163
1016 951
416 995
576 398
581 776
989 25
834 784
110 995
1067 999
245 1013
564 630
876 938
559 682
370 565
30 376
433 642
985 383
112 1020
1003 792
711 759
406 996
1073 163
89 631
710 1041
316 275
506 101
951 614
589 81
586 381
659 504
220 403
359 746
727 693
499 116
556 299
619 748
798 912
594 552
555 551
840 796
528 657
1118 686
857 629
646 397
844 522
438 766
207 59
335 961
528 307
106 102
544 675
115 3
380 202
585 890
155 866
997 940
848 103
97 1018
930 142
239 928
130 243
994 603
650 697
945 211
171 860
1043 1108
560 466
1063 452
672 925
764 977
35 515
579 105
994 95
1123 367
665 494
212 84
547 769
575 374
276 1021
726 230
539 797
88 526
672 256
595 617
556 486
469 592
370 107
131 1019
691 448
916 819
100 422
221 861
527 191
725 867
332 932
260 672
509 472
167 218
1097 7
435 441
1059 173
666 419
360 35
397 265
649 882
860 375
171 554
46 173
1051 123
13 733
110 96
132 172
296 636
170 486
819 930
539 307
176 134
277 613
605 1081
82 174
813 94
819 601
986 556
639 1003
949 313
1005 655
375 719
927 432
804 1019
816 1084
1014 202
371 33
507 820
173 400
572 622
340 14
866 875
281 803
470 789
552 193
513 1018
926 116
1017 165
847 598
888 607
608 585
237 269
663 481
884 554
202 249
426 696
221 946
376 643
286 33
167 588
994 725
48 415
536 693
351 892
918 836
429 802
732 706
27 978
800 506
934 888
499 151
153 381
663 323
686 1066
563 57
792 430
259 487
301 921
1012 197
793 10
590 868
796 808
139 1079
1037 129
840 808
963 861
1010 845
395 379
160 395
84 171
758 342
973 345
632 529
1106 307
600 213
1072 235
429 155
906 478
173 493
440 670
952 305
1064 178
878 7
911 1054
362 686
171 750
233 442
621 982
766 626
429 754
542 954
333 238
1078 596
734 807
994 149
706 442
545 211
476 124
399 672
411 988
475 998
3 473
154 684
229 598
987 187
967 413
508 623
364 925
1012 758
997 798
242 482
361 1053
106 602
232 368
189 274
142 259
570 458
411 309
1123 700
924 557
601 993
296 491
796 670
170 314
837 808
454 908
813 254
897 646
430 99
565 977
1057 791
537 686
719 964
196 332
427 941
1079 194
266 365
1111 739
53 750
527 270
112 915
1044 901
964 271
687 993
355 630
510 819
1057 252
539 275
518 667
735 323
849 680
992 893
448 866
375 543
542 422
164 800
521 223
589 757
789 625
449 401
368 972
226 580
294 323
683 159
443 695
727 581
959 213
158 411
98 900
577 103
753 1041
881 573
672 948
920 320
865 178
799 269
272 47
723 748
729 261
119 487
262 158
563 630
308 638
121 774
560 223
870 370
117 745
839 494
477 506
378 851
889 264
187 943
921 563
356 620
928 889
352 679
223 699
443 1027
984 295
378 953
6 127
767 112
114 856
443 816
44 313
986 418
523 800
178 510
1102 352
168 162
836 621
992 845
698 901
314 239
219 633
935 189
812 1005
271 896
800 987
382 442
486 1016
965 999
505 502
602 397
507 331
540 384
398 740
168 589
635 852
882 837
357 925
781 239
246 973
30 998
647 666
367 360
533 736
99 440
681 607
444 163
348 432
871 974
613 628
152 132
335 208
977 332
838 24
943 440
436 713
473 805
271 445
276 39
1046 984
996 255
237 636
736 510
1093 534
1010 202
304 499
351 146
208 127
894 269
998 440
407 235
922 620
668 522
193 875
758 859
562 426
809 900
388 636
831 550
158 113
848 774
537 790
600 1023
792 652
862 367
254 388
74 888
644 440
1015 279
707 984
583 786
687 797
344 686
654 985
542 942
584 837
521 49
1095 385
555 411
1121 142
346 603
692 1020
180 425
882 249
233 49
14 779
359 274
983 312
452 597
722 233
292 568
461 222
570 237
418 865
754 869
917 301
763 600
1121 788
830 102
269 440
745 1055
107 152
345 485
1008 708
1066 496
282 845
368 300
630 191
937 847
658 719
574 661
294 257
519 942
878 875
426 940
407 344
221 856
800 699
576 394
324 200
1025 938
533 417
1 1011
488 54
376 95
319 710
271 67
398 562
843 325
657 940
327 386
349 285
481 227
391 380
895 211
537 719
208 330
723 537
86 500
465 30
778 88
209 796
128 979
356 503
392 518
500 255
376 456
776 146
30 259
198 953
343 839
101 670
402 1014
980 419
677 663
27 1024
138 512
272 582
390 140
31 761
299 216
262 139
294 238
187 358
558 838
679 922
536 296
875 700
889 936
129 904
839 325
548 175
650 624
1028 936
304 815
857 991
1051 163
494 566
602 829
557 287
576 603
1120 839
1110 962
483 277
916 327
368 201
961 457
150 167
498 806
533 431
133 409
393 851
991 1007
190 753
796 776
1060 408
847 228
955 1011
1092 280
113 270
885 650
274 693
442 607
548 331
703 524
1068 344
808 426
327 1019
512 196
293 1051
977 886
647 153
956 952
367 1103
234 1019
489 272
503 492
775 615
63 832
966 65
943 265
527 685
780 503
11 129
743 844
131 1055
933 208
661 535
694 929
68 677
389 1008
135 641
674 707
392 660
439 130
719 818
329 517
903 227
436 572
1001 666
887 941
336 97
287 542
812 997
210 747
354 785
124 1016
695 974
587 295
787 169
679 864
297 973
319 1008
125 276
814 231
486 961
128 1007
524 339
583 476
127 512
881 738
161 924
366 483
209 986
145 513
570 508
182 751
1071 932
423 412
855 840
879 1113
524 1052
193 537
583 212
292 479
286 780
713 907
441 503
290 759
994 655
230 743
619 437
803 836
889 118
870 462
831 144
856 539
344 836
425 118
601 44
1025 418
541 950
257 40
802 823
182 61
324 149
387 451
848 764
704 228
451 457
453 1040
412 337
318 315
863 515
95 779
178 876
31 910
120 390
1043 385
676 23
411 825
940 660
496 460
848 651
308 156
986 913
482 552
149 758
138 890
163 381
934 547
1010 1007
207 555
604 382
791 388
520 770
1062 150
1055 307
438 1052
459 774
844 420
1024 1106
675 393
468 126
469 206
365 571
971 900
18 298
593 641
415 493
50 531
292 818
936 759
551 570
619 263
1024 646
879 915
138 543
967 249
288 502
1104 912
362 486
1045 308
208 890
244 600
462 1113
641 1014
705 752
607 15
686 756
364 520
185 1076
656 177
752 192
544 55
513 902
603 165
313 328
974 447
757 654
731 57
402 221
562 420
408 1094
713 634
707 453
108 232
701 824
959 893
971 522
343 846
479 656
1061 850
357 820
217 237
842 11
941 533
973 664
165 548
511 1060
322 490
729 536
228 859
212 6
891 125
533 991
733 899
290 909
808 26
372 215
672 898
606 798
343 223
45 826
267 336
528 511
210 509
314 693
605 461
454 481
418 427
632 999
699 481
626 596
1095 843
1017 213
331 904
416 903
766 244
344 443
452 999
834 1021
460 359
45 800
95 276
228 982
157 989
547 689
420 901
183 750
48 0
752 489
323 137
306 466
525 371
864 106
837 891
204 1095
857 194
506 293
625 311
860 302
496 925
765 182
31 375
282 561
639 674
869 1033
657 587
531 324
999 792
556 711
541 760
120 260
491 865
157 908
28 465
983 202
834 897
740 448
693 242
449 920
512 773
416 479
957 150
338 174
983 843
1095 245
211 834
253 1118
585 203
834 347
1013 280
445 537
928 542
879 803
644 772
789 809
632 842
389 529
841 786
737 108
997 885
779 544
496 663
291 560
743 579
321 602
904 899
687 98
369 234
986 104
775 406
959 440
409 545
136 840
452 359
95 814
566 1000
611 978
1019 223
194 665
717 146
102 658
511 509
811 276
72 557
204 770
103 655
709 454
261 132
801 637
86 1087
500 509
121 331
247 140
663 971
1042 22
259 576
409 140
202 363
963 901
163 805
379 885
429 624
561 892
172 731
36 868
802 574
568 987
271 456
343 284
254 489
395 762
144 347
107 782
391 695
653 302
233 128
323 339
224 911
297 902
225 399
86 922
114 239
123 947
483 998
663 883
261 388
757 950
124 164
526 160
863 712
315 574
222 421
526 1100
861 206
1111 127
865 263
1021 997
464 602
390 618
154 236
511 880
1050 1097
408 1023
976 354
607 1036
228 501
1068 216
926 664
805 386
87 1044
642 1052
587 427
646 364
194 199
543 781
1123 612
215 236
353 394
1084 507
778 931
747 25
677 730
1048 1026
302 489
976 777
738 560
1010 513
682 995
274 1000
720 251
455 678
382 724
988 433
523 837
826 979
207 752
692 462
916 171
102 76
409 829
883 674
997 413
590 598
458 1061
1003 880
387 675
287 466
1082 1062
588 458
259 916
248 943
138 103
624 1012