515 233
422 1046
970 1010
264 1051
544 873
114 157
247 869
6 832
399 287
685 1003
400 1017
185 533
830 566
601 827
844 691
609 642
878 76
123 122
423 665
620 450
915 730
412 204
483 1109
212 545
361 318
496 776
265 798
472 98
659 424
914 567
189 514
635 630
1019 993
911 373
255 289
217 456
448 263
38 927
281 889
524 467
414 690
1031 882
899 137
640 265
327 121
577 107
464 340
1099 847
213 494
929 1049
379 829
185 124
904 246
26 723
290 1108
754 444
959 386
24 959
889 395
299 827
121 267
556 511
1034 736
1049 948
899 220
403 419
329 255
586 391
769 169
671 710
868 336
378 72
92 841
340 208
412 103
1011 9
922 985
668 703
771 787
557 1054
398 403
532 478
586 932
1119 776
594 511
429 980
500 407
192 731
360 875
483 1044
331 133
975 121
564 56
825 998
491 885
107 1077
125 349
500 209
1000 139
1096 321
406 225
268 114
377 329
144 928
715 725
1022 325
237 334
471 85
302 919
108 750
509 745
195 194
473 703
371 779
586 336
441 833
451 863
852 485
624 665
194 350
464 1002
779 121
533 553
167 417
965 726
475 300
731 182
221 410
136 900
753 589
286 859
506 654
486 688
861 194
566 675
962 219
416 742
740 94
833 260
619 978
544 754
944 796
626 1098
790 1079
503 496
726 224
197 448
595 707
135 835
751 580
510 1112
973 674
525 575
87 937
934 439
1031 687
426 247
882 785
792 698
132 594
969 943
738 1005
298 229
736 831
777 258
290 310
594 158
693 379
166 733
166 117
844 254
1007 948
520 298
488 137
303 322
32 657
997 614
565 600
1109 414
33 938
544 981
974 563
801 223
1055 971
413 1081
712 676
572 978
539 181
697 406
892 726
740 772
735 366
666 192
407 1044
1101 819
338 939
845 930
171 869
661 477
580 1021
749 905
733 432
126 961
163 161
207 383
277 117
820 838
615 335
167 611
281 1019
120 490
955 885
671 1107
1074 754
343 164
1018 600
30 824
469 194
460 909
127 288
819 825
699 442
197 811
566 700
507 341
1041 479
709 175
165 252
945 464
249 1101
621 923
879 354
183 923
1023 399
790 141
712 882
1035 395
182 700
499 609
862 542
958 34
369 517
628 891
342 457
626 214
601 447
502 167
394 742
65 460
669 920
879 1083
280 630
855 843
334 253
45 1073
485 237
979 658
511 248
212 676
791 181
362 714
795 335
611 727
206 170
177 1
278 428
359 798
1049 669
412 385
587 204
149 282
726 130
420 361
701 438
840 805
817 906
282 943
502 263
724 434
245 953
212 740
899 786
678 8
157 503
847 737
373 480
996 506
1041 882
699 689
969 1077
375 82
279 979
540 457
1041 855
696 378
854 918
640 1086
146 749
377 636
542 837
311 942
212 950
971 114
126 120
157 693
661 914
304 1064
216 853
231 54
38 648
47 379
681 302
622 692
780 106
1096 1096
819 348
839 892
368 486
41 521
845 907
947 151
944 278
181 815
714 982
521 551
252 759
544 28
402 869
418 895
441 1028
452 938
87 966
679 249
977 543
943 654
550 899
233 389
921 914
941 1008
168 12
1033 425
730 686
499 258
953 1094
248 903
866 229
844 296
792 123
937 966
896 135
317 770
489 519
383 930
1010 644
774 987
605 385
714 128
394 797
945 955
222 665
1013 836
717 564
840 982
701 836
727 1017
67 328
130 238
382 927
710 283
170 249
483 826
655 151
512 842
419 653
353 976
765 834
370 240
987 517
329 278
654 510
396 916
964 136
600 627
277 966
928 786
809 1047
494 234
529 657
428 953
1021 604
106 258
42 685
779 1057
525 775
223 213
591 539
711 485
41 624
642 236
598 672
500 565
815 516
268 969
543 499
860 88
608 146
439 154
1014 1089
562 222
714 495
829 237
980 869
685 102
764 674
718 193
61 455
110 585
653 846
874 318
1061 1052
135 620
661 213
622 455
519 166
720 1026
561 485
523 596
661 368
267 7
452 242
151 904
1123 403
1014 918
433 252
368 796
328 179
1037 701
146 976
1014 554
330 132
355 497
940 419
838 851
298 965
805 687
168 422
972 546
1122 173
529 35
316 594
1023 395
730 866
771 310
160 905
25 110
868 130
124 664
18 410
367 1062
1035 631
665 582
722 792
782 233
804 235
1098 1018
622 150
581 819
408 975
792 444
999 8
969 311
39 330
1013 346
435 937
661 343
237 195
602 878
393 831
594 467
599 869
9 67
816 378
489 273
110 419
813 398
304 225
931 531
209 963
856 434
854 729
57 1016
242 561
946 995
789 766
538 571
933 1109
816 997
936 413
243 141
769 463
189 443
737 570
176 1031
716 979
632 361
477 1017
888 106
867 1082
144 945
670 636
883 790
365 817
656 456
192 583
362 784
803 1056
862 379
580 605
1109 379
318 740
100 228
455 137
681 924
905 679
671 950
844 7
314 977
662 674
233 1110
470 200
343 513
542 34
311 981
127 486
425 27
974 351
208 636
37 64
468 396
170 533
710 562
391 345
668 297
466 336
522 276
44 545
515 468
312 897
226 493
860 734
338 134
968 1002
662 809
421 1079
338 704
596 80
844 564
567 263
162 902
964 483
246 203
136 920
945 718
623 966
144 710
322 524
716 750
112 814
841 532
272 593
54 140
38 348
336 438
132 857
205 847
180 467
694 515
220 543
558 837
238 715
827 99
104 516
896 724
954 84
103 468
302 470
1039 311
711 1067
67 360
535 335
696 601
1070 855
465 709
631 146
66 608
1048 600
970 163
280 940
386 578
1006 641
279 850
200 436
400 960
909 134
943 746
214 751
216 466
786 392
499 824
257 961
948 101
131 378
820 879
793 333
323 638
852 992
1036 485
156 127
608 174
947 106
453 595
299 882
662 1008
460 1086
67 580
618 182
840 95
938 188
403 727
435 497
994 344
840 824
419 822
395 353
254 595
133 298
782 930
700 1066
358 282
0 545
165 722
26 945
1102 533
845 269
462 1041
318 733
538 1004
778 335
627 842
126 896
763 114
331 654
775 193
691 403
777 440
995 472
900 1098
977 766
807 888
532 1011
955 550
338 644
810 299
214 17
117 1054
756 600
512 153
745 1074
343 920
374 515
846 562
235 286
616 563
351 34
958 498
1103 969
149 312
951 784
612 158
757 354
558 390
716 24
601 389
143 459
871 564
495 272
912 964
685 358
150 659
556 235
440 127
562 141
510 245
566 316
497 966
25 525
440 539
824 627
621 958
37 422
714 522
837 769
824 1117
430 652
1083 566
1009 608
580 969
409 786
637 684
661 871
577 1003
328 344
136 661
271 902
1007 471
396 364
8 606
31 1072
735 111
632 344
639 228
908 644
1092 502
901 899
545 606
669 238
800 476
56 1005
93 110
633 518
238 370
362 765
936 385
1031 148
1020 203
1005 223
197 290
454 194
1057 729
240 260
133 941
839 324
509 253
847 179
182 138
942 128
189 503
496 753
562 996
644 784
503 779
887 859
695 248
240 578
996 1007
1007 532
978 711
201 688
761 57
543 400
754 598
1070 572
260 692
263 967
1030 878
830 971
1091 229
352 580
1084 560
312 1068
404 610
871 603
994 892
637 826
472 112
754 494
568 437
393 1002
910 865
777 207
551 929
861 750
392 728
299 1091
576 786
968 936
24 984
526 906
490 843
761 960
228 725
15 151
717 706
559 145
657 570
556 700
162 210
457 162
227 309
392 527
490 421
366 477
411 421
362 813
568 344
951 566
528 388
958 270
490 341
320 850
104 1049
530 43
1116 226
235 269
444 791
282 1053
479 1074
412 1012
804 965
686 776
853 590
878 352
249 687
71 64
792 597
700 886
663 389
297 285
318 833
841 1111
647 229
591 842
296 190
497 789
698 993
693 186
355 129
229 714
743 477
1010 914
479 682
947 683
709 277
336 825
230 295
364 79
490 628
1094 1067
334 342
173 997
520 800
129 1003
539 982
886 208
247 272
987 877
212 526
318 1016
1023 350
18 239
581 934
828 817
702 242
487 361
758 446
288 277
48 86
13 812
558 430
392 409
721 400
962 121
598 357
387 385
474 282
757 762
1018 1020
994 262
1083 488
291 157
591 832
825 128
543 511
673 946
950 354
35 846
499 815
143 861
612 186
124 927
95 708
1000 806
1013 769
228 353
265 887
252 924
571 195
962 184
572 580
625 175
410 497
111 23
879 776
966 193
911 805
399 379
918 873
335 119
472 444
76 354
518 762
895 481
291 686
699 962
654 461
525 459
432 836
228 540
1111 525
115 336
840 524
726 1002
902 624
626 137
656 480
321 441
861 614
936 802
144 876
834 105
286 224
349 581
601 322
842 1103
928 964
499 750
376 1114
511 269
55 833
665 270
394 395
810 253
537 381
780 521
521 162
968 748
1109 265
813 768
453 979
697 633
1104 174
652 102
669 772
876 384
805 479
269 598
940 452
561 231
697 539
849 316
757 410
437 347
278 705
469 617
1005 736
138 289
368 284
136 127
328 531
284 374
913 221
276 521
754 453
381 445
372 287
409 660
321 540
585 829
817 478
525 519
52 592
643 592
519 148
557 864
340 304
671 140
216 642
503 463
901 414
598 441
170 1056
558 441
558 175
469 440
613 358
218 286
289 404
621 376
285 602
453 562