638 942
266 388
151 916
989 135
937 510
253 320
978 819
54 673
592 20
276 550
447 542
876 795
900 784
632 954
548 867
102 794
212 971
974 238
213 805
1001 373
171 939
176 1030
165 1118
810 474
556 623
698 440
129 853
792 451
278 362
526 411
550 701
153 970
695 927
465 182
187 733
850 273
175 723
475 2
1014 834
1036 204
807 952
331 448
987 767
1068 182
698 266
737 855
781 644
211 744
782 471
122 549
303 274
106 301
790 431
840 968
502 582
360 160
59 214
983 153
664 126
855 339
249 986
185 245
1090 140
779 203
959 279
1035 523
474 235
751 758
405 836
318 1086
430 978
534 92
239 899
887 978
801 842
927 1035
453 961
863 398
953 516
1013 505
856 776
467 198
928 826
32 142
597 942
901 1017
549 881
834 457
506 164
593 43
569 886
1099 406
689 679
665 1012
25 114
314 462
604 338
962 713
1036 358
729 959
265 395
181 564
122 1059
468 749
857 1106
1119 410
393 857
163 452
464 366
561 863
760 506
660 494
691 957
672 466
294 911
98 765
154 195
822 473
360 952
797 595
31 885
263 251
494 315
1007 405
937 274
237 754
439 502
156 979
840 403
821 1069
723 763
1039 977
222 319
544 1103
46 441
367 354
1076 933
611 90
873 246
375 168
197 103
407 724
76 207
714 71
323 986
609 770
386 808
560 766
782 742
827 680
979 102
787 194
1059 956
33 1019
650 837
967 686
225 563
246 788
542 748
179 189
330 793
164 888
213 639
761 785
531 416
255 418
458 13
594 316
226 688
267 741
592 957
127 503
740 590
881 366
930 898
1021 273
323 154
783 470
114 187
70 401
520 342
149 935
477 944
1062 788
506 184
160 953
698 1048
331 1067
247 217
498 144
794 256
458 523
284 292
592 616
1002 838
420 282
668 495
771 668
593 1055
701 568
755 237
896 147
559 748
912 811
1028 769
128 162
979 762
256 704
534 1089
816 567
957 786
105 882
176 851
690 201
143 190
121 650
294 569
667 808
884 757
380 908
462 219
867 103
1027 43
401 362
958 757
632 197
916 722
386 976
959 363
683 78
1066 1013
260 342
678 610
1 761
1059 426
249 216
417 554
451 53
395 514
291 722
829 492
238 858
282 716
920 612
888 231
1044 817
459 272
413 1122
112 799
946 725
561 794
741 839
111 379
712 994
257 756
788 607
695 332
916 835
406 332
825 207
444 852
759 294
919 271
383 185
429 139
806 854
988 684
334 233
703 202
730 360
460 847
151 150
1043 573
649 394
783 459
635 210
315 766
442 115
377 317
756 415
399 108
317 934
165 260
310 870
336 504
737 129
673 558
852 597
958 742
828 175
752 948
676 819
212 147
103 674
25 741
1091 413
1011 473
191 88
412 472
399 222
1118 749
517 309
551 967
171 831
445 530
791 507
282 398
146 979
158 611
1061 366
818 814
0 1085
751 908
701 795
978 572
1084 400
134 377
623 725
213 282
200 590
155 904
17 956
350 864
836 241
326 1111
1020 493
131 127
911 71
766 125
805 803
240 200
132 141
442 974
1061 678
1092 503
911 186
956 974
594 982
318 639
354 567
341 598
596 804
787 100
540 513
210 403
920 922
787 962
433 773
399 49
753 307
797 420
628 28
457 236
242 310
1091 465
48 405
140 31
53 860
469 862
143 147
891 455
895 934
828 939
778 672
23 436
665 827
508 721
147 585
74 685
345 1052
118 414
250 384
736 76
711 1011
540 664
57 166
9 895
232 624
489 397
983 607
473 134
743 198
1096 773
212 700
201 599
839 212
990 389
616 897
825 61
1042 753
187 122
364 897
729 1045
853 371
79 173
864 990
862 712
897 874
956 739
204 299
203 756
140 134
132 13
414 498
780 985
814 1020
624 714
229 302
799 112
677 465
630 284
561 209
302 440
849 1021
173 133
881 177
408 200
408 1113
111 637
596 667
500 776
483 959
182 213
401 596
295 232
7 721
104 290
490 256
975 1000
798 1076
644 288
733 626
348 318
819 660
806 809
738 241
728 508
505 1088
245 547
274 283
1032 1046
781 598
444 254
568 936
972 1056
559 947
986 694
842 551
317 830
550 899
405 270
884 262
527 426
297 562
664 244
786 651
828 306
438 205
967 311
609 220
427 254
622 674
992 21
262 1001
676 782
823 12
353 1012
691 643
82 163
361 808
783 507
335 363
628 65
1122 383
279 292
430 100
501 1036
514 297
720 216
1111 530
821 824
815 1050
147 121
429 269
196 423
1107 329
633 599
711 707
193 640
473 986
684 602
872 796
775 273
179 52
843 180
391 918
217 419
559 140
306 591
75 79
492 1048
957 564
839 564
449 796
675 978
427 563
5 783
1105 888
1000 662
585 414
601 555
221 431
124 311
757 726
327 680
410 1008
601 1123
369 645
451 182
132 735
552 594
1008 772
344 395
987 320
673 154
364 865
202 536
672 773
995 221
1107 339
729 460
285 1070
167 921
821 634
660 526
486 115
211 968
344 893
766 653
936 522
1051 765
773 823
503 495
794 576
151 574
952 309
339 730
519 1060
765 419
723 166
672 732
1014 830
128 330
171 338
9 668
770 983
571 936
570 295
209 909
622 822
833 1118
492 900
536 89
418 410
182 287
546 251
904 103
604 428
326 915
178 466
377 591
304 78
674 617
180 133
606 869
524 723
1028 327
950 1090
627 123
309 838
769 744
698 448
572 576
792 289
684 105
267 536
769 58
378 280
64 954
507 407
1120 1108
924 477
176 578
480 182
108 20
519 921
409 828
99 544
805 422
774 777
1082 579
1007 331
382 981
807 836
436 611
1112 376
140 633
446 586
772 471
169 432
40 928
354 497
671 515
868 85
748 357
110 104
44 123
991 661
640 871
549 581
965 66
1041 802
644 939
1023 966
302 462
201 1078
340 840
141 723
386 805
759 873
588 996
868 456
132 809
873 284
407 426
975 671
666 841
240 617
847 1105
737 628
469 237
616 843
1111 436
708 513
536 651
388 355
132 908
205 624
924 819
511 950
502 692
345 157
926 7
156 710
699 212
505 497
641 316
478 986
212 811
583 136
704 28
385 695
230 1056
1107 811
683 628
448 913
325 205
171 990
630 101
316 155
550 622
64 771
185 1031
148 200
824 203
371 811
753 960
55 790
1029 240
628 1117
509 402
531 948
15 883
834 353
673 963
986 340
892 65
680 256
518 113
64 290
874 594
250 207
210 352
894 158
787 388
374 113
185 197
978 656
189 815
820 502
304 926
893 331
863 406
730 788
497 165
451 622
882 81
993 826
798 204
127 749
281 538
931 942
1073 245
844 727
594 631
378 463
271 771
45 124
452 410
951 483
1021 108
590 469
343 573
436 99
1066 561
720 704
287 835
589 731
549 921
577 422
1097 351
813 11
171 654
498 800
338 898
38 935
952 202
367 124
515 1115
80 466
543 1116
618 554
834 1028
646 673
1032 732
657 689
681 319
487 809
806 839
980 318
672 617
1018 473
585 619
295 910
730 982
231 266
752 664
774 913
575 936
192 935
357 133
1004 531
379 1118
725 210
496 770
731 846
782 671
1009 799
1107 1012
471 50
425 425
255 984
896 1008
618 523
894 818
837 663
450 361
546 815
149 917
988 686
274 954
271 933
401 164
726 546
421 1007
70 1074
373 1053
418 300
125 900
528 82
136 1002
92 23
505 116
883 267
578 219
111 332
373 634
56 445
402 557
493 393
512 355
835 529
326 1104
46 998
1090 515
383 15
333 796
737 432
719 523
63 759
121 20
133 415
767 946
542 303
778 982
102 1022
51 410
168 250
804 937
490 480
248 628
271 577
248 495
788 745
318 538
439 295
467 168
564 554
729 680
265 938
170 512
1001 1063
255 88
548 533
280 913
937 345
466 434
887 186
49 397
177 653
987 3
809 778
853 930
639 514
341 174
322 340
1036 1011
242 173
563 329
791 871
872 1017
701 226
441 131
897 235
253 1046
512 928
261 67
854 999
678 893
174 596
946 307
527 498
983 241
793 1080
400 17
505 445
383 405
781 871
520 822
596 520
893 1082
53 269
365 161
567 576
851 372
1033 200
300 544
666 276
929 648
378 368
836 349
842 544
452 1015
601 332
974 334
1080 569
544 385
160 953
252 900
362 485
964 288
984 776
490 348
1033 989
203 531
193 174
1012 593
154 143
608 221
829 848
653 914
805 934
1073 749
746 560
239 579
97 539
1020 815
867 884
343 265
710 631
331 392
311 902
395 279
577 254
246 164
769 388
696 943
52 118
600 618
861 118
793 728
883 262
419 776
822 417
995 1083
440 750
136 468
798 550
106 725
423 908
1109 361
749 542
824 968
827 723
634 348
978 822
866 618
199 724
696 1044
717 280
685 1020
1030 767
759 332
935 1072
832 950
172 1123
960 352
73 463
1064 166
1011 728
193 308
822 151
469 707
279 255
333 441
64 787
667 159
474 691
218 1113
123 416
820 94
769 810
897 186
234 62
945 830
212 207
471 911
579 192
411 520
930 477
187 865
107 289
982 742
1083 540
893 852
788 829
427 122
116 365
415 330
1054 276
748 664
631 372
703 288
79 283
567 65
816 924
313 116
1015 642
936 1119
305 386
319 802
780 495
141 941
463 1077
832 120
462 688
464 14
562 239
924 774
617 942