1105 993
21 1042
641 935
898 948
144 826
589 1117
1004 447
618 399
648 27
67 621
1006 541
891 1014
893 187
390 1007
141 872
945 511
568 956
302 860
852 228
517 91
890 792
513 743
747 854
965 301
733 206
326 334
683 404
286 126
565 213
870 205
7 1123
676 605
184 30
165 539
666 175
77 952
782 305
206 548
716 245
290 852
288 347
212 117
0 974
633 274
635 952
402 481
118 320
833 71
416 179
620 564
895 113
257 571
675 1062
284 718
920 481
997 172
314 688
734 777
1016 374
956 431
887 937
980 679
911 175
764 822
689 1120
34 206
621 124
817 910
807 294
1011 527
832 492
674 315
296 816
114 1076
907 781
1066 424
334 953
498 237
1018 938
241 466
187 527
495 787
451 194
945 855
801 258
11 495
877 561
981 909
509 200
658 873
1003 413
657 876
535 25
950 219
940 134
8 274
637 167
619 300
818 311
969 1078
281 56
812 501
200 930
127 774
18 555
348 746
297 144
16 347
695 746
230 664
704 882
470 176
870 752
230 219
799 823
405 133
920 235
798 746
726 453
1018 1105
670 868
578 710
535 845
336 781
429 832
332 105
311 801
341 578
1115 627
553 874
305 992
405 524
294 543
889 725
952 283
143 1045
543 555
467 580
462 471
831 1032
799 414
175 35
1050 817
366 545
775 760
762 713
270 239
261 279
1098 728
149 414
340 856
979 761
276 663
399 838
197 454
194 391
545 1004
854 923
726 513
402 964
141 581
1058 467
930 973
442 820
7 989
443 1113
273 535
596 648
924 175
1005 572
441 1106
261 849
924 343
907 200
904 718
515 213
726 260
618 637
660 876
770 654
374 859
993 962
1018 1001
956 262
222 206
335 479
509 1096
105 101
854 923
661 141
958 428
911 540
846 475
784 358
1004 639
198 174
142 757
961 2
788 86
374 157
159 106
124 344
824 812
916 276
664 902
956 982
127 1021
241 446
796 117
205 982
433 920
711 110
861 884
801 661
190 573
677 500
710 1083
260 795
841 532
700 207
85 666
712 675
237 302
1020 1092
101 887
970 797
782 31
671 908
100 206
971 420
298 912
755 852
544 728
767 280
1122 697
215 316
810 300
897 127
964 138
118 617
114 875
886 1083
676 625
408 283
573 521
901 290
992 983
939 134
469 1053
798 597
42 617
187 796
350 68
432 174
87 252
938 194
204 344
496 444
836 280
248 646
863 298
1049 470
211 655
677 495
886 109
703 181
928 139
810 718
442 477
443 962
407 14
724 679
762 38
570 227
430 143
521 986
498 692
846 841
417 366
973 378
915 948
155 896
469 130
878 284
295 189
267 514
138 545
140 145
387 191
283 1022
433 170
926 731
297 394
476 471
401 527
11 495
301 342
242 887
114 544
946 780
203 1084
296 169
568 637
586 953
756 937
859 756
719 742
603 660
839 492
651 938
522 1028
1059 1107
258 975
653 437
706 942
598 975
837 699
475 716
644 785
546 53
976 1067
586 747
659 299
1016 459
922 961
819 467
695 337
993 913
903 213
282 732
60 425
166 813
646 545
714 239
488 356
444 653
511 590
280 269
773 513
205 650
829 699
524 442
509 577
609 142
1093 770
171 500
232 799
490 574
823 957
31 826
505 709
885 603
108 412
549 640
556 752
390 927
88 869
286 626
795 915
152 310
310 554
358 268
1023 887
774 137
577 834
865 468
229 693
1123 581
478 569
433 1040
463 320
927 251
134 260
721 388
355 345
200 46
651 72
309 856
325 537
622 992
543 206
343 204
784 701
895 1028
988 145
396 1019
188 270
96 582
503 951
301 310
766 794
426 1022
802 147
831 372
611 621
62 1096
762 737
715 478
235 511
446 97
529 778
398 823
946 963
125 510
676 868
106 1000
1116 408
407 432
1042 1012
620 864
37 988
286 436
998 867
900 952
187 340
198 145
416 141
800 158
991 496
762 703
1008 1013
1121 928
328 479
1049 682
227 291
228 1061
243 296
382 1004
458 1085
842 637
902 819
889 320
114 0
120 549
234 895
868 614
98 731
168 645
618 598
538 86
750 774
654 626
911 867
131 901
546 253
485 612
596 476
833 401
1011 654
56 424
219 833
917 156
643 865
312 685
573 357
169 698
504 422
172 507
406 214
279 1033
280 662
797 192
558 300
104 480
936 92
462 539
441 1023
194 264
705 725
826 605
554 146
877 1117
488 620
677 732
252 313
28 432
691 997
698 490
2 917
625 757
667 787
468 604
397 512
892 852
497 931
693 266
539 237
788 139
395 800
146 117
973 931
568 650
998 300
132 552
293 360
1008 374
818 637
664 949
928 173
938 806
627 221
528 271
53 146
245 585
695 425
153 464
114 919
157 344
280 889
3 276
504 448
989 491
148 224
228 309
407 515
279 241
190 193
549 1014
630 435
968 576
549 526
795 205
1021 126
306 239
734 199
95 868
560 260
556 847
76 675
599 57
794 650
649 553
762 1074
955 133
999 372
561 921
217 697
768 487
1021 965
470 217
564 964
192 957
156 924
133 1014
734 688
304 1077
694 203
999 991
736 541
777 177
826 573
260 346
943 370
625 117
627 104
819 782
576 1041
271 581
580 253
868 105
216 589
857 388
493 566
624 724
289 395
265 85
120 630
649 844
556 800
348 791
495 753
376 190
238 452
434 806
47 790
609 515
1019 517
625 729
1098 512
206 874
983 469
210 123
424 136
264 534
987 970
490 104
1122 662
1001 913
589 486
723 75
607 878
152 616
279 189
672 314
467 581
740 740
771 507
684 106
551 701
713 609
66 731
924 669
646 619
338 302
744 688
920 947
521 871
241 708
747 993
438 167
661 591
874 966
301 332
255 149
296 24
361 372
745 201
129 421
100 136
723 831
1114 746
715 357
271 188
28 715
229 756
348 276
659 420
228 984
222 375
916 803
895 642
306 538
857 365
704 200
690 879
276 874
1004 978
627 309
798 259
958 774
1005 0
248 604
373 247
391 390
158 159
449 723
573 866
1021 183
232 220
955 518
507 649
809 721
700 1018
919 1060
467 285
833 881
392 974
779 373
998 433
301 222
602 833
1087 1036
106 41
183 950
929 210
929 432
168 316
394 177
58 273
449 768
149 247
387 557
833 293
957 313
428 1038
355 930
617 327
1046 694
102 53
1050 350
684 837
194 991
444 754
464 285
241 256
1048 1026
857 974
410 344
640 399
615 925
914 876
897 758
298 546
223 100
820 753
380 1077
399 285
485 73
690 787
565 989
19 519
132 321
673 438
128 968
295 1105
1015 320
858 104
320 857
660 797
1120 338
481 1090
491 423
1071 596
1004 604
913 261
262 461
1021 764
909 772
884 17
588 1060
7 883
143 205
849 107
226 115
181 701
1123 363
274 537
989 663
411 670
654 108
80 50
396 442
428 232
955 330
731 588
441 454
354 0
749 872
702 220
861 501
526 457
542 489
240 1043
493 243
391 615
396 246
301 2
937 609
861 836
662 929
477 945
917 323
641 158
483 580
936 804
459 724
313 751
859 1121
25 228
359 669
717 133
940 295
423 987
143 842
409 511
422 559
809 814
803 854
237 53
727 315
24 169
506 866
103 849
321 271
275 297
399 865
768 656
951 545
719 908
257 239
657 769
19 727
724 1047
915 198
557 527
683 322
407 672
173 839
658 622
279 892
327 556
89 390
926 575
117 953
950 333
586 791
858 588
262 237
729 724
841 507
200 1008
526 309
937 784
855 555
539 791
599 4
287 893
13 405
974 526
175 746
183 347
424 480
220 892
101 183
479 973
653 891
106 388
464 484
729 843
662 717
561 259
712 283
522 604
755 147
579 336
307 354
263 969
50 125
658 709
666 437
797 702
811 162
888 944
697 1113
913 58
437 911
874 354
226 756
531 403
615 363
858 1057
690 964
51 750
132 694
891 749
971 1005
115 456
223 788
890 862
401 625
565 880
1016 439
575 1052
1117 352
481 423
885 771
938 437
525 278
912 653
202 584
296 396
546 726
886 70
1090 1020
123 885
800 417
142 168
327 454
408 282
273 647
625 102
417 995
698 184
1027 872
601 527
488 894
260 483
357 843
597 557
942 512
735 189
70 69
165 1090
270 796
236 314
358 147
299 694
148 1045
613 753
227 494
768 219
782 990
692 472
158 339
535 319
524 330
141 127
123 209
543 197
549 809
469 384
869 426
56 766
312 576
367 262
735 726
660 958
512 313
439 476
468 895
319 856
433 383
468 834
1000 387
555 804
344 1084
826 183
1076 1013
894 777
819 652
465 817
158 412
296 498
519 639
799 297
654 883
102 234
215 459
884 527
1059 932
939 721
708 991
248 489
220 753
445 730
87 513
788 601
944 662
99 946
77 400
575 645
854 348
701 710
616 722
828 812
661 741
582 308
347 599
310 184
758 199
506 987
750 805
191 1013
573 355
868 343
307 772
1023 431
1011 696
638 1075
594 703
174 868
319 290
587 970
354 48
879 553
1096 947
554 1009
318 356
169 560
573 159
811 847
354 609
413 697
269 595
1098 147
155 648
435 956
263 492
891 957
274 686
313 702
668 1096
415 782
197 674
879 721
792 640
839 257
780 571
830 108
972 86
271 576
394 694
185 573
847 587
383 520
845 349
187 831
952 963
257 528
558 458