778 249
118 449
855 982
434 94
680 349
896 341
839 831
834 1029
1102 1018
618 806
1113 766
774 705
126 624
965 441
269 520
525 647
1100 294
990 896
864 120
886 463
394 708
422 969
216 567
940 228
871 875
658 132
415 717
951 473
490 369
860 681
314 321
709 372
969 967
568 902
504 270
930 929
864 131
416 943
184 549
749 569
809 118
873 740
395 398
496 650
888 759
572 410
729 150
991 1048
168 245
174 392
200 529
30 335
213 881
888 154
541 301
331 985
100 800
31 266
547 877
761 840
649 335
173 585
849 910
404 254
604 408
1062 419
173 654
970 672
590 149
436 429
342 662
723 751
471 630
476 840
372 782
26 412
851 898
679 970
397 300
186 750
757 665
546 53
218 969
434 819
778 931
958 404
875 655
129 545
850 28
136 925
319 710
667 992
1021 434
834 216
178 694
138 621
1010 1006
128 1097
1097 920
286 697
90 182
189 207
355 671
490 808
729 764
587 403
498 402
1040 988
316 739
1110 392
553 893
733 103
1073 706
626 448
911 400
342 251
275 593
792 169
449 181
180 252
116 509
1078 369
881 334
221 988
503 25
684 930
582 774
157 959
731 170
207 1044
889 875
158 822
540 835
825 678
287 326
513 581
937 776
759 899
967 345
443 366
523 562
890 1047
432 341
692 99
820 1121
447 622
700 959
331 893
307 516
359 728
242 288
1051 572
7 3
855 687
250 794
428 189
927 278
185 964
878 980
228 118
291 348
378 643
353 259
919 407
563 773
298 1058
200 907
200 469
845 216
151 29
275 997
357 850
558 983
50 180
649 235
999 641
1013 500
872 980
880 381
976 860
422 45
554 683
426 309
986 189
170 335
1045 245
537 351
559 1030
359 426
283 300
180 544
1044 781
319 1011
665 637
240 232
316 1106
1044 254
399 669
186 148
331 458
964 559
515 1121
311 180
336 666
293 407
894 161
460 831
886 131
508 46
397 478
489 383
805 301
494 660
577 1054
235 386
562 385
900 160
968 549
1104 862
486 692
1104 696
369 366
270 979
107 842
688 399
940 270
612 1052
209 881
1023 930
744 855
320 481
139 192
333 906
227 903
623 711
955 199
765 45
190 285
120 859
314 200
834 124
550 454
731 939
614 617
567 752
1004 112
70 301
354 1019
1006 470
62 406
411 545
297 583
141 477
812 361
155 801
1067 873
446 224
348 886
511 399
151 155
565 764
694 912
474 826
255 953
1064 619
256 215
59 926
859 69
559 945
643 872
994 181
178 145
333 544
180 209
303 411
319 81
895 280
716 225
681 554
838 822
971 1073
273 625
829 903
589 898
414 1049
91 543
498 855
927 107
673 295
895 757
0 208
716 937
756 1037
184 238
150 855
427 406
344 528
153 910
480 1017
839 96
763 866
780 983
1076 977
902 446
1048 89
1022 129
877 665
133 555
70 176
512 118
539 951
842 645
857 753
1064 439
883 892
913 1058
207 271
974 377
1019 168
740 849
1094 418
975 203
954 603
558 529
392 674
174 897
717 952
207 984
726 826
494 1007
1117 323
115 332
168 640
265 620
496 1005
867 781
808 952
612 763
960 933
411 802
653 914
1000 800
533 278
643 807
632 310
691 894
577 405
821 317
801 924
645 450
409 957
1000 729
750 674
20 812
53 308
580 220
989 59
1112 925
844 357
168 796
807 171
55 561
908 400
875 925
611 75
362 421
383 75
1052 383
168 907
774 428
423 912
157 786
510 1003
613 692
163 595
916 605
619 673
1114 274
167 753
229 828
711 191
528 1083
586 534
393 454
745 1081
316 689
635 1105
655 691
753 419
246 275
377 470
897 1121
462 545
389 158
20 801
1047 584
260 4
944 770
503 42
777 182
395 772
581 680
440 175
596 928
730 1
181 221
325 1109
857 724
721 530
862 714
546 903
670 485
833 733
880 547
804 238
198 213
1091 868
849 218
260 887
1089 214
676 143
969 228
405 568
778 637
708 283
726 1077
756 887
196 655
761 531
906 452
450 1095
446 1006
528 18
808 181
491 1042
575 928
822 269
794 367
874 154
154 385
906 262
510 551
561 226
738 1009
987 219
196 47
294 324
1080 455
882 678
970 321
708 98
300 220
919 640
784 1113
504 734
788 105
779 411
412 497
454 699
945 434
962 573
504 299
504 876
551 363
631 501
687 908
919 1118
278 971
998 100
723 924
1059 446
627 991
498 1121
914 494
538 863
648 889
368 860
828 885
701 862
861 1117
1012 250
183 715
189 539
323 533
714 679
716 1037
752 418
845 171
360 864
343 848
210 344
798 239
876 829
906 801
767 335
897 617
769 1005
170 922
954 111
985 745
106 818
545 1122
752 192
841 498
80 449
787 799
405 236
973 997
165 994
297 491
753 189
287 470
807 950
337 557
568 413
907 857
1105 517
891 320
663 901
391 623
917 42
533 349
242 611
332 392
758 532
321 230
1009 752
571 813
1005 315
154 1011
832 269
337 106
1029 630
1090 717
197 890
851 200
477 582
519 849
681 796
414 1019
136 392
154 283
516 153
649 692
521 358
982 51
317 552
638 335
611 742
543 920
299 895
245 934
659 954
80 459
423 179
173 188
270 879
411 208
331 1109
81 403
713 303
46 880
177 85
1112 471
1012 318
376 93
425 657
694 352
735 592
1008 878
597 475
804 885
651 1000
1022 356
43 1012
1039 115
339 332
648 452
1110 386
550 938
585 869
439 585
980 260
280 400
742 464
583 355
214 455
743 972
903 206
523 179
1037 188
708 667
1003 726
782 996
259 391
404 808
717 835
227 390
788 890
204 493
144 927
1029 117
277 190
990 979
943 991
392 231
453 275
458 214
204 919
935 236
772 859
514 1001
495 705
259 571
197 334
375 765
138 1002
571 739
695 990
726 447
864 428
910 38
100 614
983 904
332 1077
890 655
334 993
1049 371
378 966
801 143
789 372
131 700
789 468
359 189
747 432
549 794
193 35
645 164
754 375
825 284
374 232
369 747
1002 642
907 257
735 1082
196 518
254 1097
785 127
126 649
618 780
497 612
644 636
263 294
246 787
120 909
454 760
640 199
395 178
657 842
337 602
680 518
628 690
739 960
10 351
1036 207
629 659
1048 464
331 453
371 381
215 774
820 566
452 646
1012 700
552 628
566 1015
644 637
346 184
953 731
497 309
861 3
265 238
670 346
160 366
1075 157
142 927
1009 698
417 250
381 555
343 895
504 908
488 247
282 955
853 330
507 318
703 412
269 964
950 493
758 297
985 542
914 341
223 859
381 1047
296 184
823 337
564 680
1035 801
552 556
300 477
415 645
418 521
711 850
552 650
738 600
1094 845
774 444
546 419
757 563
385 91
435 354
316 706
529 268
737 1117
724 397
791 896
65 388
118 357
176 727
169 781
594 371
621 205
372 432
825 119
364 830
535 333
689 640
839 450
456 934
482 627
595 1011
898 624
1006 470
1023 888
1073 480
804 1012
911 326
234 233
355 867
657 177
619 413
54 650
578 399
836 1020
542 1087
574 101
440 1100
348 689
388 949
357 1061
931 265
285 186
1056 156
463 149
547 1084
749 84
231 128
1046 839
845 69
983 533
13 573
670 79
658 1019
655 309
136 1092
976 704
431 179
1056 402
656 827
643 685
919 420
960 173
967 501
510 565
826 768
468 184
554 119
912 274
738 117
598 653
794 362
809 911
299 1062
269 809
578 428
830 514
359 908
596 557
168 582
440 998
988 777
375 140
724 983
837 437
311 789
1029 760
1121 438
150 429
336 337
592 916
481 500
1064 923
736 957
1008 562
119 633
651 643
454 173
1088 568
522 324
134 520
900 327
388 1107
347 35
513 20
198 1032
397 428
595 991
537 955
197 650
476 832
445 529
319 1076
1023 913
791 612
459 502
537 141
881 494
435 1043
409 223
464 445
388 179
760 25
773 820
633 685
701 240
340 548
1020 620
28 246
358 541
225 603
318 486
544 1097
265 477
314 326
134 467
813 690
106 955
522 113
922 890
640 1014
245 567
964 102
717 882
235 369
385 861
840 226
744 748
466 366
866 859
141 403
658 229
383 708
461 90
85 145
571 121
598 356
882 124
4 745
935 948
706 334
729 210
201 130
739 414
150 431
645 487
456 675
902 1023
845 570
412 639
94 1051
113 440
467 1022
703 499
588 241
1047 800
762 723
534 295
941 322
164 742
838 807
634 268
403 542
1098 546
161 19
633 780
622 572
961 833
608 69
512 717
117 384
678 897
843 415
310 709
614 972
1016 986
1033 952
840 1076
66 428
261 489
482 1111
1110 903
1071 919
442 221
563 1067
220 850
949 118
565 91
126 111
724 496
698 198
6 213
791 618
202 711
846 141
673 137
184 317
478 130
447 602
990 400
494 1104
417 928
229 708
1087 849
361 853
507 246
352 217
225 60
496 12
388 582
425 153
47 720
43 1048
427 571
913 376
950 518
599 507
785 1013
82 1079
1113 300
838 698
186 864
687 428
280 1018
36 543
815 970
317 431
568 576
323 832
806 572
137 378
840 101
56 639
471 99
918 90
178 376
539 645
552 559
609 233
286 964
459 87
467 268
296 376
857 814
808 766
322 806
722 795
676 692
87 729
796 594
1019 220
940 121
514 191
565 590
461 566
44 931
917 977
295 658
600 412
473 379
130 232
258 532
266 895