1056 933
285 540
467 287
627 535
955 642
230 213
625 625
834 597
737 259
923 1002
387 732
318 567
1013 520
200 989
138 547
428 275
66 377
896 430
145 159
668 833
383 200
924 218
692 226
484 380
672 346
418 346
763 1109
186 911
143 783
300 208
122 870
568 917
115 188
237 659
904 1024
763 863
666 503
288 180
1037 778
428 129
198 258
185 573
562 570
961 1052
585 879
193 283
511 946
790 166
748 580
270 774
705 232
677 510
597 596
920 224
981 393
559 137
948 803
334 265
302 647
24 161
843 1012
511 776
256 829
655 272
821 762
586 559
721 678
439 409
462 1002
110 359
1085 487
1007 368
1049 487
202 1020
634 197
651 444
139 876
286 243
935 291
53 1052
215 965
840 821
534 900
217 504
117 278
9 576
1087 647
890 1019
796 243
805 93
663 1106
450 928
238 199
503 229
325 150
622 337
858 397
882 622
658 986
123 568
213 922
689 959
642 687
942 979
546 753
32 955
277 545
270 65
1043 612
848 592
25 436
624 758
581 171
111 891
723 543
962 651
982 772
942 864
316 163
885 383
213 712
129 798
887 226
85 113
32 413
995 870
670 689
1045 308
289 198
679 267
985 156
408 699
691 78
1096 631
590 1084
674 889
188 895
274 200
967 223
836 302
239 827
6 593
573 394
712 946
483 485
1018 281
309 777
603 899
405 577
583 383
590 1008
496 486
477 930
665 512
13 949
192 1044
951 820
835 12
521 905
880 538
856 178
552 377
743 930
417 304
229 504
83 717
163 154
1069 353
584 852
480 504
915 1004
175 745
672 142
784 577
1013 735
479 594
854 757
129 333
382 832
296 607
276 553
404 760
1026 987
416 321
442 705
942 976
1019 972
735 485
675 421
519 300
927 1062
296 324
356 964
1078 964
108 620
186 784
833 409
274 584
786 828
657 254
774 879
202 206
626 424
531 654
369 1015
367 865
194 689
915 469
267 474
1005 345
1005 439
929 237
851 736
854 1045
586 651
516 207
746 869
510 963
254 124
447 382
99 877
704 966
199 836
872 528
708 44
55 353
852 874
292 611
520 773
902 344
835 713
1037 461
596 1005
17 269
997 786
810 406
610 630
914 164
385 1096
751 891
833 932
829 637
194 509
711 710
817 450
843 599
166 383
420 193
621 207
595 859
631 1009
466 637
515 394
572 773
921 935
388 704
404 826
245 1115
309 684
634 1050
377 480
782 524
521 795
61 896
793 817
500 951
371 779
886 387
167 378
1016 557
970 320
616 134
717 341
201 503
299 139
549 978
591 603
1077 243
485 529
957 821
575 574
852 289
166 169
702 342
382 707
702 103
893 516
469 212
724 844
207 38
781 434
744 252
190 7
234 351
739 433
334 919
749 572
667 645
979 296
206 665
743 642
932 603
901 380
532 243
648 521
817 265
671 104
363 346
119 977
724 233
606 322
657 413
229 306
481 199
873 784
350 843
600 723
643 68
246 297
986 873
1001 483
334 206
762 199
670 585
515 796
858 983
959 626
623 1055
723 1002
655 474
974 852
1075 572
353 927
787 183
75 950
373 450
884 835
853 242
149 137
105 149
490 357
486 296
825 823
86 519
477 556
483 152
1062 571
307 410
647 207
957 752
898 457
699 483
81 32
880 155
123 580
237 322
585 438
415 228
885 1015
140 29
908 990
1070 758
732 803
843 649
175 468
327 824
1027 786
498 117
518 723
470 895
277 623
208 643
156 686
109 322
169 368
987 341
297 746
609 403
504 148
852 718
395 290
218 428
119 557
356 544
42 1010
1031 268
756 848
1027 806
739 845
1016 917
180 782
165 348
247 311
322 439
127 129
900 569
1027 451
335 254
69 1004
856 908
584 360
403 918
425 1063
111 212
941 483
872 566
556 839
149 1111
964 303
979 175
94 476
949 85
756 912
860 438
939 982
533 352
116 746
658 583
870 380
306 309
849 802
645 363
123 758
527 223
853 822
330 901
508 771
753 718
172 329
635 925
432 557
997 519
140 129
948 69
548 548
758 266
127 846
855 947
1016 444
774 1099
307 888
457 886
412 637
994 502
946 725
115 187
348 61
783 228
145 341
962 185
492 538
462 809
959 1018
743 859
726 751
500 22
519 281
831 375
654 147
1110 373
553 357
764 258
440 1034
911 995
513 0
314 715
709 485
561 242
410 1007
1083 229
115 393
556 164
246 837
764 100
691 440
55 874
970 1007
285 698
460 293
657 460
3 568
149 886
518 344
725 14
302 713
252 613
1023 300
754 15
1000 451
168 269
373 711
196 815
326 517
320 192
159 938
889 931
28 229
316 219
972 885
477 549
832 533
1107 444
693 289
531 1038
266 153
563 185
764 480
165 651
694 910
956 562
804 1099
495 437
229 14
197 579
280 932
657 223
26 143
518 728
829 968
1005 459
668 401
685 142
753 395
446 1101
771 115
857 312
676 172
768 199
853 207
346 605
104 333
445 484
166 831
479 951
396 893
873 605
621 1010
734 437
924 845
711 246
777 817
975 1061
528 822
898 386
1079 138
625 988
1059 510
129 1058
135 927
932 1120
956 962
1051 892
421 676
934 249
839 636
792 998
239 1005
583 874
8 242
686 335
692 558
884 219
699 116
713 366
298 120
799 140
119 542
252 671
231 1105
125 731
820 894
541 653
361 427
1095 700
123 1121
605 691
862 540
658 939
464 668
953 458
31 38
951 210
720 435
766 927
540 510
395 165
690 359
638 99
865 949
296 1089
403 823
889 953
178 1090
626 75
565 991
513 298
356 28
596 992
452 861
971 532
816 181
104 675
163 627
832 750
688 17
162 887
675 721
192 263
999 3
166 753
935 932
422 853
694 618
413 478
435 399
577 165
330 860
637 478
370 395
409 882
385 779
686 647
691 121
120 838
132 730
93 1081
231 270
178 330
61 246
444 756
971 1082
974 493
1100 221
456 472
807 662
610 179
390 206
658 919
480 637
235 798
530 656
95 751
928 112
454 346
418 420
632 132
163 560
788 16
869 63
819 985
969 477
1000 532
961 301
280 892
743 99
300 1078
1048 906
172 330
942 1041
527 846
1100 622
409 738
437 987
133 584
957 650
28 302
353 253
453 852
699 422
790 1116
6 492
286 569
543 545
100 228
273 202
880 892
120 1122
455 596
424 277
456 829
597 103
965 737
502 639
879 387
252 340
758 149
398 1065
367 778
256 333
503 256
521 856
348 364
687 156
491 628
985 1005
637 1062
316 382
757 47
913 532
244 1039
849 853
191 432
531 157
774 918
1102 55
910 164
137 846
973 408
802 37
459 62
309 856
396 1021
409 214
627 42
696 1028
682 731
369 730
936 627
968 21
563 322
153 886
991 115
813 616
218 1006
860 1103
304 389
709 68
425 232
399 118
777 986
598 237
588 943
181 496
379 211
523 146
970 119
224 1010
595 903
583 223
606 337
739 919
899 834
401 748
176 1024
523 424
742 733
273 856
282 920
352 603
1023 171
737 640
531 476
994 773
571 663
405 129
711 444
660 606
618 342
890 953
269 797
55 244
290 425
212 267
1008 801
505 185
588 773
619 194
106 378
1044 67
469 1058
894 976
696 130
546 404
1070 431
500 351
776 824
1012 320
717 1019
515 602
22 312
1007 699
570 925
792 105
528 473
401 409
707 1016
1094 95
481 365
150 882
152 806
194 844
745 438
812 375
999 543
103 1004
736 111
280 751
273 860
9 183
831 609
555 106
115 948
712 80
454 537
1015 647
879 950
236 777
249 50
139 159
424 317
967 533
158 107
173 928
329 1098
174 1046
972 954
880 177
951 395
954 779
755 81
418 188
122 1077
543 420
382 225
312 768
1080 570
241 573
900 270
406 636
331 408
806 496
968 173
867 1078
950 894
281 861
776 1050
202 881
899 413
370 734
194 1006
502 673
840 35
164 458
878 346
139 722
349 922
343 420
729 255
640 559
160 936
248 389
434 576
131 547
1105 616
581 64
779 545
274 908
182 1025
688 550
488 411
361 675
680 120
171 164
257 825
1022 263
196 190
688 522
595 967
436 991
684 670
966 874
163 800
949 394
171 627
408 813
1015 858
227 8
709 783
243 631
806 678
868 418
748 988
586 1091
796 737
35 744
604 273
88 1018
464 882
899 927
184 1005
260 254
1101 689
983 673
506 872
964 415
602 426
1005 92
1015 182
475 453
502 607
284 337
73 520
47 418
732 579
611 631
387 971
417 980
1075 360
501 286
785 318
281 869
579 177
412 587
101 872
816 587
315 999
388 483
219 387
692 466
330 89
196 1080
318 897
432 965
242 308
286 780
704 934
1009 729
399 799
972 680
326 165
177 910
133 219
4 242
826 781
672 529
429 603
327 745
336 362
896 565
977 776
1064 175
561 807
616 535
405 670
517 858
843 906
975 732
910 952
772 905
526 719
842 622
767 208
279 213
824 1019
436 1018
535 961
314 804
538 521
240 337
929 214
156 505
978 312
809 923
36 969
876 927
447 241
1049 939
855 181
665 386
480 144
1012 399
270 867
841 598
325 949
596 938
155 752
413 877
404 388
294 305
906 916
707 485
1078 410
834 188
1009 1068
188 247
551 26
299 712
113 946
182 275
265 870
474 80
999 1010
49 158
1017 361
25 877
788 1066
147 66
793 244
1062 521
537 995