103 130
241 590
156 388
402 961
642 340
473 106
557 63
646 0
308 921
618 228
827 557
243 658
1014 660
163 382
941 625
459 882
494 711
371 921
360 520
1018 253
655 1113
875 55
452 517
886 492
885 121
992 885
795 199
127 730
534 270
427 794
111 800
853 626
470 828
464 679
811 184
341 717
762 588
666 707
563 651
324 168
487 123
1030 396
872 360
564 362
6 1013
419 737
961 115
312 754
842 629
752 217
946 542
1053 527
1000 974
494 55
528 581
372 1110
344 229
474 124
555 375
488 529
1025 950
149 525
896 686
1102 890
794 122
340 797
357 560
132 516
432 712
751 311
194 411
693 931
751 866
894 322
363 359
725 446
183 857
231 104
563 988
974 531
900 310
474 688
519 968
1072 84
770 584
358 120
676 245
689 803
337 1111
1120 618
817 384
978 27
263 226
371 1018
506 893
764 390
127 624
843 696
832 877
907 679
102 73
281 334
363 188
711 561
613 558
786 313
262 21
278 206
776 212
752 181
954 736
972 921
165 910
183 811
112 438
627 203
219 377
465 658
128 343
291 883
536 461
531 640
621 78
123 502
359 531
966 224
817 400
134 724
313 153
823 758
916 312
923 500
391 960
439 901
471 814
525 403
688 1055
411 958
950 625
652 984
519 221
701 933
819 937
882 1088
246 633
241 291
621 173
295 422
595 262
369 1105
753 509
461 582
436 200
466 509
514 158
497 384
353 835
253 556
871 865
728 679
867 744
478 895
865 145
771 308
1063 557
1000 284
214 997
171 775
846 117
912 3
250 1042
142 117
1036 635
718 1094
576 950
256 716
375 715
359 1087
692 1006
15 269
513 49
645 526
143 65
752 941
932 586
773 546
683 990
783 1106
310 398
664 1008
262 51
391 668
1021 780
419 338
527 558
243 401
796 485
271 849
490 890
510 975
765 80
273 598
280 630
1052 735
576 158
723 266
97 833
811 1019
972 387
185 243
784 243
35 1087
205 530
13 268
412 292
714 934
161 16
300 490
1000 1057
453 593
292 856
199 47
1080 1092
725 981
108 726
523 586
182 911
443 744
316 788
169 171
256 32
241 299
222 1009
894 1003
1098 393
1010 347
916 782
588 904
555 686
726 142
356 782
128 75
768 838
871 124
985 606
138 301
599 605
925 643
116 731
600 352
288 212
559 794
999 958
635 317
127 1049
256 175
573 933
576 696
163 1060
652 732
815 697
536 666
240 279
792 89
306 1112
248 233
723 469
469 233
866 267
586 193
157 280
145 835
80 241
818 1056
890 999
28 669
112 993
315 297
807 610
293 452
216 941
512 567
875 500
974 144
139 1018
578 1094
814 307
244 783
432 1033
128 990
520 765
528 577
1017 482
635 242
1123 749
1011 842
55 707
566 751
242 666
728 988
490 268
204 158
675 554
640 987
858 471
785 282
502 328
129 881
721 922
96 547
985 300
104 726
527 770
612 56
587 131
837 1104
520 675
1023 711
539 650
239 817
119 753
782 763
336 410
969 538
257 329
338 229
48 391
687 799
205 179
1080 990
421 526
315 947
403 173
418 107
957 186
408 984
1080 834
741 170
43 572
726 1014
828 1022
57 349
197 102
868 62
410 926
972 289
4 1110
804 371
742 761
1023 1070
241 803
819 599
942 145
39 700
770 171
459 207
607 435
221 881
645 613
635 136
567 104
431 784
242 197
938 371
656 210
461 358
1034 457
100 310
619 580
412 735
792 367
343 224
497 305
774 626
633 850
412 808
245 61
681 560
404 195
720 498
146 61
372 655
432 890
211 160
328 821
229 1051
712 90
868 631
892 20
637 679
1122 1070
323 195
1014 740
897 939
852 438
802 385
775 763
491 209
545 959
588 442
764 1099
1080 145
839 949
593 278
999 1001
776 810
501 303
388 148
289 611
633 167
87 1011
839 341
228 429
636 617
707 792
915 940
210 93
1046 158
34 792
710 522
409 363
113 306
474 111
1031 274
68 869
72 689
74 876
1041 161
82 516
1006 1003
736 720
1104 799
353 646
272 872
961 443
1015 470
827 420
382 482
518 848
748 229
1056 783
278 454
916 103
359 779
139 501
137 190
361 245
388 346
1073 43
317 1048
245 485
220 1039
438 583
249 354
660 283
511 692
133 873
852 475
538 847
181 979
868 401
358 809
253 72
649 615
201 326
588 470
252 655
841 1122
591 918
937 446
901 400
389 296
306 510
296 782
997 651
212 987
587 535
475 76
397 528
20 749
689 928
775 54
205 912
770 120
209 38
181 369
482 446
684 698
214 661
419 681
124 812
142 402
100 875
945 34
185 603
298 915
388 157
237 283
1026 44
847 505
174 703
1095 592
280 237
798 464
150 757
557 248
365 369
512 638
614 912
192 212
710 751
897 483
148 1048
670 242
414 623
889 198
1027 181
710 164
836 575
85 754
507 292
255 737
631 578
626 1018
260 841
977 138
285 563
627 36
880 761
778 772
796 466
906 987
1100 786
26 645
973 866
359 122
591 942
695 396
904 412
813 645
284 565
842 854
615 274
695 219
459 550
1113 210
132 914
127 134
905 200
139 753
559 82
1019 1038
885 603
199 900
266 977
375 455
580 774
117 556
277 335
164 918
798 472
779 631
477 706
625 930
575 693
993 442
253 374
364 728
854 622
965 455
286 138
934 369
677 434
1000 850
70 884
1096 537
896 266
136 342
815 121
955 113
249 793
484 344
871 451
240 910
511 116
283 1099
689 794
988 271
217 319
877 167
875 582
510 172
381 655
496 642
131 570
328 155
519 988
156 531
629 506
810 696
627 371
576 1069
969 232
647 814
783 946
203 1075
526 790
1038 1016
266 1026
323 292
879 878
610 846
573 622
274 356
936 1016
134 336
443 181
859 665
748 860
590 786
168 727
458 487
214 257
780 1060
431 793
329 100
702 893
592 415
644 544
460 546
309 48
1060 940
606 511
446 564
169 990
308 583
723 159
321 13
960 632
392 890
487 383
203 874
551 461
373 457
664 952
499 911
638 113
236 998
745 857
272 942
130 844
967 273
331 243
1018 385
105 769
822 194
822 251
655 349
434 456
967 853
672 194
112 57
432 855
594 947
285 655
833 229
542 174
174 1019
561 954
92 1100
474 413
370 736
388 802
583 358
357 725
829 445
112 1018
489 222
871 406
370 142
808 195
865 203
298 640
185 1011
244 221
543 864
794 511
892 1088
475 47
969 686
331 738
619 201
242 769
392 683
781 687
249 669
561 292
568 320
525 236
976 394
624 729
283 304
348 963
573 938
244 491
999 174
362 1003
213 718
969 390
563 835
89 895
301 378
1083 979
142 908
106 633
351 104
204 714
952 996
371 763
899 612
167 842
991 136
797 634
451 366
610 68
84 631
419 377
599 891
149 254
547 959
174 217
138 53
188 376
1023 419
8 814
759 791
390 808
787 390
487 481
125 593
419 137
370 844
217 940
192 282
896 297
728 823
704 1108
165 880
298 206
550 150
865 287
730 618
528 843
946 903
881 102
336 799
18 854
916 488
669 755
106 189
843 604
1115 358
168 692
761 178
105 689
518 58
839 471
18 262
891 475
996 251
120 777
602 327
58 514
452 633
738 951
775 892
311 131
125 681
303 255
204 475
310 1001
824 696
99 960
369 339
800 736
993 298
637 594
776 899
845 404
9 636
80 1036
953 1
210 386
639 884
23 894
667 476
177 746
514 588
1050 322
669 697
786 130
809 917
157 630
675 410
466 767
363 192
388 852
714 417
417 834
279 646
689 782
1043 299
354 903
670 254
525 992
420 800
1103 139
844 88
815 528
1005 1098
82 903
626 326
460 1002
325 248
686 811
111 809
829 396
1046 335
984 423
882 215
513 874
861 271
139 1057
98 1062
571 205
600 991
852 256
902 801
105 591
294 699
607 167
501 484
1035 1120
186 13
687 298
504 126
21 871
768 655
849 842
283 528
1050 846
970 758
865 344
400 948
1040 1080
257 227
665 539
459 643
443 606
506 551
596 105
1095 412
699 343
465 617
345 195
63 1007
479 332
997 279
342 632
950 876
482 577
637 327
907 400
240 527
1016 631
149 938
336 227
694 569
700 749
888 994
662 928
590 953
281 479
848 340
187 608
417 839
744 203
188 257
345 270
44 138
334 243
937 602
932 873
1023 262
351 136
501 261
791 699
961 91
969 400
350 178
791 685
825 844
367 17
678 182
395 703
431 606
382 817
125 601
197 297
745 664
1035 881
1060 154
604 650
1022 223
126 181
905 765
340 402
743 179
468 124
429 929
620 392
145 181
343 205
549 808
922 238
156 277
107 887
1101 901
887 328
159 549
299 226
616 50
472 223
113 208
133 192
586 650
830 308
570 181
921 815
133 109
320 774
352 795
740 440
184 562
742 650
402 809
649 334
115 985
1090 635
673 31
649 606
849 294
974 136
618 132
500 875
585 730
741 631
813 371
223 872
941 873
697 601
417 787
879 1090
222 747
387 78
1118 377
1059 563
390 544
226 430
753 176
206 999
749 869
1002 358
795 728
230 674
885 431
195 670
1034 24
41 123
1101 281
570 65
527 714
518 434
306 669
1028 459
311 510
971 375
517 863
1097 727
258 863
638 922
598 496
236 145
967 166
428 641
45 898
942 948
830 247
731 490
447 120