640 574
275 905
1100 807
581 123
386 556
300 457
393 403
876 409
498 272
672 590
697 503
929 102
215 98
519 123
432 882
1007 291
392 385
646 367
521 355
934 148
1094 990
936 811
465 214
217 747
1105 894
288 23
300 559
914 275
862 292
1064 515
1070 130
62 519
928 131
597 101
386 1050
311 767
306 855
480 675
716 262
708 1098
39 431
1022 1002
684 951
588 151
572 1048
377 1034
987 143
471 394
354 267
222 159
286 99
215 134
484 665
285 684
84 503
49 142
150 871
492 882
322 612
306 785
1016 304
404 406
21 225
626 920
20 832
1122 441
304 210
816 559
482 249
168 673
791 458
308 350
107 689
81 369
758 944
728 987
449 1107
112 572
740 41
883 342
923 922
946 627
1095 945
565 964
524 729
7 749
248 476
709 563
106 853
1069 241
433 902
134 627
557 361
453 292
1103 260
878 492
504 240
380 470
868 152
990 842
743 295
963 953
875 800
600 437
960 633
616 795
982 110
900 643
949 657
235 147
257 805
223 515
937 684
618 977
534 836
67 908
8 541
613 520
561 517
405 219
786 199
866 532
786 493
270 186
571 422
874 341
500 620
199 579
588 326
994 709
401 71
704 73
960 74
340 881
594 468
889 590
1000 520
835 618
974 846
656 422
878 879
618 752
582 194
12 147
184 150
518 199
890 1119
1021 263
452 880
951 199
894 588
410 614
14 640
283 226
331 685
738 1033
938 185
420 790
362 911
1107 478
678 178
61 146
95 645
782 954
1008 868
408 775
847 332
625 971
1091 922
875 390
730 371
572 429
124 136
990 485
948 65
981 263
778 852
862 660
790 831
108 742
1088 302
510 170
915 837
595 86
728 1086
601 602
349 562
630 189
109 442
369 763
629 118
404 282
497 627
443 175
934 775
429 670
733 841
241 440
269 789
743 941
273 851
726 199
123 721
285 605
606 55
198 1120
492 702
582 159
687 759
539 632
536 494
270 272
273 34
185 104
406 47
204 72
118 896
267 502
416 1081
523 85
4 273
819 1094
148 673
582 1083
300 218
350 791
628 305
220 223
673 925
414 525
357 803
748 209
656 112
646 782
563 243
117 795
97 893
897 244
204 482
415 922
6 129
828 615
211 997
473 198
950 333
872 256
994 74
438 1006
105 200
633 310
350 560
236 64
508 643
761 564
411 266
215 608
1084 500
797 374
263 801
731 274
163 572
767 391
1024 15
237 72
258 273
427 762
261 836
854 875
899 317
866 141
522 737
917 1016
862 270
857 391
847 299
856 608
27 1020
203 316
706 727
219 278
106 597
227 32
206 405
565 69
781 203
51 690
289 181
453 488
671 965
537 269
531 899
198 1079
251 82
852 283
303 268
455 850
968 986
963 435
872 653
1072 630
916 605
662 960
369 519
11 825
249 338
531 611
516 693
776 940
832 432
802 759
1104 789
1017 851
577 871
650 306
313 873
843 1053
1023 234
402 341
869 1054
315 178
769 667
688 794
641 645
73 449
786 805
958 457
301 615
541 816
445 262
800 145
806 389
17 381
491 889
911 376
108 649
913 861
580 537
841 101
287 516
747 426
516 665
878 882
499 241
335 402
423 831
429 366
214 640
352 418
896 356
405 369
657 207
377 513
823 1030
516 1010
487 149
917 822
255 238
668 992
830 58
424 208
133 986
793 274
501 269
127 533
407 938
92 468
645 207
843 356
1013 504
99 701
499 1061
503 1037
8 800
942 273
119 420
798 132
992 413
452 974
203 92
194 377
102 925
828 989
849 957
192 882
705 838
628 1006
532 142
1017 143
42 2
462 780
344 120
714 613
320 177
494 1022
862 706
333 530
534 1010
845 596
1020 601
698 720
900 1001
609 685
731 651
251 83
588 644
611 394
912 418
932 761
110 62
95 1046
950 828
396 163
161 1114
727 472
293 237
334 518
650 267
905 545
839 790
458 90
171 141
916 290
768 378
965 60
1069 269
1031 369
1118 934
1064 459
796 629
915 143
274 638
709 542
232 66
212 372
232 954
168 588
741 798
139 477
702 101
291 1106
203 742
639 901
121 650
687 442
310 261
999 845
908 987
825 126
25 630
577 972
370 828
1002 920
491 910
143 973
561 717
884 853
879 943
301 684
115 974
266 638
374 279
156 388
316 139
108 656
928 1024
562 1106
651 755
264 760
337 317
1000 469
307 281
475 527
1019 403
138 859
879 583
186 346
613 221
651 358
157 653
857 90
280 886
878 539
447 113
155 51
555 538
446 737
507 946
159 676
414 407
191 237
1053 111
121 22
651 1085
890 658
526 406
787 1123
8 18
901 468
375 884
281 608
244 1017
313 716
983 766
10 78
384 837
666 216
991 28
401 103
617 802
307 420
150 321
300 600
1017 843
655 647
901 143
184 263
619 413
481 912
974 872
1095 932
162 388
733 537
604 469
328 320
115 360
381 165
136 66
983 1051
800 522
829 852
120 442
350 482
693 441
894 231
745 341
498 385
275 828
935 316
513 844
232 382
332 363
543 604
270 313
348 665
970 198
237 535
848 727
685 185
681 156
120 798
559 354
255 393
1018 854
448 873
436 1054
547 764
482 169
723 81
269 365
951 182
1037 744
600 197
781 339
332 417
813 1096
568 604
835 861
466 743
124 185
567 456
892 788
139 898
1040 779
672 227
494 940
232 606
880 117
742 543
532 1069
939 860
871 601
996 715
350 1095
179 465
128 589
254 385
353 54
7 1052
165 768
1006 131
954 894
971 182
590 601
488 435
602 304
494 914
505 1116
806 1068
1073 425
490 719
53 762
572 504
335 694
483 344
553 215
965 633
120 358
404 742
440 603
412 990
749 738
860 498
208 780
100 530
150 420
1123 779
475 425
729 416
421 1020
631 545
61 476
221 974
901 654
915 406
941 817
932 966
863 722
831 182
665 883
264 416
308 403
574 845
449 704
1021 1110
1078 369
111 265
789 379
254 650
1002 351
369 369
852 325
878 577
651 805
222 748
1081 779
824 898
610 876
612 297
906 171
888 866
257 124
839 440
628 700
672 596
760 63
888 1115
736 623
340 125
121 834
198 574
1071 705
862 595
127 750
963 204
285 269
691 215
945 645
659 982
1064 505
379 980
218 149
493 287
815 692
485 385
304 502
625 971
1015 1016
257 781
444 504
224 474
201 658
908 528
882 244
183 778
230 946
1111 776
512 623
121 259
854 177
673 1008
185 896
1016 426
1049 557
168 42
376 251
1096 1102
845 478
108 640
294 306
620 117
265 439
893 536
1075 913
794 177
720 969
551 787
361 780
567 866
286 433
477 434
810 725
885 607
634 670
660 679
824 166
180 856
888 446
691 812
742 611
698 207
334 887
1121 137
141 445
471 943
910 245
39 631
570 761
381 166
1040 182
554 656
944 718
580 961
970 1016
915 599
54 333
104 423
481 388
630 751
666 459
106 599
1008 480
302 507
539 503
1031 1015
222 1039
351 867
149 722
633 824
889 389
1011 1023
736 695
663 253
154 597
534 965
939 585
750 537
215 603
1050 104
373 789
110 383
933 17
348 580
718 89
1117 854
364 575
413 14
1100 77
997 606
354 1091
361 533
914 78
365 831
662 390
467 484
870 503
972 1011
210 550
240 101
134 939
842 485
1087 748
167 705
844 686
273 719
709 1079
936 255
734 547
817 614
534 414
258 664
851 502
540 844
398 1010
394 742
196 999
758 793
539 347
283 683
139 524
771 761
184 792
721 1119
144 325
896 792
914 55
525 684
947 520
582 561
188 960
716 781
274 969
443 123
602 215
48 958
845 389
523 5
469 669
501 42
567 572
420 614
425 1047
733 492
812 648
442 844
1093 345
245 808
659 228
708 46
689 868
942 492
605 905
465 280
111 321
772 289
134 218
228 655
589 150
282 664
474 631
956 323
980 418
493 798
239 1056
185 862
495 198
349 788
556 929
545 1117
22 602
415 95
292 35
136 793
785 700
1005 795
806 1035
148 703
146 709
340 984
915 80
682 990
470 452
773 573
451 203
723 506
891 495
1092 646
656 611
820 894
222 386
828 985
906 862
138 616
961 201
850 823
741 315
875 340
831 917
622 175
1065 216
31 664
647 284
389 235
604 217
152 904
687 791
625 73
949 447
999 741
814 566
639 685
236 213
568 873
608 319
752 220
103 269
394 64
120 149
208 694
559 12
668 723
173 924
435 323
449 802
469 736
416 500
1067 1082
1011 133
637 453
354 990
419 238
315 979
582 887
717 98
1095 514
935 14
160 810
161 552
169 721
946 740
497 255
158 748
286 293
926 840
862 16
575 1082
255 779
650 913
156 264
662 1086
849 286
453 807
844 146
636 315
701 899
275 710
596 538
433 1029
544 126
1046 456
195 497
678 647
556 338
638 530
725 954
596 575
894 1085
537 406
336 766
990 932
214 253
861 699
244 588
98 295
178 968
193 554
940 649
242 440
563 863
448 857
823 149
1061 620
206 764
675 135
148 566
844 990
764 871
366 288
235 569
534 571
778 44
716 68
706 793
1034 44
682 826
854 173
12 543
350 943
416 655
497 797
693 822
164 599
375 745
796 131
435 1051
631 743
338 722
957 379
583 614
389 827
346 812
585 223
943 964
392 977
190 421
262 400
73 1107
112 240
655 623
470 473
566 187