1008 678
665 728
354 154
168 552
430 159
675 594
438 465
94 638
1044 303
820 770
0 505
423 787
713 726
886 884
604 401
527 4
129 394
797 332
163 640
968 312
946 989
963 1026
586 519
538 219
275 245
557 939
1038 303
391 488
970 778
675 945
327 171
40 457
65 538
372 429
701 95
927 168
389 705
880 871
212 875
35 115
664 1067
212 1034
823 528
956 506
101 393
754 840
892 373
296 959
791 178
966 277
953 243
410 70
407 726
370 356
738 821
839 384
645 443
147 1067
358 677
144 210
437 275
665 117
932 218
633 941
2 948
1035 293
401 462
258 532
305 992
113 544
379 637
484 204
521 141
528 979
3 363
584 499
700 266
610 832
294 157
117 349
897 93
227 231
630 297
665 134
838 107
917 453
962 167
424 443
588 903
893 79
568 53
473 288
513 370
291 434
64 328
723 983
1075 116
278 188
70 39
309 939
627 117
838 1022
112 250
246 214
591 114
296 5
679 395
138 1022
562 151
758 573
1017 323
747 608
494 495
876 1003
280 558
1100 299
255 990
684 842
732 55
450 248
545 727
979 30
700 435
86 394
429 382
722 916
195 756
885 162
1081 168
22 739
244 680
632 686
436 22
719 501
499 1083
680 452
967 542
1117 419
864 88
511 365
663 553
751 991
243 203
712 708
430 822
490 377
115 252
1072 475
377 111
568 41
344 377
468 1079
972 302
886 150
665 161
1068 216
173 865
164 325
731 295
671 753
161 642
785 724
488 1080
1064 405
1034 358
621 524
580 448
910 279
403 656
645 868
624 724
1068 727
322 219
603 496
386 627
591 269
159 484
972 657
784 212
71 112
1094 348
504 355
398 940
1054 602
455 586
4 880
718 273
437 943
839 968
283 1030
519 405
421 3
427 770
361 637
866 1036
303 500
991 570
95 387
420 932
808 940
496 549
1050 714
1047 480
526 294
322 1040
524 432
293 922
957 184
960 484
474 205
742 889
903 1117
232 487
428 870
679 528
736 225
917 362
663 632
501 113
639 1002
443 412
822 277
539 456
395 280
919 309
997 797
213 932
191 882
1098 18
741 408
396 857
419 404
63 290
316 1085
211 793
1104 670
533 1107
769 1119
1083 645
224 775
182 459
204 161
929 611
891 175
330 335
980 1118
1108 998
1115 107
373 465
1071 931
1110 831
126 778
1098 884
838 436
430 830
354 881
677 143
1006 904
234 842
808 865
265 865
64 584
654 748
849 15
192 194
841 468
36 897
455 163
521 227
443 818
740 181
338 186
238 664
890 793
387 1046
672 524
759 724
368 927
533 109
650 503
421 700
826 115
971 636
72 379
429 652
201 119
255 1011
409 364
264 526
410 790
375 1023
892 764
307 294
686 156
152 835
793 93
465 841
99 271
780 696
329 315
541 256
313 907
162 831
506 143
167 618
645 526
670 978
820 436
558 862
65 699
798 741
501 615
170 877
194 176
695 764
735 1088
694 255
1073 672
78 362
832 236
297 897
443 860
892 760
609 898
263 623
113 847
689 812
404 110
345 1011
321 408
395 850
1004 13
416 1003
651 1021
776 910
597 840
438 703
204 552
442 216
889 833
814 926
262 725
86 654
925 138
515 164
774 785
567 406
810 104
270 1073
397 66
987 737
796 557
657 411
552 409
868 437
534 122
197 189
744 930
849 345
523 884
143 996
507 581
290 60
539 242
1000 226
769 373
791 802
205 868
930 748
375 229
143 930
431 512
570 955
640 304
508 725
632 417
361 479
1095 279
1009 394
169 683
582 62
302 201
848 407
171 627
104 346
138 123
437 230
439 79
173 640
1108 723
12 689
383 1004
443 1051
209 150
588 980
915 357
901 990
219 400
303 691
684 99
117 236
975 557
394 442
1044 714
911 757
877 777
234 481
844 747
933 158
707 458
798 65
500 979
862 139
578 585
1114 724
279 1019
162 845
527 294
539 602
241 990
256 186
979 297
976 205
1063 327
247 181
364 884
269 421
962 896
1014 881
602 1051
368 614
1065 581
934 467
523 768
235 731
234 1094
1061 998
335 317
109 305
212 424
882 1061
188 734
547 636
1036 644
260 819
1083 323
610 1101
76 359
894 358
953 156
264 120
499 465
294 632
935 154
161 302
388 263
998 246
467 631
615 239
934 681
366 720
1069 597
217 378
473 523
317 671
643 246
754 582
499 895
537 961
933 569
286 1036
537 202
404 303
937 796
478 506
984 666
528 561
152 696
382 460
988 55
316 852
983 822
392 640
525 936
718 315
528 681
705 109
732 376
711 827
126 193
147 231
702 763
275 582
324 382
983 652
434 308
690 624
863 401
818 826
742 491
973 980
431 529
828 127
1049 124
196 191
1058 833
655 979
804 403
811 988
857 358
621 775
417 426
541 233
898 628
883 944
367 1009
757 236
748 339
489 906
305 717
474 102
582 914
472 1060
866 474
831 503
544 204
489 709
318 576
526 246
743 694
902 247
912 137
577 284
174 615
368 1021
846 580
714 982
528 142
280 836
1073 342
422 350
1039 441
240 1030
282 703
621 944
248 381
882 842
901 486
474 1058
765 417
1004 862
342 647
381 950
361 1066
114 666
659 354
703 967
447 84
748 893
488 624
712 1
1108 498
878 258
615 293
778 911
481 125
747 658
956 527
801 752
122 773
980 911
625 966
699 59
569 197
135 966
1027 857
581 943
99 829
759 141
976 461
960 93
98 275
880 401
759 899
407 651
41 970
163 906
376 248
788 539
675 139
901 435
889 1025
232 625
765 312
654 338
106 1049
423 338
904 876
661 197
221 396
585 784
416 928
522 1011
138 640
689 366
775 460
774 203
289 533
666 179
498 244
579 404
931 1048
422 397
347 544
393 149
305 705
704 454
197 270
492 562
957 183
1070 628
460 689
817 336
935 312
486 328
10 419
487 1067
801 651
1082 448
419 513
173 918
59 509
132 886
954 291
340 795
1112 669
437 503
761 354
365 139
1010 1011
707 58
678 117
405 170
554 974
993 180
40 11
438 938
579 739
285 774
678 287
586 468
930 515
669 227
968 7
1040 136
596 593
185 1010
196 997
194 205
1032 175
290 253
306 441
371 959
913 624
529 864
729 205
725 518
345 415
25 261
512 626
959 210
416 407
577 569
245 328
301 717
742 873
133 863
778 785
421 797
721 362
235 970
147 49
253 431
700 761
646 479
873 459
184 389
1042 910
224 1012
874 203
85 632
352 30
659 102
758 844
295 947
675 696
817 207
1020 990
715 801
679 115
733 22
283 316
633 215
23 572
125 299
745 613
331 80
874 125
254 782
1056 897
1065 776
495 819
620 566
492 814
581 590
334 763
1066 169
750 714
1044 454
977 557
183 761
572 751
143 488
748 704
207 389
686 221
10 638
745 465
417 709
971 659
376 895
821 1050
245 895
154 1023
114 990
745 709
653 532
41 204
766 865
262 686
759 1004
1066 261
193 465
1006 79
892 677
697 882
549 284
916 144
673 128
151 931
771 389
1055 687
318 884
498 566
430 37
608 990
1045 385
539 942
603 360
996 576
741 254
542 755
186 908
399 292
482 916
173 594
1106 293
92 179
448 1026
758 599
1050 257
14 473
26 726
680 371
859 120
1020 1069
353 665
634 800
284 791
122 184
57 749
917 565
263 451
494 150
922 115
540 34
1012 562
908 688
166 691
891 255
90 368
411 561
123 61
174 508
339 391
413 275
437 919
597 1055
455 1006
127 963
597 115
870 135
921 64
871 928
1086 623
763 630
137 995
263 385
923 372
384 207
872 994
149 44
75 85
854 567
819 964
461 736
842 458
307 652
928 61
741 1075
705 362
272 526
584 655
270 661
675 834
833 615
355 604
736 907
790 710
497 657
826 889
706 245
574 780
587 256
1027 141
427 481
182 396
354 994
972 403
1039 197
194 626
202 972
331 529
808 522
792 924
604 232
381 1063
481 908
170 883
374 870
243 150
362 115
687 804
793 29
99 1081
437 508
414 332
897 512
1099 330
751 871
222 100
401 1105
449 772
738 620
535 202
380 882
640 744
8 646
258 230
1021 355
849 33
614 767
702 695
672 586
772 142
367 844
772 872
422 851
367 975
796 988
525 244
294 75
637 377
163 486
149 790
534 107
749 122
785 439
427 411
590 121
229 1062
714 351
948 343
677 54
795 974
477 356
19 1019
826 282
658 903
686 663
334 325
620 206
362 141
350 683
270 834
314 405
212 1007
746 329
479 312
965 856
876 884
12 654
671 73
201 263
394 1066
1036 356
206 548
392 660
550 346
809 708
12 880
582 416
216 1094
206 571
112 997
718 790
606 799
57 546
112 211
451 825
284 400
1031 651
667 922
656 974
407 688
806 826
141 465
409 481
187 287
798 322
256 551
392 994
347 1048
24 805
262 756
969 333
1058 800
938 404
732 911
814 1120
588 299
889 422
508 330
587 808
320 811
797 160
128 74
443 495
522 558
774 993
880 1105
577 784
798 1090
917 1010
870 229
968 114
1095 895
782 989
385 197
364 635
437 690
773 542
374 923
927 901
734 611
13 799
1071 243
829 772
955 985
112 898
42 664
712 1068
187 282
578 779
703 168
764 733
641 766
697 370
868 28
316 365
799 575
1030 229
225 898
571 478
821 733
939 971
711 380
820 950
394 274
327 740