731 597
562 436
537 158
156 748
508 355
46 828
885 541
669 326
706 883
303 565
239 757
979 622
269 791
758 1104
858 949
437 880
404 1107
281 332
145 515
710 589
370 1001
1039 403
704 221
797 122
1016 782
295 854
925 197
737 183
1035 198
609 1002
1070 734
1022 218
791 902
403 85
744 109
675 353
536 678
277 428
158 701
451 914
1001 979
861 592
673 921
160 167
642 673
757 748
921 627
530 843
653 645
616 470
348 405
893 800
706 673
200 666
537 864
726 824
832 458
835 1056
804 505
102 8
666 872
633 860
164 601
568 656
122 315
608 768
879 710
1110 850
1014 365
176 165
656 546
672 52
996 825
760 527
142 918
673 1093
844 683
823 620
599 246
332 44
1015 367
1091 389
558 874
324 207
572 206
854 326
0 963
396 731
638 553
379 299
193 474
504 363
585 672
502 369
47 180
474 809
140 647
801 693
173 739
702 797
541 337
448 851
636 459
698 600
563 676
918 636
910 514
111 711
746 312
509 658
979 189
698 1102
721 348
235 471
148 260
887 1080
33 953
503 790
367 988
274 225
234 718
376 929
119 501
829 480
1048 604
326 939
482 596
292 164
801 727
839 910
303 1044
405 998
207 403
964 422
945 146
1032 1007
528 914
433 269
803 668
828 283
616 499
568 966
1101 703
240 757
383 991
903 391
499 145
259 517
175 410
781 571
371 161
185 473
717 472
233 128
833 1087
951 355
597 997
27 1066
691 783
138 517
487 349
977 190
1018 771
161 519
75 369
572 1016
814 887
463 570
194 135
592 1093
306 634
854 1089
449 1051
1047 842
1029 134
559 1117
271 1080
583 8
23 61
891 950
41 768
119 773
196 668
915 949
960 648
822 388
225 460
617 632
819 636
837 845
813 398
945 519
210 103
599 147
392 646
217 678
1031 1069
808 878
997 499
589 631
456 642
859 357
1109 924
216 204
308 583
27 242
210 913
289 458
449 788
555 980
834 1015
3 985
716 738
214 429
932 503
290 1013
741 28
120 44
407 30
208 543
945 791
722 661
826 849
552 1005
110 471
634 242
334 589
830 1054
535 263
521 62
766 782
964 183
668 385
875 553
687 899
39 59
647 458
834 575
902 474
240 90
456 872
132 489
947 27
220 879
217 969
584 890
153 418
785 760
124 471
357 575
226 414
1046 276
387 584
1076 535
604 368
991 758
441 685
25 731
634 1053
282 403
434 228
285 206
721 967
496 476
7 583
895 602
126 1004
578 380
814 931
1118 1072
291 1121
668 268
319 192
233 784
412 1000
69 361
615 806
559 412
789 556
1076 270
198 727
799 345
327 919
637 282
527 71
394 72
816 566
818 1123
620 983
212 822
862 823
287 866
801 529
166 605
621 599
667 868
704 399
263 684
516 581
529 399
681 407
750 369
1109 1008
635 418
295 156
410 257
410 670
794 839
1097 705
587 744
1050 748
12 358
2 475
286 860
894 1087
24 819
880 1116
516 563
921 122
942 371
334 743
515 909
1111 730
472 686
592 1001
292 838
721 774
375 1007
398 544
899 492
31 161
1120 976
261 522
227 833
154 1082
15 925
226 816
215 553
812 483
967 407
598 473
570 78
947 779
608 674
624 709
312 389
717 1067
319 218
1111 245
994 440
789 316
914 487
865 940
223 982
886 65
706 428
1088 631
533 376
815 870
1107 124
46 691
844 847
401 1090
879 985
187 258
203 736
114 779
851 186
1010 1015
521 924
1000 454
893 346
54 941
990 467
353 905
972 690
80 819
791 337
1077 219
755 1065
1004 539
357 449
644 742
786 892
26 358
934 297
251 187
539 348
973 700
315 288
432 695
223 1005
925 205
513 87
860 679
947 913
209 1022
888 398
478 535
203 666
960 228
735 1075
696 413
138 378
1005 896
662 754
662 637
308 725
483 616
194 363
177 494
1115 733
135 782
204 111
391 398
710 758
131 854
154 135
532 245
425 368
913 133
597 913
938 57
747 529
481 748
698 138
537 590
195 145
1084 848
809 140
94 299
844 637
980 759
257 366
797 953
544 211
738 200
930 570
1108 80
237 1099
872 321
665 425
515 592
247 629
631 518
935 834
489 564
559 468
412 187
507 22
1080 962
288 873
425 811
483 759
327 812
552 154
567 529
879 163
430 934
927 757
449 335
543 281
71 252
276 419
601 526
687 1011
889 253
143 521
983 540
930 1112
166 308
289 1108
253 768
956 907
489 662
799 543
315 276
855 974
350 159
744 660
138 774
847 47
734 974
78 1083
406 494
358 678
888 830
101 677
225 57
937 484
634 448
1072 437
416 805
648 970
663 652
145 333
1101 891
514 195
796 518
233 505
567 870
535 543
710 119
366 1073
870 389
652 250
360 939
40 196
927 312
219 970
252 1066
225 566
250 1109
520 466
60 936
229 779
579 950
221 715
446 532
982 803
476 488
342 396
413 778
500 528
1049 895
134 993
636 993
895 698
457 876
433 183
582 514
1072 326
1047 422
64 768
757 304
952 288
642 526
208 654
382 622
593 764
675 481
595 256
696 1047
118 702
812 730
805 998
339 716
559 1075
176 204
328 660
486 1051
1019 676
550 156
1016 222
469 834
645 336
358 989
136 368
160 822
160 201
962 3
988 335
309 1090
555 645
587 561
509 897
370 341
849 1123
497 540
240 105
360 992
1030 1
726 141
239 218
723 841
820 168
690 483
182 1016
637 318
875 448
827 871
103 897
674 148
865 121
325 917
799 274
673 872
918 865
474 186
927 890
321 976
886 990
399 577
483 305
669 582
310 695
681 684
398 668
515 574
395 826
754 1008
301 971
617 150
367 792
143 665
751 217
395 632
858 373
233 131
500 302
974 1007
218 305
636 800
123 1059
882 702
1019 416
696 1045
969 880
710 210
244 718
284 307
921 339
759 229
508 564
959 178
783 907
871 217
914 332
732 754
308 96
598 364
149 739
356 233
93 500
449 389
697 555
758 298
660 861
802 969
808 804
418 551
805 264
389 947
690 724
1042 476
258 106
100 473
329 427
124 855
488 248
835 1046
58 141
62 898
632 60
767 833
930 783
323 841
327 411
809 250
34 966
15 942
814 830
318 247
795 160
743 808
338 450
944 824
823 633
893 446
429 762
983 635
786 696
285 80
59 109
995 311
318 771
892 591
894 469
491 293
596 539
912 801
963 164
212 542
76 698
827 830
843 372
625 988
293 683
183 774
715 164
946 314
826 562
834 480
444 1078
884 481
542 432
317 876
267 925
181 794
493 322
805 1001
282 465
1077 462
817 239
922 607
566 1115
807 845
1022 765
476 376
431 565
902 181
1050 284
376 815
659 1012
761 916
554 440
594 935
402 570
844 949
899 588
334 967
475 483
179 750
262 401
713 919
894 24
312 194
1109 852
454 149
529 412
77 553
235 966
699 170
476 227
1062 258
440 777
346 291
164 315
510 164
870 2
656 549
851 222
899 337
721 49
436 66
942 879
630 163
816 786
451 999
766 977
997 789
1046 1071
341 222
656 665
22 577
262 908
442 779
405 148
272 399
320 714
676 483
707 319
1087 125
930 860
497 495
865 333
812 856
231 135
202 846
511 293
353 525
899 850
281 471
556 509
59 772
708 330
64 283
182 849
362 140
643 190
916 898
526 865
124 51
626 919
738 394
417 7
113 646
883 513
128 892
1088 367
625 466
331 165
17 693
64 560
580 918
524 599
993 514
1067 766
730 15
766 999
526 124
846 615
215 954
848 557
216 728
761 741
212 85
244 21
541 249
450 733
822 654
534 975
691 988
450 619
123 339
213 289
749 186
726 191
709 492
332 147
732 1067
479 613
31 897
139 578
113 495
747 674
547 732
472 205
754 1057
234 850
1073 196
574 236
167 1056
633 563
564 812
849 187
747 132
186 450
514 536
340 468
16 989
458 331
534 126
41 250
761 273
874 495
676 436
237 462
717 674
815 156
698 863
473 799
311 1110
499 324
604 551
638 370
3 203
481 993
279 849
323 39
855 910
284 213
913 416
230 467
221 72
97 496
439 1009
762 902
841 742
368 1091
836 907
435 917
209 708
855 614
301 477
765 266
659 646
407 749
1120 150
993 607
270 701
805 239
296 993
951 1038
167 831
730 952
360 684
879 997
776 400
540 545
670 778
994 20
822 904
163 200
740 251
310 221
954 855
428 298
928 251
284 491
378 767
666 900
463 1008
964 811
297 627
600 994
186 704
208 675
967 639
312 143
944 313
413 84
676 271
703 762
783 679
969 226
108 1061
214 405
123 961
439 397
446 887
155 76
1088 1084
1018 402
719 391
526 223
460 951
314 842
583 587
292 392
1071 968
102 179
994 514
184 196
674 647
400 323
592 550
589 907
219 146
1008 416
726 636
125 86
20 733
97 778
441 788
765 1020
777 342
199 240
283 585
262 647
745 565
123 247
1029 676
166 865
692 563
966 629
611 284
925 49
529 113
975 923
389 1092
385 139
83 297
100 327
158 316
970 323
686 955
1049 734
394 286
198 344
566 466
196 898
1023 1016
998 514
481 960
1026 420
161 721
23 419
522 815
945 730
756 368
107 99
345 160
628 803
800 183
885 951
707 216
711 276
715 766
641 956
363 83
484 463
680 242
921 24
577 718
150 959
165 148
721 742
798 948
402 654