508 809
163 657
250 178
409 508
1113 862
922 617
170 664
597 585
517 959
763 276
262 924
764 651
982 349
792 953
225 900
1076 120
786 705
861 607
808 1035
1101 71
480 314
828 358
1010 527
853 326
51 656
370 376
186 849
357 131
332 1090
848 412
1054 487
366 901
697 838
1010 163
608 587
752 541
487 919
539 1017
486 1009
567 766
787 994
936 358
954 898
937 251
665 912
472 893
1034 711
150 692
121 209
267 338
535 300
360 694
988 316
1024 249
908 168
163 654
658 959
637 518
429 854
742 681
446 555
714 1040
942 47
60 205
985 696
526 301
346 755
764 163
841 454
785 936
495 911
277 553
984 1004
688 128
385 790
99 1021
726 81
541 411
583 136
20 725
400 485
165 336
656 864
756 394
280 705
312 1071
533 1075
805 841
648 625
403 568
631 223
360 1112
726 1043
601 61
82 181
614 278
411 191
310 603
574 762
316 781
130 747
443 635
262 906
844 150
812 506
597 317
479 494
829 146
205 734
486 510
812 938
378 1112
781 303
107 420
524 852
180 577
167 843
356 138
972 1008
544 183
845 427
542 663
504 343
310 628
573 127
588 101
478 835
237 676
63 1004
594 678
311 143
516 361
527 347
793 612
562 343
794 598
115 909
215 101
209 395
931 756
191 386
179 571
879 877
777 127
186 494
277 643
831 533
1116 555
322 996
836 959
407 797
463 424
37 296
926 283
112 722
620 922
969 239
676 391
745 655
531 725
468 1053
939 533
309 179
384 183
711 699
780 1009
352 53
705 169
1004 583
668 759
862 469
81 360
747 609
885 1084
987 942
436 10
426 817
563 83
811 165
444 583
806 744
408 719
554 252
637 686
846 173
33 710
541 401
1018 685
804 694
735 162
945 921
490 393
828 723
415 553
712 794
333 618
744 927
562 157
361 869
128 208
1013 773
982 430
254 857
184 216
491 863
427 226
785 436
147 439
540 203
838 672
811 821
329 608
661 803
289 386
683 204
477 453
330 501
801 21
547 810
625 1097
550 723
255 824
866 103
1014 0
583 192
312 135
326 299
937 264
734 384
397 109
761 882
663 9
629 808
684 520
307 268
211 642
753 24
805 1079
751 766
806 584
190 697
885 862
704 18
134 300
984 404
158 309
859 461
760 961
411 323
677 145
27 903
704 841
629 372
275 284
168 634
949 890
167 945
885 559
421 769
58 906
596 101
188 471
216 951
839 918
517 497
350 880
512 514
590 575
806 113
227 891
812 1059
330 123
646 126
1048 1050
524 377
879 195
785 393
208 807
121 832
972 175
1018 726
406 817
235 999
887 101
421 450
668 912
769 842
613 311
886 184
1063 104
1021 740
276 517
586 314
160 476
837 807
207 998
933 670
772 793
102 498
765 353
737 517
869 1007
400 367
930 787
493 327
176 199
529 681
780 613
158 130
629 574
735 246
988 465
559 495
394 374
404 395
903 219
181 533
824 979
237 986
117 632
168 67
420 1087
333 470
389 542
511 986
663 901
315 860
367 170
537 113
495 45
479 678
613 637
330 696
428 135
905 535
430 717
1018 661
164 638
856 739
282 850
0 523
271 814
256 459
412 102
180 460
899 552
848 500
895 55
793 102
1001 1041
109 1069
481 124
124 517
278 551
959 780
611 432
692 1001
707 653
452 1057
871 177
1088 457
886 938
493 957
148 725
185 1008
567 473
150 102
854 107
439 328
724 653
472 490
984 202
920 638
797 761
232 703
220 431
268 1072
752 507
451 843
1102 219
82 317
654 242
299 385
86 290
704 890
172 729
426 1067
173 95
83 836
452 1077
98 184
476 250
601 102
961 844
147 36
977 17
381 812
518 229
204 400
411 364
118 881
480 805
830 369
390 14
388 257
415 77
921 329
337 859
820 664
849 889
202 656
723 739
618 192
679 1016
872 26
530 429
217 678
359 962
1037 115
975 384
796 20
888 256
770 915
900 505
198 330
897 146
721 110
941 566
635 711
410 662
297 482
864 719
120 640
680 226
970 331
873 605
325 1008
662 599
734 735
634 345
50 645
695 929
460 68
791 327
611 72
997 1017
696 497
343 699
596 774
189 547
132 805
250 77
848 859
225 614
1078 602
325 441
835 401
564 323
354 1020
533 424
1011 742
289 106
283 142
309 600
554 803
461 324
910 805
691 863
891 109
129 1028
568 825
355 572
959 568
545 810
768 124
144 326
491 933
199 499
113 1031
633 396
803 396
976 826
129 411
217 268
771 45
318 359
895 663
351 653
721 671
172 605
781 78
582 557
575 265
29 388
33 994
522 449
432 988
558 994
852 209
690 285
528 726
736 177
346 708
384 898
417 496
311 989
942 504
213 42
978 881
957 146
105 480
462 449
994 825
255 73
531 927
748 1000
246 502
15 523
208 576
528 419
819 370
1000 924
972 451
431 45
300 204
798 323
922 180
112 783
651 937
243 434
805 509
741 245
155 590
435 413
323 660
854 971
724 493
209 699
14 717
230 790
212 745
455 448
734 251
728 664
402 489
875 803
412 562
107 190
744 437
916 468
297 224
410 110
1001 489
369 610
673 637
205 703
339 275
546 1072
678 1029
342 961
771 988
797 524
632 631
193 305
379 305
506 941
450 769
292 1046
1112 879
496 313
966 572
683 871
304 1079
182 274
444 151
914 274
789 1007
1098 845
365 868
598 1015
836 318
206 818
860 351
572 1020
973 583
934 717
11 880
798 415
756 862
123 834
145 573
344 726
336 773
963 496
853 1018
848 696
47 164
822 307
596 269
934 54
881 631
131 98
501 110
369 668
294 481
825 201
558 1012
876 880
1005 121
566 962
181 649
922 789
587 1080
252 564
280 187
402 332
134 169
335 802
911 295
508 1000
591 137
696 153
410 911
374 845
607 531
133 325
820 1100
144 548
546 411
230 605
969 478
425 728
217 900
722 51
730 911
363 36
247 993
192 250
948 150
803 465
694 762
534 302
529 1010
870 549
60 124
446 91
546 220
969 657
817 177
492 1120
485 770
314 1022
933 814
457 457
440 679
457 423
195 821
835 408
204 226
704 681
289 367
267 171
466 754
731 878
277 407
533 1069
693 777
689 710
551 655
907 933
269 502
33 407
110 640
667 613
258 287
486 552
344 944
340 155
1076 833
308 583
560 61
333 225
851 748
645 38
821 490
207 191
381 415
464 358
982 701
925 732
906 1089
293 914
361 864
803 430
905 274
270 823
933 173
92 713
105 541
952 964
294 297
1003 458
336 276
168 926
507 137
747 1004
107 219
667 199
371 431
511 1014
218 914
183 738
319 688
11 203
218 516
899 329
319 52
840 270
289 988
999 392
620 428
108 157
384 356
437 710
828 687
368 598
340 73
118 883
134 395
680 15
817 1054
703 276
518 538
495 147
741 1014
760 393
732 458
328 958
332 1061
444 992
525 541
510 955
917 857
750 655
769 838
101 288
115 330
950 511
515 330
262 674
227 279
766 12
196 237
615 208
906 214
370 389
719 257
1073 1021
770 1035
145 355
568 236
616 764
431 15
274 969
959 399
151 385
740 730
931 119
941 1040
585 730
1090 435
429 349
551 527
913 916
657 140
774 657
594 803
155 409
164 224
757 537
1000 110
776 730
260 1011
50 627
799 1030
86 255
297 209
483 553
182 611
934 995
234 613
493 212
253 404
797 209
1059 1027
973 353
659 690
307 340
587 254
495 424
673 217
295 282
318 774
394 703
705 383
248 343
1058 643
594 246
633 229
749 950
621 344
468 750
801 1064
463 823
450 333
130 319
443 242
738 288
768 666
649 639
113 305
656 840
1076 201
825 859
276 576
213 716
717 316
596 76
705 984
596 544
539 421
791 605
773 538
512 1023
128 230
256 985
794 499
116 687
642 460
182 29
529 972
412 829
843 928
320 168
468 102
90 461
297 108
262 622
218 197
482 191
829 866
406 904
749 653
622 978
825 498
961 484
702 946
522 559
494 312
988 978
137 725
233 103
895 1036
1051 118
829 1119
334 1089
342 880
573 856
115 982
1092 880
495 421
462 856
509 1017
655 303
191 588
1120 970
1089 114
697 19
538 748
370 767
187 125
214 385
307 121
344 589
297 725
704 182
287 864
133 801
440 297
251 829
419 547
688 307
44 168
914 295
503 951
852 848
599 296
656 340
727 483
559 700
972 317
648 972
881 336
966 998
152 555
270 418
199 70
480 593
681 906
492 841
126 176
1031 52
415 73
46 475
1002 793
1034 1068
131 851
710 756
576 536
634 81
968 485
1000 555
658 252
824 487
302 256
383 801
472 798
468 48
197 792
527 836
250 741
86 280
889 937
481 6
379 1036
243 776
41 833
634 767
999 751
1024 445
331 167
547 173
630 115
772 459
947 635
563 217
218 642
1005 328
30 263
64 214
964 917
299 692
936 295
274 711
1012 282
385 1023
389 347
241 704
887 585
521 562
562 860
41 902
917 555
132 18
763 196
909 352
340 269
212 508
1001 988
241 547
800 838
257 465
193 91
223 204
587 819
169 392
922 675
291 596
304 500
4 662
248 1088
751 989
475 259
276 906
538 557
576 708
1039 529
253 251
177 397
39 772
1022 697
923 598
883 310
512 1061
438 309
871 638
850 355
974 1108
826 952
562 179