540 716
401 321
791 318
649 69
851 699
605 359
261 153
804 341
966 397
1008 198
235 192
897 839
862 723
67 661
512 1068
960 470
957 403
939 81
842 379
888 997
950 525
1104 589
1061 390
484 419
881 1032
840 1081
417 300
227 743
203 269
717 69
195 521
633 321
116 314
395 813
362 872
204 699
821 370
675 264
383 79
679 51
662 23
939 516
155 393
122 799
553 1007
764 761
626 429
156 286
362 716
1123 214
94 1070
619 113
174 602
672 233
1030 574
520 778
557 550
834 730
1089 1043
753 60
1075 976
824 60
631 583
36 26
258 751
249 155
915 597
151 836
582 174
446 1123
930 992
851 178
360 776
323 472
598 732
423 219
840 656
681 55
812 331
935 202
293 139
1047 902
940 400
502 793
691 1109
612 1065
101 190
972 276
1062 600
279 543
245 701
326 131
1008 536
88 717
704 150
680 949
510 649
644 727
80 1009
1114 859
631 311
204 343
344 310
795 789
125 972
846 388
403 509
637 624
572 1103
843 847
302 1032
367 455
948 977
263 982
108 736
822 283
671 595
1101 312
387 441
832 192
742 992
233 815
829 923
819 815
896 356
907 519
286 297
168 1077
176 840
770 531
678 966
294 282
200 964
847 134
1005 685
791 923
1044 887
326 583
392 30
1030 105
166 273
289 625
747 732
755 153
981 794
748 660
231 287
426 953
480 552
730 342
949 632
980 241
790 1004
814 502
367 701
397 966
231 294
243 603
509 104
477 793
337 108
237 413
402 276
874 999
109 817
422 751
928 901
763 901
109 854
818 354
36 785
452 70
109 547
619 493
905 315
1000 493
587 617
725 887
630 77
234 810
1012 211
267 921
719 1081
920 324
552 1007
705 948
438 456
439 904
674 606
303 334
567 734
681 959
808 310
589 330
918 796
354 989
1037 801
33 818
178 766
660 723
456 412
386 20
421 585
174 854
1014 736
41 707
188 306
285 708
463 253
699 1021
153 745
502 967
559 858
864 961
978 571
401 697
93 102
479 316
259 152
497 814
50 930
32 220
761 895
334 760
143 228
672 384
556 1106
1018 823
129 278
1009 825
865 443
892 3
120 742
311 464
479 837
201 369
1086 876
1116 994
516 966
321 432
1063 535
548 174
183 499
182 302
958 287
714 994
617 385
318 244
500 1108
754 489
918 154
124 398
65 220
708 526
394 228
679 517
616 697
568 892
797 204
455 885
149 299
644 485
1007 247
422 1045
134 550
104 317
557 16
83 984
293 381
386 220
659 505
675 173
274 246
890 649
262 578
171 322
999 361
504 894
766 645
1115 816
813 565
960 333
957 252
919 843
977 780
381 415
552 142
380 548
244 498
364 128
32 522
1035 198
355 451
604 320
668 433
671 269
616 667
181 564
528 35
778 969
844 658
797 213
337 753
576 831
80 344
212 645
208 682
120 425
747 439
954 104
465 395
345 336
72 781
772 341
910 236
542 833
415 193
395 208
277 931
234 151
272 464
636 808
443 107
472 914
850 96
553 650
934 978
973 871
588 900
1022 963
427 901
629 877
381 182
877 1064
637 44
526 212
925 259
810 556
77 470
505 554
194 645
160 994
802 466
838 213
596 856
59 314
770 262
125 411
877 1010
300 224
656 431
852 973
290 501
936 186
364 529
818 752
661 604
361 1017
965 497
174 164
901 1060
555 604
363 811
1041 885
622 581
176 799
599 518
152 156
447 688
773 636
195 198
175 7
640 470
155 811
818 471
872 923
805 539
151 1092
238 1070
997 673
572 40
514 20
729 409
654 375
1122 125
817 566
822 1008
107 435
684 83
1022 1005
469 271
173 707
1006 952
1085 422
613 149
540 200
436 100
296 214
1017 382
734 742
564 484
1108 302
108 484
892 1078
717 853
170 900
576 416
319 581
359 465
279 772
865 410
512 907
351 212
300 98
811 1122
488 531
793 173
854 983
1044 329
965 433
228 353
631 250
881 497
199 711
135 386
651 558
882 590
92 167
452 1030
532 945
560 954
660 1045
248 797
663 779
655 1009
1022 458
127 216
285 598
140 685
1093 595
140 894
1035 700
665 239
1004 103
86 190
778 714
529 98
403 676
638 736
575 703
968 869
171 658
571 644
788 1036
52 884
162 366
757 192
949 985
20 341
968 1104
936 646
372 385
123 360
139 423
210 348
102 718
454 1004
512 577
64 306
500 461
599 121
492 226
672 560
243 172
728 8
1001 566
163 804
892 727
133 141
441 888
217 505
157 843
528 869
474 606
231 483
21 451
150 60
972 889
694 132
340 1116
750 923
613 262
461 11
713 410
296 857
882 395
122 927
938 441
402 300
963 386
743 376
688 532
310 1027
579 567
137 870
216 530
1039 597
537 616
431 840
451 515
269 879
1016 397
354 150
598 833
179 564
704 374
525 984
955 925
214 350
812 486
936 301
479 246
256 431
941 927
305 709
1042 398
656 617
537 69
185 871
362 267
821 324
902 551
796 1045
256 126
637 981
186 814
454 979
793 1072
858 742
694 902
400 106
766 398
280 176
1076 135
98 986
428 930
618 689
879 417
8 155
69 701
574 296
371 438
714 957
606 53
806 269
558 234
746 541
79 641
959 683
305 207
967 694
998 1031
945 33
125 432
952 310
852 526
812 996
270 199
755 324
894 754
108 608
703 719
433 257
461 697
951 194
931 980
113 514
1014 1063
1015 744
342 990
674 884
1011 183
496 624
227 874
961 337
185 894
819 244
408 488
631 338
320 435
349 861
644 431
1000 521
854 296
322 108
524 12
935 1029
188 1090
518 821
937 581
579 313
775 255
900 415
160 388
551 676
112 775
740 741
1003 180
948 1105
557 592
24 1100
754 383
119 721
758 618
213 567
6 513
523 154
464 977
724 681
441 803
187 932
166 703
938 814
788 17
347 737
971 493
870 337
451 451
619 960
265 154
113 580
417 295
1013 725
557 898
226 784
622 227
753 573
296 496
735 358
843 104
390 164
624 262
916 896
961 284
454 699
445 216
388 741
583 699
902 216
580 725
813 162
1091 1015
157 941
575 880
958 451
340 245
97 318
955 860
325 803
455 21
982 896
233 620
113 154
462 266
919 791
527 208
980 481
971 39
912 979
84 116
1001 607
1028 640
206 348
118 993
547 792
521 1011
438 626
88 490
219 144
163 729
305 411
244 355
318 229
896 304
180 314
205 325
103 649
277 622
183 546
361 882
1080 485
791 66
398 918
463 142
432 236
942 209
781 1117
269 751
574 614
761 676
709 735
436 155
576 566
880 329
709 409
858 515
394 510
217 943
761 46
967 1003
986 222
820 603
177 309
8 124
18 748
755 77
801 932
272 500
638 193
521 121
35 330
786 946
959 938
539 907
39 258
504 63
2 517
895 987
421 40
175 491
943 457
1044 902
591 368
584 999
684 491
857 199
434 253
385 172
900 403
673 894
273 585
810 529
996 780
556 959
389 979
129 185
176 577
269 579
865 555
326 802
169 937
502 153
351 375
1087 535
320 991
596 166
160 243
934 703
231 604
432 873
928 921
542 825
536 608
994 76
834 261
465 456
987 612
190 776
176 964
181 284
985 726
114 1118
623 232
514 956
736 604
973 70
950 757
118 922
400 996
160 157
536 951
945 528
1014 643
796 202
363 939
737 739
982 663
932 110
167 529
279 825
630 372
317 91
317 159
433 228
164 854
485 906
10 784
974 530
925 290
343 603
189 306
941 148
833 424
699 163
316 396
542 1035
614 810
291 305
957 382
391 6
443 460
735 220
301 248
656 1021
446 418
953 992
974 483
1087 854
1058 317
413 136
789 924
142 1112
749 843
723 270
701 634
952 608
167 986
880 231
82 856
799 1015
372 843
649 1009
415 900
873 1107
129 169
140 611
206 975
126 126
788 444
1032 510
279 124
404 763
423 375
202 588
514 24
483 324
552 734
527 857
575 1120
658 177
258 488
559 501
144 212
792 1030
845 232
176 422
1118 107
947 806
803 236
943 1084
282 286
517 117
467 107
623 317
947 923
369 438
84 163
1109 734
437 333
435 172
491 914
802 304
528 815
1085 789
606 119
365 968
407 621
683 559
140 825
281 548
646 97
1072 1075
315 1
744 591
364 250
918 472
320 965
490 930
610 641
939 1079
947 1091
831 502
929 858
958 925
257 118
949 441
826 634
190 422
385 214
807 852
1046 1002
139 404
140 999
484 708
221 840
859 467
809 117
633 503
203 582
103 63
787 600
863 196
798 489
835 857
460 137
1006 562
681 845
393 1040
72 223
345 832
264 412
767 345
201 579
1119 923
808 545
108 992
1078 326
1071 794
114 860
167 443
451 823
369 262
844 779
952 288
479 954
91 955
254 614
621 463
155 193
1081 994
565 292
919 387
787 443
541 566
261 503
842 684
881 554
52 642
825 781
912 704
57 0
635 384
770 828
975 325
884 7
947 292
409 536
910 572
198 90
862 974
511 483
876 791
219 220
579 307
289 49
730 208
636 1012
865 662
335 761
1115 751
416 604
557 256
499 1041
635 594
348 106
408 652
449 584
469 481
1036 441
506 933
996 890
732 342
935 992
1018 965
877 513
891 872
535 474
1103 934
820 402
453 898
478 204
776 743
796 336
846 762
778 123
1037 283
305 365
367 570
844 714
1000 340