185 393
807 155
244 622
566 262
629 916
234 498
589 694
554 1024
848 706
316 350
176 534
894 262
535 506
664 740
846 938
981 685
295 475
770 851
362 609
970 381
726 934
580 601
483 732
845 627
996 1107
994 577
1061 224
45 383
734 736
358 967
136 162
764 1031
549 614
621 301
929 338
914 867
145 587
567 183
77 445
394 863
315 256
67 494
243 696
196 53
142 383
785 580
754 710
481 895
183 305
398 563
104 991
714 607
190 876
651 403
507 737
810 236
618 869
327 210
885 809
491 1123
665 564
897 612
721 638
205 891
615 839
182 105
901 463
839 539
264 752
265 758
182 136
627 832
747 741
237 207
864 760
1014 540
796 520
477 1081
369 51
6 131
154 717
910 312
767 556
1111 573
84 1096
887 263
1009 322
431 902
626 108
919 237
556 823
290 913
477 692
527 166
776 1017
1114 241
249 494
772 457
449 315
483 951
84 194
927 473
691 151
805 229
1114 607
1036 1038
495 556
953 865
510 263
94 978
375 818
132 619
363 462
130 480
558 551
940 597
1008 425
839 437
251 359
284 774
1084 681
476 378
136 402
129 163
738 745
146 486
852 332
284 362
732 410
254 717
1007 150
1112 421
517 874
1081 737
750 418
478 1007
272 686
288 625
503 639
588 735
714 579
915 656
1030 399
893 695
627 373
162 755
303 208
525 1001
225 269
1083 263
813 208
806 551
1032 362
1022 529
633 828
216 975
572 252
1034 76
578 188
657 198
725 714
900 891
245 500
130 230
709 237
583 206
62 628
224 922
771 164
879 524
118 225
495 194
874 253
445 802
175 739
391 628
267 257
782 368
202 649
122 610
678 648
164 126
1022 55
944 941
535 962
731 946
162 298
219 863
873 45
117 614
810 843
519 135
670 258
895 593
467 151
875 787
741 455
122 863
373 961
618 201
957 926
1075 1053
266 593
227 335
801 1069
603 606
283 802
653 167
564 851
703 751
890 368
496 131
689 794
657 558
941 448
842 917
378 685
789 631
1027 1057
395 1082
525 954
341 1061
347 1009
301 75
506 508
110 142
484 274
905 203
671 206
161 768
917 210
976 538
487 284
514 486
549 800
359 456
85 1000
140 693
800 1062
747 539
1072 200
780 698
190 977
1010 434
1040 1071
2 399
644 711
228 225
141 767
963 403
614 866
115 929
773 894
41 482
467 565
16 272
678 765
553 118
111 679
115 998
564 683
572 196
842 228
535 176
243 145
799 83
1029 930
855 876
544 665
915 938
616 878
966 978
1055 900
541 775
220 234
596 522
874 841
119 990
239 402
783 208
674 439
101 852
642 103
323 236
263 237
689 224
902 792
942 811
103 261
344 641
428 149
733 1052
808 611
107 259
18 571
1101 489
290 633
455 414
890 259
31 892
234 321
429 314
714 20
689 622
98 134
162 63
908 306
854 454
254 633
1008 604
761 1087
366 162
1018 834
676 466
964 698
971 784
1107 274
814 604
923 81
129 919
1018 15
196 948
66 541
263 686
881 859
543 188
707 781
740 420
691 473
1084 825
793 243
240 880
457 877
700 115
52 792
508 877
182 747
644 864
469 73
313 637
870 310
1006 586
225 559
897 855
770 436
606 372
620 859
128 305
372 661
991 253
107 1110
141 728
30 225
292 139
589 637
510 36
655 727
486 282
1116 932
728 291
486 300
164 818
204 140
116 725
765 669
799 1025
935 737
123 431
955 503
858 835
948 270
552 368
980 905
624 231
743 798
816 240
990 858
1021 622
698 188
1121 940
971 181
260 503
259 563
528 1002
915 439
336 652
15 247
413 996
530 192
275 923
905 382
295 325
763 293
818 591
20 782
557 103
5 509
278 697
430 238
403 68
435 999
348 911
361 397
715 327
881 600
838 884
1 1035
380 1067
526 886
265 523
239 432
826 931
64 690
797 588
611 557
844 338
798 17
752 696
298 202
136 263
234 685
723 258
821 535
279 330
562 820
75 528
340 954
851 355
269 615
737 325
1091 601
351 109
443 924
723 327
820 260
782 816
46 646
385 1082
1102 288
72 330
751 632
376 51
330 744
443 845
757 972
1066 582
957 326
316 60
375 369
461 263
856 866
960 271
662 1009
280 867
1012 622
695 692
730 664
265 924
218 883
228 978
790 641
705 374
934 277
139 872
664 536
165 1023
342 693
306 789
779 824
863 933
613 179
1060 141
82 14
612 882
733 484
241 579
235 669
428 766
825 803
616 153
871 728
413 763
539 380
171 672
34 394
544 1064
285 649
375 448
854 657
1082 1010
984 140
974 165
157 294
277 203
1048 99
747 1062
968 665
364 674
528 661
649 565
828 952
802 820
804 935
1076 818
631 777
364 265
371 303
215 106
63 753
1058 438
842 817
524 938
550 450
882 797
344 219
715 671
905 425
957 402
941 1001
20 878
693 607
185 281
953 820
932 348
932 763
445 955
670 271
1023 729
9 702
120 140
478 440
1049 359
872 572
954 712
321 316
1017 316
415 378
232 810
274 515
941 758
851 586
589 941
879 900
621 685
694 243
324 287
327 660
132 934
1103 116
383 139
977 260
908 257
309 323
195 906
259 105
906 133
299 1107
761 837
294 434
400 462
1114 457
711 765
64 416
350 1021
104 287
1093 758
253 178
270 296
502 209
89 623
308 677
947 870
808 371
747 548
604 737
446 740
538 808
337 844
817 784
868 155
228 301
100 424
266 483
357 1015
778 588
666 883
1122 995
477 801
775 361
1034 115
578 576
825 518
383 761
139 821
253 182
470 887
174 134
373 862
353 330
599 1015
1012 813
302 88
992 326
1006 8
336 543
702 601
823 342
587 398
979 291
355 675
558 528
861 537
800 489
318 1066
405 387
155 751
79 329
613 1062
342 262
739 1057
653 899
1039 197
371 915
827 115
855 942
323 629
460 581
711 859
610 497
393 256
591 579
852 938
930 524
103 126
655 566
1105 477
835 361
645 947
1115 599
592 1004
92 930
745 1054
738 595
1022 261
175 253
1052 38
650 805
556 45
374 830
172 170
499 493
699 332
487 660
936 689
741 810
980 657
387 936
295 159
629 398
876 524
183 252
705 326
943 826
482 767
513 722
1044 982
245 627
428 815
321 951
832 258
531 539
274 972
181 679
356 641
397 497
823 1017
275 870
831 263
1106 519
498 235
704 566
359 120
165 327
198 994
321 923
278 824
626 543
874 403
541 1001
855 778
562 517
838 166
172 139
878 187
164 501
752 185
325 638
949 235
898 758
176 51
904 699
240 502
633 913
452 192
994 306
226 779
203 82
1060 475
349 1107
229 652
942 364
1088 367
107 132
239 702
925 742
985 605
412 108
663 355
264 101
564 361
907 653
716 1026
1094 587
983 677
335 679
878 85
173 1013
794 405
232 303
179 689
840 316
43 489
602 541
788 424
462 504
434 199
355 963
477 764
452 290
582 838
251 878
0 565
520 532
66 917
698 359
619 973
795 814
417 586
586 174
621 749
933 317
946 930
334 1015
733 700
238 244
1053 391
248 657
963 169
872 272
300 597
607 99
549 437
527 977
719 1028
502 437
1068 639
311 144
477 945
307 471
660 916
431 779
308 533
878 1014
815 516
928 695
33 446
490 1055
11 943
46 351
825 866
483 570
183 279
925 883
1041 927
545 296
434 899
46 738
195 508
502 126
348 696
365 1007
871 632
299 111
515 476
993 947
363 2
668 760
760 560
743 666
827 768
983 562
591 976
626 738
494 969
704 300
931 268
182 546
219 299
1034 1005
823 621
313 186
737 741
337 694
438 613
407 928
640 46
294 764
1020 110
774 403
157 557
302 642
970 863
795 688
702 638
166 846
470 219
53 725
436 218
140 522
568 444
993 852
334 160
207 912
55 55
270 808
465 1094
621 613
922 953
395 264
502 1081
1009 1039
560 380
828 984
730 532
830 694
968 77
108 939
491 656
669 790
313 765
243 883
1072 879
314 413
1036 396
167 145
585 936
466 645
517 638
275 454
168 432
81 72
621 235
404 512
801 292
24 694
811 456
189 989
1023 368
123 670
422 800
884 947
109 812
840 694
821 726
865 1002
355 821
214 947
527 975
200 840
430 181
293 661
571 730
629 461
887 703
358 114
722 605
593 439
392 820
211 526
368 1119
1011 388
213 311
332 571
790 319
784 241
357 524
50 95
971 381
1059 512
622 748
476 347
422 427
879 606
749 803
129 516
134 551
255 796
188 698
600 436
842 634
941 438
1006 958
483 987
1025 731
975 724
1054 417
141 734
924 797
419 91
1112 612
295 367
831 868
222 706
490 113
101 12
52 621
250 511
485 503
1053 847
239 215
29 722
862 644
1112 29
795 624
255 590
1097 125
989 870
251 835
163 704
585 427
4 812
1114 320
294 565
353 1115
49 805
316 128
318 800
1017 277
340 480
1114 2
138 382
860 1014
794 980
114 576
477 846
952 1039
447 276
709 374
1068 556
416 533
991 578
848 734
786 359
269 494
1070 797
931 474
931 892
261 793
411 239
269 898
831 772
962 127
689 865
893 288
877 5
394 859
271 499
363 911
322 421
993 1005
879 733
189 364
645 101
1032 877
736 702
546 563
322 1065
1005 401
600 70
395 1058
792 624
657 181
1008 700
301 777
825 44
445 700
414 121
1088 489
665 744
561 409