329 1069
986 916
783 122
893 330
432 833
322 520
19 1020
518 63
132 181
868 519
598 202
127 218
970 789
297 902
615 15
638 665
852 703
1069 1053
180 612
760 510
713 105
98 950
399 254
502 796
274 611
1093 404
600 647
973 212
38 783
1016 636
663 549
110 378
614 353
223 122
179 80
947 344
803 356
675 178
374 617
704 298
457 295
946 16
281 490
643 314
812 775
284 585
177 198
376 224
228 158
560 347
987 516
706 770
626 764
477 773
441 240
1072 307
560 662
273 948
693 607
649 9
1083 992
318 731
337 973
836 883
760 347
640 969
239 649
521 587
924 615
984 417
513 567
354 1018
464 156
60 624
130 202
315 36
856 662
900 560
990 411
46 908
581 643
255 710
918 701
1088 993
896 1045
604 761
759 166
842 523
48 158
514 165
443 1056
561 818
398 1077
184 724
19 838
335 976
1081 763
765 829
1021 530
191 208
362 229
817 308
471 678
953 558
217 391
930 616
548 1084
227 193
964 258
929 241
69 520
413 825
507 366
58 19
41 975
830 476
669 474
1007 636
1032 670
705 711
289 956
1046 736
868 422
965 844
1079 399
774 872
611 259
526 670
112 737
150 85
547 584
385 487
370 889
751 247
478 759
352 580
805 758
709 362
986 751
191 667
783 395
1073 561
782 274
1096 233
384 1117
634 394
661 122
509 561
160 908
359 35
685 535
448 232
485 255
711 147
389 607
498 516
927 735
265 421
129 670
813 593
725 42
292 763
928 1069
504 611
1012 803
128 553
176 651
827 893
243 189
579 400
758 436
1028 167
793 882
438 817
619 526
1063 381
984 786
822 872
819 1002
699 547
49 323
195 303
336 725
647 683
1100 839
819 765
300 347
742 46
476 300
512 764
168 280
476 279
527 538
1054 609
179 418
399 962
842 849
150 895
42 286
202 537
241 391
566 782
422 312
129 998
228 910
943 304
477 297
383 630
771 843
118 240
553 584
954 751
547 953
531 437
1073 976
427 272
520 101
533 177
716 834
1012 714
88 950
363 110
296 969
647 1072
1083 750
420 562
734 836
90 180
359 388
769 474
333 943
118 665
707 199
406 802
609 1104
42 905
205 86
540 649
407 730
906 625
130 10
290 346
277 511
493 672
302 779
423 288
38 522
771 858
51 6
898 758
526 236
109 67
811 1079
395 969
49 421
559 220
409 392
1007 395
1053 533
689 610
216 278
719 462
515 1029
830 637
216 444
673 475
816 423
4 311
877 469
510 299
511 151
406 622
465 592
794 1005
55 591
889 1049
1050 667
448 303
942 1032
227 295
193 334
444 729
968 805
338 374
593 643
862 697
707 1093
167 1005
843 327
661 426
1009 693
745 801
963 675
578 1021
462 927
570 898
879 822
921 1041
915 530
589 201
939 432
532 424
1072 619
338 64
178 153
647 1000
976 633
237 320
603 135
157 866
202 967
395 951
1009 811
769 480
8 748
912 774
546 574
1062 274
1000 298
668 1007
910 363
984 1076
991 952
833 238
898 272
521 358
587 1108
234 621
858 533
133 953
1089 571
451 269
1054 450
30 255
474 477
203 148
228 103
744 651
31 529
825 186
629 562
238 400
762 136
999 1098
515 221
404 990
783 247
598 136
455 324
866 640
604 634
268 213
963 309
992 318
737 1024
293 77
482 1024
276 169
605 717
951 186
803 106
469 606
432 307
817 772
433 383
284 1018
807 1006
252 220
44 124
462 343
454 749
825 901
356 953
467 184
765 653
672 577
774 566
946 640
654 556
976 629
877 314
339 403
740 142
909 1102
1032 836
819 535
761 268
701 574
124 245
996 944
386 807
927 234
193 933
138 1012
234 244
840 56
249 267
783 25
265 85
616 599
324 150
751 584
130 653
249 574
435 661
1101 985
1002 976
737 347
975 194
925 448
623 457
923 981
1042 180
599 970
1071 230
778 556
289 857
459 752
422 955
822 380
912 1034
679 529
922 710
201 1020
993 485
699 1031
102 191
214 415
662 451
821 19
216 392
134 1108
301 564
141 416
179 668
698 384
1122 968
619 1120
831 980
254 568
8 133
379 1060
840 299
410 921
822 811
912 283
19 746
131 331
655 753
1023 791
877 430
206 292
836 217
223 951
327 640
910 1012
85 346
520 318
813 978
653 144
519 561
976 231
188 384
95 309
1001 471
231 156
667 708
431 560
608 895
813 607
210 474
336 951
177 763
471 639
999 27
645 833
1008 679
670 524
570 434
845 702
269 463
759 191
1096 346
411 1072
39 840
796 566
519 1022
380 334
935 338
457 282
438 367
316 820
824 124
224 351
232 443
497 778
250 130
573 134
280 730
1008 433
829 740
787 324
227 286
489 283
303 151
166 382
141 922
128 226
680 408
447 988
757 139
183 244
411 244
59 337
825 512
501 32
554 571
348 891
112 192
209 266
206 434
382 691
118 218
920 21
809 509
867 854
604 1026
703 786
476 816
720 16
748 1077
638 261
1019 588
526 205
947 1062
267 995
256 602
578 584
1067 440
744 545
481 327
981 971
452 693
753 414
479 636
556 170
129 874
730 954
589 955
753 868
384 734
964 491
841 887
152 253
926 324
611 655
367 259
731 626
100 96
829 653
909 164
223 1032
281 83
755 518
1038 907
461 635
385 114
482 77
912 289
234 712
748 740
1027 217
964 1004
95 852
28 804
331 314
180 715
489 622
1119 824
136 609
735 832
106 252
550 163
182 430
738 1089
990 722
875 130
991 199
393 780
711 195
411 604
887 621
661 924
370 549
1114 352
577 593
756 928
144 1101
183 764
1000 186
103 620
734 64
292 505
239 501
145 534
797 774
450 510
1014 442
379 190
978 179
787 84
110 665
528 90
7 387
479 835
453 853
1104 639
400 304
369 575
775 1047
355 293
295 669
742 759
110 846
749 219
625 997
657 710
835 1023
1025 570
103 345
386 197
1059 618
379 222
606 1008
981 567
16 758
990 323
271 211
112 719
796 718
116 248
304 197
91 852
157 654
226 1035
8 559
459 779
1007 223
255 323
167 128
505 330
740 973
510 426
764 465
761 597
665 562
405 542
629 464
1023 966
378 146
732 215
563 523
865 594
998 957
86 374
427 790
232 735
824 175
896 103
502 442
1016 395
91 436
479 661
489 251
510 408
131 916
264 1088
686 1119
331 848
591 908
771 1117
1074 1101
313 675
756 461
236 868
517 197
763 504
376 1004
786 230
245 34
512 947
713 759
919 843
451 885
658 292
369 661
673 513
748 775
741 816
185 966
757 137
337 778
771 268
919 942
509 248
407 726
435 160
50 680
1001 835
936 681
991 276
98 414
293 636
233 652
543 188
433 433
431 853
770 184
836 551
532 886
738 821
1017 542
380 229
704 1070
819 661
343 730
45 752
773 911
718 818
169 201
759 399
962 207
514 1056
1024 501
616 721
518 12
268 290
393 283
834 983
749 334
925 1107
230 558
923 156
518 337
622 784
404 200
830 931
1051 712
50 202
243 1029
1058 281
615 485
515 199
617 764
525 219
847 714
988 699
815 313
305 129
736 717
286 521
218 470
271 974
383 203
268 195
67 958
85 961
810 684
847 239
704 202
997 1083
329 175
114 688
249 737
1014 873
41 744
340 40
291 1064
113 1112
824 490
256 323
473 758
277 957
503 184
372 352
478 647
817 192
518 74
998 566
396 145
754 854
836 398
464 485
768 857
365 666
369 810
300 277
347 674
784 616
842 32
1057 675
515 378
797 623
388 803
871 785
176 1103
761 401
862 995
737 38
159 159
1034 337
198 87
270 243
818 780
1065 677
699 156
124 701
854 1078
1040 402
266 851
1105 520
348 590
412 614
349 274
292 69
482 660
1105 757
810 885
417 1010
359 240
730 955
195 423
455 603
689 533
622 82
480 250
945 1105
587 1121
902 351
710 448
908 1035
127 877
823 148
647 848
879 217
640 892
696 280
504 868
978 32
380 140
481 852
334 960
1039 245
210 176
433 315
849 824
858 668
992 198
201 368
1020 747
490 453
999 594
811 69
467 129
962 441
725 922
659 749
156 845
206 269
186 354
827 173
483 385
524 3
91 224
879 411
374 1019
934 579
195 811
233 291
492 657
574 650
549 134
236 132
274 841
674 353
571 310
813 340
142 322
128 504
1050 815
684 1016
571 582
394 911
891 345
663 557
992 494
299 1020
532 608
1105 386
356 645
114 479
797 648
793 120
411 805
462 146
284 733
41 757
404 266
28 970
121 857
942 971
661 320
632 1014
594 171
105 547
663 813
539 617
281 694
786 171
851 177
379 984
713 995
241 234
713 659
381 221
516 900
780 614
289 815
873 451
688 179
610 848
565 78
362 967
245 819
961 43
752 45
739 692
961 612
923 147
1119 1021
467 86
932 327
647 613
123 113
390 298
1012 506
447 753
743 172
290 112
394 560
139 1088
480 962
458 990
876 424
47 901
1000 209
325 296
481 201
398 894
186 1073
600 561
744 811
908 919
402 426
823 564
1041 503
273 1017
838 279
536 61
930 605
692 1014
990 330
478 1072
835 1039
297 49
156 824
745 737
650 365
203 684
236 271
656 251
1 591
792 922
714 470
522 185
563 906
356 777
983 302
675 631
50 430
607 346
776 536
570 164
252 490
138 408
79 618
457 174
369 501
191 302
299 997