976 729
374 556
402 132
540 669
688 728
793 717
586 652
292 374
41 385
1035 141
558 231
172 752
542 223
37 383
708 1001
29 864
181 159
643 256
538 570
723 674
155 132
488 441
429 844
534 417
889 642
49 267
283 968
992 879
474 806
653 390
512 278
637 414
535 280
396 165
1093 970
279 837
854 327
829 329
196 179
846 1118
872 14
245 570
931 545
409 374
1014 272
143 595
244 718
863 998
487 480
127 124
614 156
923 392
969 339
1118 387
989 73
688 201
285 492
641 324
325 188
806 1042
760 509
706 346
625 154
539 542
1037 589
261 975
570 25
71 312
369 749
916 416
851 241
944 938
380 34
868 786
427 309
1083 901
360 879
926 225
1036 763
873 143
471 856
903 10
554 141
955 1113
844 543
328 695
654 421
874 214
338 122
1094 389
131 244
820 495
233 1002
731 583
620 825
365 1026
619 438
227 643
633 178
35 439
481 47
992 209
937 698
139 377
865 700
1111 527
558 781
17 760
430 827
705 872
184 802
636 638
411 468
475 693
208 158
199 782
441 1008
646 900
980 210
857 839
279 77
231 687
663 497
378 584
379 494
280 313
473 575
336 137
678 902
702 719
379 212
239 999
38 79
673 907
878 840
1053 713
345 346
703 754
355 488
383 336
725 779
808 746
226 529
618 749
180 725
547 754
737 188
995 700
848 175
696 561
168 989
508 506
978 262
125 796
961 924
884 605
428 118
714 708
219 993
691 116
712 1114
380 549
693 959
999 636
544 653
213 250
636 25
168 766
931 380
354 765
497 520
161 625
86 1051
788 101
545 62
697 833
202 333
912 760
774 489
363 207
1106 243
1023 1021
331 940
411 496
187 645
855 754
896 640
163 876
397 258
463 138
955 873
306 640
584 435
807 671
341 248
600 758
697 128
62 883
541 950
487 919
640 870
642 879
501 256
248 63
625 134
196 326
456 681
121 856
615 201
801 950
192 373
332 973
254 564
954 867
1 448
822 539
27 520
973 976
855 402
93 352
883 878
441 906
431 269
665 625
924 625
510 446
942 630
885 968
146 1016
923 1056
467 299
423 514
559 979
150 901
431 530
807 607
877 839
632 416
429 217
108 114
1013 713
718 619
1009 948
25 687
382 122
937 110
762 178
34 520
139 272
263 757
1094 244
377 742
136 606
120 303
533 117
669 454
242 918
953 217
538 125
1086 536
171 628
1004 115
465 189
919 194
50 198
310 649
351 488
778 466
375 350
624 222
529 586
680 976
626 896
287 87
297 466
503 395
596 566
877 156
525 437
906 904
779 478
653 900
1097 312
672 295
290 667
314 759
528 191
801 636
925 960
49 281
27 589
447 26
792 422
306 1092
791 1
67 260
517 832
771 945
231 898
942 562
737 273
509 279
733 255
664 689
196 316
61 699
345 127
292 515
745 686
324 1120
738 9
622 1099
833 370
704 1079
737 844
891 634
786 869
337 762
745 297
181 599
166 109
12 625
422 481
425 718
858 822
748 213
241 227
295 968
168 636
596 576
388 607
849 612
485 707
894 948
317 882
484 597
618 909
895 726
925 186
994 501
340 542
336 910
850 751
482 498
358 553
615 655
913 271
907 219
187 1020
444 567
224 245
637 788
899 641
532 543
838 452
459 487
978 611
666 868
1018 668
131 368
544 447
1065 886
693 1
1077 113
707 912
627 203
177 676
397 1020
512 435
477 488
168 788
112 260
1043 273
48 597
772 819
566 236
1119 1096
746 849
279 895
979 206
607 929
363 845
1077 867
622 437
866 762
257 357
121 756
469 740
670 621
316 308
791 417
156 780
426 71
106 147
190 273
154 410
258 476
972 967
398 669
873 775
185 606
223 196
839 381
270 781
1020 265
1061 439
464 1083
667 633
940 107
649 893
565 511
976 636
1084 403
223 542
297 276
531 569
150 633
425 386
997 106
407 698
830 660
339 898
252 764
489 268
902 598
944 728
1022 656
562 798
661 685
778 871
210 1041
718 596
724 640
430 498
606 244
1021 434
954 944
621 701
420 916
1020 985
777 18
285 938
934 546
684 317
751 393
790 94
305 289
724 480
762 635
174 950
650 488
706 756
597 626
669 757
208 374
1002 270
951 105
762 193
180 338
227 573
764 898
988 790
193 972
508 294
223 934
649 362
749 687
471 970
631 475
842 546
897 306
858 589
793 608
1053 805
303 980
189 866
423 662
802 984
235 469
433 491
800 484
1063 142
322 298
161 275
960 979
220 668
721 802
619 195
695 897
952 983
800 1070
60 55
452 685
834 1045
921 966
817 538
702 417
520 217
401 339
458 525
799 579
508 295
1010 942
7 788
27 402
657 33
976 682
474 770
398 943
83 502
240 7
335 921
328 434
268 369
993 512
624 99
309 57
912 717
833 363
545 507
392 29
362 274
898 611
557 589
1004 389
156 931
238 256
175 850
191 544
1020 530
456 1056
1030 444
1096 1065
193 847
753 571
853 879
813 746
1018 7
389 143
772 902
660 22
215 57
668 282
905 1066
435 134
414 43
532 794
115 959
127 879
951 601
608 268
463 72
814 959
617 497
956 861
466 1077
360 564
123 341
258 700
181 556
803 70
995 157
810 599
245 733
452 716
219 781
190 294
883 557
501 583
526 692
463 791
821 156
444 779
336 181
807 79
351 222
462 989
548 508
465 505
675 974
648 1064
531 574
838 971
949 663
807 551
219 890
809 474
632 970
638 359
462 130
510 695
623 907
553 257
647 882
673 823
885 609
789 364
649 52
160 137
945 46
172 297
919 361
1075 558
1011 750
567 917
429 737
730 770
873 758
957 155
710 472
418 293
511 921
348 998
867 749
193 699
592 489
367 660
778 426
272 837
606 433
616 519
197 509
612 629
5 939
132 913
927 830
733 987
41 786
486 272
811 246
451 714
64 386
664 336
1021 264
361 883
273 338
903 411
382 1021
546 540
296 114
175 959
356 727
602 987
339 663
315 947
423 657
426 285
810 655
205 70
558 449
425 32
964 180
121 683
432 115
51 888
740 976
334 823
580 321
174 142
585 934
993 932
673 919
2 540
331 408
500 958
382 203
569 999
1083 794
1014 951
787 338
263 820
567 976
756 438
230 686
678 346
596 455
611 260
480 127
577 559
245 696
507 383
925 256
923 360
607 529
478 143
16 909
105 1014
331 280
891 259
732 399
759 590
186 301
327 259
812 343
840 447
110 659
5 1072
604 1109
542 810
366 455
135 352
365 332
769 843
890 81
152 147
853 298
426 296
196 347
278 947
589 225
748 736
1020 853
955 699
641 361
258 1013
837 962
989 462
4 183
842 187
378 130
842 979
305 237
696 595
443 166
599 209
779 886
150 577
1001 498
678 1032
214 388
409 976
281 732
619 672
411 362
685 521
113 565
1040 343
1064 994
102 313
741 123
403 767
814 269
890 598
124 420
204 765
545 500
322 155
108 726
695 355
1020 4
1086 124
434 976
905 376
506 617
92 321
908 643
849 235
350 431
575 903
509 770
58 644
580 960
936 955
120 854
842 90
157 653
164 162
901 509
907 814
367 959
823 468
178 383
1104 552
131 814
156 527
951 374
177 195
694 363
663 5
20 207
101 1102
568 972
859 1025
198 354
207 306
184 778
1016 601
329 68
117 122
453 397
624 734
780 246
256 133
118 544
1105 106
887 181
866 884
420 597
460 256
513 297
89 668
683 883
412 51
820 565
353 85
845 665
466 468
1063 93
746 401
78 644
127 306
1031 144
371 213
249 355
609 519
526 88
772 578
369 1057
474 218
670 248
666 711
385 394
880 121
748 335
313 109
773 327
1039 583
427 677
758 137
559 577
191 382
549 374
88 270
835 1086
185 96
1061 566
253 441
778 888
299 432
208 838
372 802
355 71
576 932
995 438
737 859
638 757
591 337
542 240
988 470
159 752
578 799
96 414
61 785
209 742
119 192
585 234
129 376
984 531
609 413
107 977
579 181
686 626
100 350
613 936
135 950
1103 941
399 727
455 706
621 185
572 1020
279 810
556 817
333 825
52 177
217 303
151 184
157 101
151 768
977 730
994 1066
805 17
449 182
675 754
1010 353
864 210
789 871
1043 459
545 472
158 1003
567 748
397 418
183 271
395 1006
849 327
926 991
102 637
733 738
335 538
632 727
601 282
211 151
803 959
626 533
969 626
61 854
769 259
36 275
767 724
826 371
724 389
722 164
919 840
577 352
288 692
279 339
917 1053
941 534
973 701
317 282
302 345
237 257
899 262
973 234
183 218
422 445
872 588
491 1090
951 182
464 116
491 427
758 677
800 932
397 147
1021 167
994 434
86 309
254 503
339 1022
200 656
667 981
49 449
566 900
913 495
384 746
192 261
794 341
288 852
419 318
763 792
954 444
123 71
751 541
401 766
1090 686
162 247
920 334
265 1040
516 885
811 1001
72 784
664 1019
764 851
556 114
530 44
28 1092
332 360
627 320
675 619
80 606
401 286
963 722
132 351
962 146
315 551
590 888
817 1103
659 336
209 1108
546 1096
10 579
668 792
987 784
316 1107
465 964
708 767
1014 790
145 104
921 464
447 103
148 856
245 939
629 847
290 361
1 1107
283 531
693 780
481 481
655 297
409 1023
864 853