238 494
432 176
1069 837
654 61
484 715
1085 998
539 54
443 619
253 253
878 417
194 211
596 99
573 631
523 966
668 208
748 912
823 283
227 489
675 602
5 1049
1085 461
358 466
129 788
837 1007
1052 96
497 1071
456 363
604 993
769 1090
134 392
397 518
575 625
635 828
281 464
507 468
473 138
512 283
740 250
107 489
156 233
871 1117
788 57
820 162
84 1061
935 280
697 737
347 722
949 332
482 397
818 416
572 572
160 1117
950 196
415 424
736 573
474 207
9 250
229 179
527 553
629 1033
425 402
478 100
441 576
184 744
368 1009
742 763
861 803
344 316
1009 418
511 435
232 608
758 763
164 64
1070 636
126 138
417 331
1008 632
507 844
132 151
562 333
126 131
925 296
412 428
167 205
283 191
812 915
850 581
263 1026
263 921
717 382
552 790
494 766
280 631
378 302
249 1086
1010 194
660 283
943 854
120 320
3 184
472 941
974 683
378 796
1035 159
243 169
580 415
378 971
343 342
910 604
818 689
790 929
416 207
1033 672
684 1018
258 325
134 679
595 49
941 803
590 606
781 712
1045 444
378 976
858 305
155 476
475 1011
1002 540
482 286
892 254
745 299
861 367
587 294
730 537
926 726
530 200
366 482
785 856
148 152
335 749
881 464
612 298
646 581
748 271
528 806
622 23
873 227
352 791
174 72
366 813
673 96
675 210
209 726
555 1011
730 966
490 234
675 795
853 1054
882 500
559 325
371 1055
826 799
274 1087
751 58
864 533
614 429
730 258
138 601
503 877
339 531
650 140
477 869
153 345
346 683
82 4
875 231
670 1010
428 608
541 1066
880 581
494 500
266 926
836 901
813 480
488 964
1022 96
46 980
463 935
255 179
795 924
809 449
1016 541
142 129
224 163
143 984
757 654
704 846
550 114
105 382
758 911
430 317
978 385
717 4
552 513
1084 977
808 638
901 816
350 826
64 186
459 494
705 326
420 144
473 942
118 314
955 1013
683 531
276 798
176 271
885 392
145 114
499 762
661 1022
513 915
533 485
795 39
571 201
490 1096
359 634
563 15
786 924
974 894
982 489
377 810
385 114
485 451
376 645
244 844
606 420
523 946
950 198
437 73
473 31
598 230
357 511
101 941
498 698
393 476
158 96
578 111
883 115
238 1057
110 126
510 132
175 114
557 964
391 486
179 616
50 723
282 907
133 317
717 922
814 977
882 130
1066 761
934 969
1003 888
850 903
571 685
575 822
864 695
870 697
1025 844
531 851
1052 498
944 45
713 742
874 1044
419 301
938 569
452 455
75 415
662 666
759 735
832 1013
350 723
938 482
211 752
237 833
829 622
965 66
414 948
920 23
763 372
187 490
1111 278
371 940
615 1030
399 143
782 272
379 383
1093 932
815 595
674 452
529 994
964 545
1064 937
713 1050
674 132
1000 1061
959 402
416 545
575 919
987 607
841 130
469 289
126 981
85 721
473 739
563 1019
967 481
347 440
88 146
978 787
143 72
116 12
504 694
912 814
304 351
317 775
170 139
925 414
431 1019
61 342
178 348
189 805
405 241
992 564
1083 611
809 186
111 710
583 800
684 532
812 568
78 380
954 497
477 847
933 459
72 823
100 380
320 178
654 395
245 858
654 640
124 134
182 231
106 785
942 568
293 820
211 291
354 54
91 589
894 234
1020 944
616 155
781 460
873 824
999 988
942 677
717 769
663 641
1016 129
225 82
671 1091
390 776
268 859
562 262
673 865
933 944
167 120
1022 387
518 311
1115 107
957 104
375 142
360 41
212 732
879 112
186 740
801 675
130 1007
1120 540
263 616
39 413
74 667
49 201
92 224
532 1029
377 110
247 792
586 637
933 599
379 993
810 110
246 553
317 299
1015 367
705 1069
457 175
1053 649
33 628
283 1099
809 151
769 544
343 903
306 329
494 49
747 500
224 88
682 239
254 987
972 221
592 732
632 421
417 243
444 261
210 816
182 678
1109 914
400 899
881 577
347 599
939 187
229 487
807 293
1100 846
896 529
609 518
1073 570
588 906
1109 439
940 526
25 554
484 132
240 532
785 311
390 904
277 321
473 782
504 800
188 692
679 339
862 810
378 484
206 596
612 689
431 584
714 524
654 42
782 778
450 357
451 453
576 229
922 494
416 924
867 382
648 973
436 212
854 195
588 293
899 560
555 478
342 351
836 357
938 981
445 1121
915 531
437 926
707 178
703 335
712 964
46 586
601 757
934 459
562 284
224 816
572 895
838 155
561 146
545 432
255 436
822 433
811 227
846 778
709 182
1010 730
393 162
970 468
984 280
347 367
697 940
687 8
541 522
478 1063
874 42
996 154
1078 451
422 963
299 764
499 488
523 105
445 408
188 565
651 156
326 281
506 730
946 921
766 325
471 999
637 675
296 641
806 1049
624 340
562 608
393 392
332 403
265 986
677 98
759 846
282 427
905 517
214 1073
15 13
884 378
876 727
18 828
115 395
792 148
1015 242
581 1036
110 464
644 257
263 201
309 1024
307 863
435 328
371 609
428 381
295 929
304 868
549 745
903 1031
851 558
538 710
277 759
961 786
755 148
516 246
130 848
45 447
473 669
211 449
151 631
1011 230
778 804
803 149
331 655
453 704
1008 145
1115 542
621 599
885 121
638 199
813 456
824 311
385 748
559 675
387 953
112 1035
818 901
952 25
758 838
680 679
968 112
370 768
342 273
110 76
931 329
9 839
976 797
711 1067
1050 1012
719 828
715 221
940 267
612 578
81 390
231 153
506 697
974 457
193 698
1004 493
194 894
407 43
210 355
238 317
161 462
660 989
816 802
764 366
930 282
699 500
325 655
199 188
531 920
605 488
133 967
293 1019
516 804
726 6
419 738
914 839
216 1001
790 172
9 618
832 696
778 705
326 323
189 781
62 199
221 961
426 591
134 254
401 743
552 359
235 1060
835 204
451 962
851 1010
251 1069
1060 474
126 703
648 394
919 54
439 553
538 625
55 699
317 715
140 1074
266 59
726 785
602 585
634 806
1000 182
157 881
370 360
968 359
628 276
240 1116
137 329
708 311
527 1027
200 641
668 984
1120 353
574 166
650 1077
433 640
888 823
301 746
700 448
220 257
701 823
41 468
126 991
932 351
525 103
37 500
706 578
497 741
264 450
272 922
856 527
883 146
341 399
505 232
355 1117
872 1019
75 371
166 430
690 859
445 996
112 703
855 387
12 934
269 473
654 291
756 245
744 359
42 930
377 1007
689 673
474 754
631 986
314 184
764 44
680 407
627 188
727 559
726 449
514 942
218 821
888 647
657 792
859 930
349 606
420 160
286 1118
861 293
313 356
978 932
534 80
681 283
312 1108
704 792
691 711
60 502
1044 790
336 389
574 790
635 91
563 618
446 202
841 135
344 671
231 849
811 371
356 865
135 690
499 640
917 399
622 732
374 563
537 304
413 725
436 556
145 568
279 688
743 852
215 280
675 208
105 169
157 442
773 173
83 737
240 474
901 591
932 25
600 690
880 1098
742 640
924 584
486 994
272 535
327 1070
759 102
887 816
631 260
497 617
735 956
438 1071
838 840
311 1017
812 1083
663 284
161 250
821 125
465 588
704 1
933 648
814 438
139 151
426 974
360 300
237 116
946 206
730 744
125 483
573 470
269 469
809 792
565 73
401 288
514 959
5 317
65 650
1093 856
314 499
201 595
641 334
650 515
131 115
549 466
1052 1030
454 532
802 931
295 592
254 585
450 485
310 899
420 573
710 613
498 377
625 131
689 615
72 1076
769 317
839 563
830 116
428 19
690 936
1006 799
558 867
165 702
688 1056
625 915
324 601
3 257
567 906
917 708
168 265
325 301
424 449
847 977
48 341
582 1016
897 109
812 1109
872 360
657 1076
707 1063
202 88
775 892
696 966
314 105
687 649
772 979
1 832
281 342
326 660
469 34
189 362
411 881
228 685
31 416
745 169
3 579
825 710
468 620
340 542
109 515
454 847
1043 140
298 392
794 644
102 173
216 638
673 608
1056 1014
285 400
341 154
578 509
56 242
294 415
415 271
255 429
503 382
739 488
959 875
795 204
581 915
535 187
545 531
803 51
633 260
992 101
508 841
387 928
650 1084
650 752
224 192
891 703
191 544
13 722
818 504
1021 1017
497 225
174 618
512 264
829 637
892 522
308 660
1019 1072
51 715
674 279
380 515
559 1012
532 282
935 566
845 950
978 205
771 219
598 117
125 34
1053 904
633 884
634 489
290 480
654 611
114 582
102 734
682 249
772 487
275 327
366 714
683 143
1074 434
112 759
156 962
705 294
1080 375
906 912
564 937
945 348
716 427
357 551
576 407
795 300
759 174
704 140
356 921
46 434
974 915
401 280
843 508
993 454
825 287
959 953
392 1067
234 618
687 475
821 112
1014 666
983 914
292 802
767 242
185 822
479 785
102 724
157 451
827 328
390 422
624 329
573 215
352 619
451 248
714 983
1013 776
338 224
487 154
567 570
954 386
973 932
487 157
150 317
110 345
564 422
89 881
562 666
217 642
482 401
583 770
261 326
888 983
538 113
397 906
404 159
1020 517
712 943
1067 949
210 859
1003 923
510 755
992 199
197 126
207 675
128 978
222 216
892 975
581 749
536 771
892 37
560 795