908 237
582 615
751 852
286 153
400 466
649 449
963 251
296 994
423 8
885 558
325 267
275 954
582 339
788 339
986 634
652 855
308 680
884 644
190 270
632 182
772 993
580 979
671 1050
304 398
805 649
419 1005
340 221
678 1032
862 413
594 779
312 98
770 1056
887 921
516 559
719 983
786 735
790 398
693 594
212 913
618 607
363 771
336 1102
296 408
917 782
697 488
424 358
423 319
530 1090
280 102
1112 144
297 813
988 793
743 195
931 571
575 232
959 253
842 638
525 120
844 47
673 792
950 385
975 542
655 130
517 647
513 329
623 155
981 158
703 343
348 79
854 7
505 639
225 321
899 770
160 530
740 233
996 436
268 596
463 584
347 968
845 274
507 344
945 530
808 748
473 353
670 682
885 963
872 403
686 721
1023 984
362 680
919 687
167 804
226 242
321 1003
689 929
188 336
48 750
190 529
577 878
467 1075
503 670
874 1074
576 1080
13 565
554 200
228 640
721 381
767 1013
237 539
1003 313
1016 917
505 421
100 112
278 1100
529 953
578 1058
342 775
764 741
298 797
209 487
811 503
140 706
252 349
442 362
1044 817
551 1116
133 359
271 380
639 969
585 223
595 904
544 667
102 217
1011 38
770 181
440 189
295 657
244 664
1081 1067
974 264
814 56
891 591
256 606
728 924
702 605
711 810
783 660
535 327
1016 930
824 305
815 362
397 831
871 699
115 453
51 91
641 149
155 884
353 241
164 776
651 845
673 296
432 579
506 358
853 462
203 330
369 527
102 420
152 584
561 673
112 213
694 413
465 73
650 427
624 586
367 750
364 789
825 497
620 338
417 948
160 592
795 563
263 919
334 457
801 588
435 357
165 238
130 519
636 467
1116 278
1007 321
1012 208
879 639
24 749
980 178
107 658
319 780
901 216
866 321
452 727
44 981
529 1077
313 693
360 766
928 219
832 186
856 830
583 505
432 626
535 649
310 1010
861 572
350 787
507 654
11 540
630 890
873 540
437 308
540 442
746 865
304 546
919 179
626 586
271 279
507 214
1005 536
339 466
30 1036
860 558
200 541
904 590
107 808
640 823
898 846
886 771
145 333
112 961
400 456
773 428
179 75
1064 658
919 421
1060 73
571 366
647 51
476 1114
867 512
933 878
813 511
934 361
559 625
102 842
920 895
652 303
729 621
732 191
163 1039
552 151
271 637
265 326
550 514
992 589
418 346
345 919
520 283
840 238
679 627
78 223
652 1034
443 346
38 106
51 220
85 181
903 871
558 490
146 138
285 140
679 425
367 131
47 577
650 548
619 355
262 623
118 342
308 517
380 560
692 662
1086 613
896 1005
147 493
304 946
1069 334
669 930
696 691
560 448
386 714
581 642
94 209
92 908
227 823
604 823
0 240
940 183
390 429
221 539
894 62
220 687
494 718
616 841
498 1021
15 742
321 242
738 766
354 1
849 756
544 882
92 1007
166 382
868 855
179 464
529 429
1071 22
1020 523
979 543
967 372
593 1103
691 623
525 687
386 510
964 442
406 461
849 593
865 439
159 966
277 979
108 512
706 1029
626 828
343 236
657 892
486 946
402 583
644 1123
987 91
267 1034
173 902
145 355
29 817
529 212
1098 601
184 83
337 126
446 656
415 150
949 776
515 318
294 324
1086 880
810 761
813 728
499 395
511 105
187 629
496 155
381 137
926 1015
611 234
337 658
200 851
316 45
1014 480
173 1006
557 774
732 391
269 900
272 366
177 505
137 814
405 1015
307 127
398 670
168 1026
1120 510
791 555
903 214
209 1051
466 578
1096 797
304 965
1023 404
149 1117
635 396
792 174
779 926
429 711
1034 467
66 201
491 743
421 676
117 554
169 610
857 1045
177 888
220 275
140 574
528 1099
970 458
77 185
722 572
342 541
861 47
541 753
23 145
475 942
588 867
114 890
389 256
517 36
747 673
544 458
300 274
384 495
180 586
1079 216
634 722
810 22
1044 1019
470 612
415 273
793 178
604 643
172 129
211 342
692 881
680 90
672 23
307 489
878 20
91 42
658 303
4 531
1077 241
154 849
30 167
684 17
148 698
780 877
224 937
235 142
142 964
745 420
49 576
339 618
449 385
456 913
519 559
280 810
413 406
878 857
763 398
805 71
1063 468
550 348
630 662
1113 430
214 324
788 948
732 938
883 773
161 396
257 932
875 349
50 700
999 746
202 314
118 801
74 827
161 587
929 923
833 215
5 829
583 616
210 433
890 959
499 269
1111 662
847 307
287 413
870 516
415 793
213 481
662 423
247 774
137 844
693 1072
468 498
767 263
104 10
372 708
926 203
543 639
724 648
987 194
601 565
952 458
1006 840
703 811
869 1022
628 370
386 991
954 526
300 969
699 977
706 834
744 534
454 1037
443 572
193 841
715 926
640 681
309 884
759 674
944 394
777 772
1045 563
198 479
584 936
582 909
386 1092
220 374
336 800
295 523
567 818
1009 136
905 639
649 69
955 666
772 332
888 611
362 555
254 315
554 531
727 805
650 511
410 969
1005 160
875 772
796 158
567 285
235 768
316 227
283 595
1079 486
415 881
896 733
558 805
155 104
285 840
799 686
651 102
224 196
1089 648
928 268
808 858
259 963
56 376
587 540
333 947
754 557
77 53
934 34
514 570
404 918
704 203
249 108
891 563
405 546
255 100
337 228
755 757
743 1122
607 134
160 167
638 194
1006 906
153 451
595 856
333 521
377 1026
462 136
891 986
100 259
159 681
890 159
997 405
829 439
515 268
1001 307
354 221
991 384
221 675
9 996
712 424
756 281
51 318
758 391
110 801
897 358
208 607
367 911
940 833
388 350
452 498
350 913
1081 43
976 290
869 434
611 477
299 58
385 541
1036 640
339 291
491 127
849 740
443 655
1109 587
486 304
230 599
368 947
795 861
45 1011
134 1040
68 557
630 438
429 921
505 348
349 1017
972 1059
568 508
313 605
423 256
947 445
819 707
972 1035
973 781
551 825
582 174
335 691
1041 701
132 122
431 198
363 116
735 840
318 20
591 415
294 961
306 601
132 635
3 744
1082 482
1097 659
673 268
940 174
820 229
552 27
628 719
112 430
728 226
533 198
977 825
1015 528
316 245
283 836
844 112
686 233
553 125
206 244
250 702
263 880
919 182
117 700
501 1118
191 52
331 378
742 371
568 603
247 867
739 1122
586 904
292 355
196 306
303 917
470 984
508 958
544 141
235 229
831 890
104 460
118 842
330 301
532 288
860 102
297 851
112 110
271 236
130 905
710 409
684 578
379 191
536 352
701 433
473 617
396 750
950 69
252 460
448 1091
582 762
280 574
276 758
565 583
574 504
37 335
594 325
157 690
408 256
470 544
775 774
311 426
880 847
907 496
649 650
789 1051
203 525
405 544
480 774
367 812
531 949
95 1033
857 467
405 1100
153 1060
629 775
423 1101
574 97
481 900
1100 435
701 203
525 1105
397 284
134 1015
197 173
645 103
526 1100
457 959
748 784
900 403
454 923
603 1030
419 734
656 767
596 1045
35 857
520 536
499 408
587 139
212 369
651 499
279 773
791 1123
1004 908
977 817
804 25
227 1004
295 611
261 653
823 485
173 668
691 423
770 625
818 888
429 546
859 134
378 138
1043 587
1042 163
592 550
210 978
844 514
964 169
970 810
723 341
510 1062
536 447
972 677
251 39
427 324
1027 727
578 326
682 698
102 162
56 117
124 645
182 820
72 693
805 384
429 118
1047 1036
67 255
1078 424
813 990
187 1022
265 355
897 1019
574 921
835 416
800 113
351 606
454 257
580 1119
127 256
466 915
953 849
216 940
366 1118
493 461
901 440
778 515
120 1054
368 310
566 872
926 837
192 388
449 232
571 514
766 500
932 538
787 543
628 1038
158 522
435 805
687 487
506 796
873 1078
56 316
650 934
641 689
753 1115
833 987
1076 1115
259 897
387 828
966 577
561 880
615 552
656 285
883 744
1058 158
1013 401
630 1027
154 967
528 166
984 791
613 810
1035 192
230 896
463 614
443 613
568 974
626 162
123 681
152 301
950 1039
744 153
856 1119
411 975
222 1028
683 510
292 711
643 954
458 641
721 572
1022 680
742 631
161 839
379 568
21 650
93 247
901 770
396 129
244 879
214 267
849 286
317 891
410 915
433 596
994 449
779 506
695 175
108 97
206 453
897 383
214 251
263 682
1000 317
1109 767
779 550
1105 147
1116 699
884 159
789 355
1033 105
955 45
887 385
575 724
701 387
757 256
890 299
451 284
607 743
428 1006
909 697
900 497
890 602
482 291
970 820
87 532
257 1058
224 518
705 600
638 509
385 230
797 582
128 472
315 298
43 102
46 138
891 742
526 115
123 573
908 885
725 165
1069 2
467 935
833 149
101 361
447 788
136 108
335 254
650 393
965 818
564 634
725 798
103 131
522 1016
571 333
6 56
612 726
78 683
86 288
1031 487
683 538
1048 975
579 861
548 139
427 1036
490 630
194 1020
982 391
665 434
353 582
994 146
533 372
606 518
153 225
274 265
388 193
775 724
275 682
592 167
1007 101
973 147
412 516
542 1069
658 314
1013 800
672 486
703 717
899 1008
177 476
613 463
303 653
706 908
585 62
775 136
744 849
109 158
907 675
110 32
590 412
312 886
619 1009