566 435
227 768
745 793
697 299
707 266
547 637
404 332
98 497
1004 291
1109 558
1083 25
440 680
251 788
409 436
717 165
475 565
673 669
445 337
200 230
350 870
882 399
625 1087
1 277
404 642
102 464
555 618
454 223
819 970
352 704
741 765
918 130
131 48
539 774
218 884
709 853
256 6
35 452
76 725
573 928
399 592
324 909
601 66
786 455
205 73
895 134
65 1002
1107 175
625 378
815 467
418 651
95 659
161 143
917 703
156 648
169 1097
829 884
561 645
606 191
706 344
976 431
500 305
583 675
142 913
185 479
468 734
173 966
679 1055
87 468
942 513
810 209
372 978
497 579
658 477
289 291
1024 697
1007 468
932 654
574 336
238 922
855 37
402 190
1060 618
28 134
153 924
525 371
956 43
1023 303
931 488
847 704
900 694
817 403
186 247
622 933
926 109
793 808
887 881
226 301
125 360
29 814
1050 517
418 764
955 497
889 200
875 153
782 755
582 262
835 111
536 706
285 282
1070 805
945 167
113 305
631 272
289 852
63 60
256 219
270 812
528 553
579 601
577 975
316 127
559 343
887 1022
855 805
374 537
616 669
697 251
529 967
352 111
937 853
893 230
658 539
279 252
833 43
915 1104
1086 481
1119 812
7 210
285 136
954 149
875 427
515 681
402 306
883 416
542 692
571 583
265 709
412 333
218 820
472 240
720 289
284 618
128 579
862 418
150 855
809 932
484 785
328 369
834 657
736 1057
704 599
761 652
448 135
218 547
224 497
315 127
949 540
680 1037
929 717
140 486
395 997
996 401
88 730
845 284
795 897
670 180
199 63
970 607
696 403
868 60
634 192
340 657
151 648
298 134
722 334
514 463
714 777
147 885
97 183
363 616
840 364
354 445
785 341
981 231
876 338
343 798
125 356
490 632
869 1043
967 157
279 114
134 385
404 316
263 794
896 142
362 948
1081 434
381 553
691 639
516 283
800 810
857 221
91 336
709 689
192 69
493 696
1016 221
225 550
1075 809
946 308
62 585
802 774
439 962
661 477
822 167
598 999
892 480
959 694
667 660
941 917
157 193
482 1008
736 411
987 228
176 972
49 821
712 464
348 645
309 771
620 963
1057 181
51 1108
458 715
1025 1072
892 368
1065 300
382 206
625 763
432 627
181 740
561 121
5 197
181 992
638 92
442 608
489 865
253 911
819 324
131 893
184 710
1081 193
419 972
624 283
505 773
313 906
205 333
609 801
488 396
869 478
978 6
325 694
91 64
337 208
382 177
941 948
222 577
251 378
642 843
618 1052
1064 547
445 1037
1109 844
425 1036
560 809
519 566
1006 216
507 315
792 775
166 414
564 114
898 4
641 316
533 612
655 1054
587 428
325 271
645 832
180 161
170 408
811 862
213 1009
1100 375
967 1034
475 96
982 1008
829 934
456 610
231 106
112 148
336 937
963 941
408 1086
984 811
361 472
723 590
527 752
697 360
115 504
849 341
804 241
626 287
961 381
36 691
858 796
1009 908
846 601
302 360
837 347
481 665
134 1049
778 852
1059 491
460 26
715 22
478 163
911 738
266 916
241 626
1014 94
285 760
569 307
273 299
460 989
256 700
457 336
882 9
760 126
802 531
703 1007
747 316
1080 1014
356 605
671 280
539 474
1008 113
388 225
718 881
546 1065
1003 731
65 234
756 568
613 310
447 468
762 628
1047 208
205 880
777 953
747 137
495 656
520 994
442 681
971 875
471 1070
519 1059
194 766
160 589
11 57
391 740
1072 648
590 465
1119 676
728 741
692 597
344 141
545 533
153 916
465 910
153 543
297 339
330 925
561 173
661 941
500 797
520 671
781 183
498 568
541 797
708 483
230 590
507 787
314 222
900 144
181 311
928 143
181 199
369 484
231 573
244 193
30 425
272 873
543 1024
802 116
211 198
729 776
623 438
125 352
802 406
563 114
325 1118
711 634
260 114
742 565
255 592
130 52
555 486
647 650
301 746
842 631
246 228
223 913
13 680
296 895
182 787
253 609
663 394
367 895
669 573
463 154
288 1089
393 809
580 797
149 464
163 807
910 1055
366 1087
1007 421
935 344
65 534
40 574
521 391
178 882
610 462
521 150
822 744
743 977
70 892
464 116
586 863
614 255
982 113
752 779
623 376
733 581
189 463
353 1021
857 727
817 560
233 378
325 976
674 756
443 757
270 501
701 534
271 484
126 60
431 952
471 571
760 956
670 696
226 848
31 314
1108 833
279 240
76 903
121 873
827 186
471 521
391 569
556 296
386 508
244 996
539 893
356 438
643 697
907 609
762 834
993 1102
922 600
13 794
784 551
140 193
745 627
746 494
595 707
455 213
148 1052
464 1088
975 291
32 357
454 631
681 988
332 589
952 460
147 836
912 562
291 292
616 967
564 1062
726 493
509 569
791 834
1110 259
281 557
552 663
121 303
651 692
353 1019
543 281
949 753
279 482
33 846
111 914
777 182
932 551
584 883
204 659
932 24
967 507
506 392
1072 353
330 147
664 855
412 770
1041 1101
819 389
846 658
464 1063
174 250
172 284
929 188
604 661
294 123
403 512
542 1069
788 708
365 474
225 181
951 617
897 857
993 596
442 891
248 657
28 326
182 559
986 737
787 612
442 955
254 328
337 675
893 194
470 404
274 770
386 152
223 284
120 872
631 946
927 577
125 114
420 1121
621 820
283 102
450 806
1021 846
752 627
227 261
467 253
805 575
506 129
542 575
1095 195
842 408
35 881
513 954
1086 484
61 657
949 766
640 553
887 507
142 437
484 97
212 816
623 812
267 398
179 904
282 905
569 901
232 275
953 568
721 595
929 494
1008 94
25 1050
349 821
1016 58
167 856
394 923
421 621
403 822
397 393
832 804
418 232
76 908
443 505
885 368
201 352
511 692
196 1056
737 1073
997 463
462 493
285 160
518 892
168 645
734 516
693 631
393 992
274 168
936 766
620 637
215 225
193 250
385 892
706 874
853 228
672 776
130 617
94 423
928 505
700 668
792 986
653 129
1082 682
403 76
37 633
960 955
763 340
963 88
989 168
497 505
189 1008
533 426
282 680
883 956
673 843
77 478
777 510
790 164
311 19
1118 820
779 197
216 743
1066 879
247 549
125 980
602 96
609 416
717 1035
416 689
158 609
847 776
739 656
889 254
607 1064
404 346
331 327
210 160
291 542
566 987
738 1064
560 1076
343 859
1093 402
134 817
1051 573
146 586
499 268
451 699
569 484
207 810
589 921
639 790
994 540
300 656
304 831
364 776
949 1015
761 638
857 199
548 792
402 158
504 991
1018 251
316 137
799 782
329 787
398 879
598 216
132 769
411 1123
525 581
690 715
302 612
209 641
389 231
330 648
271 428
582 904
574 513
525 927
732 108
251 117
955 131
902 404
990 407
789 448
787 116
934 239
906 829
222 262
233 865
230 725
313 426
91 430
985 194
519 518
569 228
906 706
189 638
477 237
185 700
571 456
652 466
516 454
793 273
433 442
558 648
921 265
568 549
999 696
449 873
746 583
116 609
481 578
734 81
539 785
382 141
252 555
703 331
927 346
259 827
1084 796
230 1119
808 541
980 789
715 783
1040 749
389 1066
71 962
353 31
611 969
567 775
883 305
1027 626
295 963
280 964
248 227
1080 312
907 947
946 218
469 210
439 794
897 645
153 118
472 634
185 340
577 616
279 786
962 1021
1015 603
198 805
877 700
712 304
379 81
1103 904
446 405
1027 544
394 833
736 713
659 306
665 394
1104 310
403 143
818 183
1074 918
21 154
1015 343
46 1080
179 843
594 634
728 145
469 559
486 522
923 959
629 148
858 681
176 568
617 810
1060 685
289 192
1018 421
453 975
110 835
348 290
793 969
293 505
401 541
40 536
1031 78
849 388
648 90
407 609
559 403
595 325
78 569
460 948
228 809
464 932
559 974
903 305
811 88
165 778
601 467
578 673
748 667
583 112
865 677
111 609
197 32
1009 708
828 68
139 627
183 500
295 641
754 740
672 525
55 45
739 486
474 348
787 585
638 530
940 523
328 686
683 1011
314 553
173 259
917 117
790 455
315 887
105 939
527 104
656 271
254 227
350 1000
519 608
132 369
486 903
699 312
133 922
468 926
1110 879
654 652
107 1069
399 508
744 507
413 756
338 840
340 798
377 859
807 636
216 647
894 263
138 379
278 318
352 277
720 300
737 740
411 849
421 493
639 661
262 734
554 375
471 103
877 212
270 734
190 134
613 210
518 837
724 827
682 395
605 243
138 225
219 357
481 835
835 643
109 1115
301 1064
763 1062
659 590
746 4
303 858
562 763
522 733
1085 755
362 898
974 309
272 958
43 73
892 323
289 972
193 992
265 250
293 383
895 648
340 968
414 924
507 740
597 1009
111 630
658 808
886 998
571 886
114 734
532 361
748 834
554 595
872 483
172 661
694 761
472 543
451 857
881 145
729 163
1091 676
644 927
208 235
255 361
154 1085
885 843
278 653
771 140
445 886
490 101
384 428
665 592
1001 1075
365 907
110 283
163 500
111 39
561 805
990 886
269 217
608 1022
383 734
496 119
626 970
776 466
332 679
1087 550
468 1006
796 403
808 391
958 593
424 868
1000 529
407 68
996 729
935 628
552 393
1082 683