134 476
210 489
794 730
264 204
959 948
9 450
974 909
921 702
214 455
701 681
263 218
365 473
296 462
709 538
450 140
349 738
995 121
367 527
561 579
593 657
209 143
1019 555
262 499
883 21
37 624
888 964
970 61
382 211
278 842
854 746
984 32
787 379
167 360
139 1100
518 451
251 564
451 359
207 545
713 395
788 445
618 877
1119 877
736 111
786 705
964 870
157 780
863 741
131 91
885 975
486 1067
161 300
588 207
842 489
187 442
264 214
870 93
1009 488
113 203
178 952
406 875
709 386
449 649
266 1059
854 806
88 120
352 723
903 369
909 769
1101 286
152 699
493 392
15 286
465 889
630 776
754 599
998 1038
673 564
362 344
1092 585
170 983
215 811
354 365
932 729
890 250
803 456
750 877
201 254
181 1096
388 263
309 631
1021 211
438 701
991 645
128 973
837 234
717 822
635 623
402 766
353 194
767 200
645 244
438 174
165 165
550 611
187 891
888 327
572 131
555 832
775 647
618 868
483 113
517 552
265 652
225 596
128 457
757 942
918 212
774 154
414 610
1080 1047
647 955
1006 621
65 737
139 115
120 503
754 369
903 1014
668 136
431 618
864 276
592 930
422 884
221 134
296 998
891 548
805 781
249 354
111 272
411 116
164 291
302 478
991 623
843 733
21 587
402 242
525 617
274 894
444 966
746 589
642 279
134 204
368 233
1018 405
803 90
586 14
1072 1108
336 437
762 568
606 992
260 1052
792 267
34 369
467 422
389 434
560 950
142 503
688 930
705 344
872 93
835 868
141 1016
1029 978
425 1092
585 212
379 871
868 338
1065 220
958 161
252 310
235 506
401 371
355 142
257 501
260 1023
628 116
205 382
716 431
521 929
553 232
1077 794
841 475
543 148
530 400
425 341
622 185
281 171
291 875
873 206
248 739
657 8
536 239
210 425
952 960
30 179
1017 1070
934 130
1087 931
1000 139
662 972
682 769
506 606
999 905
781 158
567 254
571 732
288 663
478 471
106 749
354 1006
747 721
875 146
197 27
828 295
667 881
127 828
907 292
290 623
652 694
362 292
455 1021
361 361
533 985
331 21
446 875
1051 332
100 504
446 797
568 422
1009 381
165 42
340 707
275 261
909 500
482 1020
816 415
128 980
137 903
280 499
1002 864
196 895
638 545
641 884
558 711
233 635
824 850
588 400
507 332
946 278
746 873
820 1062
645 500
426 882
760 237
361 399
320 160
798 671
385 940
346 969
226 961
1086 403
210 46
985 153
484 446
312 563
376 162
286 440
678 374
621 845
1001 308
836 851
216 527
914 777
609 665
75 649
325 1011
993 891
456 180
404 258
174 736
357 685
838 295
232 529
359 730
657 396
1072 623
242 1000
486 914
114 988
159 651
320 894
253 323
696 90
801 1067
966 94
1092 1022
346 908
89 320
986 162
1079 977
127 1110
222 37
805 534
182 306
85 824
984 569
897 892
391 276
1005 276
486 1089
693 822
753 59
477 302
698 713
169 224
567 1092
877 468
251 792
47 421
113 392
683 497
628 445
598 524
875 1020
39 928
388 748
103 933
378 963
951 390
275 76
87 734
156 1050
932 1070
912 596
950 508
91 971
571 816
889 1091
292 807
412 769
750 1106
24 133
650 223
453 955
537 410
583 314
1053 1113
679 827
237 577
219 541
136 899
1115 372
463 541
1119 307
537 663
942 1080
970 166
816 413
580 878
256 846
657 554
737 476
928 693
737 399
654 1046
855 836
103 933
958 88
582 480
828 529
378 560
648 350
835 693
979 808
895 971
364 642
288 198
486 345
178 822
951 767
337 499
109 742
765 838
538 660
856 417
477 1011
276 379
305 786
993 171
292 897
605 539
983 734
495 632
613 859
157 350
1031 883
892 545
817 566
841 81
615 989
109 986
120 146
161 811
968 830
812 689
534 297
937 266
360 844
109 768
541 818
167 759
540 721
729 639
916 755
563 621
300 1066
342 444
870 316
759 989
702 240
236 1034
939 424
939 301
196 691
705 234
991 733
718 53
128 259
895 167
820 614
1119 1056
591 724
313 249
441 242
217 793
220 547
393 328
627 545
647 780
978 1020
253 379
1004 516
976 673
341 496
981 708
462 667
5 374
751 580
767 737
113 73
914 497
779 900
620 781
584 110
429 449
639 13
136 769
911 974
599 94
974 664
373 765
202 797
1021 948
253 1091
424 142
499 390
1120 363
263 766
699 648
658 247
709 497
499 48
258 353
270 271
946 431
558 924
38 964
507 1032
383 353
1122 438
661 298
774 105
90 337
429 630
1055 821
262 37
111 456
783 1070
979 450
980 814
917 729
765 1067
1072 332
1012 914
1123 585
283 677
372 200
336 1118
540 928
390 719
769 226
326 607
567 827
675 523
1019 333
1098 915
840 505
423 845
91 477
444 726
789 306
937 634
599 970
157 585
978 994
547 261
711 951
1113 13
101 722
880 1107
418 298
659 508
1043 696
779 1092
495 1088
604 197
977 194
539 766
701 1055
854 287
608 784
239 1003
923 987
840 408
94 583
740 491
312 548
600 209
830 807
629 925
692 507
220 581
108 932
498 805
133 271
319 758
58 241
601 625
292 403
794 660
788 703
996 508
989 189
4 526
453 380
622 265
242 344
1091 192
136 159
62 1116
633 666
1023 421
344 227
898 1015
713 180
862 175
1061 486
539 688
913 572
894 316
468 830
23 552
370 190
783 406
275 891
400 182
864 785
501 622
978 729
986 506
372 787
393 369
631 480
171 171
101 628
718 441
976 913
555 466
362 874
830 1017
755 415
962 526
42 442
210 185
161 667
490 903
300 167
124 637
956 857
896 761
327 994
189 236
927 698
345 841
515 933
565 1031
494 371
140 475
558 196
1041 1075
535 293
666 737
505 440
12 365
410 372
965 800
217 975
270 41
706 506
642 626
886 907
161 1012
718 610
823 854
918 823
953 885
541 204
849 1044
739 259
425 1015
627 142
442 1001
153 427
14 353
994 112
827 1024
281 977
997 218
637 593
348 278
737 693
449 695
272 342
953 509
754 658
600 667
302 365
1070 539
337 1111
772 391
129 975
948 383
390 764
364 684
650 967
641 884
376 645
103 284
291 794
185 421
334 762
349 565
122 184
742 734
967 444
1015 248
985 418
626 316
564 726
702 846
297 145
558 357
633 470
810 207
505 416
718 670
95 501
364 102
765 104
173 282
197 961
1106 62
524 942
511 570
682 359
971 812
310 50
286 533
333 285
795 235
512 474
630 685
334 907
300 695
254 595
102 952
1082 341
1014 980
880 953
637 124
338 405
564 263
829 307
85 538
204 181
331 811
787 551
1080 605
833 781
122 393
1033 918
1018 414
445 471
786 910
332 121
799 993
691 118
745 551
834 478
954 302
799 45
867 969
485 525
156 1067
641 197
702 279
254 100
1014 22
1056 436
76 233
232 888
40 82
965 708
649 318
761 250
428 965
636 581
896 145
96 224
886 120
599 47
209 119
709 55
539 744
1066 79
427 696
908 718
742 479
928 660
795 230
170 15
732 331
588 519
917 6
803 669
877 52
489 340
1001 598
399 439
663 1051
675 952
312 887
640 69
397 447
652 813
1020 243
721 420
819 420
160 864
330 954
726 715
499 1073
865 646
597 553
318 907
527 1079
1107 498
250 251
780 648
512 609
753 258
53 167
622 610
892 317
247 773
170 502
233 799
808 876
37 903
285 716
539 844
622 516
515 456
762 714
844 571
531 678
327 571
718 620
106 1072
654 761
696 261
203 375
836 308
892 199
543 614
328 333
115 610
1045 203
121 891
417 300
524 293
821 744
726 255
718 428
615 1016
35 948
533 167
809 710
355 147
696 553
278 410
991 365
932 406
469 946
86 283
466 715
784 917
1005 1005
615 364
455 809
850 160
812 771
109 974
773 115
603 630
452 97
210 928
490 289
663 846
111 997
402 943
699 673
576 140
708 196
64 800
805 495
1000 530
968 465
256 532
522 200
18 108
199 490
282 204
1066 197
765 1042
460 552
494 1018
513 122
649 467
577 560
1066 216
1109 101
624 116
332 259
662 315
339 830
745 438
171 306
440 666
595 231
637 572
794 131
440 836
428 731
193 343
295 974
958 679
378 243
797 495
833 148
1014 568
981 271
301 41
129 538
627 802
782 457
978 194
570 192
970 411
712 365
801 292
361 392
210 243
258 799
321 1066
192 56
1003 50
822 726
548 846
712 160
787 147
311 991
918 1068
150 806
850 1030
886 515
654 254
491 942
160 721
525 694
131 622
668 1115
314 595
386 575
436 472
549 463
129 910
1077 913
320 292
1110 959
282 585
865 804
794 647
306 238
671 200
1036 832
419 452
786 978
684 436
291 691
335 331
259 196
355 486
99 327
616 257
293 209
488 749
243 281
707 904
456 531
22 395
286 1085
392 1011
538 1079
777 1080
296 820
239 633
1097 647
546 414
1008 925
390 619
616 195
646 795
148 959
584 375
667 234
975 55
437 863
568 706
587 626
353 1114
657 1113
683 300
382 620
166 642
215 756
494 570
263 126
371 1018
873 415
1105 869
390 868
801 1044
152 581
574 154
235 873
933 322
966 183
891 696
44 239
664 722
633 391
740 533
650 236
743 692
282 926
557 1041
344 225
116 480
625 416
631 546