532 750
899 927
698 975
417 422
132 402
310 576
861 725
523 468
849 82
123 934
478 221
490 638
246 968
939 923
997 1091
275 515
535 736
788 840
262 821
864 1091
327 756
998 1121
596 92
936 243
219 291
383 216
1020 96
727 77
992 68
447 674
891 294
608 1066
266 298
516 947
922 549
526 1005
57 120
768 770
296 312
660 685
470 625
374 947
515 576
561 126
998 546
16 360
1104 469
660 718
302 437
780 165
217 656
504 248
993 160
826 248
130 405
1038 997
568 244
968 831
1002 789
830 1121
787 1063
774 1047
964 697
106 696
849 873
594 879
108 873
187 281
712 971
878 318
136 151
253 1064
61 404
229 989
957 140
172 681
108 683
169 602
719 428
713 125
312 303
560 620
126 536
926 320
886 481
946 894
803 716
167 123
360 313
493 214
995 526
917 218
26 693
194 459
636 701
935 216
942 814
13 1041
376 155
1000 278
184 628
768 1119
613 954
1111 391
711 204
584 664
878 770
367 576
326 576
791 288
1104 225
379 144
628 46
201 413
315 666
335 67
171 953
911 553
461 555
245 117
493 309
135 1067
1008 720
33 350
471 1043
1009 254
995 774
733 476
217 1017
715 88
502 785
470 623
374 930
423 633
769 862
485 106
705 858
720 241
536 315
971 129
139 971
824 656
101 117
937 981
5 788
445 975
79 714
692 834
820 534
736 782
618 7
95 913
719 1061
788 164
1123 155
276 813
819 411
1045 342
55 621
711 595
217 201
774 268
589 865
195 611
532 212
1121 249
177 70
295 177
655 108
100 622
727 643
494 693
932 1100
590 283
655 127
104 1022
37 286
422 1103
507 574
570 892
657 630
628 813
657 354
997 144
25 922
446 962
106 43
64 904
975 371
173 226
954 517
562 814
170 926
765 737
892 202
753 810
915 965
273 1052
841 298
410 282
831 36
668 143
297 986
298 518
851 536
505 68
192 757
1030 651
568 109
979 336
633 108
544 968
437 886
846 805
555 129
928 1075
402 756
221 989
554 1102
152 942
171 758
761 1044
517 271
205 667
720 1015
241 609
861 247
748 340
102 145
820 356
352 465
173 678
274 899
944 397
884 884
431 593
0 347
23 1032
1019 559
437 905
1115 515
797 1054
527 862
315 888
557 250
491 215
344 741
451 826
590 822
167 233
674 944
797 440
987 584
570 452
228 311
103 236
196 1111
616 138
825 786
154 474
13 692
620 593
820 1019
624 759
568 998
489 432
773 723
715 312
708 603
362 368
15 942
96 364
308 252
451 238
446 499
1037 1059
889 523
125 1017
922 455
922 676
186 635
862 255
348 736
282 1115
150 198
431 820
945 630
691 944
397 188
972 216
1064 7
893 324
404 813
951 995
263 872
615 329
719 717
558 631
28 805
688 153
517 1105
753 823
427 906
867 610
252 156
516 935
129 972
680 435
715 288
643 1109
644 777
577 112
652 581
521 287
352 858
318 443
795 762
408 418
685 1088
894 729
170 677
308 203
428 789
300 760
1013 961
103 921
793 464
18 992
329 602
279 347
812 443
685 23
221 658
76 35
464 568
227 444
762 577
779 331
794 617
635 725
882 972
733 907
461 1099
937 543
316 485
792 612
807 92
92 821
938 267
565 310
535 161
634 914
469 469
928 938
521 892
679 728
881 724
124 563
274 512
174 1017
484 909
476 867
990 634
754 8
948 74
955 227
137 708
407 647
648 459
901 787
457 949
515 178
237 965
156 901
435 848
941 51
449 858
468 896
952 297
805 275
526 594
966 638
559 270
50 865
468 266
897 174
573 125
586 130
71 899
884 371
246 878
170 1013
226 453
454 528
776 766
720 164
778 632
543 589
1041 1044
255 967
166 634
1116 419
207 175
874 139
686 75
558 985
632 410
845 170
712 948
115 435
395 254
667 214
817 285
652 976
604 1087
422 818
869 259
86 793
932 342
570 912
381 560
513 726
300 670
2 342
642 146
468 537
426 656
794 305
779 1066
215 210
166 937
647 505
921 685
39 569
617 56
6 501
451 616
325 114
613 255
749 130
145 68
903 574
151 929
709 330
1045 749
454 379
362 948
1102 1030
713 258
815 1067
355 329
874 121
770 867
402 607
716 718
99 889
772 820
254 327
303 560
308 221
1014 794
547 501
848 540
836 271
638 1096
566 116
667 485
218 708
211 0
177 740
487 715
682 575
860 826
656 607
474 708
803 881
846 243
885 615
269 117
943 958
129 1095
268 293
122 810
614 71
173 834
568 652
469 573
415 383
631 236
204 282
171 176
862 762
866 646
1091 947
508 928
472 650
439 134
905 636
613 726
1014 335
183 430
368 284
774 661
899 864
874 308
636 856
928 821
301 213
90 791
279 977
197 1018
520 169
1031 271
790 451
4 592
651 222
428 806
209 221
668 819
316 234
432 296
615 393
288 1122
984 138
395 432
216 789
898 885
133 710
286 427
1105 169
642 139
203 189
993 114
548 504
516 897
144 228
250 946
853 616
1008 944
680 619
551 240
238 763
414 880
409 504
610 415
1068 267
583 57
967 729
325 735
815 680
587 487
1098 1110
167 906
14 285
440 116
831 126
693 983
1025 411
657 1065
395 709
346 212
181 121
695 1006
872 318
121 954
444 760
800 206
337 715
990 584
858 29
67 883
467 397
436 1102
313 291
780 810
479 969
784 690
694 1018
415 614
428 952
946 879
769 238
910 858
311 934
882 705
1113 168
505 21
190 157
457 1084
542 567
1064 788
324 953
648 898
757 855
194 512
317 826
472 263
200 765
667 444
931 596
242 994
203 476
159 645
170 1121
351 688
56 907
744 815
96 654
783 780
564 976
396 471
554 874
326 731
1080 984
485 145
129 826
401 927
128 216
1103 1091
425 551
775 542
527 118
1107 349
890 1054
232 1110
42 630
227 800
90 1009
139 106
664 668
179 297
553 1089
73 512
417 370
272 470
1077 370
842 993
172 974
728 140
730 341
609 361
255 462
208 13
1115 119
424 133
594 230
37 780
595 49
431 175
972 164
57 694
769 605
688 188
117 213
844 759
300 360
924 911
674 768
859 367
900 954
18 602
557 116
426 601
1111 1041
848 373
746 146
488 571
1073 181
118 318
531 537
746 263
272 768
324 333
317 819
651 176
909 31
490 651
1 601
355 325
1025 715
417 503
36 917
795 978
945 631
259 96
111 88
340 880
367 197
225 397
863 912
107 824
954 744
441 536
518 1020
448 235
569 838
701 574
1120 214
869 94
97 810
256 81
240 922
913 416
183 271
1018 951
312 578
764 194
511 930
781 592
580 113
479 1085
996 1032
232 243
968 893
502 178
333 970
342 306
861 886
682 173
429 646
437 849
913 267
143 430
932 762
347 738
803 628
233 1054
172 283
603 990
1091 959
457 336
445 29
128 577
64 164
76 465
153 33
128 549
552 886
197 536
421 65
900 1009
636 173
474 760
270 329
108 933
248 9
741 773
213 897
509 393
288 814
910 46
452 137
863 441
222 455
969 873
706 501
823 1018
277 293
955 819
159 87
314 81
209 869
339 528
325 706
597 359
1028 100
975 781
440 614
476 536
539 78
257 776
791 690
719 720
39 142
1085 760
1005 941
965 395
501 819
360 925
786 740
633 740
342 138
1088 410
855 975
890 776
288 494
408 605
1005 1109
909 160
427 304
618 360
430 435
924 283
340 700
579 788
70 1050
435 953
189 300
833 352
392 301
966 977
531 147
788 721
854 464
1018 1076
951 297
1076 183
41 468
192 407
254 366
227 990
898 818
458 693
545 581
257 971
1054 842
584 635
294 795
128 458
1060 921
131 18
149 1013
313 738
421 501
448 234
243 926
711 477
499 46
732 857
490 1066
762 849
983 729
133 399
895 764
1024 178
329 823
1029 1029
315 957
105 630
704 157
271 120
683 454
549 995
379 427
368 508
480 804
982 64
922 118
1031 307
264 819
316 241
1039 262
168 411
883 628
431 475
1081 920
999 814
398 777
772 1081
844 373
473 933
907 433
750 435
87 232
920 209
480 266
670 345
112 515
287 987
259 737
285 372
760 620
463 367
717 322
365 503
333 911
235 591
372 30
941 992
950 646
539 465
774 880
783 220
922 471
1107 95
949 653
442 849
845 544
591 502
710 614
1017 212
345 238
791 168
673 659
939 820
215 122
377 794
396 321
149 493
868 1066
1055 774
336 895
740 761
224 379
241 651
226 355
941 372
266 543
379 593
795 562
862 1092
674 763
350 916
713 115
763 501
602 908
338 578
924 224
217 652
881 393
104 1045
114 320
258 130
923 203
916 864
683 974
559 204
651 384
559 361
685 736
770 603
343 309
941 648
1121 194
276 186
252 272
515 172
668 737
783 638
436 147
394 222
279 490
664 749
266 1120
534 444
600 795
1016 316
421 84
805 170
359 621
170 267
969 728
1109 313
1098 396
415 117
773 653
614 260
553 174
46 495
695 312
313 956
394 807
549 567
139 905
924 293
118 41
173 574
717 200
859 338
250 304
489 425
274 576
1071 666
391 199
799 116
779 955
381 939
531 463
465 978
849 407
921 542
854 670
1039 776
982 199
407 466
22 994
1013 556
103 896
1091 183
539 690
463 471
924 228
337 915
1123 919
574 962
396 779
235 322
511 522
473 263
249 962