327 337
890 796
128 989
735 511
216 938
340 797
912 752
78 741
334 589
485 400
73 182
873 465
490 903
637 768
449 384
733 867
264 707
571 393
420 1023
847 482
853 643
127 278
783 463
448 874
412 285
622 637
950 312
409 453
668 177
946 168
687 412
881 527
1075 1049
895 186
619 507
910 88
226 626
751 524
1090 751
116 1012
327 756
839 598
693 756
706 239
1012 529
608 386
105 1089
855 193
768 348
687 75
986 314
526 544
315 938
557 509
1072 894
850 444
470 894
167 491
468 858
43 215
49 947
847 660
910 248
955 231
966 884
873 252
920 103
182 227
137 456
511 955
994 434
74 999
528 928
558 643
378 927
744 991
478 712
231 274
527 706
389 227
410 27
1071 471
1060 286
898 592
886 206
559 579
870 421
261 464
963 1092
164 324
523 991
221 844
897 824
624 409
917 338
518 802
120 54
967 636
510 792
262 1017
615 675
643 654
689 185
929 62
48 976
209 855
817 953
694 682
930 236
898 711
755 1092
912 618
278 175
931 564
309 747
198 228
389 758
709 164
676 567
491 712
930 143
869 391
344 937
795 678
496 194
149 675
743 589
224 1
335 621
25 287
668 338
522 194
867 642
507 1110
404 991
552 807
928 583
368 530
1058 279
976 657
711 788
817 1121
236 779
631 658
437 600
851 366
844 838
1050 860
234 661
655 493
368 909
390 1107
913 513
883 267
954 55
417 233
436 610
686 583
480 967
1007 835
727 345
336 666
845 597
574 495
1046 279
232 103
831 437
363 549
352 195
588 888
901 527
823 211
954 636
709 1012
887 272
446 605
423 87
928 973
681 486
959 654
270 170
686 972
452 308
385 67
566 214
708 1017
371 1011
564 634
588 280
876 880
386 772
934 104
993 58
107 698
358 353
995 257
797 867
777 83
217 381
998 805
951 772
812 770
193 479
1105 688
1107 319
1085 748
172 983
629 524
856 764
425 719
922 74
407 797
50 579
641 532
691 288
176 548
364 1106
946 1007
705 40
487 628
235 1106
270 829
942 390
786 1009
173 593
706 99
292 562
444 708
1006 410
542 318
672 631
157 473
222 1098
384 561
435 969
428 863
1089 600
937 350
201 670
352 702
222 596
550 669
566 572
604 414
832 224
776 503
425 490
660 762
562 690
124 556
676 23
762 827
221 410
548 814
1101 390
525 733
1065 206
757 164
119 662
705 1082
713 736
423 387
214 1038
901 526
469 788
720 265
667 780
391 572
771 286
345 74
356 676
512 213
133 211
303 417
627 189
562 785
632 756
643 185
937 146
280 530
972 727
867 467
928 307
1049 491
420 1071
527 997
128 1029
317 812
378 591
484 188
660 830
1014 532
888 426
549 364
1108 106
621 345
416 229
349 140
954 745
663 619
293 210
126 176
616 305
1104 1068
897 167
557 284
475 385
627 745
689 965
1043 922
1084 1022
620 109
216 34
1038 635
241 404
237 1023
11 200
462 244
400 875
533 350
845 85
56 1118
499 426
924 825
744 721
982 634
909 266
773 167
765 890
870 563
305 670
1011 236
935 178
823 207
256 892
960 9
1005 272
999 866
856 522
13 677
616 908
503 533
739 431
828 508
569 692
133 881
219 698
481 760
557 120
785 585
960 1003
725 757
482 881
752 292
650 101
1010 234
290 765
253 994
424 840
857 679
687 533
611 641
956 280
655 209
381 1
644 788
214 646
609 9
713 671
1045 204
922 1094
559 410
927 728
591 697
403 574
933 1085
584 808
296 744
985 525
521 794
72 821
168 579
259 561
446 1005
459 673
540 386
520 110
824 101
924 863
279 137
765 1061
102 155
945 1013
996 628
731 768
171 923
552 508
965 658
555 599
822 843
378 161
567 622
369 199
297 621
512 807
348 376
465 683
485 867
811 867
279 841
1006 143
297 457
516 136
915 608
121 954
91 714
613 616
1013 695
172 187
171 454
756 991
549 431
794 965
107 962
773 348
234 656
1012 642
135 439
953 485
651 949
318 358
446 560
895 539
382 390
370 945
528 504
865 550
1052 342
990 975
419 603
128 451
691 405
344 992
82 290
276 726
627 515
184 450
776 136
175 308
698 656
694 716
721 856
781 1044
936 149
293 855
556 875
236 710
867 983
320 733
816 366
216 1059
276 914
591 179
420 249
244 153
745 323
405 1092
483 225
279 688
753 915
1010 850
240 952
554 393
795 1028
343 223
1010 135
249 570
1079 1098
417 328
489 812
205 308
371 167
120 812
300 540
230 565
287 1109
351 539
606 504
546 310
721 832
518 848
641 1015
88 125
419 147
116 965
913 709
587 411
624 458
355 448
106 444
673 49
794 368
667 934
569 198
228 499
687 699
494 920
795 1046
419 428
799 693
1073 565
127 817
749 426
656 993
509 729
623 325
275 357
906 158
7 290
203 234
367 298
716 917
638 947
106 686
824 343
933 462
876 26
455 502
146 853
819 905
837 869
293 394
44 814
568 487
978 472
639 697
208 676
439 761
1054 895
465 307
930 436
380 998
716 800
869 539
848 469
858 243
954 716
619 121
395 0
746 156
349 565
817 350
395 550
1082 908
1009 388
636 694
230 180
460 942
589 430
857 72
686 531
619 401
699 207
460 244
694 745
969 1026
797 206
505 783
844 440
796 511
415 682
102 504
629 439
812 880
911 266
639 486
263 246
527 170
687 130
718 401
982 811
382 1087
417 524
975 325
828 806
805 45
149 217
165 347
628 22
662 840
897 385
799 350
364 870
919 939
297 327
864 465
405 411
783 321
747 598
204 680
669 627
885 267
315 334
284 546
873 154
305 948
880 667
897 918
988 587
297 413
441 267
362 1027
354 833
390 993
1070 551
230 480
828 554
460 373
402 370
131 986
988 311
886 732
32 279
154 632
894 829
231 226
912 461
524 288
862 976
745 538
333 431
594 404
991 786
530 444
937 182
562 816
598 247
811 434
761 938
172 170
727 278
576 949
424 473
306 729
1016 909
322 167
847 609
180 109
82 629
624 165
390 612
405 884
351 52
409 873
144 751
516 212
1 59
859 938
1034 819
513 77
251 778
408 910
451 537
377 834
375 216
1012 1082
304 514
489 80
228 363
392 586
397 155
395 1055
643 150
242 113
300 368
43 698
985 502
755 711
542 952
379 253
310 67
847 764
175 538
116 225
828 111
336 156
661 584
419 723
486 397
620 272
460 971
169 108
281 755
1019 678
833 724
112 469
798 1
329 733
524 541
1067 642
198 365
650 102
275 172
122 376
991 1036
1049 426
314 785
147 230
324 445
279 834
258 980
379 98
238 985
291 637
561 575
543 946
435 6
684 1010
152 611
779 599
365 629
801 410
289 680
482 373
183 608
113 541
712 801
227 891
887 977
403 646
897 924
566 706
381 260
112 295
1069 572
925 309
161 694
108 1031
843 506
172 670
121 953
816 865
968 290
950 409
763 498
707 1058
421 125
382 863
779 1116
172 323
729 638
550 1021
356 644
634 712
494 330
1003 754
147 522
1085 820
227 575
1007 901
353 645
546 119
1034 1118
845 660
723 279
458 525
603 400
629 86
916 982
179 252
276 365
693 569
494 609
510 447
801 691
806 805
790 338
471 174
1009 20
861 294
951 398
161 803
559 990
926 198
610 5
1095 832
308 1118
40 843
111 306
764 810
908 929
979 256
321 352
204 495
170 485
5 760
868 832
505 684
562 454
925 216
438 683
407 149
258 676
235 391
439 473
959 321
656 1104
142 513
517 181
552 354
534 537
508 585
445 533
281 637
278 953
414 370
861 813
737 48
476 439
878 862
182 350
48 580
73 737
819 864
592 575
315 1071
415 527
668 705
533 127
459 1030
743 540
773 830
429 517
758 939
856 751
409 33
853 891
693 569
838 177
682 692
841 415
877 442
364 355
924 1031
663 714
774 400
402 731
890 738
223 746
879 727
381 953
359 469
637 761
248 179
905 691
803 35
1074 674
286 18
297 200
576 878
539 579
898 121
708 439
521 264
614 708
626 998
869 893
878 837
297 365
287 725
581 342
130 488
348 271
894 316
283 966
636 170
977 748
151 158
845 1017
907 598
992 636
33 117
995 383
405 48
152 1048
148 198
547 995
784 409
617 76
1013 1027
843 421
620 324
756 522
349 242
565 209
822 566
1058 761
611 951
53 405
829 1052
337 778
637 149
472 538
791 272
320 706
507 233
449 237
220 542
806 444
1053 166
645 219
739 813
692 292
95 586
336 696
816 388
647 437
324 1022
191 266
1016 963
1038 218
400 309
644 656
400 423
596 488
141 1038
187 459
383 326
817 1044
255 557
829 369
183 343
845 118
208 778
383 910
156 570
1019 380
893 311
1086 2
253 1006
213 632
278 338
892 318
1008 1094
235 544
578 407
515 913
822 886
141 783
233 976
495 527
1045 542
618 910
136 466
786 682
189 691
776 732
945 847
873 999
264 889
881 1076
912 942
427 283
222 118
960 782
919 292
584 244
993 57
323 571
378 754
750 1009
593 528
286 395
500 525
625 741
602 323
630 963
665 922
572 376
497 993
742 365
482 316
302 166
743 350
435 393
964 729
1081 755
630 804
119 1109
585 330
53 897
557 783
371 215
5 312
959 15
61 495
647 245
594 98
934 396
406 698