37 1065
801 822
230 817
900 647
112 99
182 811
452 159
163 113
929 922
640 922
936 937
932 975
364 196
376 224
1021 12
977 1021
699 451
612 149
218 833
415 502
524 775
365 253
144 531
598 390
314 629
112 276
426 886
100 338
313 112
429 501
630 352
995 155
439 668
307 372
940 701
210 393
107 482
914 671
952 482
432 134
756 2
119 648
1068 549
240 1093
102 501
180 621
846 1058
542 971
745 137
941 20
1070 894
453 735
330 733
428 56
745 419
1095 845
896 1034
277 353
624 467
420 624
935 543
1107 113
398 162
1116 19
569 1059
313 1002
377 369
360 247
400 856
834 498
960 771
148 383
795 49
346 509
323 998
308 1055
639 371
867 554
62 509
391 379
967 595
361 29
4 250
419 378
359 1001
222 1011
420 907
748 791
1046 162
1015 977
269 755
305 1111
764 979
108 275
613 869
649 972
656 1024
612 982
652 1002
150 982
32 1106
359 1119
138 220
914 588
919 294
842 825
497 224
301 222
186 519
871 341
470 795
560 591
596 161
794 573
658 580
942 711
579 633
1029 519
794 574
717 454
896 193
853 169
191 130
933 930
480 646
538 793
548 615
530 778
649 370
435 141
805 342
561 282
559 592
832 309
1007 1119
139 381
162 574
422 224
824 1107
90 518
98 800
447 305
770 824
425 132
585 775
687 104
216 1117
873 210
224 935
1056 960
625 200
235 1063
319 485
935 294
261 554
498 456
809 957
604 665
589 111
931 521
471 360
798 104
901 262
824 579
148 637
173 933
347 167
184 112
830 669
142 683
81 139
659 658
209 1093
1035 304
652 758
483 607
283 113
944 950
737 501
788 245
923 690
751 440
605 926
1084 749
590 527
133 655
389 811
500 1034
967 161
451 766
479 307
1041 236
404 133
813 378
1003 122
755 989
290 559
846 757
343 256
922 758
464 834
59 538
517 881
216 473
558 184
443 1012
181 406
621 28
450 400
94 425
290 731
747 854
151 731
691 304
247 970
902 260
941 61
728 541
376 666
809 935
959 115
333 1031
473 638
479 339
436 968
521 817
485 1058
227 35
1050 741
836 100
218 926
376 592
627 491
579 756
778 656
722 283
299 953
736 349
498 599
811 700
957 420
240 167
155 1039
887 1002
541 519
747 870
934 962
264 752
993 305
678 274
322 57
171 479
849 626
716 543
871 903
541 125
630 1022
265 306
457 526
667 84
743 778
206 306
503 665
687 876
549 24
656 567
554 296
748 409
482 134
1097 117
481 121
465 831
360 573
502 1019
1065 392
55 943
866 746
279 705
29 658
771 941
616 425
561 174
963 283
365 1010
702 117
847 604
1075 914
144 938
424 730
293 125
144 483
363 432
820 122
332 1051
1111 755
1121 125
270 908
618 415
1118 111
870 146
442 856
422 946
356 153
160 807
533 700
360 231
156 649
547 985
967 643
567 246
860 383
434 847
576 167
689 562
925 428
1019 234
580 503
279 638
532 478
1098 1051
175 715
382 345
846 381
423 375
684 218
159 168
977 324
328 1023
357 326
815 683
295 761
640 838
384 576
632 168
1020 637
471 368
517 1057
206 170
566 335
571 487
107 928
715 774
917 395
284 853
619 812
564 733
138 256
1085 308
549 510
82 836
476 488
909 783
279 786
1098 211
851 932
564 177
291 5
613 89
526 884
1095 247
656 99
769 325
585 701
207 735
230 181
974 1113
700 934
706 414
375 281
145 132
310 1065
776 142
666 539
724 185
752 686
580 364
807 437
52 1007
524 388
436 464
673 521
370 538
419 569
153 454
212 750
291 881
209 373
336 591
1007 415
992 804
734 308
506 991
622 1063
663 1026
382 838
406 905
774 704
936 35
676 746
329 1070
171 1065
200 437
971 961
901 499
659 922
849 876
736 1116
987 281
182 835
752 165
264 1099
503 473
496 723
134 1086
211 390
856 384
784 415
1008 1030
1122 341
985 536
655 701
751 521
1021 595
426 445
672 719
521 100
331 1020
997 943
583 336
470 295
215 405
621 547
655 76
107 382
105 40
498 881
204 847
131 835
740 207
691 967
855 597
169 261
438 449
186 181
614 545
271 135
406 150
116 893
593 503
506 319
392 888
59 453
303 224
819 659
426 1078
1110 478
832 828
919 403
689 481
448 104
732 484
360 859
177 62
965 1018
858 213
443 593
650 605
147 300
345 570
680 629
944 242
703 632
842 110
997 397
445 250
62 866
938 605
955 885
878 236
536 735
401 130
927 1046
294 773
932 101
208 690
618 577
1062 94
466 320
406 624
386 964
360 778
1064 132
747 407
207 1022
362 777
709 1013
643 596
767 1096
1077 914
413 640
113 849
706 613
581 346
895 766
1037 652
150 892
569 99
706 885
206 668
1116 541
408 255
920 995
165 819
513 254
1084 827
102 759
197 1032
502 777
943 227
714 984
475 937
521 478
568 247
579 389
974 6
1066 80
833 309
377 850
18 952
39 228
501 409
735 401
349 182
976 304
83 865
1019 519
933 558
571 18
876 186
657 354
723 668
513 745
300 464
1017 905
667 778
727 176
359 821
532 166
142 668
1015 625
135 711
859 801
756 134
340 227
990 275
704 943
632 11
761 401
193 514
702 146
465 304
563 124
667 997
333 981
521 455
338 388
516 1029
304 145
335 86
612 144
405 874
458 563
1067 287
746 1114
553 873
585 788
998 852
418 153
38 674
978 334
941 563
779 439
883 367
231 800
97 1097
1004 297
666 1117
624 102
630 678
669 258
842 177
899 950
193 831
179 313
725 762
236 292
512 399
329 654
1097 878
929 512
333 260
202 565
245 648
858 599
88 400
328 1008
397 64
762 802
33 790
400 717
271 431
993 1115
395 449
116 1048
871 604
68 480
478 561
1071 218
367 118
984 943
840 572
1044 993
508 128
1112 575
343 738
808 155
455 980
822 703
384 268
564 827
675 712
706 483
986 951
820 260
459 214
671 22
614 516
314 767
412 342
264 243
1100 988
931 1060
538 943
732 844
1086 581
401 227
356 243
286 436
108 383
831 913
86 573
777 651
1056 744
384 880
470 462
45 168
925 490
897 569
95 128
565 395
203 526
915 269
197 614
927 376
188 750
330 503
377 530
1060 177
851 208
960 649
148 370
285 455
957 807
1066 371
720 718
139 47
839 590
578 962
501 450
115 987
816 80
659 307
791 690
326 52
589 427
609 239
325 131
403 246
148 345
702 252
734 369
360 981
598 237
358 953
340 592
825 370
429 683
996 978
217 679
553 358
847 753
1082 588
883 77
379 734
109 808
318 871
409 1121
842 638
121 980
1063 651
154 495
729 708
1122 329
516 761
362 567
912 1007
436 242
517 167
967 823
813 168
862 972
624 406
387 1067
580 1016
960 233
45 996
147 253
1031 750
117 494
1027 336
913 470
750 494
817 173
825 265
573 937
97 377
240 1070
69 804
170 147
345 574
383 534
257 1006
583 366
59 658
616 165
825 612
280 746
397 701
661 573
878 697
114 745
123 701
893 708
1038 212
352 169
979 127
1002 323
233 719
409 1007
781 989
202 311
406 889
674 733
232 986
417 64
764 213
857 710
803 727
534 952
521 428
1088 696
413 1123
604 1111
79 235
1021 893
245 196
195 711
994 441
984 790
427 152
304 616
283 784
1093 577
357 564
844 801
472 335
337 374
407 747
221 314
409 441
820 128
712 462
1012 132
29 586
165 254
442 171
114 320
51 796
991 229
1050 409
1055 313
233 856
362 801
717 947
119 468
1009 909
781 862
840 423
972 176
895 503
304 508
553 412
454 790
12 523
941 281
748 910
542 485
918 1020
553 460
135 137
732 53
190 509
1085 129
194 676
370 341
560 769
482 888
1088 132
860 750
510 519
462 325
600 766
841 959
110 828
653 846
525 744
147 86
647 338
677 80
663 319
937 157
480 603
544 731
328 813
150 1042
194 299
552 110
499 589
543 941
752 819
1063 235
680 601
548 255
854 485
346 417
1009 685
192 557
439 611
402 609
647 587
1063 113
846 449
549 867
1055 742
982 200
958 662
246 687
954 725
942 903
914 941
965 404
282 777
986 175
1030 645
355 360
922 848
58 787
363 133
204 392
778 814
455 363
967 1012
907 600
568 38
759 245
739 397
447 389
981 794
161 778
955 806
794 653
514 667
1095 121
610 906
1040 456
943 657
951 265
283 680
215 111
1051 32
798 572
305 626
384 949
1013 438
156 1062
760 951
448 825
121 774
1022 1010
761 281
910 486
1109 755
397 940
642 474
643 133
245 588
404 160
228 564
595 666
372 345
977 363
691 275
890 211
73 601
320 133
1034 888
569 809
242 831
534 591
284 177
667 226
688 861
610 501
676 720
892 526
389 713
79 579
558 816
1007 463
696 905
701 333
939 134
1017 962
713 27
808 980
1057 611
308 896
682 496
625 41
921 282
943 1012
716 635
470 275
1080 488
238 477
604 1055
852 360
726 992
224 1101
294 560
380 425
762 862
713 309
397 397
508 926
203 526
1037 914
949 541
822 996
896 560
822 786
259 501
182 190
450 942
621 1052
241 550
260 738
565 682
523 1097
1032 326
418 720
707 292
261 491
540 977
301 191
816 739
758 726
663 842
60 1056
967 535
1094 1012
910 708
224 904
1019 937
89 954
799 544
341 786
263 363
365 718
281 68