218 542
713 463
321 794
201 314
222 788
357 796
705 442
1019 98
987 905
146 993
460 1002
66 730
962 702
673 69
353 621
469 775
36 648
64 160
1054 464
775 348
422 540
783 603
666 503
684 124
818 331
76 537
562 921
467 886
845 753
823 435
885 598
450 977
326 636
350 608
943 340
254 261
705 501
962 993
747 382
880 863
184 809
217 324
115 422
320 727
16 692
762 982
843 9
34 457
529 897
628 157
993 782
72 510
233 866
839 619
700 985
625 435
1108 158
1121 1053
103 360
270 128
755 965
1042 758
831 717
668 468
7 158
112 1119
215 593
614 564
830 515
484 524
276 906
685 127
261 880
708 953
672 113
719 447
307 55
871 267
702 849
1003 124
271 158
1052 645
568 709
513 947
1073 446
611 949
252 471
619 846
842 854
434 377
669 639
896 879
238 823
353 110
234 520
485 937
407 839
118 128
497 573
667 583
668 638
378 218
380 656
1011 997
450 188
851 587
148 331
814 281
683 1000
8 357
127 860
561 36
225 256
184 855
295 833
878 739
168 561
1107 931
411 317
396 203
1090 644
735 875
140 347
288 119
755 134
804 394
208 392
111 978
570 501
257 397
837 535
668 301
264 678
629 461
459 350
748 715
595 139
958 878
653 104
157 727
590 798
638 473
328 890
939 829
263 425
832 1101
430 671
635 677
574 479
568 950
1121 1085
98 1068
655 359
128 821
819 906
239 956
717 755
604 970
383 422
233 382
560 1063
199 572
429 865
710 997
858 165
83 442
517 362
406 406
839 722
846 1071
895 751
349 833
452 856
679 108
165 475
573 827
1115 181
469 1035
392 461
189 460
336 684
448 515
700 549
596 944
12 433
1038 535
284 697
363 154
358 444
968 384
283 693
159 670
439 990
658 856
170 557
828 74
256 767
454 695
679 949
629 804
221 524
1002 1044
916 1055
941 918
273 769
453 665
535 232
1063 412
132 361
982 364
890 863
631 470
539 1022
189 906
43 808
559 152
441 254
968 924
335 565
31 476
202 188
1064 730
998 1013
205 112
655 923
465 405
545 1001
254 1016
378 431
973 514
647 451
603 181
854 1004
978 157
594 275
873 975
178 558
375 239
912 299
197 448
257 1056
355 219
66 575
997 266
225 605
702 949
195 146
561 228
909 449
494 812
407 315
187 259
313 359
380 344
543 979
440 54
125 157
516 960
586 680
116 724
725 268
969 221
1104 278
906 906
290 371
326 1027
947 890
509 634
894 985
1022 352
153 411
480 632
748 604
437 110
32 462
135 203
838 265
180 1040
248 1018
156 786
528 776
193 403
773 778
783 476
753 200
197 304
928 630
983 815
569 548
132 1039
972 684
938 121
528 87
312 819
258 996
1089 225
479 557
647 654
396 897
153 152
541 648
248 240
809 718
275 113
427 734
354 422
1047 779
822 799
347 441
334 473
470 609
163 611
22 167
904 388
473 807
912 360
564 391
129 867
437 349
302 667
139 881
120 197
934 371
21 898
159 503
140 556
775 630
704 508
652 269
492 464
221 150
398 282
915 934
647 223
595 582
159 847
191 678
340 1066
544 908
260 942
911 895
716 594
318 652
427 791
1100 665
51 665
595 905
961 944
823 124
562 314
1017 994
1021 265
1068 324
352 287
370 809
600 367
515 541
836 117
673 266
756 124
781 706
365 777
529 953
367 967
327 271
778 233
448 808
706 145
226 338
978 560
193 967
608 952
190 860
958 699
793 507
206 431
937 624
962 595
180 431
482 811
654 28
152 53
593 774
897 604
673 602
212 102
376 206
591 358
583 1007
145 226
846 226
387 925
739 541
914 230
431 700
97 480
849 104
866 731
327 259
446 22
790 452
573 259
888 763
771 1108
294 116
900 839
135 774
782 298
163 1022
965 151
315 296
51 177
1071 139
1009 650
523 238
773 19
874 631
373 466
752 950
775 586
619 454
369 73
996 821
155 1121
695 940
348 142
865 1009
162 163
282 396
558 872
983 187
978 732
769 859
692 216
1096 104
606 829
266 171
799 526
266 468
910 713
68 753
949 1010
342 229
245 386
1115 805
319 415
602 794
57 731
962 665
546 165
65 632
242 183
483 411
1094 938
354 332
636 265
785 882
410 493
679 875
116 843
185 806
685 341
884 261
830 216
379 343
239 150
554 665
366 912
167 926
62 1039
575 1028
939 971
917 233
465 421
444 615
615 735
603 886
129 910
982 209
750 136
750 704
1091 796
584 1106
950 136
821 1013
143 389
116 101
356 789
347 747
972 579
664 719
534 300
172 567
450 480
922 287
807 901
902 794
494 924
230 760
734 944
869 38
433 1001
777 213
495 367
1001 597
1113 750
739 636
389 494
27 164
567 289
359 332
726 664
110 556
856 830
423 242
483 830
860 253
829 474
155 193
917 419
661 1052
1082 720
810 347
420 235
457 203
1034 774
730 281
800 743
647 737
609 524
694 646
899 185
886 837
121 905
742 904
336 632
364 71
726 834
579 725
91 353
668 496
994 819
449 633
883 250
956 797
370 522
377 895
615 326
227 1009
990 254
682 665
802 245
932 593
797 424
54 593
971 866
699 100
167 464
803 457
21 268
409 205
1073 161
477 739
563 784
93 864
517 461
438 859
497 996
150 143
695 328
219 242
350 287
442 664
961 773
8 1002
332 576
416 916
911 55
1028 742
468 233
202 746
500 49
695 1078
227 1002
7 778
524 931
199 779
697 311
130 627
248 761
377 1061
866 755
442 573
245 572
666 238
516 632
355 857
212 53
272 912
355 689
479 811
252 215
904 350
17 616
1039 478
20 470
126 998
354 826
597 145
801 910
932 614
13 871
1030 162
686 991
556 979
88 898
232 698
751 579
848 120
960 254
670 704
221 962
542 183
840 446
688 756
509 1055
491 424
309 1011
868 983
489 418
221 871
264 292
251 940
573 254
456 83
692 406
184 769
347 459
866 122
424 295
540 721
936 973
985 468
530 824
604 223
652 1073
459 181
554 30
414 878
630 193
1006 964
784 561
143 258
502 942
337 169
553 1052
1018 1008
801 935
596 422
519 764
670 930
449 436
180 542
98 760
602 789
610 559
211 278
387 118
428 858
918 282
910 793
169 326
309 536
306 181
869 646
63 108
902 1032
383 1106
339 725
644 1020
424 888
418 610
544 836
1015 526
767 784
516 565
1036 1003
475 223
115 848
674 152
276 616
696 662
1018 369
398 490
690 759
728 689
571 784
620 17
1011 541
203 1033
115 991
262 809
372 975
484 218
287 356
57 962
360 509
645 1085
342 822
310 387
451 182
934 607
112 518
42 955
573 264
167 471
752 404
134 1111
348 446
430 146
447 1112
103 1012
620 397
394 876
451 544
207 730
976 305
823 461
880 114
746 816
678 878
191 856
635 538
746 310
291 528
858 209
988 693
452 628
1091 610
639 753
635 1059
385 215
967 854
977 228
780 651
726 440
109 656
623 716
31 854
316 1052
192 240
180 60
864 867
416 976
728 514
488 1108
851 850
788 697
75 1036
1073 907
213 841
861 129
786 642
419 961
398 779
835 132
64 1000
517 459
684 331
196 274
464 181
941 175
627 748
1008 1041
330 442
216 173
715 1045
782 659
932 396
383 178
847 270
198 774
550 537
915 39
145 852
1014 152
472 804
506 457
566 210
334 711
239 712
352 813
875 725
179 655
566 742
180 359
352 615
399 592
779 95
356 199
977 358
183 594
182 887
680 89
972 755
388 324
993 415
575 760
477 500
787 958
111 551
836 253
382 586
357 645
102 302
138 485
52 713
319 294
307 384
749 465
495 480
555 69
294 201
579 564
981 455
1006 449
366 407
120 831
903 761
16 988
453 116
511 679
387 839
47 572
499 701
110 653
902 598
268 498
224 581
278 870
96 872
316 820
562 949
921 563
1026 131
344 621
47 262
54 870
232 773
589 543
930 86
788 19
941 442
1005 114
115 456
195 795
1025 269
613 920
588 140
113 163
888 450
773 577
198 608
18 235
908 301
1067 464
291 1010
1001 47
659 15
520 794
327 749
545 953
852 864
473 161
494 903
546 404
602 960
511 1008
640 803
449 459
978 485
824 828
487 740
115 465
154 930
212 143
231 709
478 424
385 1066
832 363
703 1035
918 440
317 310
686 817
2 664
226 562
931 344
915 905
812 661
153 162
699 287
616 229
835 726
373 590
539 528
106 325
844 386
243 217
178 628
411 81
869 107
641 661
810 683
358 509
1090 108
282 1057
678 910
302 741
900 1001
890 23
160 587
456 816
874 334
744 780
322 378
460 890
7 404
742 940
654 777
1096 229
268 465
276 232
439 969
189 129
508 320
337 584
837 754
544 564
802 834
632 785
1035 997
842 210
280 875
601 143
56 567
777 331
306 45
462 191
724 16
221 992
1003 908
50 873
403 353
59 512
635 421
177 1016
978 1000
478 131
249 897
414 665
973 383
625 175
31 508
604 219
147 74
134 811
436 363
737 835
785 1019
1018 583
624 16
910 820
952 1100
878 238
986 712
905 447
821 742
840 190
571 359
674 111
367 95
624 255
260 685
263 158
986 173
219 729
50 442
807 673
546 678
612 906
1076 927
18 58
477 1017
598 670
940 790
344 536
330 929
1011 549
683 664
930 899