340 833
181 1012
668 707
166 545
1080 91
360 260
430 870
338 158
351 432
923 389
128 807
514 958
682 900
464 885
215 869
341 693
321 343
348 856
991 574
131 119
709 504
567 581
497 640
654 1012
946 226
695 818
839 462
923 399
453 302
773 554
596 376
131 862
543 268
590 804
743 916
707 382
452 444
931 715
837 230
205 327
957 340
665 195
823 879
496 896
369 966
778 255
693 878
732 774
886 374
283 585
837 352
764 3
445 808
372 733
135 1006
874 687
1088 175
115 425
767 255
938 336
475 440
73 207
281 586
619 921
205 893
475 378
299 846
432 776
804 659
658 565
740 312
921 229
269 701
36 747
452 731
235 15
395 525
1081 963
935 247
396 699
766 507
694 978
576 514
553 832
705 477
357 79
959 1011
769 1118
481 452
803 780
241 1056
365 1012
779 199
33 622
93 984
499 534
412 4
12 774
387 717
941 117
132 751
790 127
785 923
224 501
109 555
410 852
489 854
1011 647
634 618
715 951
972 253
1008 977
1061 388
782 306
371 1015
394 738
526 919
715 923
753 151
973 576
213 732
728 660
85 687
1009 1003
783 985
910 262
1033 298
87 23
448 176
778 265
1057 730
763 412
591 79
205 744
710 848
420 889
161 285
645 295
865 255
2 845
265 477
258 537
901 712
368 12
1010 514
713 937
780 235
280 464
998 991
101 753
875 729
210 405
540 377
145 448
884 194
936 125
755 235
927 280
351 1086
387 570
674 80
276 196
83 912
473 295
409 549
729 688
272 482
413 495
136 726
524 258
243 33
394 805
851 12
285 950
594 1012
780 298
733 694
745 1066
844 691
466 673
914 428
755 673
558 991
650 335
946 669
758 793
901 964
44 482
177 280
964 378
925 1106
779 930
970 1000
962 291
304 47
647 150
35 312
889 412
366 940
301 602
1121 51
135 36
409 1010
710 888
406 217
172 1016
71 100
221 1066
1006 735
774 464
451 250
132 677
766 637
629 939
43 298
131 409
1052 965
991 596
208 457
48 115
976 28
813 726
963 168
712 396
867 1010
844 717
1057 860
837 631
514 201
238 862
596 929
882 775
142 983
494 973
211 977
823 605
890 555
1023 616
613 367
610 655
414 908
6 1101
1103 143
226 436
436 797
491 1113
240 384
944 200
728 625
773 440
816 573
501 599
579 268
27 214
212 578
57 857
619 884
1019 704
166 553
568 516
1077 23
374 201
264 77
691 904
233 383
714 318
616 340
351 655
690 386
839 1096
333 610
1015 343
244 656
747 225
623 45
1005 270
427 322
918 711
932 237
1045 91
1001 229
558 900
547 800
954 470
848 1107
797 251
77 791
282 651
250 233
182 472
1045 516
918 124
1043 1115
563 137
453 677
76 971
443 683
834 792
785 540
336 811
703 494
371 588
221 595
448 384
616 153
580 26
968 154
940 500
512 619
437 1076
671 741
302 960
1095 988
261 251
879 28
959 1064
818 542
899 580
814 945
988 383
1032 772
957 231
408 712
965 799
965 747
484 371
219 449
638 242
1082 1087
406 628
590 156
121 811
913 113
195 394
715 578
690 910
432 806
777 860
345 331
859 652
587 163
73 709
559 372
132 521
890 857
95 149
690 113
68 678
570 1006
333 1074
932 399
910 1110
539 710
848 302
176 950
993 813
462 240
10 1074
757 238
904 428
689 983
1031 157
675 993
234 486
338 888
904 1016
738 89
856 127
589 537
891 118
765 960
314 353
629 1119
976 176
109 527
978 181
511 604
317 599
42 820
277 238
150 1020
1020 495
302 171
160 177
287 699
432 1003
576 12
688 174
404 876
868 410
930 876
1038 203
1109 755
211 747
273 969
360 157
345 268
977 725
653 237
794 213
538 1
992 283
265 840
846 616
1044 800
332 347
410 366
732 628
1047 356
776 896
507 39
923 154
652 102
399 188
266 517
1058 624
197 743
284 845
841 497
948 147
305 364
273 28
611 124
804 811
367 950
572 732
659 757
754 142
693 109
1038 236
332 256
196 1035
169 464
42 304
680 144
138 674
1032 1071
700 517
731 273
794 711
131 113
415 77
224 1117
353 810
854 655
902 429
634 359
472 752
333 198
300 377
819 538
420 419
290 113
852 829
615 976
567 224
824 93
665 312
747 219
772 763
522 220
623 423
819 727
663 294
1000 434
345 848
512 166
446 344
262 707
672 1006
446 211
529 428
1021 258
427 264
699 471
167 653
583 660
481 279
873 390
215 886
198 971
944 476
790 520
420 286
1085 612
106 761
255 847
582 807
469 555
995 766
601 901
162 589
922 847
308 647
185 1011
722 548
782 1018
763 71
1040 901
922 449
985 92
121 86
309 838
444 166
77 411
682 100
973 746
942 962
140 983
561 338
1045 808
862 572
1043 247
513 138
63 132
501 126
813 803
661 94
428 389
549 833
199 509
57 710
92 466
205 48
932 481
878 928
743 362
949 1094
402 567
906 712
98 178
555 221
876 810
582 126
192 938
675 433
749 568
182 618
1108 706
1000 603
875 118
1012 902
470 263
921 648
258 807
606 585
736 654
306 848
285 601
244 221
992 871
896 798
678 339
83 986
889 867
172 79
617 47
892 501
169 391
692 459
490 938
13 621
510 548
108 693
190 662
775 384
1070 319
259 81
222 474
110 535
368 392
751 984
805 875
605 308
426 682
1029 150
979 1068
175 210
918 951
803 660
759 260
807 764
611 384
883 991
700 784
73 112
426 440
491 1001
513 531
606 802
384 385
488 242
919 914
756 170
349 345
737 167
102 479
60 550
982 837
542 500
419 961
170 1006
199 1084
118 40
435 438
697 860
785 402
677 424
199 950
420 658
480 339
1060 182
251 820
526 949
372 708
63 773
832 113
387 1008
623 700
714 62
288 141
837 9
1022 417
132 126
737 608
904 702
244 483
259 726
481 69
741 1008
70 253
810 921
954 813
547 871
305 1076
586 979
551 413
138 851
397 440
461 1020
1052 951
870 157
852 308
629 457
874 616
682 530
1038 447
135 748
153 953
202 859
655 505
734 654
403 258
895 427
859 285
200 621
1024 1074
7 886
753 688
404 158
723 1122
451 917
639 1107
758 1058
868 863
792 333
530 1030
466 464
809 899
830 601
113 928
681 725
532 683
332 185
490 446
763 719
642 779
570 915
315 281
352 150
419 37
469 646
450 868
894 625
449 598
414 614
982 576
244 958
481 570
236 953
678 454
726 36
291 874
405 313
331 621
563 863
353 277
657 596
937 668
654 305
913 132
87 986
147 648
865 464
751 406
422 927
298 561
109 569
924 761
1118 1065
951 68
564 53
770 503
956 447
461 1044
426 545
706 806
994 604
432 574
841 754
197 951
460 133
624 614
776 707
819 129
284 1079
44 204
428 767
175 786
118 262
566 1077
150 887
8 772
517 511
564 434
866 494
797 244
396 700
639 462
495 527
265 983
246 612
961 845
1029 22
975 462
231 569
107 189
542 483
740 12
889 651
945 1024
518 1034
234 440
912 630
462 202
107 454
141 515
790 729
469 566
609 546
590 276
352 610
505 62
94 646
479 544
310 584
572 666
191 720
586 970
831 1060
360 979
478 911
586 1081
355 446
409 781
266 314
369 297
799 577
674 554
1099 161
896 639
773 351
637 740
119 135
612 160
825 639
950 765
317 276
370 188
69 827
839 612
1098 455
642 218
710 799
819 713
755 66
534 571
44 1015
985 457
1104 853
253 932
742 175
828 413
549 244
1122 920
196 60
390 121
103 147
964 331
283 621
622 762
555 753
189 137
373 87
497 268
132 228
398 188
854 299
435 509
960 493
545 426
360 668
819 726
427 258
517 422
744 262
257 324
828 592
418 113
294 585
651 500
406 125
928 514
265 480
803 758
500 146
184 1019
953 85
891 681
633 942
778 529
243 60
18 783
833 14
845 790
265 596
782 178
954 806
873 334
871 994
917 322
495 402
730 324
319 572
871 358
961 974
926 1014
1038 981
777 301
1029 122
1096 893
613 811
526 483
972 392
820 280
777 749
159 220
411 270
869 981
290 332
1022 234
811 907
898 701
232 218
845 999
994 829
792 936
18 1003
958 727
87 204
553 405
533 112
414 587
211 322
990 942
523 859
585 789
147 943
263 846
97 845
550 901
911 1023
450 375
823 988
380 595
1078 1047
398 306
260 798
837 263
303 835
613 1061
352 862
1033 636
173 1101
78 559
672 411
475 494
99 615
1117 209
622 1031
899 994
146 213
26 835
311 136
827 104
1002 574
1057 578
523 415
25 904
925 914
832 682
703 234
471 11
1048 470
796 967
510 413
338 644
360 361
678 976
372 1012
1023 987
594 987
1040 256
178 730
431 595
591 883
265 196
973 612
642 548
773 717
631 966
175 711
496 1033
716 576
571 1012
133 17
529 712
554 452
963 653
895 61
1074 1068
799 40
720 905
658 815
480 384
470 273
80 155
569 385
102 1018
78 702
914 101
984 916
384 627
226 416
399 778
1112 495
861 264
806 330
664 705
1007 209
508 936
819 837
1110 969
276 427
956 151
407 591
561 298
575 152
460 178
98 815
805 398
167 1077
223 277
346 690
944 752
858 858
223 227
301 817
741 371
777 992
355 810
805 343
978 511
633 364
1031 281
551 840
100 800
659 740
531 923
688 470