901 774
493 225
783 410
303 364
954 311
342 750
351 432
902 92
1106 413
945 266
898 121
654 157
1021 1005
853 162
226 487
166 347
296 489
497 692
247 35
654 1031
480 998
277 238
764 121
864 199
934 1000
47 861
323 466
304 259
548 896
1104 1110
478 935
877 1077
939 213
972 376
278 613
845 738
727 266
126 608
506 521
145 892
951 257
513 796
643 173
566 707
516 669
600 506
929 738
1 702
561 691
71 598
982 436
761 419
770 432
551 331
760 202
731 673
20 974
846 726
192 114
477 150
133 480
437 438
475 598
304 490
100 171
40 630
246 522
1080 1011
655 224
282 993
253 673
780 190
624 88
526 486
778 111
111 845
780 593
175 631
103 879
949 531
971 738
737 768
456 957
495 377
248 821
269 449
1052 666
523 605
690 8
737 884
1012 92
310 142
314 43
270 1045
519 400
1063 2
108 133
320 283
942 968
971 1000
800 375
970 178
62 63
955 581
935 85
143 340
294 629
532 514
1044 564
954 141
962 576
512 93
87 439
239 496
592 116
114 564
437 81
791 828
212 978
202 958
119 551
480 693
829 915
1083 337
963 389
347 179
673 865
979 940
841 676
341 680
890 74
1014 688
204 744
398 935
872 156
543 334
179 615
413 12
427 63
401 1058
282 803
441 387
305 111
292 233
755 625
497 588
369 571
682 258
966 698
118 593
555 676
10 640
986 509
652 436
538 266
1012 1055
258 74
157 208
1001 465
895 619
889 584
677 91
987 655
470 210
978 153
327 406
1062 890
863 540
1057 463
886 783
1093 1085
251 551
823 961
461 664
1122 764
964 184
611 497
56 936
934 677
705 458
337 432
409 927
1120 827
1114 806
272 824
804 472
431 80
542 568
992 414
82 530
325 479
219 571
314 881
882 313
20 260
693 328
824 164
963 896
504 151
123 1003
561 989
836 35
358 410
1013 414
424 746
565 839
552 1
408 363
552 885
195 338
626 595
761 1061
662 573
655 157
425 819
171 817
778 967
944 1106
1002 478
124 566
756 478
508 942
106 708
500 672
206 160
507 313
259 103
201 42
749 262
837 994
178 375
972 414
917 751
822 1
26 170
191 903
1005 323
273 410
316 996
545 130
154 126
730 800
978 710
401 589
982 846
1115 854
100 623
279 989
599 812
280 369
1118 187
6 357
806 1069
347 676
599 245
968 8
694 277
128 805
744 440
629 991
897 22
522 703
235 924
613 660
874 279
693 22
1081 666
409 980
392 799
673 973
612 728
586 987
4 333
950 373
717 999
862 350
490 683
810 178
42 582
672 1006
597 407
60 333
340 988
192 928
271 1025
173 483
216 490
141 675
622 271
322 435
515 1102
470 357
502 763
580 107
907 255
646 239
672 451
1023 630
186 444
224 6
888 185
838 799
148 29
67 776
923 65
1109 366
219 694
822 445
836 14
846 563
24 994
361 97
981 502
445 730
212 194
1063 551
917 817
1012 253
328 720
786 448
246 270
640 430
887 956
311 1104
1018 828
609 1042
726 291
623 843
377 934
342 487
563 803
730 689
316 855
1055 405
211 756
952 839
1030 154
961 181
128 788
47 644
524 646
454 761
548 479
771 312
791 907
122 676
104 378
710 479
338 255
47 790
997 743
716 115
595 657
634 973
511 495
728 535
93 467
995 305
564 841
1120 1004
195 60
337 546
421 79
777 889
150 1061
716 545
864 668
966 475
198 698
601 1056
507 929
180 688
411 268
642 611
473 893
348 946
91 405
411 915
995 434
145 277
356 170
798 366
241 834
1085 551
516 859
888 401
637 400
249 1016
987 961
1018 715
443 688
666 1039
992 1016
961 1063
811 904
677 180
494 118
558 662
245 597
719 304
1012 636
830 303
523 294
237 960
536 1064
515 253
289 96
1030 271
208 852
545 601
754 312
140 548
447 857
770 325
172 425
611 527
389 552
931 1026
306 971
474 190
691 1074
660 480
299 469
860 1046
594 778
252 337
581 464
400 153
605 460
835 160
100 351
269 361
1015 645
359 936
884 602
263 355
219 831
839 955
894 669
752 846
491 1032
291 1078
697 456
308 48
1007 319
858 375
852 724
966 121
471 957
338 151
123 755
956 342
491 168
323 408
921 577
466 385
898 177
836 561
841 604
360 106
73 658
877 19
860 763
676 950
77 244
468 140
1008 30
833 152
242 310
208 819
141 671
375 882
694 321
9 619
807 672
20 918
351 859
422 626
299 1072
356 456
894 342
389 467
27 864
722 705
120 372
486 928
879 681
37 782
134 45
896 951
816 209
1012 358
716 162
459 155
731 616
750 342
338 263
461 404
838 15
175 817
478 944
590 101
231 834
153 569
643 608
979 566
122 770
32 377
783 763
742 583
790 254
1079 891
1076 115
812 246
277 1062
820 399
798 750
974 311
218 471
852 478
685 191
97 646
641 778
144 853
590 41
862 712
239 435
949 906
811 865
690 291
303 506
789 686
848 47
1071 49
370 967
316 227
897 101
1041 217
756 818
860 1077
925 184
923 155
867 125
1026 895
449 920
455 958
128 134
855 697
153 84
313 242
856 68
739 1105
566 422
741 204
998 119
381 935
997 550
996 25
722 949
504 912
345 798
676 598
881 286
900 189
534 837
389 386
402 911
1007 176
37 366
828 545
166 865
325 750
236 377
899 687
1092 493
773 600
987 704
367 499
166 937
581 711
1013 1041
25 1042
809 752
974 73
275 819
990 970
735 1064
157 990
465 942
735 447
712 355
459 682
628 930
258 215
966 112
619 607
918 496
175 375
464 598
931 994
231 764
603 933
91 479
102 512
1019 497
1120 413
314 142
896 770
588 877
707 73
480 272
988 808
560 594
925 684
143 351
193 612
622 452
715 530
898 706
683 1102
913 357
302 655
769 840
895 535
454 491
492 892
501 18
262 206
1041 279
765 347
291 703
370 118
893 1121
854 590
968 230
111 656
296 582
434 1071
722 883
948 657
13 353
156 397
942 295
523 419
960 577
278 448
626 275
145 705
207 619
93 895
570 289
164 924
337 673
274 889
852 1112
103 791
680 569
706 965
825 151
833 335
352 596
687 355
935 421
606 493
872 202
782 206
346 950
301 722
267 466
1015 997
100 612
480 595
542 857
1016 114
119 299
495 890
682 563
786 590
276 517
661 674
815 102
698 399
646 434
565 476
892 225
554 130
362 556
103 747
764 940
421 155
784 747
177 227
757 30
566 497
1014 592
894 1094
433 439
546 101
340 724
1114 967
653 737
881 273
1049 1049
1092 633
772 536
577 1
595 265
211 492
104 1061
643 896
180 184
589 838
355 759
36 1002
701 931
51 518
807 144
917 293
793 581
795 722
609 163
588 307
770 418
685 986
478 894
433 408
247 575
83 133
608 11
882 595
773 434
1080 632
847 757
607 481
1121 530
288 289
443 219
654 314
196 1023
235 305
647 155
520 258
360 109
310 652
748 350
562 911
981 840
1 164
806 963
918 876
209 316
688 285
666 770
975 53
966 936
565 950
194 602
160 122
835 428
951 357
749 468
294 742
203 803
774 92
795 280
769 496
190 343
693 844
711 290
479 85
14 229
155 418
517 959
674 1043
901 99
191 439
690 729
285 710
600 304
443 421
761 884
106 403
23 836
597 938
807 4
111 958
931 402
5 124
122 405
100 917
310 762
848 1065
353 594
391 3
549 216
773 331
936 191
920 638
382 755
834 908
419 880
677 921
303 782
371 733
216 742
287 499
1034 535
292 581
589 682
259 665
317 733
554 651
739 41
83 217
229 925
1114 523
964 844
210 305
919 704
994 165
978 340
508 522
978 839
401 528
307 566
723 823
521 662
627 645
648 875
611 204
247 346
131 989
848 386
95 325
643 1020
152 709
640 484
897 504
547 911
869 630
394 1040
862 894
780 893
809 490
801 852
400 835
78 392
495 1070
370 474
170 713
926 178
714 266
996 792
24 825
514 344
902 1115
729 110
644 630
513 926
534 242
829 461
418 62
57 645
581 964
977 283
541 668
559 984
777 767
647 335
839 801
336 777
986 842
27 587
941 301
190 609
760 870
329 501
897 963
447 68
868 838
854 332
607 168
61 968
360 746
279 114
136 599
657 778
780 522
468 125
306 728
480 618
161 963
435 229
469 933
1091 545
54 684
678 184
215 211
307 930
814 140
495 1040
417 132
997 967
152 1025
797 156
673 166
730 265
983 731
411 930
102 487
446 785
1002 463
714 644
1071 1038
755 546
421 430
926 610
92 165
445 0
710 923
108 912
707 479
339 132
485 120
114 872
765 597
583 879
1064 407
585 473
718 952
332 219
532 262
37 621
912 225
313 256
778 572
910 368
96 369
88 64
1031 494
450 766
352 815
139 303
464 718
944 642
1116 572
960 181
450 1051
761 214
469 941
1022 594
552 526
217 807
577 612
382 935
912 710
956 289
856 736
109 430
334 871
192 450
713 193
504 920
557 338
571 672
883 313
885 509
1004 826
980 636
580 409
960 261
454 634
446 741
206 401
865 479
583 782
585 132
893 525
930 12
276 406
346 279
930 345
231 75
882 103
1032 37
547 601
591 409
496 376
976 632
296 874
808 1054
749 410
396 302
368 625
287 921
787 377
306 64
202 564
283 508
771 1083