362 289
998 631
436 306
477 986
783 674
794 1081
1009 402
378 1073
402 374
237 403
294 232
1031 801
228 696
79 407
202 71
185 1022
558 276
839 821
185 919
944 31
778 845
924 93
1049 993
851 305
31 281
557 296
222 717
306 295
251 263
299 149
305 195
520 931
1062 606
474 1003
363 859
283 912
682 168
164 255
283 234
682 536
135 323
461 370
432 832
546 683
888 1000
288 558
720 525
405 723
625 181
912 844
297 472
5 154
985 595
504 789
415 905
663 138
856 416
956 527
860 938
722 576
501 284
710 140
174 868
800 369
869 257
954 630
904 456
720 657
262 101
673 643
512 480
19 1
593 278
410 434
719 370
598 282
666 325
661 704
446 404
165 458
827 841
150 283
387 194
547 889
124 221
168 310
422 963
144 805
416 427
999 353
114 693
146 620
348 529
581 957
851 772
56 675
870 760
966 779
76 506
430 196
556 421
659 300
454 941
1011 157
492 619
875 284
104 701
50 476
540 376
942 459
534 474
189 6
388 469
1040 481
1010 954
757 572
671 108
492 754
1090 577
644 787
189 765
238 215
602 272
990 682
868 906
488 199
397 162
365 825
106 966
1086 197
839 191
320 885
914 490
378 687
545 408
144 301
922 1033
1088 177
789 609
422 440
953 1071
699 699
1089 743
650 228
978 356
791 735
358 246
984 1016
834 368
420 328
242 746
593 451
1036 661
314 212
476 24
370 588
267 775
1007 908
356 360
958 1072
687 359
866 854
709 195
515 984
844 230
468 1037
1067 162
609 752
923 426
650 230
761 926
66 496
822 747
829 932
1024 367
263 582
273 888
1001 339
111 156
778 594
676 562
145 839
612 74
566 344
944 400
249 665
115 207
275 722
1032 163
363 448
80 684
847 779
585 351
635 139
205 730
761 135
219 830
867 270
584 707
362 806
557 273
456 649
880 437
299 634
577 677
338 7
445 955
440 458
498 707
688 108
113 6
113 30
261 1003
210 923
619 854
1048 848
995 818
941 513
414 203
468 962
958 1018
187 163
996 366
432 331
1025 939
888 843
728 945
668 704
938 52
486 820
46 879
295 784
788 508
266 590
576 314
352 105
941 124
509 229
440 1032
30 915
835 193
1011 930
618 766
352 533
871 295
167 280
192 806
301 267
265 729
677 119
865 639
501 895
111 241
735 832
471 407
210 237
910 989
481 148
154 342
559 965
643 480
797 564
732 179
801 1004
843 558
336 444
105 515
1021 626
121 808
155 508
711 407
224 222
923 486
275 508
632 645
551 375
542 872
593 107
297 775
283 905
1087 613
442 785
700 301
546 805
601 291
248 374
615 446
1092 753
111 964
1015 975
643 201
495 764
423 759
201 783
900 661
275 764
724 99
779 850
515 357
615 864
19 939
173 525
959 935
254 525
497 816
558 718
26 1103
731 901
168 856
430 354
340 569
545 746
812 373
659 115
300 159
344 793
447 491
180 562
470 740
1002 538
127 273
1017 21
211 315
551 816
1034 837
681 909
1102 360
317 383
496 352
578 1042
886 673
464 32
909 136
84 813
415 377
848 160
1051 383
678 68
180 478
122 382
777 716
32 440
794 944
475 176
168 843
312 475
559 959
1029 543
734 1098
997 402
109 945
376 1061
193 946
39 612
218 129
390 23
194 816
381 1035
659 1113
419 261
603 609
621 758
449 246
646 435
737 806
143 712
275 587
854 853
807 420
154 132
327 801
206 162
680 836
198 307
232 914
118 56
437 711
545 139
526 910
316 928
210 36
539 279
591 1020
815 213
296 810
705 472
246 1035
411 201
645 504
197 429
634 737
314 479
411 167
284 383
288 932
241 169
918 1095
751 412
412 98
953 812
854 76
363 763
1006 679
855 185
925 684
161 387
580 363
289 643
918 136
38 223
126 673
1022 947
485 20
1092 608
985 197
154 998
1070 373
703 1008
568 606
223 429
401 733
130 517
757 629
465 572
301 883
848 949
275 278
795 507
927 341
114 362
13 439
932 457
728 667
311 957
41 498
971 819
231 223
879 892
296 802
712 578
459 1102
496 158
841 749
332 787
794 282
482 259
522 851
801 219
730 166
58 274
224 698
404 654
552 889
306 512
863 205
280 796
338 962
759 844
449 759
838 561
636 401
1002 819
636 973
363 615
1049 127
864 912
348 587
720 665
475 385
178 143
167 440
619 1011
145 890
814 355
295 1021
611 221
418 676
708 608
977 293
964 309
822 446
921 574
796 219
505 545
137 408
599 800
1014 873
736 400
971 921
915 528
97 582
165 698
448 1082
870 116
1107 485
359 842
303 312
517 384
136 397
677 483
675 423
330 833
104 133
323 153
585 553
864 275
733 1072
646 523
805 572
1002 887
501 722
808 816
578 474
476 143
273 970
658 359
244 700
1073 282
162 1105
727 406
404 692
700 760
315 68
668 349
1112 145
87 560
84 315
939 431
102 920
647 1
455 349
394 295
961 331
885 142
67 637
718 688
529 671
894 231
168 936
586 1012
993 801
468 819
184 167
296 783
803 634
732 388
958 135
727 273
937 176
126 239
688 1021
395 177
941 212
856 1032
904 561
583 979
1098 235
875 358
62 792
631 1016
512 42
260 77
334 461
448 519
308 940
725 895
806 313
954 317
685 475
785 387
714 345
665 706
371 147
947 350
1112 470
208 273
134 625
832 502
941 392
969 1030
233 1063
768 204
339 666
1019 974
348 763
233 639
429 267
243 502
784 796
804 321
272 304
759 933
750 227
222 867
616 331
390 609
849 1034
105 404
529 570
987 780
764 571
320 1061
385 132
433 760
292 10
262 941
782 173
148 632
683 365
464 909
998 78
367 903
243 675
630 260
292 872
476 414
858 677
326 154
170 298
211 354
316 1059
753 831
845 848
851 884
460 370
1076 842
1068 178
696 473
322 421
209 836
913 934
915 558
927 992
611 108
717 114
257 764
208 543
685 513
235 607
141 833
548 237
324 967
1076 481
517 236
1031 814
928 662
265 423
1017 753
110 662
792 96
187 13
1099 563
887 943
979 952
753 299
760 646
923 422
511 123
659 835
194 1097
307 69
589 210
805 470
292 995
978 972
627 413
436 271
666 787
1051 112
425 239
103 825
238 493
590 260
301 140
22 835
719 3
239 36
191 973
950 152
850 601
850 394
805 720
514 223
376 488
786 830
664 940
84 141
37 315
318 735
445 804
804 737
212 855
655 404
542 379
962 599
717 731
119 795
502 150
236 858
574 1083
188 225
153 865
139 145
259 956
1018 686
513 873
688 234
258 869
1102 593
594 706
555 890
991 466
201 5
943 868
192 158
985 879
327 973
754 600
949 429
282 980
643 429
800 662
458 735
923 221
874 615
131 142
614 285
718 694
463 816
278 661
61 820
771 200
534 780
765 1005
313 871
1000 750
982 112
714 591
241 84
621 83
513 692
985 732
795 672
288 225
273 774
301 927
18 418
529 968
599 736
336 554
638 206
24 368
796 336
807 474
1077 620
150 130
644 63
188 437
927 193
388 247
183 268
531 895
356 829
852 720
107 206
949 436
601 1025
770 453
390 325
880 103
791 141
704 11
392 155
20 747
685 530
158 753
108 523
823 194
926 511
691 390
711 417
1011 565
732 302
862 113
243 888
419 252
679 646
254 543
1013 396
425 710
748 118
730 680
917 139
811 142
162 62
237 915
915 806
977 681
900 892
900 126
377 640
209 1084
502 655
967 975
454 927
324 671
57 731
20 260
794 661
110 392
1087 289
800 159
517 101
553 741
77 533
512 691
671 838
530 366
685 320
465 545
803 919
683 625
508 892
868 718
131 80
824 1123
503 377
659 314
259 514
402 14
727 572
942 858
1006 688
911 309
23 411
259 223
1111 424
103 886
782 879
838 748
345 164
809 761
854 688
1114 668
489 809
772 334
1041 699
726 217
927 442
550 318
157 493
509 519
850 415
481 379
677 353
838 567
804 634
689 477
609 558
325 587
966 683
823 802
338 1047
908 409
293 711
705 645
131 239
359 288
189 358
127 899
1066 730
940 934
233 185
104 533
291 942
840 747
289 776
387 946
362 1054
352 770
1054 481
390 1074
368 222
177 806
619 741
491 672
855 1034
477 243
340 107
438 448
417 411
939 704
862 1122
768 293
791 950
903 637
351 482
1119 365
258 402
451 454
1050 2
268 793
641 611
715 437
399 531
531 273
900 497
874 653
116 446
502 421
576 326
987 622
674 447
523 350
429 915
573 681
174 1056
265 360
919 247
531 67
636 767
895 271
1016 1079
325 752
891 29
1054 867
271 665
157 323
748 385
498 812
680 372
711 80
596 188
140 9
928 158
738 532
515 756
523 955
479 972
344 28
667 1097
990 103
43 946
138 1118
549 674
259 813
1022 215
978 472
604 224
796 848
351 975
383 212
465 985
165 606
420 418
664 1052
840 622
511 1093
667 507
489 747
984 518
992 258
436 362
128 780
335 722
1025 185
136 202
561 345
781 985
886 966
621 129
327 893
104 345
858 291
872 857
769 946
814 794
520 839
981 452
958 498
906 677
931 408
444 543
926 411
507 24
527 408
743 187
947 556
282 909
437 982
827 958
744 632
42 114
267 1072
615 542
621 340
522 799
618 579
516 551
565 257