567 640
268 816
457 503
824 652
933 507
486 537
622 117
968 818
208 315
1038 297
770 1009
530 315
917 235
541 194
818 927
212 379
528 230
327 813
705 764
1019 383
123 663
1110 280
868 254
280 829
1098 204
1048 1005
871 959
972 435
973 429
1116 510
717 979
613 299
1038 220
505 870
600 578
62 88
977 300
24 742
602 660
295 251
511 529
429 735
512 380
298 471
752 801
241 1005
773 62
456 672
441 106
531 862
80 635
330 887
860 350
290 457
599 8
220 113
1025 275
125 295
336 881
373 678
347 259
291 741
835 592
904 129
570 315
947 93
249 1008
1105 437
29 811
158 972
612 858
902 1063
846 827
616 826
274 219
119 511
1035 501
698 737
673 123
811 40
950 884
923 435
406 1086
485 220
675 635
2 458
607 465
207 967
781 512
302 773
334 359
1006 395
807 990
895 999
20 784
864 571
1044 286
434 445
50 494
492 631
868 823
360 439
717 414
2 248
624 1084
31 926
953 441
752 473
836 973
312 970
773 298
463 834
960 644
1055 941
723 837
1076 1099
319 325
503 602
462 353
759 576
648 259
107 704
736 802
155 987
244 566
430 653
877 815
436 358
996 297
244 137
897 666
895 1013
485 985
758 316
979 195
922 810
743 1089
187 986
664 1002
406 535
190 628
553 1111
867 394
423 369
672 791
408 1107
69 742
951 166
309 486
479 185
508 559
423 157
884 1068
413 416
924 783
309 727
960 842
498 87
917 941
800 374
452 407
939 85
807 756
199 877
992 630
73 325
440 231
370 832
444 202
314 301
989 607
691 57
193 839
335 420
266 219
563 177
785 305
797 347
528 608
903 213
1023 226
828 786
808 315
799 957
1076 584
907 567
378 321
698 958
523 356
170 374
964 673
484 1002
855 429
342 111
357 658
323 545
123 498
992 104
689 690
794 699
759 698
1014 139
730 798
125 436
911 464
617 240
248 605
635 134
341 465
534 145
239 242
151 734
560 52
1085 528
402 1036
588 65
982 778
149 453
721 824
756 976
470 627
438 1081
648 116
293 783
122 966
325 173
117 745
715 441
619 234
699 913
285 856
643 408
98 784
791 26
666 417
1012 941
669 310
503 891
379 336
896 350
427 629
515 423
196 479
295 1081
949 220
355 669
485 797
872 326
667 882
987 503
813 316
355 77
715 0
854 732
864 344
117 745
625 197
80 370
669 5
243 570
149 1016
347 349
796 806
828 215
784 57
227 614
1060 119
802 127
650 466
378 810
940 245
885 873
85 414
245 107
302 100
1028 761
14 544
924 334
971 432
697 785
193 270
446 500
130 426
473 1085
299 330
203 670
320 155
194 390
218 1001
184 987
222 79
508 543
825 147
1007 846
762 334
309 506
832 953
148 611
450 913
125 438
823 1011
817 692
498 1080
298 502
336 588
98 339
1105 430
456 852
583 826
410 890
710 773
959 126
651 208
325 168
1004 961
260 657
779 401
596 388
303 340
872 309
1014 657
188 47
816 786
37 576
663 197
503 1017
246 315
510 642
416 397
185 1002
775 112
903 208
420 279
348 792
538 850
1043 25
284 129
1108 482
137 486
869 651
864 193
412 543
468 413
756 238
936 952
792 678
233 705
767 201
319 21
17 640
876 377
137 824
1027 417
668 202
540 911
430 837
714 378
595 1118
337 202
764 683
294 327
210 521
991 541
643 516
47 843
571 800
124 139
945 317
185 698
435 857
341 375
694 476
974 414
483 361
267 756
1118 129
515 933
1039 968
991 490
814 251
839 144
930 288
177 610
223 510
102 596
449 719
797 261
215 1075
29 52
531 872
1097 924
354 184
861 999
976 511
386 408
942 373
250 235
15 76
576 885
335 612
556 121
21 759
796 886
828 649
784 535
173 130
43 1033
892 985
1075 743
891 866
461 125
842 912
102 214
840 740
976 669
1001 824
1014 750
241 981
567 692
993 367
746 901
888 737
544 970
892 744
324 794
689 383
615 343
330 792
262 448
982 851
152 1021
1057 864
302 252
1012 508
21 933
986 538
562 102
60 171
1075 613
266 562
439 190
1011 927
463 441
1106 522
771 402
290 509
882 283
623 868
1115 683
486 809
98 657
267 532
881 162
193 1033
789 444
306 636
255 357
463 113
133 352
406 839
870 716
146 601
543 841
936 735
772 901
911 424
904 194
32 1022
565 34
719 803
933 189
889 111
697 281
607 680
870 771
1038 445
800 964
496 319
110 632
654 901
689 943
415 766
295 958
961 541
793 470
734 341
799 754
785 179
956 692
970 364
905 241
722 296
922 348
259 697
954 518
874 81
814 915
559 248
429 973
434 764
396 308
630 958
746 476
579 16
912 666
367 378
245 658
510 334
615 379
402 343
498 230
937 1001
826 408
205 160
257 717
555 481
1045 910
240 103
720 550
524 717
974 184
568 370
324 845
830 877
900 521
487 354
29 885
105 245
296 935
578 1014
972 1052
772 86
317 203
1042 341
963 630
618 499
955 113
548 157
970 650
474 464
174 54
585 792
254 934
148 398
24 1095
751 67
49 172
374 649
907 211
421 209
810 124
315 522
830 690
915 297
789 876
283 918
525 443
576 641
1097 296
668 541
948 383
210 280
768 816
803 331
392 911
802 250
154 855
198 954
854 477
309 542
1047 581
71 1093
842 352
372 1011
165 835
159 873
995 281
892 465
760 58
992 68
981 230
463 1015
526 307
850 172
532 992
226 619
651 473
548 1048
460 700
269 836
238 870
388 552
401 349
1054 993
490 135
490 796
167 192
726 282
431 820
213 741
211 542
194 707
633 181
544 286
442 726
1011 622
595 933
1019 262
485 306
895 422
405 629
384 378
742 764
1022 779
539 488
658 176
457 900
149 567
1000 208
549 536
937 321
206 582
476 105
680 295
900 1089
94 402
360 141
1021 775
237 501
942 478
834 216
981 691
115 117
707 672
736 360
685 476
129 961
7 968
778 536
466 54
1109 815
413 258
459 448
791 834
229 809
544 846
709 1121
390 790
849 940
501 500
217 912
466 970
1085 739
772 620
1042 284
451 1113
327 809
491 874
993 598
721 590
135 874
683 198
404 954
565 1059
628 754
401 800
398 480
367 594
923 874
334 321
924 477
807 681
922 1012
1048 293
276 942
1122 856
132 995
999 1100
536 764
918 161
348 699
824 699
642 671
556 559
804 906
686 109
515 532
280 1007
987 918
612 681
878 356
624 560
443 826
588 296
228 218
261 536
614 98
595 1003
465 587
505 806
650 272
746 25
687 562
267 81
818 475
303 947
754 43
226 639
989 107
290 1006
758 248
450 782
1065 510
696 396
483 497
826 592
214 127
204 109
726 171
740 519
322 650
425 396
911 907
952 740
202 864
513 474
370 513
693 47
671 457
657 941
395 213
411 820
761 1012
826 267
285 204
975 682
475 297
314 194
426 716
410 546
599 265
865 128
763 405
431 544
1017 183
669 143
345 717
824 420
92 761
990 940
738 178
361 19
254 386
858 537
136 1035
152 198
499 563
714 902
789 740
194 872
277 1077
939 935
446 723
681 286
146 717
639 743
909 196
676 440
148 795
1073 414
245 177
519 1112
703 555
405 309
159 375
748 788
284 549
997 591
1013 365
874 3
409 401
741 709
850 363
742 850
649 768
344 974
857 548
813 506
374 756
392 299
842 907
1067 871
850 245
490 490
1029 111
520 450
300 626
55 349
146 782
629 905
4 500
53 635
983 463
339 986
621 218
828 368
746 947
1117 746
880 393
418 448
549 545
261 685
298 901
1055 232
635 450
543 787
743 578
202 685
831 770
758 201
915 522
442 586
41 756
948 776
333 843
589 850
992 794
1106 451
538 141
132 365
932 565
159 283
1121 722
1021 678
80 358
448 966
879 397
552 1103
449 663
386 934
902 722
851 700
927 403
472 739
655 126
462 832
903 496
652 441
410 650
304 945
953 718
395 627
132 934
0 185
282 928
366 428
654 38
204 350
308 686
337 950
242 543
966 679
261 545
864 932
403 1108
137 757
481 449
353 790
326 992
856 285
265 761
196 1027
415 815
224 78
302 665
471 714
436 646
562 545
717 618
942 194
925 791
546 88
779 648
160 368
86 325
650 546
566 779
712 148
270 439
135 839
256 620
865 788
926 700
219 1018
122 542
250 413
793 444
138 232
773 203
763 842
61 366
845 528
92 573
802 580
505 1010
810 747
739 995
6 240
291 530
777 92
731 423
720 797
496 810
577 429
566 946
1025 465
898 571
921 1071
825 564
978 286
866 892
695 642
736 403
932 997
353 263
517 877
759 365
940 122
973 680
894 360
386 899
924 807
174 914
262 392
417 639
448 1001
516 939
215 684
254 566
738 327
979 508
1045 754
177 297
418 333
473 514
995 355
628 606
331 278
782 902
188 844
827 289
784 45
600 376
731 282
596 867
84 787
162 728
418 635
381 844
602 444
342 602
479 525
786 715
950 617
729 900
771 537
634 616
558 625
630 408
745 274
960 590
1014 41
215 234
533 593
2 586
49 591
1041 735
322 326
839 1018
865 685
495 493
979 183
166 339
2 862
162 120
123 643
321 321
624 890
121 428
405 812
349 880
345 431
209 467
973 86
892 565
900 1062
1061 131
580 484
689 463
605 731