975 486
22 454
261 484
1021 311
753 975
48 415
367 719
556 959
110 454
1005 200
677 854
381 684
783 382
965 983
1078 504
324 801
647 314
775 1090
898 678
76 569
529 127
162 404
1013 881
1108 895
411 959
388 1092
555 126
315 884
960 878
799 833
237 842
1092 605
176 241
999 198
879 985
1027 305
718 769
1093 1011
534 973
10 320
211 556
287 728
1023 1002
933 223
801 981
925 1097
120 1021
998 637
665 976
582 411
783 420
262 209
1039 967
289 504
312 724
222 936
716 503
1084 229
1072 559
83 325
217 500
265 235
677 179
959 793
898 992
660 70
109 657
829 527
332 943
1102 619
559 15
633 547
351 248
581 371
574 579
701 581
594 984
810 506
1065 198
709 731
123 681
497 218
1012 487
884 60
354 957
916 854
420 508
453 276
286 981
465 721
969 622
379 1039
114 758
455 814
229 506
785 664
682 1014
133 178
262 813
3 767
515 115
972 681
477 748
615 872
666 663
80 255
822 751
521 989
312 658
554 207
904 1089
668 314
819 394
161 958
843 450
418 377
783 927
892 344
1017 616
1032 997
709 231
137 51
908 77
272 375
202 253
922 795
173 504
125 762
481 367
491 228
1008 781
854 258
310 589
973 395
159 910
883 657
390 284
326 917
624 923
190 370
627 257
607 538
764 429
427 624
59 111
460 332
861 119
261 1050
342 902
248 382
310 146
127 600
554 304
358 608
355 799
764 593
1016 379
193 862
778 418
576 624
553 942
237 385
1013 870
625 274
264 995
595 796
9 657
870 1054
984 392
873 566
757 537
1063 442
376 245
136 814
594 861
563 39
148 216
893 129
353 495
820 918
626 1068
632 202
221 379
683 365
725 637
183 945
256 1077
625 342
868 565
668 713
891 387
695 569
166 147
739 578
782 132
152 179
9 271
734 209
977 216
130 334
777 775
113 519
316 535
384 436
647 1005
869 284
482 812
626 865
961 455
153 670
415 215
995 302
622 854
572 186
855 552
966 103
703 591
661 1081
676 272
155 845
720 621
524 591
628 194
427 102
180 445
414 650
574 80
715 232
41 904
364 577
56 187
185 865
287 236
492 406
588 355
777 491
480 948
439 649
724 537
170 383
1088 59
697 356
754 87
339 545
586 878
645 633
869 25
66 197
636 967
614 313
654 1054
1044 937
679 354
687 500
571 338
1051 854
851 236
180 921
451 597
179 873
619 654
895 106
839 388
818 919
614 1080
860 586
160 253
771 84
964 423
61 1105
896 970
794 1
594 694
734 592
216 945
911 943
692 947
402 605
135 456
27 709
399 468
756 1008
255 368
798 496
1022 596
935 307
785 193
448 1032
709 928
615 688
989 648
699 253
512 810
390 313
490 873
326 818
111 726
176 417
829 220
941 496
114 336
951 445
783 940
3 261
566 692
943 735
825 548
883 792
894 869
419 570
657 1078
1103 871
657 950
671 414
259 683
92 27
147 131
819 668
111 243
536 414
652 921
246 875
721 522
803 780
618 834
945 758
929 786
387 878
891 1100
624 1014
495 639
839 1007
1066 470
1061 616
472 255
423 396
109 761
525 347
687 752
751 413
611 452
248 786
537 615
696 527
643 318
133 899
626 783
226 320
126 816
500 729
231 875
529 455
449 632
674 272
600 571
1067 941
345 880
1089 215
907 157
731 783
968 198
405 879
53 368
790 979
813 633
264 914
873 772
128 247
116 578
150 121
696 341
1055 124
930 40
482 142
1034 1051
725 472
586 1018
224 525
501 477
1053 769
808 1107
936 704
545 461
986 85
429 892
1042 124
374 421
1044 412
504 299
68 755
777 364
105 721
408 453
301 255
307 687
272 1002
3 723
350 481
745 333
14 198
846 337
676 260
380 681
336 577
891 610
624 47
677 786
78 964
435 220
326 737
780 596
396 53
679 250
689 450
502 244
707 724
552 486
246 1107
301 905
284 156
668 637
396 585
165 597
734 120
409 730
1010 486
471 686
567 306
1040 176
553 650
688 820
343 280
251 228
878 947
340 1004
193 1102
559 265
274 244
338 772
1060 1014
112 228
1018 767
974 948
487 404
635 677
46 221
1036 606
225 567
918 244
950 427
1016 1050
345 431
149 1107
712 1092
159 260
264 387
703 771
684 869
692 1088
86 504
625 108
425 882
178 442
349 747
442 253
316 842
448 818
178 648
1021 861
1016 606
404 699
557 936
926 96
161 430
50 318
850 486
548 967
448 994
61 245
435 301
788 1097
658 493
218 1008
911 80
967 44
889 610
824 758
897 495
662 707
73 699
933 534
1054 151
285 324
668 473
534 772
663 468
205 669
567 645
807 999
868 140
427 159
355 493
148 950
703 800
814 595
109 552
782 560
13 155
226 351
166 124
887 1103
385 647
585 418
971 537
79 1023
204 898
117 294
894 699
175 871
572 1087
238 392
979 181
42 432
93 51
1106 288
452 155
1039 319
521 974
367 768
318 557
417 544
841 1012
487 567
738 757
168 112
262 409
864 313
324 364
354 743
601 821
287 635
287 698
696 494
167 723
13 639
416 618
477 210
386 1095
732 675
983 195
324 313
146 500
522 208
905 1005
487 1054
965 297
348 691
736 38
310 958
559 173
228 1001
753 1017
176 840
1019 824
643 595
597 632
974 42
124 1014
116 534
361 980
459 849
529 776
498 156
622 28
852 618
1098 788
964 163
593 95
577 980
492 112
830 302
1060 442
311 940
785 586
981 1023
427 1096
477 720
805 643
551 803
944 678
624 603
658 895
686 216
808 940
152 371
557 918
826 627
828 308
136 803
659 919
121 1016
689 115
967 512
126 320
964 50
624 596
498 1017
508 455
907 940
1054 830
574 207
247 1108
115 445
213 748
63 669
683 132
885 995
306 840
487 1099
814 232
59 432
629 202
628 938
1073 388
1094 587
740 647
599 226
32 729
465 979
312 917
257 480
858 442
1105 558
150 138
572 280
826 859
939 575
903 560
363 997
171 349
1062 730
224 484
140 888
821 284
752 226
251 375
879 851
390 993
105 814
565 339
855 906
1002 408
912 1012
366 19
613 151
772 1005
179 900
1044 457
585 811
223 165
956 142
328 687
376 481
597 929
894 1018
1078 343
554 985
43 233
999 976
1010 619
101 150
947 856
884 365
358 245
1013 357
0 1102
218 926
757 327
967 845
510 675
379 715
596 180
92 157
219 468
323 547
219 401
645 859
651 1063
498 962
512 691
949 909
850 982
642 927
844 239
557 545
345 652
668 156
588 713
1067 606
8 163
1015 415
497 459
500 1047
310 277
436 678
456 1066
304 22
1111 740
869 733
19 1008
617 802
925 774
1121 79
743 672
874 814
692 1011
236 865
316 408
877 107
79 838
1091 581
744 643
723 691
761 490
610 93
916 360
1015 418
528 953
987 850
749 902
961 753
757 846
1117 113
292 325
1041 478
494 101
806 452
71 742
261 939
1014 565
911 874
134 862
1086 799
1113 333
906 904
294 432
1019 271
322 492
745 547
530 852
233 1087
11 713
998 588
269 635
235 924
620 456
924 521
337 219
425 932
420 106
651 141
1115 140
463 659
591 1118
130 755
844 222
764 386
346 649
1034 936
137 838
557 644
930 898
617 508
188 369
423 630
329 760
821 1064
858 471
1046 504
3 739
699 1002
91 282
851 772
899 861
283 795
37 986
1048 458
684 339
938 994
673 1096
1091 871
1 478
271 1023
957 183
853 916
768 338
637 0
456 1041
758 440
66 623
323 912
152 1012
879 726
1114 434
866 364
199 819
1070 914
494 389
52 971
370 162
1094 431
1005 818
461 870
281 826
466 525
620 134
1059 365
522 992
985 700
160 817
24 145
135 559
113 1001
697 341
743 804
667 390
446 584
1082 568
204 1085
696 232
260 843
707 74
298 798
212 198
387 1005
198 373
86 88
423 282
458 1010
290 183
355 740
110 619
860 486
140 1023
1001 961
716 153
1011 308
404 690
317 1030
604 974
114 689
968 1120
673 283
1120 656
436 305
934 561
766 880
1005 928
401 988
1065 905
751 133
188 228
788 420
796 615
485 400
131 543
305 231
102 971
387 931
634 186
781 238
983 1098
981 178
991 805
517 624
602 638
336 56
242 466
270 269
941 529
171 419
761 863
740 1003
189 381
778 764
429 619
392 440
583 46
745 528
780 1027
454 1021
587 646
915 891
437 378
952 589
241 455
756 903
399 284
1012 688
447 388
722 1001
706 789
559 941
668 449
969 118
836 604
872 250
921 328
576 12
1101 533
844 215
771 995
680 774
387 1118
618 1000
125 108
769 819
143 256
519 638
580 1007
630 343
31 907
755 456
310 110
480 1022
1026 111
625 315
598 523
148 581
399 516
1101 988
716 889
372 1038
222 905
633 718
98 669
383 189
141 696
130 465
647 414
763 535
156 178
3 703
464 184
888 237
17 898
934 724
230 557
351 389
517 185
367 586
74 1107
485 419
942 778
537 418
725 712
1070 687
195 895
876 262
440 162
806 423
467 819
826 856
781 594
273 687
462 770
600 401
67 794
311 747
834 439
351 306
427 422
960 422
927 910
861 319
598 112
669 859
932 585
728 281
999 339
715 1110
368 279
852 210
299 443
374 114
433 960
850 858
388 511
721 108
409 632
641 228
1046 413
746 336
563 460
705 385
326 829
385 175
691 288
212 919
397 508