169 833
894 464
606 560
106 1044
398 899
579 264
452 564
395 532
479 527
237 383
505 879
810 290
531 405
629 833
1003 118
229 274
577 765
408 562
704 1065
986 725
149 86
823 821
928 213
914 911
910 713
671 440
595 1017
583 923
480 204
962 446
457 239
465 738
639 879
709 530
678 733
955 815
151 299
592 203
387 453
699 287
700 1069
249 840
709 966
201 1002
50 646
585 609
960 150
8 412
702 301
461 490
994 436
179 949
539 197
182 885
648 247
466 893
144 290
186 304
306 575
255 977
459 692
897 978
544 391
837 743
646 531
240 222
177 1044
568 790
426 471
721 717
433 456
287 143
943 975
1 1017
165 353
720 1045
306 717
177 549
893 1015
520 106
350 644
294 564
891 359
1088 883
886 176
970 906
1029 810
709 220
802 351
704 745
806 436
766 194
240 472
163 789
128 768
313 1101
444 315
472 923
390 276
225 225
146 825
711 1102
653 526
378 336
880 631
70 209
700 917
164 805
530 409
686 13
293 473
572 218
365 1025
28 1050
297 644
286 745
336 274
17 72
593 444
694 689
295 707
723 524
941 109
949 198
911 1051
362 787
265 155
585 919
711 955
547 866
623 985
1087 223
751 594
753 655
894 1056
651 245
518 485
655 333
359 419
375 519
896 146
671 879
799 505
36 302
337 113
974 18
108 1098
48 196
171 248
653 544
688 273
674 375
571 938
1106 823
1103 159
821 470
206 282
1045 437
187 378
833 582
294 318
723 384
510 880
1101 359
929 750
1039 719
567 778
283 254
621 985
588 243
106 629
907 443
1109 911
916 332
643 477
488 742
138 216
668 724
1112 505
46 459
836 540
1021 663
594 1080
222 289
1060 504
325 937
451 406
961 121
60 943
740 327
438 471
214 406
950 567
1016 1065
290 844
143 930
551 104
545 590
605 830
220 522
231 16
517 195
99 693
875 669
312 1035
973 98
848 774
137 832
562 580
934 353
601 722
60 693
307 956
578 937
270 419
919 815
609 746
300 901
210 827
238 431
714 145
1048 252
602 22
491 714
903 485
272 1014
528 236
637 282
612 231
1064 588
51 458
925 280
438 591
1019 309
564 867
116 721
769 780
379 114
475 426
394 829
829 563
805 785
494 878
695 146
887 282
762 607
141 749
972 367
205 195
88 901
50 654
166 49
466 768
495 1079
219 338
784 801
219 536
133 474
832 160
988 708
831 756
674 879
464 289
782 778
274 80
741 788
282 833
969 160
88 825
189 145
612 1043
507 703
1080 858
688 358
109 766
393 346
869 373
583 884
677 276
914 146
1036 161
968 298
685 293
551 966
378 261
827 395
380 822
105 988
1009 432
110 611
954 151
747 506
848 646
273 199
1026 828
767 353
835 985
467 792
438 866
350 330
15 981
659 512
299 124
77 99
263 390
135 133
257 210
840 660
317 1038
873 1065
710 371
339 539
928 2
964 825
250 373
692 214
593 911
139 25
122 757
375 570
266 431
75 232
1015 595
490 1018
895 284
117 680
584 412
1061 840
134 165
453 1026
742 50
883 528
807 1053
605 617
625 554
251 587
299 966
82 219
411 619
244 562
745 1060
158 444
495 304
493 485
196 298
133 690
96 703
846 632
174 358
464 471
417 220
289 891
338 178
781 351
108 861
277 1070
100 104
204 995
342 153
323 581
29 120
228 145
273 198
72 680
403 851
924 459
1054 278
49 469
845 348
834 937
635 1079
339 124
940 246
200 628
940 332
927 642
120 375
777 591
477 1090
751 894
1119 458
649 4
604 1054
103 223
577 683
954 851
537 181
245 197
926 363
408 377
850 309
789 1107
322 784
390 397
1103 904
490 164
723 181
959 680
864 963
835 996
323 374
598 321
993 354
999 682
493 718
837 71
894 555
169 226
931 41
858 913
621 650
521 361
458 1020
790 363
555 292
429 424
737 728
148 185
987 973
265 999
172 1010
88 984
125 150
104 247
316 1070
485 173
580 398
320 635
116 540
70 467
951 815
137 533
1051 54
990 426
526 576
871 529
196 468
600 696
146 335
844 1062
892 674
496 736
471 767
215 637
10 50
455 374
290 366
784 274
1072 906
595 41
304 888
585 238
176 342
524 273
112 871
234 1068
906 336
329 882
206 216
534 823
885 771
353 505
373 607
900 394
583 12
858 861
462 1021
211 341
153 1119
990 777
1082 465
747 463
1065 446
969 368
1110 675
729 30
720 710
460 432
1090 1107
731 481
852 723
133 624
190 610
438 935
914 446
181 548
247 234
553 886
422 1014
728 483
175 743
685 700
458 621
1041 707
412 784
859 160
370 519
1019 859
520 238
728 396
750 1006
153 633
502 178
446 424
298 961
175 875
554 278
744 105
746 87
454 527
556 253
1090 209
972 432
684 206
434 282
470 171
747 861
978 732
365 1118
672 194
663 100
1004 633
7 355
119 750
755 476
101 434
109 261
270 923
547 1014
680 637
953 62
933 949
238 492
168 899
315 777
233 439
700 999
345 620
659 236
535 705
446 765
308 296
190 1032
477 679
500 675
695 131
607 284
423 738
152 408
739 146
528 22
144 961
476 853
388 183
567 334
1050 882
636 522
717 667
336 825
246 922
709 733
1017 579
894 796
806 1090
728 53
587 951
206 716
713 392
478 852
711 949
916 274
210 171
359 945
758 1020
248 599
813 542
30 170
558 707
799 108
872 662
25 945
680 878
802 538
315 436
815 716
649 475
537 1000
370 329
358 788
889 638
968 683
806 252
1110 711
807 339
216 36
439 179
237 110
290 959
239 902
328 539
758 166
129 133
172 997
725 848
560 251
1037 104
199 577
793 889
377 1096
266 551
884 1024
350 508
593 257
994 419
227 737
471 986
88 969
217 807
340 1094
905 132
932 1116
170 858
765 164
778 928
686 1031
1104 219
348 660
408 23
1025 1067
750 113
152 543
764 915
542 190
896 541
987 615
913 263
281 64
279 346
938 1008
673 759
168 634
1114 47
130 344
895 173
732 980
527 152
913 666
308 883
465 394
534 474
260 210
161 675
892 0
158 432
839 728
586 552
630 971
726 537
771 430
266 358
874 236
814 574
726 917
869 879
249 505
283 443
29 889
789 547
624 101
1030 357
309 256
605 474
153 450
470 450
53 900
593 1002
316 428
945 395
596 133
0 447
285 849
343 49
363 589
761 788
303 867
296 86
122 275
486 532
288 902
216 163
33 215
588 295
679 220
418 548
609 67
969 1020
966 123
378 580
759 696
933 954
616 269
618 170
616 340
1090 350
396 286
958 990
545 559
719 216
146 403
776 986
185 691
781 1023
635 93
148 118
811 546
209 673
252 674
933 139
810 778
951 163
699 1094
335 592
70 579
926 710
996 216
234 756
2 591
298 318
709 481
334 753
744 497
577 565
512 1027
417 1066
166 580
655 710
962 273
1106 799
143 552
1026 555
573 485
722 625
536 896
266 1089
555 240
526 735
510 911
105 648
925 287
918 911
1091 197
828 723
28 905
913 372
945 884
833 342
652 202
839 94
612 685
447 323
566 366
21 358
46 99
146 346
838 135
381 590
470 247
900 914
844 664
219 119
437 554
360 355
882 878
977 382
703 1003
199 871
172 326
4 236
358 470
1026 707
30 248
876 674
752 965
29 232
237 244
968 848
148 920
280 473
734 953
472 39
864 1000
172 603
602 1088
841 382
525 771
1027 994
146 471
61 150
912 1036
45 1088
244 1077
640 295
659 374
379 844
635 813
452 595
943 45
756 754
386 802
182 1062
1096 394
207 1121
889 807
310 560
689 770
775 98
416 819
547 291
908 512
631 121
282 543
573 1035
671 859
590 437
880 278
777 513
958 232
680 998
781 821
33 483
626 613
615 722
962 215
153 123
820 1039
382 1
378 407
43 4
307 187
1122 525
615 579
612 65
732 644
1076 539
495 260
837 503
475 894
569 860
629 792
931 1070
650 44
650 275
982 911
855 983
1016 556
656 499
662 369
182 1006
647 913
837 207
680 663
874 714
893 189
801 200
559 303
679 396
159 750
430 744
87 183
1031 910
357 1036
960 574
545 618
847 266
200 577
334 303
1093 182
983 611
365 129
1011 571
941 1026
702 988
462 743
210 1040
81 758
132 574
90 348
930 150
370 435
471 512
873 733
919 352
1123 655
86 565
1052 1043
759 479
322 123
25 846
542 912
597 716
171 398
535 700
428 1103
990 626
364 662
573 1015
299 109
923 735
297 749
302 884
659 322
393 989
725 897
382 744
408 75
901 754
162 602
998 1088
195 258
212 634
735 281
915 437
863 365
796 255
882 84
295 1093
975 300
745 219
5 509
495 154
817 128
549 1034
851 1000
795 783
954 196
304 856
780 70
673 907
614 946
693 107
884 657
393 723
759 261
1023 739
67 213
226 280
552 920
933 781
561 821
572 618
961 788
315 946
573 997
69 888
489 695
218 967
854 807
29 634
682 395
784 634
458 243
449 894
847 703
682 965
975 288
275 599
311 380
823 562
954 1085
1016 263
595 848
848 218
973 739
809 87
111 777
722 107
496 174
803 1005
959 372
634 397
448 538
775 362
589 490
378 941
428 182
954 351
907 196
589 796
602 583
886 616
430 999
747 893
192 111
815 313
897 322
866 306
139 118
896 324
611 832
574 63