1072 888
768 973
691 1076
644 673
419 235
961 893
844 980
734 929
1052 320
98 854
432 285
844 179
304 665
348 601
643 924
810 614
845 1100
693 247
303 232
702 522
532 840
389 1015
66 927
187 166
364 932
234 382
495 415
1101 1023
385 378
644 488
486 419
171 995
690 791
513 512
786 519
544 939
659 463
1090 870
416 738
583 291
63 212
284 503
504 632
291 916
955 866
937 988
891 892
747 924
270 165
972 501
579 949
498 976
272 978
945 1119
248 1029
268 1089
902 649
634 243
357 497
328 902
848 569
147 654
899 279
560 330
902 957
503 93
202 157
752 382
478 312
584 713
435 820
16 809
864 653
891 739
825 610
329 786
199 672
425 506
845 429
352 260
931 486
168 606
174 443
1031 146
352 489
160 1079
322 944
761 448
756 966
903 640
285 66
110 447
606 686
661 244
308 342
105 292
687 616
369 996
1015 120
217 510
906 165
1042 230
174 705
821 849
597 570
1102 223
157 474
512 513
339 875
958 435
161 189
245 847
747 843
248 461
945 571
828 399
644 517
868 51
938 601
999 676
18 853
432 688
1056 226
705 1117
459 271
396 126
200 1113
95 178
168 407
935 399
219 791
118 720
131 616
992 253
317 531
98 446
158 654
789 934
888 625
547 356
563 299
520 783
138 516
959 1006
805 1013
804 1063
456 894
421 880
73 438
252 821
112 256
752 809
819 188
1101 747
822 208
457 222
302 127
824 226
240 461
785 449
435 333
729 1057
950 804
147 958
163 984
1010 1038
1099 681
472 941
1062 758
128 1080
204 279
250 419
743 226
549 331
647 118
352 1057
145 230
365 677
627 880
518 314
942 510
649 218
981 463
866 531
387 502
663 253
481 258
768 825
112 372
471 709
966 902
946 998
528 135
328 219
198 415
485 519
1047 799
649 536
109 954
682 353
627 901
400 1005
386 805
518 924
27 1053
599 422
909 940
1051 695
879 987
529 712
121 923
540 616
961 714
442 676
536 283
880 1054
122 535
717 550
324 760
108 658
296 364
235 872
395 93
277 284
829 647
306 313
77 586
899 747
607 705
660 412
247 530
432 534
895 263
508 858
304 706
894 1010
1018 92
221 293
928 372
393 144
674 597
426 725
400 831
1105 123
730 411
95 691
889 457
947 1038
143 541
815 345
334 317
643 835
1076 948
499 10
637 357
999 232
449 781
217 194
650 568
97 161
526 1058
691 880
745 681
619 16
722 303
652 958
215 638
198 58
473 458
535 442
770 269
755 683
229 1077
880 40
387 914
444 32
546 267
520 667
1006 792
1053 673
633 55
509 702
574 208
396 626
1098 896
495 491
734 268
758 437
851 982
901 116
543 874
703 389
970 1031
998 574
623 637
898 139
610 621
169 602
800 942
1018 749
1037 324
581 1010
876 439
54 427
824 697
641 231
137 499
178 599
138 694
693 1097
150 230
60 152
438 233
191 173
485 167
704 851
426 361
352 934
750 266
765 133
953 421
92 712
38 864
221 306
109 986
254 773
436 534
33 972
455 465
657 409
403 802
966 332
532 365
904 335
177 165
913 637
607 899
215 457
548 900
137 988
364 759
183 848
210 154
375 753
548 158
990 691
976 578
169 742
223 599
1029 619
747 550
572 555
178 379
184 137
6 986
456 396
101 729
938 838
247 625
668 270
718 296
646 822
538 575
603 150
796 289
1055 455
375 831
837 611
475 915
201 947
982 322
875 626
750 517
925 924
34 845
207 685
194 905
569 196
772 433
578 311
330 763
926 869
765 115
951 417
1022 341
408 619
924 579
347 568
310 1095
234 1026
120 15
843 661
809 293
287 1015
54 1093
932 1106
14 260
810 600
664 669
372 173
615 424
383 995
674 580
982 795
927 801
423 652
484 511
742 1101
309 759
760 5
1019 670
459 929
1033 1109
1003 1027
855 817
615 1020
345 884
485 827
650 175
390 256
220 440
846 759
270 108
431 414
707 823
557 348
73 527
1021 626
298 499
745 142
577 63
728 313
259 418
425 924
767 11
1082 850
368 394
774 417
433 215
846 720
490 717
356 465
298 730
392 584
156 794
813 1056
249 270
459 650
393 792
893 427
747 650
986 921
616 873
199 230
310 135
751 139
561 368
1030 140
853 104
651 119
689 216
189 488
696 959
852 264
341 705
560 1051
694 768
421 26
353 128
41 314
934 779
502 183
800 919
956 181
191 544
942 136
1008 110
930 354
815 770
107 380
842 898
2 649
774 1001
1093 481
130 884
595 485
754 103
759 1083
243 668
236 371
118 874
389 501
440 691
197 663
824 542
644 12
56 868
427 575
896 1059
925 30
960 269
287 888
195 742
111 897
282 151
632 418
524 942
648 134
526 839
908 766
378 660
388 752
864 368
651 396
1077 652
601 634
515 831
581 818
450 327
860 335
307 622
798 932
810 597
591 471
1021 986
929 367
588 948
433 961
780 367
874 717
292 150
1013 157
192 277
747 475
810 412
167 1069
1045 1020
304 705
28 710
1106 924
822 765
1003 500
525 920
856 88
132 934
1048 50
602 1011
441 614
913 742
154 378
507 617
501 261
328 342
837 358
471 975
261 548
408 630
913 797
750 885
474 1114
532 382
110 709
859 236
602 942
352 379
442 503
314 534
560 62
1107 615
900 669
100 679
592 496
287 440
701 307
488 333
609 962
126 222
794 771
437 542
730 574
640 459
212 102
1009 780
578 1118
176 612
143 755
380 908
624 1053
498 208
470 623
350 1005
311 856
397 273
229 702
297 529
198 548
852 734
478 206
296 469
249 112
485 710
589 925
996 658
439 734
347 513
196 77
600 672
674 1
712 478
784 59
421 887
1019 1001
10 821
673 375
998 624
1003 828
905 118
486 823
821 243
106 257
332 551
975 229
477 529
840 582
440 843
249 517
912 665
939 212
514 1055
230 585
574 431
659 392
295 1115
1090 833
870 453
86 1071
876 54
703 614
245 695
920 1042
1123 865
778 282
271 276
104 103
109 268
771 940
538 793
924 475
581 861
393 882
643 836
309 457
656 444
636 369
112 249
314 555
726 906
1 368
457 369
536 256
389 988
706 1000
927 845
236 2
793 613
555 227
755 898
545 869
830 890
878 190
513 786
713 774
210 1067
0 1060
43 1013
649 273
1003 657
346 539
715 640
554 1119
496 601
1105 228
571 445
785 139
1108 838
190 929
517 549
607 81
516 844
246 610
157 811
17 999
654 431
163 322
679 973
482 351
736 243
689 937
660 781
540 589
463 1090
274 149
802 377
499 607
917 760
51 719
672 368
874 389
707 770
292 901
997 616
748 102
98 986
180 206
341 928
1084 432
621 156
467 245
372 303
157 842
233 853
503 248
644 181
491 714
235 527
1031 779
142 621
628 926
1019 216
939 275
667 733
708 487
1023 360
170 812
394 503
218 442
681 844
482 548
907 195
332 861
309 417
979 509
169 142
118 465
402 385
188 897
601 327
760 698
89 354
509 867
358 715
400 1030
955 165
188 476
770 163
209 657
28 1030
752 643
403 82
827 962
198 962
153 955
567 112
420 486
101 402
54 157
571 1024
244 457
398 550
533 544
333 731
622 26
136 68
742 709
127 188
265 509
264 253
16 263
576 673
388 950
966 882
91 624
1003 568
354 422
866 1016
605 740
532 980
875 1002
788 887
558 234
577 437
949 649
577 1057
1123 902
906 210
432 969
799 459
566 434
896 417
451 971
580 260
692 3
1061 502
196 424
814 446
654 796
896 423
740 558
189 1056
137 982
401 218
580 798
606 761
398 536
511 694
105 427
315 720
282 627
193 255
313 254
506 328
703 897
504 762
204 180
401 260
1001 502
918 258
1000 862
803 904
939 1003
217 480
846 256
977 104
415 145
912 385
231 265
169 781
441 749
104 20
627 898
1094 1095
885 239
836 583
241 560
1013 61
628 868
552 901
548 992
391 143
924 457
641 750
704 804
128 533
21 210
472 863
895 256
565 574
972 881
484 374
725 318
178 674
595 154
378 445
17 680
941 912
511 835
950 398
777 279
459 737
681 887
1081 704
882 760
803 754
110 282
481 531
649 821
481 631
367 271
984 307
767 587
550 1107
402 708
726 576
1019 856
934 1015
831 572
736 550
615 817
759 972
747 245
381 943
370 681
1035 193
240 274
612 1118
784 850
730 61
795 924
462 907
364 376
58 290
557 508
415 303
81 595
496 660
435 527
608 365
727 670
929 1077
958 1114
471 792
811 615
628 699
636 204
963 482
662 798
507 1008
317 224
563 655
630 261
397 305
998 926
728 379
511 967
312 278
66 612
904 880
64 82
541 368
300 922
702 396
591 1011
976 872
934 272
24 227
909 1008
735 827
389 572
330 753
564 492
353 369
258 644
734 1064
467 56
184 168
42 277
585 615
209 886
982 109
319 446
183 373
570 956
102 410
342 235
764 390
701 329
165 137
263 400
526 564
44 724
304 1066
64 581
903 763
1011 577
698 492
418 414
548 469
549 273
319 310
546 735
406 477
965 44
1058 945
186 978
960 751
915 716
1066 124
565 712
544 187
237 540
95 750
150 321
720 544
782 471
961 760
698 437
822 863
490 535
669 433
705 198
297 1001
980 713
276 935
345 788
385 1006
611 60
830 716
611 485
474 136
477 918