1001 508
863 768
694 358
53 998
439 689
588 699
10 1073
799 658
505 715
912 952
598 822
271 265
900 1057
987 837
543 562
584 680
932 565
506 1020
1105 779
765 237
863 225
542 1056
501 581
106 206
953 83
141 401
577 963
581 764
765 143
336 975
614 260
19 411
13 69
644 379
624 1039
885 123
1015 1030
537 474
272 692
967 771
603 505
510 748
726 573
168 480
916 355
642 532
837 944
636 571
264 1016
293 163
701 474
981 273
517 572
1013 243
168 349
346 952
996 627
953 632
29 813
1019 129
945 135
410 907
81 419
911 382
256 660
117 922
797 466
1025 628
17 200
506 882
939 817
376 918
174 556
144 829
847 904
430 667
890 995
1023 648
242 102
584 528
381 803
964 750
957 364
781 327
164 301
496 459
185 790
615 837
1006 761
841 362
1073 297
613 976
697 900
216 646
478 986
60 1094
6 490
986 867
162 601
1013 905
396 1079
288 580
857 883
624 877
496 226
686 690
476 1021
909 457
351 870
655 730
442 634
1005 713
514 241
343 547
981 226
741 225
740 692
864 327
243 19
144 181
459 82
390 307
1112 101
260 850
267 593
267 512
613 175
1001 882
349 66
380 471
862 207
438 249
603 404
473 528
240 249
197 741
761 831
625 716
943 53
883 673
580 409
1044 1100
907 749
782 487
829 261
151 834
324 924
414 887
632 191
548 1075
503 876
1017 328
299 657
423 646
21 437
267 825
306 673
882 826
1038 373
70 160
329 610
921 623
912 29
886 333
510 756
567 983
133 61
827 578
960 817
656 304
790 865
526 364
424 848
13 1054
867 214
448 246
359 638
843 134
73 794
907 752
711 919
972 974
685 137
562 830
589 518
572 253
777 451
73 170
665 502
589 883
50 1113
291 386
132 261
115 686
376 901
131 499
1032 684
313 578
600 387
992 163
973 1016
211 907
552 941
889 667
674 837
58 910
406 555
1105 233
101 157
987 878
102 711
132 659
1039 116
664 345
941 234
300 217
370 496
709 1036
484 672
625 231
10 897
988 1003
158 513
561 997
469 46
586 981
342 731
1016 1004
358 441
559 827
682 10
38 103
281 614
930 797
845 518
792 943
411 183
411 547
715 631
499 111
149 673
136 291
21 929
393 411
556 176
184 775
480 330
118 469
490 192
563 447
375 331
848 303
1084 1090
608 573
952 1006
507 862
758 221
276 803
874 886
826 840
408 98
154 602
441 786
1052 846
569 471
534 762
185 969
676 948
275 812
497 589
475 162
657 201
281 970
912 473
287 960
407 157
655 231
157 752
989 679
0 181
705 35
388 239
76 1083
92 706
11 648
1047 665
449 422
385 730
231 80
355 472
1013 489
840 393
426 224
489 477
433 475
818 599
685 973
998 507
954 53
960 940
822 274
187 992
364 426
811 821
396 569
821 634
315 857
285 132
865 53
198 531
140 940
346 249
1022 237
330 324
89 883
660 737
795 107
579 554
759 565
572 776
47 969
1078 49
344 374
266 541
406 716
924 517
830 934
888 677
273 106
474 499
356 650
584 520
857 635
985 270
600 1002
762 6
723 139
462 1029
1073 426
811 916
722 920
227 271
133 47
745 992
364 1053
261 60
333 112
384 715
619 338
740 351
924 528
938 298
199 135
886 53
975 349
0 514
739 527
435 444
1096 175
607 406
151 172
346 655
433 878
900 720
122 233
491 26
326 597
673 841
588 1029
812 436
441 192
561 520
126 311
357 454
39 148
44 555
540 593
419 959
871 699
924 960
154 239
376 787
905 175
469 639
943 204
441 863
731 220
846 844
900 1004
943 919
615 380
1014 1064
910 34
167 457
630 661
756 892
28 845
626 577
712 888
252 879
537 387
1101 263
730 889
832 352
586 365
138 1004
113 26
895 216
123 265
302 205
185 853
493 665
905 1091
1025 492
49 914
824 71
364 276
1025 753
959 800
901 890
191 201
911 215
750 909
941 64
601 446
512 1062
193 385
301 160
872 679
909 525
607 760
631 681
631 646
571 581
147 449
710 459
901 312
804 844
837 512
774 232
578 808
485 766
13 173
746 460
1079 897
382 762
187 768
532 273
1018 737
957 558
89 934
648 1019
725 1066
355 700
947 153
321 538
121 559
933 124
211 1019
538 1066
692 389
924 252
568 471
835 566
455 495
110 458
352 813
981 433
351 383
963 336
833 998
950 669
230 956
520 980
364 409
915 354
773 246
879 657
473 261
167 561
923 502
109 910
233 370
11 461
517 912
379 304
247 362
285 983
776 1095
982 373
861 772
315 798
596 360
544 6
165 429
650 40
73 861
996 697
579 989
221 594
628 805
613 889
358 498
26 435
351 517
400 103
735 196
244 733
136 418
725 989
779 790
307 211
401 269
546 278
431 513
591 260
9 820
776 456
675 188
1109 280
1018 866
212 56
841 1105
73 503
607 833
375 815
992 866
334 731
573 496
359 169
893 337
408 518
425 710
92 987
341 637
398 1006
602 323
403 542
998 445
642 1010
1120 977
623 307
607 1003
504 232
982 236
851 578
748 255
914 799
179 308
377 986
505 464
173 796
732 258
222 179
557 354
1091 1097
787 791
483 498
1066 423
839 418
996 233
174 743
333 627
392 286
563 382
55 888
502 646
822 779
169 104
947 633
550 389
316 707
770 261
765 958
584 753
760 512
1006 590
776 411
223 875
534 909
427 755
478 572
609 39
225 803
402 329
564 37
266 1062
753 255
925 1123
163 601
648 958
1011 171
283 869
697 329
433 1092
644 282
912 834
230 239
555 1107
147 717
808 657
584 223
843 460
494 174
888 623
127 493
581 873
297 620
470 566
1073 726
968 795
26 844
714 142
951 557
1117 829
94 143
875 164
790 975
507 302
431 409
892 308
1016 485
232 435
284 105
840 265
16 1074
943 344
33 511
14 852
665 554
1023 1025
832 752
728 318
904 591
809 865
76 765
46 271
629 155
676 146
602 603
658 420
591 58
1000 399
107 761
829 894
693 237
1048 1041
311 571
165 597
453 450
128 160
674 806
537 777
800 1030
546 108
961 746
389 177
788 227
512 422
1097 584
262 125
417 522
231 209
813 313
46 578
437 368
795 836
343 816
549 308
992 265
920 428
59 716
419 214
1008 713
381 647
624 815
586 924
935 957
231 812
1092 972
386 411
664 199
1021 443
1116 926
951 333
317 971
229 183
410 301
211 446
396 823
875 697
570 717
671 864
909 526
631 229
182 866
930 410
982 719
692 876
410 445
122 93
447 667
697 778
668 723
1025 399
79 893
491 195
425 211
44 39
525 774
456 835
346 706
578 1031
391 150
370 959
203 65
341 790
750 816
501 838
1036 1108
86 881
480 502
168 238
823 54
357 474
669 844
431 724
220 880
60 728
467 862
481 344
197 967
143 444
147 263
495 646
562 619
308 907
425 980
524 451
890 639
308 1033
471 649
724 798
696 601
597 888
794 560
252 392
587 591
840 482
788 441
527 768
306 479
363 265
297 543
765 616
1088 392
434 929
258 954
124 747
898 738
903 764
141 427
325 658
680 387
239 593
1114 333
493 948
448 791
441 142
575 598
388 689
767 793
266 901
646 689
370 890
670 884
103 574
890 749
538 990
510 464
270 606
526 471
2 625
952 45
1009 549
285 330
875 1051
82 575
851 1013
859 151
551 383
324 374
340 947
682 285
273 1050
244 138
142 107
854 925
948 467
902 726
147 406
218 63
883 377
901 901
390 216
537 894
420 919
56 177
255 904
1022 866
561 222
542 949
981 606
27 921
381 654
206 141
391 232
134 94
747 658
988 1072
687 479
408 174
752 373
802 1006
483 898
244 229
386 866
1012 541
642 545
966 290
527 1040
452 376
443 675
545 719
24 346
843 972
80 920
528 666
746 249
430 466
277 713
758 123
575 492
938 382
390 412
638 506
583 994
481 305
1010 432
739 1117
325 824
494 774
734 325
505 873
717 524
309 457
372 597
1059 850
730 376
808 890
384 732
1002 587
984 485
699 127
439 245
757 394
947 809
145 870
1019 943
667 985
409 1045
1025 88
818 782
890 113
240 319
14 1088
439 854
884 571
671 660
1008 696
689 508
5 128
691 780
396 495
558 193
462 585
595 645
764 903
566 477
781 585
344 860
772 483
595 359
131 499
335 600
170 471
517 973
316 742
295 572
408 100
390 608
683 191
5 698
136 286
63 472
971 185
971 86
607 416
573 718
927 416
128 407
307 675
927 142
235 584
694 431
523 466
414 970
552 354
439 543
479 1064
670 346
860 714
782 319
601 767
998 796
144 704
692 617
465 516
167 41
120 748
204 1065
158 70
613 1041
206 584
624 665
707 457
316 985
552 862
186 123
832 626
621 843
1022 346
762 377
298 977
770 645
325 348
979 437
406 328
125 618
262 439
579 25
938 941
804 348
527 111
216 369
90 126
824 545
273 450
1096 318
941 691
152 651
952 668
492 1071
997 122
537 1094
231 801
282 895
303 985
895 734
209 295
880 686
241 367
625 189
849 62
893 402
797 338
886 801
379 1010
1028 522
213 1058
545 389
568 175
612 531
1042 212
721 836
310 172
567 555
75 713
170 682
646 104
586 87
712 598
861 818
1020 301
1057 761
96 714
173 127
835 542
65 289
315 650