652 487
985 887
116 137
360 900
550 761
527 598
315 63
473 581
469 201
88 693
769 347
478 505
556 890
925 900
416 176
716 199
275 1011
867 469
500 877
388 412
381 572
243 24
140 637
644 528
506 979
210 378
459 267
1055 299
713 673
314 378
357 610
917 521
1011 1060
616 274
308 876
508 184
771 213
412 1021
198 419
440 242
889 549
468 628
264 883
268 923
395 537
928 823
459 728
179 403
692 641
551 1108
831 146
968 160
321 319
434 540
641 823
443 32
541 456
772 683
97 487
401 242
103 165
872 707
679 860
492 14
221 358
626 708
638 157
317 490
287 1000
156 686
1087 459
343 18
427 902
459 222
322 78
851 216
632 997
360 591
906 572
1014 546
503 821
760 906
373 22
157 1053
986 696
548 128
777 592
750 882
849 131
42 158
1042 753
548 757
191 960
218 688
893 539
811 119
393 476
97 461
459 654
438 884
400 920
529 916
999 804
555 230
52 1004
583 240
980 24
846 752
972 30
820 524
606 355
834 851
142 783
445 183
396 589
578 951
712 111
44 765
992 58
854 791
344 484
404 763
727 832
491 115
18 240
576 652
872 31
31 131
568 727
309 878
207 1042
791 355
981 805
59 771
1021 238
694 173
203 663
1080 1000
604 976
125 804
557 941
837 1005
1027 972
362 906
612 1006
807 648
1038 100
759 843
395 1051
871 868
325 1026
149 894
658 906
1091 706
48 83
319 684
671 677
267 653
250 544
867 370
808 56
636 230
140 474
300 349
91 488
984 1063
39 618
1014 117
1078 710
796 776
188 205
261 691
1007 449
985 200
829 889
454 738
1038 546
1076 548
1010 173
253 322
205 403
407 613
190 385
237 91
33 822
613 907
802 660
286 736
844 231
841 786
875 288
231 132
365 655
944 258
395 683
434 827
874 727
106 341
409 42
115 803
308 957
901 911
1073 142
372 733
530 1026
130 414
907 865
982 605
268 235
950 886
718 827
659 293
400 122
571 256
698 863
670 553
63 613
892 61
682 771
966 1017
615 759
348 572
762 455
519 762
866 203
216 1116
963 454
620 460
324 1044
112 952
340 904
299 564
1028 184
626 701
1116 401
700 491
904 583
799 791
193 849
450 445
904 568
300 960
113 398
605 1075
679 742
307 453
842 270
998 219
1006 763
191 474
776 694
678 676
841 779
1091 598
562 492
964 850
520 524
732 998
225 618
782 527
863 726
554 932
73 88
792 471
296 248
972 534
283 986
440 460
793 866
817 544
886 764
759 1119
472 317
223 981
282 1006
915 806
233 597
191 350
360 462
775 544
113 565
375 923
766 611
975 778
537 894
47 158
627 1010
437 398
659 514
669 1019
182 983
872 399
599 157
89 1093
518 582
1021 1118
28 701
41 528
819 955
489 520
260 619
86 1016
1000 46
436 901
893 325
773 570
699 184
822 209
148 116
1056 161
340 236
576 824
329 598
907 769
839 724
771 131
1071 117
671 598
733 247
590 749
125 637
185 410
207 776
495 936
966 1010
508 139
908 759
538 344
418 7
139 887
705 609
102 991
451 672
320 1013
835 155
57 110
224 739
800 253
126 811
396 474
490 536
629 570
847 207
45 356
782 667
314 80
936 680
324 521
947 880
259 189
357 675
975 945
1084 782
18 1118
1073 136
550 549
905 204
1043 976
908 1006
235 694
507 599
609 770
295 1013
291 136
233 941
46 491
1075 16
199 1114
393 774
439 740
954 940
535 284
298 504
1118 251
862 387
23 500
424 549
479 487
479 449
781 801
984 514
731 276
406 461
121 1046
334 691
464 454
854 145
521 647
288 170
798 852
979 303
505 934
358 941
299 884
831 226
608 662
866 829
561 625
928 576
1073 138
675 991
43 368
763 625
527 707
62 733
187 983
623 123
765 199
372 405
111 261
430 467
98 203
413 298
887 398
346 885
215 736
511 495
825 235
837 611
164 194
877 318
798 1020
356 968
767 890
35 775
250 526
175 1085
605 904
310 722
551 114
460 247
463 573
31 236
666 453
309 251
342 78
979 369
1005 210
858 337
691 731
691 971
628 747
208 542
580 706
16 214
472 67
51 738
1093 12
854 1072
135 193
840 318
876 866
345 905
593 1050
904 556
961 705
945 999
717 1039
632 221
859 76
677 613
914 790
268 876
289 691
573 560
102 229
658 659
394 849
530 905
531 300
200 185
485 468
69 1029
277 215
522 482
238 972
163 647
13 562
436 403
999 155
93 165
529 33
735 99
228 140
379 703
761 257
219 852
499 621
148 845
532 695
341 662
421 235
1005 789
673 991
308 671
419 812
715 295
943 726
870 532
726 883
593 222
205 928
202 498
688 1056
646 964
682 942
604 619
464 232
1111 215
790 709
734 962
830 975
532 656
631 1036
385 784
1032 386
1009 555
854 194
578 193
98 169
712 758
591 260
198 787
343 678
10 666
980 141
837 407
1114 265
814 982
467 932
321 1060
398 518
910 177
507 254
736 60
119 208
957 841
771 681
320 214
614 657
351 939
292 893
785 467
817 229
416 304
666 283
1079 136
228 92
946 948
422 1117
523 203
1037 458
845 678
215 766
400 595
354 562
781 524
540 820
746 467
665 9
740 439
284 919
1044 120
151 1036
844 392
606 753
952 727
526 67
260 755
801 841
127 646
561 717
827 131
133 442
1079 737
972 798
174 85
792 206
1107 8
297 975
326 667
107 258
654 711
616 847
103 26
211 601
178 728
800 804
926 981
632 320
653 843
652 716
1113 720
624 46
265 143
651 879
691 213
533 648
805 593
709 888
860 514
691 466
722 176
116 323
797 826
203 16
999 436
643 698
272 735
1035 191
533 209
546 935
27 951
804 988
730 501
640 678
82 916
395 734
232 374
287 240
150 1058
200 710
622 134
92 658
419 238
618 738
937 54
821 196
539 920
640 324
165 514
688 418
1002 728
545 675
953 925
619 821
558 630
998 928
522 552
1019 1082
592 464
107 467
876 233
267 1098
250 383
721 602
916 403
591 594
335 532
823 398
276 365
82 216
667 116
348 817
717 259
264 156
576 399
215 186
1003 106
530 388
386 480
128 981
808 273
336 526
230 849
940 223
440 313
1026 442
607 950
756 95
960 894
15 286
631 660
190 396
251 832
41 721
36 1047
243 508
406 227
23 847
668 152
559 478
468 40
734 1050
1 27
869 149
1003 708
1000 553
732 680
313 778
677 739
219 752
510 300
947 1034
390 369
748 334
920 16
402 27
464 270
206 930
522 1045
423 473
139 24
959 100
462 575
110 194
962 171
882 906
654 217
329 889
851 465
411 816
895 994
668 156
621 338
338 1016
456 1049
594 1118
519 67
400 984
1022 197
318 785
997 517
145 1102
719 487
827 414
875 176
133 592
219 308
621 834
252 604
786 623
367 816
974 620
1022 461
931 782
341 542
146 362
908 468
1000 885
843 850
659 976
727 387
1108 452
307 176
197 383
990 405
146 434
738 818
819 204
353 708
236 204
784 695
489 956
286 272
763 201
138 493
343 465
473 179
337 1078
528 510
885 431
254 100
478 718
207 992
761 773
208 489
432 603
688 100
170 271
269 460
274 990
478 680
81 971
970 679
961 1100
183 453
995 517
513 966
414 646
535 971
856 713
464 131
165 98
325 959
263 433
107 992
373 950
880 739
72 297
731 762
1014 128
887 428
968 904
534 613
930 232
975 807
537 577
831 3
1060 907
334 430
1119 933
437 402
877 800
550 820
260 1093
1030 123
1001 824
783 478
516 694
543 827
1118 575
32 743
258 917
209 969
486 124
746 796
498 497
332 994
576 534
553 164
748 790
428 300
335 252
336 897
864 388
451 927
283 509
125 755
172 418
599 284
590 925
320 893
912 325
451 413
311 96
781 325
1002 639
763 577
331 565
1018 446
1066 145
622 373
799 641
9 520
32 113
124 205
259 696
1123 253
208 341
279 68
923 730
441 724
133 679
656 214
968 603
1082 698
828 648
392 850
455 846
331 194
132 1096
260 1017
531 404
848 355
165 751
376 875
822 1016
308 602
837 477
979 76
232 1046
950 417
964 141
568 1010
788 1064
723 895
338 667
783 144
597 216
304 900
468 176
196 52
966 898
903 848
435 472
439 1003
914 526
858 664
652 304
613 435
384 538
826 1073
1105 967
526 538
257 302
646 603
806 971
275 717
97 1013
869 421
917 533
319 673
182 747
645 459
82 375
791 798
417 178
170 1101
712 853
32 26
1006 828
828 945
507 175
618 78
257 156
939 954
340 45
760 503
472 341
10 701
208 706
598 857
730 376
637 731
897 769
557 982
342 939
347 748
267 612
357 622
957 1021
1110 1062
216 1063
345 955
644 548
937 377
485 132
137 526
87 262
482 181
707 563
1008 1055
828 772
13 227
151 633
86 886
113 98
1060 937
554 1047
1019 481
922 366
556 325
89 795
158 312
19 292
660 539
550 757
115 122
341 396
516 15
869 545
251 989
964 489
924 723
336 67
1121 454
390 110
602 1005
380 761
468 577
856 775
891 285
722 375
168 363
251 461
925 153
295 1017
713 509
936 1050
113 156
340 421
665 93
1004 1004
863 660
126 892
380 657
877 1081
434 809
159 397
483 540
827 591
367 665
435 566
730 406
516 303
182 821
572 185
894 21
316 413