986 816
21 506
975 286
114 617
583 151
679 112
248 822
999 894
1069 751
1026 411
388 391
359 712
192 264
549 853
1023 384
1071 819
891 746
863 1040
561 371
957 161
1113 829
1024 282
160 1065
1108 612
895 318
1013 272
1080 612
891 735
257 729
543 998
513 460
650 838
691 857
948 608
308 824
688 186
106 1122
237 184
767 724
403 79
702 1000
1119 262
879 395
715 406
758 181
674 355
309 115
435 786
361 695
125 51
225 517
839 39
196 495
472 730
501 779
980 999
882 18
552 678
722 930
515 1074
956 420
614 383
228 340
286 352
170 233
968 56
1106 273
410 199
590 818
1063 968
563 841
191 980
932 614
432 792
622 638
251 575
129 895
707 492
1023 419
616 567
925 601
447 801
906 640
261 730
965 422
484 573
153 49
849 428
855 685
799 900
582 410
959 513
972 517
722 241
294 32
475 1052
199 223
1097 268
49 441
884 1006
647 1041
278 975
726 989
284 844
408 300
389 207
513 458
247 516
1062 967
777 793
1096 530
336 1021
1040 128
653 474
1094 549
523 638
453 587
292 197
1093 693
969 39
912 1003
906 518
588 907
115 181
1046 252
417 542
773 234
768 573
405 985
885 773
475 559
638 889
147 348
632 30
910 399
121 198
610 1013
919 688
911 688
540 548
549 171
98 789
421 581
493 358
73 589
296 950
663 50
453 704
986 956
857 482
645 919
886 722
985 879
746 1046
491 576
220 506
308 238
277 698
707 726
717 193
1043 200
910 789
967 165
1077 847
278 1077
847 227
909 600
266 789
443 67
429 443
334 643
1112 991
760 356
384 309
362 956
999 596
1010 192
975 567
481 1001
948 628
580 412
738 360
730 318
380 610
213 569
526 230
800 675
121 722
626 502
733 144
159 291
898 936
1015 749
923 637
254 749
672 266
503 147
154 331
443 703
276 486
999 536
879 743
648 582
829 117
555 756
162 336
151 370
1000 771
893 1079
282 386
240 431
299 595
664 456
223 649
369 950
565 86
865 487
502 196
555 437
802 782
209 277
745 831
1060 878
864 624
697 391
524 636
584 378
251 222
718 718
153 728
177 964
725 570
104 1009
437 256
885 887
367 295
121 777
9 1018
344 102
710 919
810 964
217 664
632 440
342 925
278 483
912 136
668 114
399 140
705 955
339 198
718 1034
875 517
132 184
457 425
828 993
166 927
848 165
994 287
953 459
906 278
899 550
397 960
417 545
143 370
440 335
384 318
953 791
608 427
545 801
771 627
814 798
772 429
1096 677
869 721
866 299
950 602
511 385
1014 930
475 1049
1053 1029
629 917
931 621
646 804
917 480
433 607
590 129
361 430
392 1006
315 681
555 319
191 816
642 665
761 476
116 870
985 924
129 270
157 50
566 227
1110 1018
82 915
867 272
1010 230
364 407
670 647
1004 1052
765 943
566 839
478 891
700 286
880 37
413 133
352 1122
186 754
952 608
212 493
479 293
946 797
807 660
575 803
106 35
1092 148
161 208
764 216
946 679
825 303
1105 780
1114 328
296 812
83 924
241 303
519 930
388 95
390 469
997 1022
744 341
661 869
385 873
481 938
1005 295
698 455
249 1015
830 446
1011 821
670 803
654 917
682 632
438 355
437 974
84 231
324 844
626 22
989 760
290 387
388 620
544 522
714 154
131 902
993 1036
533 403
1038 205
27 841
425 288
76 696
54 510
439 287
285 314
589 464
299 389
517 970
593 713
412 122
422 1015
608 334
417 251
93 835
217 1109
858 639
695 52
562 745
467 859
150 328
54 39
718 235
900 820
851 807
602 735
1020 256
662 870
654 147
357 854
664 162
1065 643
53 1021
668 190
1002 360
308 367
206 108
968 880
156 973
158 553
606 129
654 352
1091 530
227 737
712 1122
823 855
905 431
740 765
595 716
545 894
257 925
1022 379
556 165
252 317
499 224
979 977
227 192
909 873
492 964
979 560
748 343
862 633
740 1013
893 571
799 694
524 445
479 753
795 580
825 912
1112 950
1085 652
494 656
523 956
215 174
268 851
595 808
941 115
34 530
330 915
619 743
545 961
807 904
233 202
329 813
636 279
438 909
450 596
778 465
1095 734
1020 1022
880 978
192 338
277 926
843 631
937 742
1096 246
222 372
512 998
233 658
974 509
638 289
76 842
584 1032
369 91
424 925
276 160
846 88
688 936
1065 193
449 620
287 738
139 804
224 920
241 1021
677 166
544 428
455 919
484 182
494 816
874 373
942 738
719 438
173 105
481 217
328 234
1068 537
183 584
204 5
241 631
873 247
1001 910
1101 137
734 96
932 878
956 844
681 713
872 293
1014 623
918 465
542 652
164 141
245 491
502 757
423 244
722 919
775 477
762 401
575 532
486 868
230 410
1091 422
894 636
104 155
263 838
16 201
682 580
848 749
386 315
628 201
840 102
212 256
453 558
894 759
757 624
152 139
481 353
407 267
401 185
664 944
931 867
726 1001
503 540
414 790
348 255
679 332
403 408
1079 1017
610 992
162 938
279 480
933 958
957 824
556 481
686 679
83 841
955 493
473 375
1064 840
23 844
268 283
286 526
632 669
586 1102
422 205
747 656
948 681
1004 228
258 847
285 655
685 716
412 721
605 251
1066 499
133 400
1049 675
536 892
737 591
927 590
495 1026
1025 1003
97 828
694 232
1028 431
24 890
307 381
454 949
110 557
595 825
584 485
598 177
937 329
650 544
247 388
356 420
272 288
835 279
782 876
552 335
283 1043
535 950
396 342
382 37
1012 119
443 349
786 542
327 1085
744 351
392 404
930 1046
224 88
696 528
812 828
826 892
354 212
440 794
199 992
408 93
379 676
606 887
463 898
240 289
884 1021
892 35
956 511
920 319
265 912
748 120
220 833
137 503
465 255
286 455
160 514
994 220
170 510
138 834
910 502
499 443
337 335
396 928
397 907
760 33
212 293
913 771
324 51
676 972
539 425
934 229
715 1036
274 984
356 250
417 404
447 239
940 294
198 253
44 794
483 441
717 920
490 687
662 854
178 793
630 624
837 156
641 359
62 242
973 544
351 157
231 1076
852 218
26 925
1040 580
1093 414
358 156
99 1047
453 358
289 539
719 147
422 842
647 972
616 939
914 912
180 827
1013 880
579 520
420 115
462 308
897 174
413 367
573 278
534 482
1023 562
276 569
140 277
798 963
902 194
638 268
496 518
204 808
477 734
180 554
727 738
954 323
863 435
851 160
1074 849
853 210
271 746
926 183
847 1019
575 759
552 768
330 904
414 464
628 697
878 716
186 385
877 667
919 140
372 284
728 609
781 408
834 586
712 567
613 672
474 696
218 644
379 588
341 880
406 1088
477 562
98 449
99 245
206 225
827 924
382 902
1099 466
372 421
150 606
724 688
752 666
763 589
174 487
213 944
295 379
495 969
658 926
668 905
132 367
1050 206
243 621
659 701
29 1033
80 527
680 374
974 959
522 909
28 323
140 649
164 699
909 176
688 691
131 637
816 137
259 581
186 900
807 981
465 709
877 526
713 217
223 1019
974 859
884 98
540 195
308 465
911 796
676 1010
259 347
217 1055
102 682
767 274
388 216
794 540
483 105
428 821
775 555
368 231
1040 604
383 0
867 500
629 338
921 123
281 1070
735 459
486 841
346 180
105 314
969 453
629 155
812 487
612 1018
787 556
957 233
480 216
77 240
49 512
977 639
508 409
207 109
476 296
746 611
460 751
298 313
1098 1017
131 527
478 711
636 358
691 261
499 1059
2 1034
135 120
173 525
242 415
859 216
377 561
802 668
94 345
676 642
319 709
997 22
187 752
828 643
603 362
433 675
174 105
678 105
949 161
9 226
387 400
650 804
512 1022
761 1071
931 1004
306 534
297 120
844 293
1079 967
654 227
416 332
723 991
855 566
945 157
864 245
877 459
967 219
709 271
832 56
345 872
489 869
287 755
759 550
165 389
762 905
796 387
316 991
707 693
424 442
589 606
686 954
703 465
523 998
888 984
864 934
1034 784
1028 243
181 800
1066 458
690 884
1022 77
1070 561
462 16
359 989
502 104
1051 802
1034 695
1064 373
402 282
967 152
789 446
260 302
263 308
461 839
466 300
986 134
845 332
304 751
669 322
745 865
938 335
296 149
157 214
656 740
426 767
775 1008
992 978
383 949
1018 633
340 1039
128 386
892 104
858 161
515 945
839 1035
880 310
861 331
374 524
394 255
471 836
309 456
1010 390
464 457
452 237
996 72
48 256
526 311
730 848
230 888
305 63
1107 554
516 433
1088 719
695 1039
186 376
550 411
988 444
885 259
128 514
617 767
772 485
551 544
1076 160
451 473
367 244
831 302
659 816
685 589
179 460
657 760
347 203
147 183
493 741
616 344
991 472
72 1042
703 152
1008 603
1005 215
975 722
1029 360
962 256
476 22
915 805
229 967
450 958
846 704
648 416
809 9
792 1106
628 329
663 621
694 877
686 661
846 18
806 111
827 795
436 350
800 933
990 100
567 273
29 743
510 1053
251 852
603 368
287 381
712 61
720 986
472 494
523 1112
573 763
320 414
184 742
803 1006
742 761
342 563
926 554
842 815
400 524
814 294
72 376
1011 133
317 669
777 736
1040 93
338 621
838 859
389 425
714 389
273 600
493 197
515 469
131 199
745 441