404 692
832 278
179 321
1030 816
432 687
713 672
595 399
888 819
577 401
562 543
818 448
455 687
180 923
550 821
653 812
554 216
1076 931
344 914
409 43
649 728
203 988
244 642
491 321
250 586
849 281
101 1060
482 895
1093 961
740 820
828 598
779 458
809 1038
370 668
80 834
435 825
400 190
901 90
248 597
911 189
827 970
272 269
595 924
669 550
807 1068
544 732
608 357
388 191
281 562
182 806
1102 780
556 339
535 139
703 117
110 428
169 909
237 252
311 230
708 322
1064 952
682 684
583 171
793 498
768 894
420 1050
932 137
620 219
876 609
359 670
500 306
204 707
480 51
110 1093
847 124
151 1086
1052 923
884 1038
10 417
719 698
136 484
809 112
455 205
16 910
985 757
198 122
698 988
204 250
497 216
765 528
333 1001
903 952
112 190
955 507
894 526
490 1001
778 612
143 474
805 250
564 661
570 972
138 483
318 736
324 300
580 675
981 548
510 226
337 727
816 799
629 539
394 363
786 1059
417 333
136 769
459 441
22 599
154 79
769 996
1032 335
158 333
428 545
972 712
138 353
190 209
113 521
120 534
683 640
303 314
860 487
439 652
700 498
136 829
413 998
21 834
418 786
944 655
1083 731
241 166
130 589
1022 168
60 230
938 916
862 803
10 886
322 993
100 805
991 748
569 650
369 163
133 992
145 199
308 826
880 914
748 483
356 861
489 424
664 797
489 1084
950 93
489 980
92 194
539 931
289 111
1105 521
1017 1006
760 1021
864 841
673 150
753 398
233 201
359 268
464 751
1088 626
204 241
413 1120
693 355
434 825
856 540
712 547
183 737
221 816
192 554
148 863
399 427
295 897
76 34
1043 176
625 932
805 502
911 71
1080 202
727 996
587 360
47 459
603 944
269 121
904 229
452 924
1010 383
774 194
699 1029
937 370
239 1121
686 750
600 780
382 959
944 923
629 746
553 803
584 295
516 448
466 320
609 822
964 476
364 634
446 823
626 720
329 835
22 264
309 67
600 284
481 259
536 34
185 920
641 210
511 728
488 759
150 531
913 800
360 398
228 720
783 786
877 894
710 574
972 571
1072 913
823 911
924 442
1113 985
137 534
309 734
109 662
81 257
434 323
187 1014
768 243
1033 163
529 1020
722 1055
109 776
74 213
213 992
964 401
479 907
952 393
591 112
844 129
140 984
710 387
404 983
174 948
116 721
823 759
828 668
414 824
643 588
280 459
654 382
425 827
110 166
342 263
818 101
463 221
326 72
720 808
261 560
43 175
497 454
1019 281
201 752
355 148
1018 177
447 294
562 161
324 586
657 581
536 116
730 509
43 826
1101 523
503 660
205 960
608 481
473 2
344 268
142 800
566 54
752 734
455 655
489 438
148 337
912 48
551 768
271 847
1079 698
127 460
450 884
845 263
948 790
961 892
103 796
340 340
905 392
559 380
183 974
491 889
554 781
692 764
717 700
408 815
83 184
326 162
1015 363
131 845
715 723
242 773
345 375
980 948
890 754
401 402
536 138
952 767
248 272
231 812
975 360
63 980
180 553
840 100
451 293
513 1027
846 780
690 581
424 804
612 103
195 1018
333 683
479 379
536 424
677 403
135 614
844 930
204 389
195 635
440 778
78 200
301 4
1099 1032
319 218
53 102
286 193
207 109
570 1066
587 905
979 101
879 733
298 666
949 539
1061 385
825 617
498 335
665 603
321 163
898 816
215 800
904 202
457 821
806 1072
774 955
46 925
945 636
809 429
654 386
981 613
691 976
455 136
733 968
179 1065
604 742
608 641
1060 1044
625 770
988 627
590 427
812 39
879 670
482 239
891 650
638 108
924 702
926 260
76 135
975 764
161 343
621 45
333 78
244 392
777 428
145 411
944 839
832 818
300 579
318 474
962 518
573 258
169 45
526 356
377 346
515 520
1004 784
270 1004
366 916
817 169
1025 140
703 586
950 47
466 837
857 264
790 1009
177 709
801 547
492 812
76 555
231 604
97 398
765 793
934 929
557 282
198 131
990 942
814 647
975 419
662 266
475 576
560 194
193 882
673 614
518 643
926 622
1049 624
217 714
377 890
173 1113
401 874
599 34
101 1091
918 922
28 624
744 295
179 519
110 682
1019 142
177 332
445 16
846 689
1047 221
276 644
1002 1022
675 826
418 629
972 184
392 563
335 535
780 794
981 70
1119 913
902 207
341 670
437 124
1070 453
1058 796
488 292
816 545
983 108
592 365
584 644
817 740
559 359
881 869
960 946
563 781
125 394
738 602
1036 630
857 743
482 618
260 983
347 1058
250 555
103 554
100 119
1007 511
990 256
759 454
964 459
424 248
431 355
54 441
336 895
243 152
441 1093
42 317
602 238
971 631
699 635
583 417
495 104
983 333
395 779
520 824
192 980
739 822
818 532
590 196
402 1089
291 465
841 95
305 1097
430 32
161 120
185 135
440 315
882 670
337 898
508 172
443 422
669 837
855 213
958 102
190 741
783 749
164 608
497 331
989 722
263 373
118 653
830 215
265 734
275 776
156 730
934 534
199 247
804 615
452 120
737 256
284 259
695 717
974 881
978 657
85 812
877 260
193 287
812 422
861 113
451 140
328 574
547 317
761 906
843 867
505 978
385 716
200 149
298 896
1003 39
402 644
484 1054
232 417
234 149
761 520
668 478
35 82
216 405
960 755
276 483
844 116
909 383
196 336
369 215
488 930
867 186
802 807
591 133
128 898
618 344
191 472
403 780
433 898
600 371
194 736
754 644
637 933
805 1102
1045 788
770 1117
641 361
617 61
487 839
447 750
189 753
497 738
872 267
133 740
767 327
1004 660
1051 674
962 316
520 465
960 646
687 865
439 815
357 963
219 455
295 929
135 340
7 933
666 1122
419 605
345 77
379 354
637 98
789 1022
484 917
3 289
708 49
360 319
784 809
572 490
288 220
624 957
912 194
390 566
781 889
280 98
446 752
847 1119
1044 215
758 950
906 578
696 957
859 210
739 343
30 174
878 775
188 840
573 141
789 424
418 679
742 432
807 117
789 467
650 870
697 126
264 471
1041 481
750 216
503 19
344 1103
115 633
347 271
345 324
677 112
949 844
196 708
241 872
1020 267
73 767
148 796
209 479
774 1061
818 845
1005 888
863 409
927 719
1014 898
580 751
690 780
162 549
354 185
658 205
243 1001
891 464
511 957
421 782
392 991
220 427
440 195
381 818
519 22
752 385
262 289
239 945
586 181
903 853
613 908
565 301
964 629
916 906
102 982
861 1094
328 340
866 888
558 557
998 578
247 548
527 428
84 747
1062 802
815 661
316 943
175 455
310 584
666 154
495 1038
608 110
556 673
624 5
208 187
794 316
1120 433
301 918
112 535
457 716
687 964
243 757
285 710
745 337
412 624
965 947
744 138
598 177
170 916
723 995
254 1044
1022 997
339 903
931 1012
92 172
560 890
1020 159
625 977
606 86
230 986
654 492
74 41
920 928
465 195
63 379
46 589
804 989
335 569
647 875
890 383
653 528
178 252
99 482
95 436
743 1000
1123 538
886 316
308 912
757 382
600 784
875 714
242 203
538 533
687 375
852 517
1058 642
497 750
19 124
526 321
186 850
564 1015
583 731
123 102
770 713
1012 454
372 863
278 220
771 165
536 611
523 387
114 350
870 357
42 620
1082 963
436 778
405 198
606 368
699 691
196 354
81 560
506 933
170 630
801 419
267 845
386 113
832 96
746 381
395 145
225 211
244 246
661 646
151 316
63 52
680 353
571 649
149 967
334 591
393 1023
434 517
813 555
1005 997
1051 721
290 502
1017 1098
471 171
406 399
889 342
735 471
128 219
468 207
775 995
822 194
699 63
403 993
602 807
569 680
671 433
805 414
547 261
348 734
519 668
425 628
272 534
862 746
182 747
392 740
16 966
937 394
255 27
687 36
282 919
1008 991
245 586
742 1022
934 829
280 243
952 591
180 990
306 762
957 311
475 760
183 393
446 45
150 646
177 987
331 337
536 1110
1019 880
240 826
485 248
1026 475
875 51
308 872
576 630
431 413
1082 38
1021 1030
1000 364
825 286
338 1054
812 1065
169 175
942 683
133 216
266 217
682 432
254 168
862 224
194 340
468 1029
335 833
84 799
542 993
474 1056
233 108
574 698
1118 604
212 69
843 613
149 382
653 241
959 210
260 428
1017 1090
534 409
761 816
730 751
682 496
84 262
115 994
343 607
393 246
106 1005
981 831
438 169
563 714
300 717
937 687
587 462
973 104
820 701
311 816
281 326
273 722
282 764
732 443
393 1012
660 160
192 321
564 1089
953 290
870 548
119 624
109 815
283 118
238 1046
468 747
775 238
722 868
580 511
279 958
509 477
904 309
142 940
164 737
115 244
539 367
566 384
85 187
546 434
315 867
6 437
346 330
494 337
718 1021
564 722
125 635
339 998
93 343
472 714
482 823
995 768
420 515
654 399
72 341
449 954
501 187
888 303
602 1120
467 321
982 126
256 183
143 212
988 982
1038 431
424 321
219 698
708 270
372 158
210 996
11 910
598 917
1040 1074
743 582
796 697
597 1013
232 1008
272 790
537 991
543 917
293 697
869 658
1081 963
357 452
843 648
169 488
230 1044
355 434
869 890
321 133
829 442