326 346
349 223
495 695
210 519
730 683
382 216
507 1045
181 816
344 802
349 123
649 963
474 194
15 931
1021 744
580 412
861 430
812 178
153 782
22 389
961 656
992 1044
980 667
355 237
446 293
536 614
826 1111
567 536
953 675
1121 494
1020 469
841 926
768 25
683 558
129 1115
718 744
956 1093
714 850
815 869
243 437
653 863
504 437
806 670
413 911
745 596
453 580
485 839
114 938
313 523
60 889
99 1006
722 872
375 5
960 367
984 613
581 94
874 612
794 214
1009 547
415 114
877 772
502 468
847 136
814 1061
204 942
356 488
776 635
531 536
277 103
269 382
469 690
218 921
281 159
41 463
611 553
484 734
761 570
987 832
658 928
904 764
625 972
522 614
825 370
930 90
480 748
161 834
528 388
704 95
622 728
685 331
924 1085
1051 528
725 207
145 848
230 1014
1073 1037
588 296
973 393
500 985
784 407
675 994
293 327
239 803
212 264
865 195
45 494
860 863
677 795
1097 899
326 146
1091 158
1074 1098
178 590
940 633
691 1043
519 310
126 254
620 593
796 716
836 50
39 1021
464 323
883 216
877 103
369 510
129 337
449 287
659 825
605 837
824 1070
341 360
208 671
350 962
253 20
957 137
791 315
614 219
579 338
1105 696
24 712
717 944
203 826
313 811
603 347
974 180
113 767
161 581
469 159
137 1026
353 478
316 746
342 790
603 471
455 258
662 320
339 696
773 232
325 342
609 235
8 769
674 837
998 392
169 897
1114 112
580 390
406 688
896 403
162 435
91 550
681 827
571 438
902 738
798 167
804 103
946 988
577 945
331 926
137 812
132 66
518 589
739 363
855 296
433 689
310 1113
524 628
530 742
870 425
404 1090
1102 717
335 890
757 1063
112 140
399 616
534 215
602 945
1016 586
163 893
131 721
951 1117
232 758
908 981
484 746
936 545
1031 1089
878 75
861 408
496 499
828 323
569 1004
1121 1023
523 246
816 420
1066 447
971 360
186 205
799 786
242 35
844 559
938 1021
486 656
695 407
685 858
621 903
108 633
356 240
630 348
327 1003
811 243
429 677
324 398
994 75
784 16
249 342
1008 926
978 173
575 441
511 1081
624 392
562 173
1098 475
262 1019
1036 470
566 244
593 191
905 503
469 1011
407 142
866 682
651 38
345 542
738 664
722 514
128 1011
224 216
777 492
893 939
238 793
1020 598
1040 855
615 795
613 331
965 553
705 275
460 841
923 442
81 151
257 1063
621 650
272 83
158 83
697 503
385 306
196 1007
985 562
573 1046
277 488
304 674
1075 501
808 883
557 1056
673 236
956 498
1031 698
341 131
1001 266
153 731
793 758
53 218
200 935
51 773
846 333
440 150
468 931
656 994
789 949
822 51
753 1106
130 278
931 834
816 543
738 1079
684 629
179 357
673 266
694 358
763 261
577 989
593 635
396 190
614 109
206 242
128 603
975 661
46 235
159 710
749 50
647 308
422 739
174 111
972 43
214 663
1050 681
119 717
367 784
368 838
156 503
1116 97
910 699
775 605
388 89
962 714
429 35
436 383
840 708
578 590
703 800
368 65
909 220
185 768
19 156
888 319
111 880
200 523
360 729
249 675
945 585
468 759
794 527
157 194
109 457
567 919
651 221
152 747
103 722
461 370
461 473
956 540
252 785
536 359
789 26
142 284
346 418
925 883
318 405
966 675
331 489
101 433
539 830
819 477
655 823
637 329
462 732
920 420
950 930
342 200
414 566
628 354
1031 878
509 204
477 316
615 308
303 308
484 739
223 909
119 289
658 737
400 698
785 42
948 342
614 1082
585 967
688 196
1108 462
322 1010
109 1033
355 694
932 682
674 914
124 439
864 26
681 894
920 329
565 456
555 656
292 771
1107 857
184 682
354 369
107 262
656 663
235 110
1081 587
721 440
1067 236
262 1002
720 868
370 315
164 933
510 192
378 326
1120 628
282 974
493 112
275 454
267 434
380 581
64 708
386 453
682 516
1107 297
520 654
569 631
208 578
913 1120
786 446
768 995
768 766
430 205
975 289
826 369
122 781
908 485
925 1076
231 554
1052 823
417 1073
379 607
982 919
429 632
532 95
609 1002
889 106
637 1067
345 754
710 911
869 403
386 523
584 541
656 486
694 942
201 249
216 708
376 392
550 274
300 201
890 780
531 620
347 579
969 620
522 837
250 316
667 948
225 774
825 183
794 415
430 877
134 754
465 379
1093 901
388 398
696 537
746 766
480 441
705 1116
1098 582
876 513
403 631
510 823
618 1046
999 1019
412 172
928 773
156 705
957 286
76 936
1061 181
399 1010
169 141
304 958
431 910
838 588
592 692
377 759
131 867
993 995
473 720
965 1047
587 1011
594 552
252 602
852 100
219 294
644 286
497 162
603 901
972 147
587 301
885 1055
340 569
210 762
398 646
986 30
428 797
286 267
419 492
957 508
644 1
78 275
935 545
585 147
905 91
932 769
247 145
705 1048
909 913
256 982
952 595
939 302
995 691
129 883
957 496
865 135
310 999
965 2
236 5
1063 1019
443 322
271 654
1016 543
467 936
394 981
110 474
1005 632
667 454
745 568
407 212
631 1020
925 735
929 852
96 1016
879 882
344 272
383 366
196 387
433 697
923 840
724 1098
588 654
781 919
466 1009
1118 534
8 951
92 6
320 833
701 474
910 349
752 974
1074 985
254 9
184 600
594 605
516 616
820 379
249 210
898 989
1073 885
426 887
804 205
1046 478
721 449
418 438
368 667
87 390
1084 657
793 332
1017 356
963 1115
288 750
624 39
427 419
405 831
648 602
973 798
938 1118
392 900
729 457
152 1009
118 537
244 380
401 284
638 295
775 239
228 805
374 708
850 1110
972 361
398 1013
920 679
751 861
325 521
874 146
992 807
407 104
1000 575
111 413
629 999
511 1102
499 760
705 283
911 978
192 793
275 535
721 920
719 711
384 1075
30 1098
1088 615
327 862
615 323
699 374
789 973
801 469
219 477
61 971
862 441
1010 471
804 186
472 880
1107 912
340 544
672 743
62 244
574 171
963 145
768 169
907 549
296 726
797 962
113 904
756 721
939 211
126 306
933 757
387 847
138 166
1002 697
591 649
939 1071
321 559
725 905
667 718
671 693
414 1025
480 884
243 413
153 880
400 561
441 623
363 467
1096 662
528 320
225 414
670 668
109 162
723 936
262 315
382 953
278 396
657 1012
808 834
176 869
827 274
814 752
450 265
605 358
206 729
603 119
376 914
739 108
141 216
77 671
221 175
578 766
1120 276
451 856
628 679
624 641
1069 799
299 731
192 611
741 502
369 128
129 242
767 671
136 184
531 896
156 119
169 104
960 728
159 306
558 725
803 88
787 397
278 792
284 241
730 100
298 576
410 166
553 1033
857 143
747 628
774 228
122 628
927 747
814 989
1089 242
232 532
202 319
793 701
963 534
378 273
539 245
84 115
125 411
882 935
1008 296
1086 639
367 332
305 1048
922 1028
150 839
912 990
980 185
612 580
1002 940
106 465
475 228
882 509
44 304
251 850
298 129
587 498
487 195
853 831
7 813
898 309
1038 224
821 567
554 562
291 77
678 412
868 919
441 529
330 356
120 815
451 296
660 176
1011 244
360 617
705 625
402 999
434 844
144 688
684 329
814 2
740 469
693 770
566 719
647 969
564 154
1121 451
624 527
772 139
623 346
424 153
443 126
929 975
83 716
99 169
978 891
648 307
957 577
680 774
793 737
556 325
303 215
399 965
619 613
114 267
840 456
903 504
586 560
539 895
664 665
927 274
431 821
568 652
554 619
381 675
868 822
486 588
865 300
907 379
935 299
502 360
5 70
812 822
568 396
578 981
708 889
12 790
845 736
794 87
218 826
149 903
610 820
716 373
179 897
155 613
205 999
524 1098
877 351
945 561
554 967
753 196
1060 955
706 986
411 863
98 923
1070 389
929 360
636 582
890 577
526 182
296 649
883 266
1088 170
846 217
637 475
456 254
368 279
981 171
1033 423
486 451
404 734
186 615
631 531
740 977
152 599
621 456
155 1082
1042 757
219 1085
233 252
336 1044
799 632
275 91
261 587
585 794
242 401
616 875
120 837
833 209
119 831
918 865
505 963
251 314
653 814
319 669
137 336
1019 548
1074 446
554 829
277 993
330 882
989 618
963 10
493 778
190 451
413 562
604 236
837 748
271 435
145 409
609 148
949 478
996 1052
169 386
233 837
512 562
564 576
432 129
331 800
256 172
341 791
617 353
650 748
826 981
929 784
955 688
990 373
1014 750
708 855
303 813
664 373
731 812
863 364
509 597
322 792
447 49
104 1098
729 742
461 997
979 557
504 80
984 329
156 109
209 837
195 967
906 38
500 915
463 156
516 522
215 242
142 56
349 790
350 431
341 1005
391 547
207 989
860 379
939 644
589 543
469 495
314 629
451 469
571 169
79 518
25 214
945 668
513 264
311 575
135 373
717 921
1001 194
694 293
21 712
782 528
19 200
644 691
791 541
196 439
330 709
324 564
872 1017
402 548
321 850
270 278
779 676
610 573
824 844
569 226
843 394
560 821
568 302
197 407
124 595
494 171
1110 879
969 117
807 751
387 394
912 221
205 897
466 42
104 544
698 82
867 416
1062 574
651 629
455 696