699 640
972 338
243 738
685 820
932 867
866 636
203 425
276 424
528 211
221 420
1038 632
733 993
491 354
471 1053
151 1018
455 1111
907 54
1116 647
685 584
189 656
751 903
239 383
166 851
638 511
416 804
860 1044
870 657
777 610
642 424
980 914
427 79
801 1072
252 1021
932 633
521 623
205 594
134 383
589 304
257 208
717 325
24 332
550 255
260 714
400 271
944 59
38 415
718 693
272 63
94 220
418 487
583 1054
754 876
0 665
373 440
227 162
879 515
257 990
699 448
487 1119
779 742
314 295
661 619
56 986
898 344
1008 895
1000 610
436 351
14 427
726 343
909 286
853 1042
187 194
1104 23
171 382
398 1002
119 969
319 433
745 69
820 1076
978 1015
128 521
420 238
919 526
731 154
1009 536
159 1002
564 560
700 76
210 366
14 16
609 792
634 350
560 426
234 105
262 413
308 211
982 644
184 693
313 671
731 639
455 718
786 944
1031 280
604 548
604 186
780 661
465 335
650 564
728 989
672 965
520 1060
75 517
887 121
667 221
1087 855
1016 484
753 324
749 279
1112 252
426 823
937 786
5 573
239 505
158 320
806 420
115 1084
1007 139
353 690
238 848
588 143
979 652
348 55
498 896
362 370
856 256
666 617
683 1121
481 592
570 125
717 733
581 372
843 196
906 89
189 405
195 1009
733 373
508 826
621 768
337 862
80 744
614 908
1096 934
881 221
713 444
963 159
245 661
285 532
337 435
481 1086
679 963
888 833
573 304
194 692
786 408
919 200
919 931
391 43
628 531
380 766
171 789
987 368
897 441
115 577
107 131
725 940
236 152
606 556
12 112
76 245
663 384
1041 462
631 457
710 477
282 1079
987 923
665 151
43 312
441 583
146 520
963 590
736 641
1002 440
599 120
114 473
70 265
340 519
988 989
440 899
724 626
643 157
783 975
913 485
400 309
353 966
875 684
895 65
691 816
650 78
972 238
519 660
757 970
513 987
288 706
930 761
656 816
929 172
694 1104
781 580
11 1045
589 818
157 769
297 643
104 777
1120 768
483 403
563 876
610 173
1014 8
80 0
845 594
821 637
697 268
933 534
115 472
1068 890
1013 568
877 461
584 318
512 550
617 504
332 948
374 671
759 761
747 850
783 954
481 588
556 708
536 613
918 889
605 719
100 1052
205 641
252 367
259 152
132 956
175 684
103 628
697 64
1046 256
164 452
330 112
439 337
831 618
344 350
398 225
570 112
604 1042
701 437
185 627
132 186
354 973
824 420
284 1022
474 341
362 448
266 292
344 498
533 326
861 924
707 673
373 583
722 637
799 139
514 380
198 596
18 455
111 308
790 283
762 890
666 126
223 769
263 147
498 109
500 446
1009 411
939 277
726 147
485 530
836 239
238 790
838 117
949 1014
11 869
967 1076
960 528
842 559
438 844
372 657
59 686
1037 227
418 431
290 65
808 444
339 739
723 191
455 354
1081 708
629 863
621 239
469 668
669 966
704 295
318 1094
138 709
698 824
182 592
1079 743
719 941
900 554
516 268
467 788
87 810
1063 789
858 1036
739 283
394 809
823 677
558 685
218 795
299 217
510 878
521 976
505 201
349 3
701 485
32 1005
76 934
960 883
897 868
620 269
628 534
813 113
119 758
603 337
49 592
365 115
637 1048
460 1000
913 922
178 489
273 710
535 669
153 766
168 9
732 402
883 966
553 360
774 287
258 960
518 537
432 1070
662 317
208 685
585 844
123 159
117 743
117 196
377 66
1086 621
513 239
800 903
567 1119
387 1025
825 777
703 1004
233 101
60 317
496 733
992 564
567 1059
148 488
306 647
113 998
711 312
226 1083
430 755
978 812
257 767
541 596
634 841
669 610
811 806
384 5
310 251
770 113
782 151
655 1081
449 432
384 471
631 269
402 450
986 791
636 175
23 725
806 49
577 644
476 519
188 64
158 505
424 833
663 880
662 718
1087 507
858 587
1108 1005
1002 644
181 119
291 655
849 971
899 760
767 561
550 742
459 454
828 221
643 587
494 927
404 569
327 6
589 280
193 316
1021 784
209 912
478 448
892 291
729 590
1067 613
734 190
325 100
332 360
723 547
920 611
492 737
264 303
617 296
372 338
415 751
249 40
258 781
395 258
205 656
657 544
633 240
554 556
646 311
715 946
337 1086
1024 1023
1114 148
891 960
916 411
755 1009
926 715
233 30
847 861
547 423
466 801
310 354
787 148
670 682
894 757
973 718
630 240
868 903
144 764
78 508
832 934
1052 900
1047 376
673 714
759 187
24 790
1119 1115
752 338
995 12
143 236
807 778
410 993
866 451
559 759
1018 165
54 290
757 105
386 914
855 926
425 66
753 699
124 183
1080 529
657 130
784 862
1004 141
107 619
640 792
261 254
202 984
980 1019
538 205
1035 490
599 221
580 869
394 575
351 269
350 499
938 306
910 442
321 130
444 1008
252 753
831 279
944 112
601 904
498 272
471 452
1099 220
420 625
368 244
446 699
264 484
539 561
239 415
1027 920
512 465
776 591
596 68
452 393
777 153
325 249
421 909
314 445
75 903
625 693
397 372
456 1036
956 988
743 798
288 1006
951 934
660 696
690 959
1033 747
823 18
1025 388
693 734
723 462
774 234
357 499
965 398
761 1037
401 713
275 471
832 340
566 934
457 427
581 665
51 238
661 527
475 893
1 758
84 969
809 857
276 818
463 990
169 238
447 103
951 221
821 797
935 777
71 347
938 1072
219 456
1083 869
971 633
638 17
1023 573
651 290
640 1018
667 125
1011 303
1061 947
694 553
170 940
834 411
1068 352
589 1041
867 507
542 262
998 453
878 207
741 472
317 1120
1019 81
1039 161
489 179
839 1007
320 712
280 189
1109 561
802 615
160 962
794 635
477 958
919 124
473 297
716 266
987 87
138 671
885 852
505 247
389 957
997 336
770 150
40 425
258 565
509 169
683 507
152 488
253 1090
972 1105
435 967
836 768
67 568
662 494
440 467
40 164
1016 386
52 922
234 900
910 1014
474 1005
700 905
429 585
674 472
612 540
966 84
730 159
770 925
264 546
64 940
661 714
411 455
969 491
460 106
756 311
330 76
32 242
1117 559
597 217
720 930
920 525
397 705
648 654
1002 534
208 540
586 579
460 910
77 954
897 223
117 383
701 608
568 1042
654 782
585 962
800 463
665 718
886 509
234 930
404 262
1004 517
456 689
515 733
1068 1050
392 68
423 582
294 1002
846 799
160 434
174 981
305 876
1044 892
499 719
945 220
419 588
870 920
177 912
560 199
667 61
120 887
659 477
196 575
153 670
952 187
714 529
518 899
443 518
313 1065
709 898
604 380
642 952
535 414
1111 830
983 967
626 434
599 46
706 523
864 1038
550 1037
742 838
767 795
542 141
337 416
870 942
971 807
1120 218
590 1008
727 897
455 955
387 823
456 1092
568 677
313 402
732 1087
403 918
1022 893
901 692
557 989
530 366
743 711
217 872
1080 984
654 709
520 424
502 860
187 288
622 117
346 944
433 309
307 474
329 597
103 682
678 423
177 603
869 523
689 264
984 491
525 740
364 825
94 840
858 667
298 587
530 908
782 972
492 258
378 707
400 584
117 219
680 826
1065 238
732 941
1119 809
166 89
104 312
527 373
423 99
140 990
497 640
989 347
916 928
1119 836
864 230
913 407
209 468
1 760
691 126
118 494
756 716
1004 89
465 228
607 417
748 980
773 941
225 933
440 1122
827 556
594 365
364 843
530 949
129 32
383 228
423 499
659 515
25 857
671 917
621 975
708 997
270 700
604 610
380 420
577 486
1061 213
270 988
97 845
892 724
932 446
716 586
572 566
1019 648
331 57
601 186
530 986
358 813
392 1008
172 419
425 1093
417 347
508 336
473 363
1048 434
280 966
929 610
294 497
121 223
886 765
779 211
963 604
424 771
877 851
240 985
223 666
983 718
169 415
459 206
509 994
456 10
380 181
480 748
375 384
438 707
972 620
361 143
590 312
468 596
961 596
685 593
392 509
167 746
24 1017
663 162
704 205
921 158
546 967
308 583
258 160
379 718
965 1013
566 410
993 214
823 532
266 999
372 359
415 1107
836 573
525 56
6 202
32 496
644 1053
449 804
431 214
639 539
543 357
401 372
909 371
27 553
535 467
944 89
614 989
828 968
1043 884
850 868
196 291
840 234
58 398
305 1003
602 780
1094 948
704 628
9 222
739 162
938 948
785 1115
923 559
498 826
87 241
769 819
174 252
408 54
411 236
532 693
649 868
659 644
739 1014
847 1070
339 244
1015 759
241 965
535 257
116 889
750 800
932 520
1107 898
745 977
588 883
431 492
85 413
915 149
1119 208
830 1002
135 782
944 721
72 375
1056 478
372 1062
673 129
147 728
715 499
596 235
339 234
929 527
203 954
1098 336
534 690
991 375
103 438
495 1019
905 554
501 110
123 338
1006 947
1068 1086
393 706
904 314
232 598
284 138
230 550
1079 511
784 104
586 88
376 1112
466 516
638 990
956 796
870 282
330 146
674 399
923 1031
967 845
175 967
502 299
676 764
642 770
315 858
719 940
679 37
659 679
456 219
767 925
947 5
876 1065
469 325
259 874
600 929
871 565
1001 336
141 208
43 965
536 41
287 654
1018 466
246 853
442 804
655 897