69 1058
378 503
636 282
868 404
635 424
863 345
654 502
853 964
321 838
383 856
454 743
105 912
183 698
338 272
981 197
915 286
732 668
430 79
910 157
286 133
804 726
1084 771
808 908
316 82
899 340
145 564
461 560
594 7
85 274
135 84
319 321
162 1094
363 953
65 437
458 956
724 835
580 936
698 630
229 895
574 98
784 968
807 935
663 1071
1003 329
729 864
352 64
765 862
1044 949
821 832
603 297
286 799
802 626
611 684
145 1061
742 993
989 154
442 794
191 102
1065 362
476 253
308 741
679 252
337 216
207 800
644 184
996 407
944 781
636 1110
302 292
745 364
593 716
846 738
190 802
195 128
43 442
153 205
719 945
290 687
238 834
452 305
223 551
773 995
1002 271
754 891
770 303
379 726
141 118
730 515
836 1014
458 719
808 1048
1051 607
147 310
411 387
1015 896
376 142
975 89
716 797
303 418
472 589
518 694
781 1064
494 1019
379 199
1087 847
836 637
905 1039
632 860
124 977
985 414
884 382
629 992
220 790
490 1099
807 153
1002 223
879 905
1000 939
798 142
819 50
959 806
976 688
1105 265
141 363
1095 139
1092 809
108 121
569 462
396 577
296 13
449 251
105 238
548 469
677 392
288 110
988 717
323 99
688 798
809 622
770 566
125 284
644 742
999 133
982 258
936 1032
452 727
61 251
815 661
386 830
538 485
257 227
448 515
1066 765
1099 328
910 932
876 867
975 598
481 814
756 772
338 1058
1114 880
800 5
1002 514
390 754
944 139
897 919
625 251
498 441
923 860
129 508
513 656
1089 578
593 542
547 504
649 592
440 471
203 639
418 263
777 716
180 431
739 329
736 409
120 252
597 727
105 392
786 983
658 809
283 461
237 919
498 722
901 607
744 218
862 385
756 68
1001 195
559 475
515 964
1105 458
725 846
547 519
36 361
711 12
192 897
368 691
1053 253
566 255
319 653
969 785
318 1086
636 1061
971 332
517 229
875 682
411 562
259 599
819 1007
1021 201
974 925
810 726
986 668
9 996
535 273
798 922
945 981
208 442
740 522
637 124
652 174
426 258
133 706
226 129
957 312
750 988
256 166
1079 576
724 264
454 250
958 939
855 123
151 461
513 1023
659 359
102 955
267 766
705 935
729 452
375 1075
453 680
129 62
942 475
570 493
774 533
572 551
305 505
331 408
815 930
504 86
457 663
618 996
714 973
549 726
606 532
460 982
243 140
59 325
150 87
962 324
159 399
230 339
889 277
515 685
290 779
90 648
174 589
50 791
324 235
503 163
220 720
233 465
711 326
423 1002
945 975
464 200
393 378
194 864
671 1078
397 552
718 306
783 441
626 812
364 988
571 598
422 632
1051 939
480 623
42 835
74 227
104 96
1012 144
163 162
868 330
297 639
990 618
796 814
258 148
373 864
87 952
1110 690
526 698
483 599
452 178
510 329
317 154
554 617
557 854
249 196
798 484
161 669
471 136
416 695
250 737
479 171
770 513
997 684
342 560
332 999
391 134
892 990
860 742
790 242
267 417
468 359
216 1015
654 269
461 235
855 323
126 294
456 84
883 178
285 405
377 1104
95 279
1074 335
745 972
729 975
558 588
911 707
634 639
889 479
376 798
431 302
1099 126
279 526
664 363
945 853
472 788
396 620
1090 1105
67 638
311 1116
926 1007
385 681
841 0
304 656
160 271
870 593
644 945
130 652
1100 318
72 371
102 113
419 585
318 107
1006 209
607 371
176 564
870 123
511 422
490 356
74 941
830 919
194 702
783 958
270 904
392 191
766 952
949 1005
470 143
790 565
1020 224
807 885
922 62
435 236
1095 119
283 173
321 413
499 439
307 824
772 917
365 1096
173 347
588 761
622 158
862 1122
983 137
322 646
416 853
63 1119
995 282
987 459
602 612
171 831
644 581
161 701
266 454
553 886
650 54
48 554
848 329
225 365
858 203
393 41
553 787
230 771
908 622
586 234
1080 538
389 260
282 586
884 287
1021 170
712 952
865 125
268 550
266 739
753 855
208 360
298 222
755 313
982 1006
423 607
517 961
93 535
120 693
520 318
884 91
269 312
477 456
638 595
654 739
1027 724
372 455
665 367
572 812
393 47
205 363
696 966
554 346
278 794
691 487
513 275
617 325
409 606
608 908
358 291
208 894
480 280
1080 303
740 801
774 347
625 606
438 255
680 330
546 258
203 1039
541 548
397 551
540 217
1048 419
617 604
420 182
1121 803
585 397
404 732
684 864
82 212
786 557
309 182
149 755
197 750
191 601
148 676
307 761
979 656
970 873
308 225
190 209
521 631
971 144
691 90
594 49
359 210
384 833
754 980
112 617
1084 652
667 459
943 817
529 660
727 625
765 1003
525 452
858 285
655 263
1000 906
575 493
773 478
525 235
1071 296
185 227
546 374
709 806
427 870
682 607
932 828
689 436
744 575
316 186
423 321
701 538
555 994
379 471
544 406
652 857
570 875
334 76
758 942
945 827
867 890
557 951
746 5
999 882
363 274
101 318
647 489
858 825
156 587
671 482
460 1066
428 294
96 488
1114 758
533 845
297 744
974 701
364 715
106 285
1027 947
539 985
956 295
993 440
302 871
322 504
399 450
323 385
181 558
989 401
903 712
450 200
676 737
1060 840
963 673
919 166
875 905
1120 367
926 252
1122 570
794 1004
996 826
563 873
602 387
543 358
953 492
1070 426
486 1019
905 821
1066 866
798 234
1082 987
265 827
240 740
757 663
305 373
148 662
335 892
855 638
826 1048
82 510
871 125
668 134
717 248
1034 812
391 649
161 502
580 202
420 137
491 1017
523 413
819 434
413 393
580 856
192 898
214 297
647 576
827 652
951 963
908 941
390 627
264 326
512 877
853 976
260 30
1113 564
294 314
1103 950
1093 494
497 665
736 269
535 156
276 456
134 229
17 487
925 846
829 1043
866 362
1075 759
1010 499
913 547
323 838
144 529
532 141
381 237
507 698
768 232
754 604
610 670
593 239
848 509
646 995
1015 1070
158 760
911 980
506 239
242 858
982 591
143 592
578 1022
363 625
333 656
924 256
130 590
378 267
931 917
738 812
990 919
636 524
195 830
506 988
500 402
401 343
681 1061
365 921
424 527
417 857
840 737
117 696
456 403
18 278
901 663
490 540
816 896
404 782
1004 377
86 750
626 350
469 571
796 302
881 793
648 1098
333 281
155 1013
805 975
333 4
132 414
980 831
1039 884
2 727
943 1058
491 561
841 691
970 879
967 436
606 839
254 901
715 406
313 175
429 1066
246 853
447 97
151 201
791 446
531 415
476 899
805 145
847 889
1029 211
172 120
813 576
208 639
1034 214
543 219
548 167
705 670
635 696
307 570
690 299
878 689
881 289
277 394
542 201
394 819
113 757
1014 712
816 999
161 457
816 436
998 257
965 582
806 184
387 516
778 965
287 938
328 965
189 260
953 650
922 159
582 204
620 707
421 609
376 416
306 20
156 661
518 241
1022 605
797 11
900 765
115 755
1013 945
453 670
347 496
239 693
554 270
141 834
672 483
119 735
1006 195
435 168
150 181
1070 1009
918 618
820 383
281 966
297 941
812 838
599 1006
643 331
874 533
1012 1079
711 798
256 510
573 118
440 958
131 199
870 824
900 973
989 890
978 764
450 477
845 474
508 668
262 979
249 386
903 228
242 356
377 406
900 188
203 493
576 697
466 1023
341 377
330 424
427 80
346 778
1063 235
590 410
189 390
644 376
101 887
477 184
138 244
586 1092
580 965
267 65
748 183
539 408
681 64
848 45
304 59
889 220
728 153
776 197
151 513
474 258
116 279
499 408
558 132
121 942
668 519
673 581
358 335
6 563
939 801
699 259
844 160
598 185
445 757
200 1061
338 1002
453 256
636 263
850 366
388 85
216 430
308 829
557 745
148 313
238 301
672 984
50 787
887 679
602 554
418 568
535 647
294 992
556 502
202 462
948 881
246 878
128 826
764 439
758 20
928 126
706 1095
182 813
956 324
946 887
616 427
223 274
380 821
235 1044
313 431
763 248
540 138
811 115
890 481
216 1011
153 711
305 113
548 263
850 902
740 639
195 956
592 998
416 810
384 53
810 654
573 46
853 618
101 416
435 381
539 101
1013 330
927 928
559 343
332 273
545 363
334 587
883 1081
659 984
226 41
170 467
473 738
887 698
814 270
534 780
958 66
432 984
177 323
218 464
450 177
19 940
830 310
102 431
531 563
444 722
1003 951
387 1082
786 843
588 36
937 713
262 117
20 48
161 643
949 343
29 1058
114 646
997 391
284 990
947 374
889 286
208 712
1009 723
658 628
939 468
871 393
1073 774
1088 147
381 411
305 30
690 335
593 144
839 807
485 40
161 154
575 997
271 984
222 172
630 790
608 90
606 131
665 28
1028 140
379 1102
705 256
314 741
554 968
1073 1064
73 733
262 563
532 1026
621 998
523 936
231 219
692 225
885 693
1105 459
747 505
361 738
1087 670
544 383
197 236
359 654
486 813
384 321
1099 752
193 384
872 96
143 93
1014 628
205 163
530 762
62 1012
869 338
532 977
325 684
146 244
986 368
724 421
68 307
1012 778
577 524
996 266
695 669
138 284
656 563
279 938
914 890
764 860
388 430
521 929