471 369
713 24
342 109
133 20
35 220
443 237
376 246
830 316
403 744
601 959
748 321
474 783
578 279
418 759
448 17
121 11
130 924
53 792
428 361
1048 335
592 636
275 727
433 676
993 687
972 635
472 705
584 231
197 1021
318 1028
901 847
580 563
715 637
1002 434
545 741
278 851
1080 351
572 712
307 721
983 1021
737 619
773 525
74 699
1089 650
455 37
700 688
661 54
227 1060
524 667
1076 89
179 881
827 915
759 521
623 640
917 751
113 323
628 695
24 131
95 733
683 61
530 40
837 980
155 752
767 921
391 320
783 633
509 154
490 551
415 1039
368 395
752 345
265 958
225 283
970 840
375 584
811 481
104 430
865 960
509 84
148 251
120 528
186 762
382 850
869 748
267 853
1070 794
523 1079
976 992
1060 289
789 64
586 1028
143 230
23 645
1037 116
676 986
1104 177
375 1029
644 197
862 760
851 107
59 538
132 314
1088 517
36 836
573 944
384 775
577 883
141 674
318 993
111 909
568 396
973 23
508 1000
178 1123
909 1017
674 20
810 751
155 1080
1014 1005
1037 671
20 368
660 243
178 591
511 142
585 326
626 830
482 671
654 525
415 430
205 792
938 891
117 561
802 777
748 320
901 43
914 15
461 776
472 253
687 962
118 12
640 0
552 343
360 557
673 477
892 259
1117 975
991 680
630 235
598 410
808 858
437 968
862 220
929 289
725 395
310 831
112 133
423 492
24 959
404 867
225 263
1088 523
233 367
708 931
684 316
854 321
41 97
62 204
149 724
786 964
160 678
961 776
1110 351
302 842
481 94
781 616
183 731
845 608
92 736
447 762
222 623
522 193
432 19
1096 937
471 384
969 374
966 296
558 569
1004 457
441 452
201 758
250 385
726 672
916 602
857 330
849 372
376 672
318 167
396 258
859 529
789 350
179 258
829 374
431 645
217 321
180 768
494 995
453 830
487 516
702 114
969 374
650 795
607 824
183 419
984 793
992 34
121 703
882 303
670 890
795 522
1002 851
763 167
569 664
469 1000
965 765
933 989
919 813
538 496
411 713
231 214
579 573
93 549
682 873
944 773
316 619
154 890
902 871
551 552
464 478
882 440
985 498
355 694
1004 243
98 828
309 826
875 385
942 940
203 1057
997 451
55 331
678 962
612 1010
672 229
114 572
510 970
996 554
1020 843
370 980
620 275
352 144
1047 863
144 946
404 847
323 94
167 696
225 265
733 101
993 806
1095 336
41 172
648 861
915 657
102 35
608 815
160 629
510 328
418 0
664 241
906 269
1035 708
1017 296
793 457
112 318
545 484
270 59
529 143
919 640
743 875
610 989
116 893
142 1023
866 727
935 15
633 727
953 206
909 955
226 771
1050 753
978 228
420 886
669 713
408 363
382 480
1000 778
820 448
1014 874
740 155
1118 574
997 245
333 965
149 132
400 854
619 977
698 554
60 831
466 776
831 293
100 19
752 58
606 1030
822 653
41 1050
199 816
609 518
301 173
226 865
261 419
107 957
262 786
264 573
311 136
835 931
349 207
736 774
714 986
529 1122
29 596
1123 824
286 679
266 885
961 738
506 893
806 822
488 13
774 534
684 240
587 422
1055 489
570 595
747 458
659 682
713 1002
338 751
667 283
209 487
155 216
234 656
127 326
287 253
974 483
702 930
210 203
1037 898
7 290
561 373
19 916
107 657
495 222
201 468
901 986
646 984
611 534
750 266
604 734
779 775
533 841
875 833
722 537
1034 372
737 379
119 139
475 127
375 720
297 425
1027 239
202 542
108 546
970 1049
796 822
1077 527
479 644
1013 388
394 374
120 829
361 290
239 509
153 1038
563 1044
480 1086
193 687
782 535
548 655
869 878
392 802
1078 682
498 333
964 860
454 297
642 904
225 675
559 660
407 152
1004 779
383 997
687 123
125 578
711 435
104 980
986 611
965 381
1029 203
415 545
238 15
800 927
318 838
255 434
182 966
755 426
633 710
775 760
1003 823
1063 169
662 159
602 390
241 170
753 175
146 771
960 334
798 438
459 813
301 54
791 274
563 140
177 331
410 848
531 254
443 259
902 612
980 700
67 894
280 938
308 645
997 1103
137 920
221 112
911 242
730 989
482 363
292 896
411 674
210 754
527 448
756 933
609 889
178 850
909 353
851 715
927 806
898 342
470 266
536 623
805 759
749 739
258 741
540 343
120 265
860 488
731 635
263 937
770 992
1066 208
346 603
298 245
736 827
762 65
168 1011
684 168
403 492
865 1007
1057 935
757 910
488 483
397 353
288 379
1044 465
432 1005
227 714
1012 784
520 273
856 903
717 343
933 450
192 940
114 356
213 177
253 283
822 634
811 491
644 128
780 579
404 939
435 284
313 424
933 427
462 518
384 533
676 183
786 544
521 868
395 905
314 965
148 839
182 818
145 1097
819 917
649 808
433 250
883 192
667 133
783 802
939 700
382 170
42 156
296 180
904 951
676 1014
731 224
505 178
18 672
778 1061
851 234
117 407
117 690
856 855
529 708
676 687
199 540
1004 662
968 796
201 296
966 141
391 118
381 223
271 168
957 428
350 851
748 124
734 825
741 922
362 184
732 799
39 230
901 1004
793 730
865 166
1035 441
331 453
74 963
649 688
644 558
927 843
461 246
519 724
710 719
298 200
433 977
855 510
992 677
784 119
452 700
512 388
744 588
670 867
759 498
147 693
831 493
515 570
335 1083
172 323
799 693
110 836
821 133
823 919
1083 911
973 323
719 302
42 403
654 547
174 307
197 190
66 766
836 782
255 92
845 414
80 529
464 992
150 73
255 549
331 1111
1112 719
683 87
233 268
110 859
1120 833
342 574
892 402
317 1103
799 151
1052 1054
949 115
0 664
532 534
458 670
789 251
666 212
799 266
460 158
738 294
1102 79
70 135
357 294
228 628
35 52
952 593
738 724
48 861
547 402
261 1006
597 602
385 1054
45 711
640 108
791 253
762 195
851 182
908 412
156 751
709 684
741 814
307 227
217 134
15 246
830 379
830 745
39 381
841 651
518 673
1059 234
602 893
489 364
902 697
886 551
470 796
343 835
812 645
969 246
537 1103
832 883
249 728
235 175
489 495
375 1046
344 725
100 780
599 807
983 548
750 768
1004 465
67 781
674 22
459 74
252 818
233 229
997 707
145 637
240 743
878 351
561 698
1030 1088
1116 652
633 964
284 470
338 466
602 171
796 946
270 844
896 829
513 63
385 320
701 558
390 748
637 801
318 136
801 306
445 386
773 144
936 408
800 358
895 1101
408 290
516 472
115 783
560 165
289 676
823 440
151 948
888 754
890 983
991 696
430 900
26 35
621 706
876 685
963 996
566 249
478 833
744 131
137 389
891 144
162 1002
536 230
925 934
204 718
968 504
988 752
191 936
644 755
150 631
845 1038
366 598
165 734
400 854
543 657
969 386
1106 647
718 506
332 561
622 541
137 775
1037 812
443 974
254 1015
310 997
818 1081
210 990
351 383
819 452
1091 211
98 883
713 813
1055 459
491 443
132 642
242 578
1063 175
634 283
517 643
722 121
992 168
999 610
387 8
959 679
931 52
829 532
212 416
147 686
115 932
67 692
799 848
617 298
942 527
248 364
791 993
99 900
97 311
279 998
651 1108
871 831
836 468
967 502
508 744
589 388
333 516
29 621
69 339
571 899
789 612
101 456
494 358
217 238
335 507
109 334
526 519
445 1062
87 120
542 576
611 819
881 469
723 134
960 400
198 371
216 257
104 859
207 912
199 561
284 689
474 859
76 853
341 429
227 675
299 679
685 487
183 617
21 917
932 478
234 770
739 152
864 205
526 920
380 321
1067 756
405 418
353 447
682 656
679 782
1096 645
1123 170
919 628
851 202
659 907
944 684
538 175
656 538
315 674
793 209
146 551
161 511
362 700
481 400
546 599
559 205
340 241
296 606
818 449
198 1007
162 320
1058 1079
492 379
854 916
322 802
137 1055
704 670
690 850
964 890
520 821
412 803
278 535
510 402
993 587
313 1037
785 440
58 699
418 528
680 338
942 313
195 872
529 522
778 559
742 579
747 994
368 791
812 156
704 691
624 809
892 484
747 489
591 524
291 368
1077 1107
662 1048
586 787
647 552
142 234
183 404
782 307
40 813
412 412
334 666
982 679
313 768
824 603
754 138
885 764
676 933
486 946
1022 535
572 348
111 997
400 594
949 149
255 786
705 685
916 891
747 965
480 957
769 390
100 973
541 291
172 446
391 697
860 465
756 1047
1026 426
1073 185
167 511
739 72
682 537
640 734
1119 52
565 708
997 316
48 920
325 900
608 1105
552 708
20 179
404 281
777 33
826 852
311 262
262 681
745 749
152 272
332 155
261 279
393 338
755 524
646 391
996 774
259 111
426 748
1041 519
502 1008
879 698
187 595
984 225
85 216
759 558
646 821
140 1003
822 574
468 851
713 278
556 536
584 667
771 836
769 825
663 251
683 192
516 173
575 610
675 260
657 323
246 945
689 282
714 164
518 17
860 801
1046 321
208 853
634 1058
650 72
226 633
526 1006
921 340
262 320
183 356
98 992
571 255
196 1094
182 391
525 832
111 761
550 563
511 118
595 958
642 545
1021 257
814 947
255 232
895 429
819 285