1102 393
772 418
478 603
987 707
252 271
874 570
745 192
229 73
857 310
439 523
291 694
221 817
812 593
756 105
845 672
467 694
137 34
756 773
838 887
85 498
316 693
947 1014
1115 943
339 738
1018 648
540 195
656 393
816 934
677 564
514 998
490 150
1051 433
497 487
1024 798
106 837
1043 918
719 482
505 850
575 842
484 41
464 251
913 838
328 877
628 177
308 357
753 876
193 398
146 717
771 962
391 327
142 563
1066 563
573 919
324 466
522 615
1018 884
514 887
732 698
217 52
1007 508
354 464
409 227
313 274
966 1072
246 107
753 739
345 153
640 21
1037 299
411 901
669 550
835 475
630 229
198 1096
260 349
662 813
438 1030
195 990
604 576
353 261
291 712
406 173
490 238
886 88
199 933
840 182
974 995
1117 535
152 44
144 280
951 441
890 164
185 1008
725 644
540 713
226 20
847 1011
902 461
833 379
857 383
287 1023
146 349
778 479
982 673
1007 1046
240 751
87 966
641 996
729 171
649 116
23 339
612 290
243 546
193 696
731 504
367 304
294 873
321 464
371 656
501 591
901 359
528 794
1039 343
428 176
753 125
549 885
829 391
477 539
1062 511
703 347
800 161
926 276
455 771
1085 211
511 464
770 954
1115 553
350 512
896 488
932 22
809 231
963 580
559 938
796 163
197 866
232 191
469 907
344 723
892 778
1071 654
941 385
65 1049
128 678
764 199
379 590
812 728
567 270
954 245
371 257
457 835
516 817
108 711
162 907
443 923
621 394
733 878
904 287
774 614
1017 100
785 635
1089 207
123 259
154 624
977 591
624 511
548 6
968 904
427 696
228 748
370 641
1061 456
1040 715
662 273
653 248
337 363
237 798
798 991
363 996
221 479
226 153
826 770
277 561
209 138
14 899
334 772
965 135
916 278
1009 414
805 448
546 1109
778 770
720 794
597 228
135 1003
389 134
900 691
123 118
352 1099
369 690
747 1071
903 332
1019 737
675 573
294 968
402 575
649 744
433 435
226 921
310 605
683 194
995 267
687 440
684 194
209 705
399 743
108 413
1038 806
350 862
356 529
152 823
325 318
1010 808
622 102
1019 449
131 808
523 527
555 618
283 860
302 590
132 630
714 609
15 713
629 1019
821 255
97 412
688 708
599 68
577 365
228 514
387 699
995 459
311 626
573 1014
1056 336
775 898
706 340
660 969
998 136
99 817
200 352
310 600
21 998
504 385
674 95
227 401
154 524
899 186
835 1093
714 859
902 478
393 548
465 3
294 231
415 251
375 50
351 565
607 306
1006 255
138 917
690 245
554 407
944 452
872 1084
811 391
690 700
902 546
329 644
614 811
470 464
412 1104
546 614
543 974
347 20
165 381
192 213
135 519
906 192
1109 833
1053 560
283 264
778 665
758 1061
751 289
902 498
177 64
148 1028
926 307
438 976
315 230
673 94
107 426
1119 432
453 944
522 501
36 285
888 896
385 194
111 1006
288 263
699 388
223 510
495 618
501 680
525 543
340 398
1066 426
145 635
644 805
705 883
365 573
972 746
552 94
158 868
954 273
125 157
239 518
529 496
1021 433
347 574
705 439
654 1014
648 1075
570 944
832 222
1005 976
879 458
824 619
376 514
804 34
717 949
523 968
817 512
934 816
998 718
860 303
708 995
78 517
259 892
617 433
730 1076
623 205
545 65
273 541
941 837
749 252
722 684
41 122
1012 508
197 500
658 411
591 1046
1023 385
63 420
867 465
1106 231
725 960
234 115
129 716
574 296
441 497
808 579
975 1056
478 401
470 194
577 311
129 636
110 160
559 537
306 186
80 236
668 441
483 568
813 1068
457 652
1068 778
186 401
527 171
46 567
381 1109
546 407
426 990
283 682
810 563
1063 869
486 303
178 73
766 143
167 916
249 412
536 176
382 148
814 490
582 830
709 793
410 536
688 37
49 852
248 334
289 1081
682 692
65 236
945 828
465 466
909 638
285 880
862 606
475 186
339 665
696 222
94 240
614 600
440 276
208 174
577 400
189 532
258 902
876 471
758 155
446 124
437 875
1114 1099
306 190
48 964
508 838
190 633
816 483
319 800
530 299
785 197
364 197
77 919
630 818
441 474
519 176
923 317
519 920
413 473
254 247
291 782
633 923
181 789
563 1049
611 728
234 180
633 529
482 794
612 964
590 473
615 1078
109 759
455 903
1015 551
527 767
449 51
157 290
638 830
918 1079
639 443
333 1001
808 533
659 187
1108 921
754 515
118 291
178 711
689 889
114 824
1021 708
754 679
523 507
769 167
851 473
903 99
1004 241
274 727
540 951
740 652
416 47
927 1089
586 696
193 896
1113 429
1047 707
750 405
149 823
836 79
542 879
576 539
450 867
962 995
154 948
26 99
759 681
304 318
938 125
866 63
233 297
1007 620
862 888
624 563
155 282
652 803
1015 771
141 658
542 701
633 493
853 154
991 158
594 282
467 461
997 830
822 329
731 729
506 445
764 158
544 360
813 501
844 595
661 939
822 457
707 660
585 47
868 448
597 340
587 777
584 448
361 983
94 455
630 407
1025 563
1100 278
755 88
946 786
1066 495
895 526
251 774
164 357
11 175
311 575
802 233
258 526
689 144
685 142
86 279
576 157
1038 369
501 720
655 189
1045 1082
727 768
929 85
504 979
292 771
1109 373
493 333
492 486
372 784
1021 660
110 611
426 705
194 692
296 927
532 774
982 318
383 1009
291 584
672 711
290 94
112 292
752 533
557 773
117 853
353 759
636 875
511 547
931 279
815 497
791 586
55 973
430 148
978 65
591 271
645 387
699 376
31 718
981 202
116 411
931 605
575 957
878 433
249 847
483 542
484 853
195 48
357 467
585 487
989 725
273 867
601 708
272 713
401 157
1066 927
213 555
508 167
296 455
571 233
357 379
672 163
487 815
148 381
679 910
846 512
1120 976
459 588
1089 159
958 1017
507 856
361 879
825 167
395 984
607 285
763 1050
793 969
564 936
858 1075
146 213
260 357
697 884
971 1117
324 395
294 902
567 175
901 950
345 611
785 756
824 859
798 923
982 613
96 418
909 249
683 893
645 751
479 915
545 254
513 868
587 428
943 960
833 148
229 615
529 675
637 888
275 917
444 309
452 787
931 621
497 277
250 143
406 868
305 827
0 661
431 971
698 500
1033 758
679 807
256 10
1003 599
492 768
708 113
1093 499
46 261
915 402
170 898
440 336
363 571
427 55
749 736
503 123
1016 308
535 591
901 258
437 377
174 934
553 909
887 726
238 895
770 982
577 1055
767 572
773 936
397 392
556 752
196 136
419 701
933 967
835 532
462 1005
975 244
498 772
421 616
144 875
832 930
993 188
300 464
56 265
848 550
389 401
613 633
110 294
378 602
809 96
434 845
712 285
787 610
191 952
895 865
163 730
706 496
564 868
869 816
249 960
227 965
1017 789
54 821
189 655
330 118
900 1029
787 961
958 965
601 885
973 715
114 887
504 458
765 1110
465 791
364 462
242 488
946 844
1043 321
1102 402
878 495
84 1085
22 694
455 953
856 642
209 545
116 26
445 53
555 66
888 392
394 534
848 1012
523 125
67 728
185 60
712 217
1101 762
129 500
423 103
953 914
486 24
438 633
460 461
615 4
1021 202
956 127
158 893
145 1119
932 837
1108 502
917 587
933 503
931 682
1084 357
1031 311
654 361
848 275
1008 101
77 374
377 1096
84 77
899 547
108 256
577 764
613 926
546 617
526 510
116 628
658 982
140 534
782 621
373 678
963 550
52 898
287 264
133 626
566 430
446 861
294 749
623 820
254 596
468 189
779 761
784 179
720 360
760 274
37 88
336 477
417 110
733 149
315 886
756 482
813 1017
637 323
243 352
120 110
344 107
1109 439
662 356
808 1018
823 40
235 799
386 1025
136 244
127 326
722 683
823 925
567 514
791 438
276 703
1035 14
1121 973
781 430
21 649
182 359
452 1082
821 251
9 580
966 548
293 213
730 630
880 202
1085 390
855 314
550 906
282 410
470 613
67 905
274 284
1075 2
115 1006
1003 760
876 444
569 75
954 440
305 7
112 971
735 599
659 375
519 784
224 289
648 569
868 698
506 693
336 571
1046 11
725 724
191 920
78 273
103 380
1005 920
399 956
735 200
850 958
307 228
334 660
764 543
1064 757
221 52
390 909
897 1030
507 452
772 142
763 353
898 402
1114 479
694 276
110 839
877 971
907 529
483 42
235 389
606 495
464 198
689 1007
889 38
703 581
53 874
937 128
501 833
168 538
922 249
383 821
210 17
868 838
602 398
621 722
90 300
26 535
571 725
112 827
720 854
769 340
494 777
138 279
155 142
680 588
943 375
295 829
1093 950
10 175
370 280
168 664
258 1017
1068 416
621 746
227 585
285 864
1114 1064
267 511
240 939
653 431
566 341
543 1020
21 247
1004 767
1077 398
182 412
284 143
248 75
148 306
589 300
936 184
96 940
464 647
1098 268
132 58
264 780
202 986
855 147
499 395
817 873
136 550
211 547
241 373
173 874
570 564
872 417
256 955
809 744
622 776
382 192
940 1019
954 270
120 5
761 451
40 544
569 967
751 387
486 1071
687 113
810 421
834 111
229 118
340 256
631 684
560 300
337 780
561 700
131 975
580 971