479 184
183 1005
312 716
810 661
131 873
158 616
8 640
73 681
141 215
727 516
411 474
583 8
1023 1109
812 341
720 195
847 704
471 231
258 979
470 797
875 417
850 426
1009 775
165 953
664 113
961 969
216 599
1023 226
527 193
188 653
311 1001
585 591
769 132
964 919
812 93
230 0
296 844
881 839
423 389
583 178
896 635
91 1073
885 232
102 734
19 1117
233 904
104 283
406 1084
1049 525
943 1073
1117 508
713 762
253 1092
1038 701
405 959
407 980
646 558
181 757
540 223
313 162
431 678
367 519
358 743
761 697
1019 37
509 26
125 440
874 865
350 812
946 1073
212 680
1050 901
850 243
88 256
119 1111
234 688
719 816
201 447
856 517
805 634
924 688
149 895
172 1043
208 411
1115 460
927 679
348 369
603 559
613 303
153 166
341 414
136 469
663 388
800 375
72 639
195 282
662 8
966 387
274 596
130 497
476 921
558 361
885 611
258 727
165 333
920 595
734 234
660 331
188 732
766 684
445 421
431 251
979 725
1103 851
840 1102
526 555
366 541
144 637
568 284
522 524
120 404
1106 974
905 469
363 168
24 711
744 106
63 960
918 857
101 302
1 946
284 603
307 965
103 688
804 166
667 601
732 15
1032 715
601 1021
704 33
886 495
24 748
775 847
854 589
896 155
970 892
606 747
463 45
992 424
948 795
539 385
215 1069
33 552
63 411
863 1018
1074 726
825 137
5 245
772 1116
106 27
630 631
653 648
333 998
26 715
636 530
510 298
725 449
69 254
832 70
928 683
844 507
135 917
109 866
805 225
1094 375
483 299
384 602
245 441
829 8
92 310
812 789
199 107
647 347
891 993
630 519
483 677
605 763
295 424
744 851
862 775
778 337
105 144
421 460
872 934
207 925
860 701
729 292
841 800
857 856
67 914
534 542
1119 559
530 976
307 1070
841 596
478 751
931 675
228 658
1006 687
473 390
302 427
1004 105
908 496
423 782
583 954
100 442
330 296
462 498
892 1041
17 964
258 684
363 395
740 445
284 682
988 1100
228 598
191 283
187 892
458 280
1076 466
254 773
918 854
129 216
135 1045
557 888
594 875
1100 665
332 314
438 159
857 431
932 931
881 105
113 212
240 318
1058 826
1082 789
865 540
224 568
134 714
578 738
524 637
247 555
126 675
429 386
981 671
996 1000
167 131
304 1096
613 958
989 317
1046 733
768 359
541 831
684 393
970 144
99 992
376 631
870 946
949 802
237 439
542 1054
515 212
788 565
69 846
326 1027
745 701
303 456
2 951
533 638
513 859
342 557
382 87
112 382
1104 675
754 654
602 470
282 773
768 123
641 281
924 368
506 710
628 842
884 260
256 15
759 838
1031 758
1073 495
988 781
389 123
94 593
691 368
315 359
90 315
673 84
359 414
914 822
876 821
742 739
754 793
162 829
925 507
710 204
826 658
451 653
552 772
247 1080
351 190
216 540
841 111
176 691
425 781
317 90
611 372
487 380
362 623
12 713
752 603
167 775
940 553
1008 734
660 500
570 134
872 593
821 378
598 821
244 787
1102 294
922 627
102 430
736 820
329 879
758 973
332 759
384 98
752 59
740 168
593 576
913 241
110 534
871 717
332 848
404 202
741 248
182 519
800 616
79 338
118 980
952 231
216 957
266 829
346 1063
1081 146
212 1009
467 454
726 113
484 153
924 332
698 594
227 350
659 305
946 683
277 425
411 264
638 448
591 143
445 243
913 863
613 39
476 641
848 591
423 472
1121 753
869 167
365 516
227 705
1095 151
1035 352
1123 182
217 114
497 1002
518 684
50 759
668 839
54 362
232 724
719 184
600 164
1026 413
109 616
949 1002
871 309
712 612
339 366
847 962
543 358
83 335
492 509
879 402
666 583
834 840
265 326
306 1033
770 835
436 377
467 905
954 602
374 361
652 1083
365 988
835 1086
468 468
990 853
163 306
302 203
754 712
772 421
702 926
560 307
385 284
597 249
766 723
164 295
1048 228
630 841
451 310
309 773
541 519
104 963
100 984
965 897
994 628
635 364
166 177
306 233
1031 114
499 1068
555 154
571 713
29 584
718 579
991 704
335 1036
673 869
255 549
1029 563
254 421
112 397
657 835
488 891
518 582
144 856
913 186
429 194
71 904
222 688
223 290
326 323
935 816
461 855
1097 264
432 352
528 1023
273 348
341 690
841 451
621 620
175 943
834 708
174 183
656 221
332 1106
523 956
1121 839
423 384
1032 495
428 473
86 330
194 290
1047 80
623 835
177 958
391 1123
819 231
900 607
669 974
351 324
263 558
125 765
27 213
910 1028
213 149
479 544
738 470
734 76
981 203
991 989
733 984
325 908
975 598
254 788
410 643
154 533
515 531
125 538
439 20
684 384
194 1063
742 544
749 750
555 271
904 1042
653 296
334 359
253 932
654 885
932 413
22 478
875 446
745 669
596 956
643 492
241 765
1078 941
169 156
674 121
113 147
941 629
157 620
787 131
960 190
616 934
529 457
305 218
440 162
335 128
420 651
192 838
381 421
918 750
231 1017
499 607
888 683
417 408
124 111
173 100
87 828
655 594
627 320
602 574
491 568
660 810
162 223
189 906
528 670
171 990
586 756
968 137
264 383
663 995
100 286
43 947
393 269
788 735
18 98
156 1121
266 857
686 945
426 591
442 30
658 784
316 996
290 310
920 734
57 822
793 959
554 602
352 839
149 108
887 183
564 711
424 1058
543 1036
429 636
425 773
199 300
35 482
436 509
417 614
765 326
788 143
172 915
479 274
614 8
221 750
199 167
1022 366
349 875
817 41
528 294
961 678
231 474
747 545
636 1031
420 855
222 499
703 998
46 299
117 937
708 735
144 64
791 486
292 295
577 267
455 389
1038 126
868 813
933 83
315 337
22 139
555 1076
280 497
563 153
168 196
54 906
1041 644
470 152
960 178
130 548
627 890
267 25
589 134
724 354
105 1117
593 155
721 879
50 1057
888 3
313 539
492 753
872 347
472 620
495 798
715 287
389 900
100 386
228 700
809 114
603 554
215 767
599 490
207 904
462 413
647 242
871 690
163 695
105 453
834 516
298 762
77 103
883 205
861 511
250 420
17 862
576 527
122 229
1059 29
442 924
481 761
743 1011
151 105
830 636
120 367
704 303
122 519
531 416
406 570
1095 485
117 280
551 408
910 426
856 177
231 676
891 158
805 994
209 14
655 27
221 170
720 162
241 8
676 851
595 774
820 474
967 1019
1085 599
1118 788
1063 928
894 1041
129 649
315 747
796 1018
757 93
793 1009
239 936
71 295
253 1112
489 544
870 683
339 341
584 126
250 361
351 769
502 683
173 169
107 588
256 781
432 1089
495 0
1019 531
404 479
748 868
935 307
681 375
607 973
517 716
177 769
629 736
197 219
323 917
436 291
420 281
210 383
928 136
164 734
767 436
829 438
691 451
215 340
972 196
205 895
456 596
649 589
500 350
351 265
274 657
86 549
316 917
698 1002
915 901
243 224
732 389
778 88
484 424
844 643
595 747
177 89
551 688
346 439
704 18
53 1011
275 76
635 858
802 112
192 588
47 425
935 118
602 538
618 997
711 832
856 310
420 755
154 162
618 390
341 584
290 531
590 514
874 1002
910 103
896 392
205 524
811 1106
133 534
337 412
382 655
184 337
226 711
113 170
635 1011
473 645
771 1010
864 606
178 490
771 710
183 503
741 463
838 146
459 1115
613 657
393 678
171 343
760 675
393 334
864 581
781 387
1080 1001
993 658
324 1004
106 300
510 1015
539 303
897 546
1012 839
1015 644
119 615
202 513
304 389
621 285
703 771
131 352
296 886
759 377
684 816
660 709
638 792
1064 548
516 23
53 210
224 914
795 731
284 689
220 619
533 422
232 678
189 219
512 60
277 307
698 689
193 1120
474 698
1013 757
451 104
505 507
119 675
943 731
527 976
458 1079
343 1014
609 322
530 43
779 945
721 480
972 391
713 734
681 862
669 207
338 625
1 1046
865 351
112 930
912 854
928 366
168 743
660 618
284 952
885 528
306 797
277 701
231 177
368 132
235 306
229 465
712 788
580 298
1064 332
440 463
195 1032
628 1
747 675
969 186
505 61
23 957
698 6
916 389
873 824
207 950
1040 784
282 510
768 641
570 474
373 171
440 662
919 584
560 274
980 170
543 270
204 748
170 410
856 197
30 712
205 116
399 674
746 915
227 195
560 82
129 705
236 546
230 799
1070 527
141 187
434 526
543 931
807 886
396 274
601 496
587 462
809 503
926 1003
802 447
554 584
567 1085
3 515
118 891
708 815
307 947
481 196
955 516
415 982
1040 641
712 777
850 370
1091 1015
72 506
230 677
553 889
343 143
428 943
303 1065
129 254
24 1046
174 1071
230 729
968 1021
617 944
360 628
309 362
460 175
894 564
96 708
289 601
1054 370
560 560
956 48
429 494
942 691
428 725
357 727
242 8
193 472
580 420
435 346
13 538
161 675
868 446
972 276
805 986
936 316
126 1023
368 463
24 118
808 31
1103 501
805 424
627 275
190 409
759 1122
785 693
295 229
354 900
141 299
414 369
949 811
239 277
1033 179
1097 897
614 667
118 910
472 671
560 757
419 519
694 963
588 778
499 974
699 145