806 741
1033 926
178 152
483 667
878 420
836 164
928 350
120 801
980 873
1091 16
200 730
634 836
260 358
176 338
424 313
579 125
270 386
247 627
329 138
1023 450
668 878
42 523
76 213
644 801
996 176
918 911
224 1016
479 944
581 223
892 884
786 714
521 606
936 189
1009 95
357 745
1087 396
871 984
238 311
125 12
430 764
489 216
320 945
934 232
256 555
610 893
985 810
333 568
669 128
999 765
957 571
900 706
311 1096
502 426
278 38
924 100
575 670
874 488
361 232
323 645
621 836
305 459
47 668
393 917
231 428
666 922
461 535
527 894
207 751
948 257
268 736
355 409
125 717
496 554
129 153
412 68
826 676
275 535
758 1009
154 251
812 808
149 892
240 806
888 132
803 331
1094 401
759 283
897 831
177 881
770 422
937 559
88 364
175 553
56 869
326 339
403 926
34 925
914 907
77 518
348 984
679 48
811 168
990 881
471 55
512 737
519 164
223 8
678 388
168 431
511 694
392 221
754 928
879 1073
133 176
718 745
548 271
1087 807
235 46
331 143
788 222
1052 966
748 235
1076 534
872 1003
37 764
287 212
1106 558
690 814
185 303
393 978
666 365
211 868
279 611
525 709
613 157
537 308
995 1078
212 290
256 353
775 520
35 1054
959 885
157 846
370 358
206 798
1014 473
921 337
786 863
400 359
868 41
788 606
662 110
59 157
423 498
564 363
908 324
488 417
346 415
290 622
569 1017
880 678
852 942
779 413
620 309
592 384
195 102
768 553
618 423
854 449
50 262
494 892
508 848
701 882
416 1006
567 472
16 623
277 111
189 903
400 1013
824 1020
397 396
796 601
337 1014
556 303
731 777
821 256
296 226
68 181
1003 793
106 809
870 851
296 459
600 289
116 526
920 243
382 495
929 714
783 580
975 974
777 902
170 253
642 109
1033 513
393 199
696 600
160 1022
470 359
780 248
645 355
609 795
891 958
325 1000
310 457
224 309
130 616
612 564
938 120
470 596
160 837
822 385
442 500
160 824
62 199
428 1113
736 255
209 917
713 236
776 622
94 894
345 928
115 792
54 553
781 286
4 411
623 496
686 311
596 464
655 164
360 923
1073 97
785 443
748 405
75 862
376 531
407 580
237 225
680 89
816 837
122 489
458 301
413 842
828 741
434 1067
1066 842
411 1034
836 366
580 543
259 624
711 642
678 288
620 421
36 512
810 641
561 785
109 930
248 399
898 736
294 341
635 173
196 462
159 1085
800 201
977 117
679 787
262 418
739 524
1121 601
901 528
514 677
16 109
763 574
847 202
390 1017
953 1059
501 326
334 307
444 604
302 578
112 964
137 481
465 829
984 534
358 41
110 463
566 841
315 86
806 361
415 679
1033 1054
438 183
599 110
360 253
442 143
705 757
69 659
804 199
1006 803
1123 212
867 42
231 221
464 954
697 288
311 760
679 109
1083 594
202 122
889 180
1100 649
737 723
172 979
932 395
397 633
383 156
131 720
888 671
270 233
982 821
205 365
374 131
568 293
364 989
796 211
147 449
171 714
585 262
502 101
842 340
1105 496
955 457
200 992
913 277
649 686
18 937
720 152
44 1090
83 853
348 720
789 810
125 828
357 653
842 452
424 556
949 117
614 1044
929 838
422 765
210 384
727 378
171 503
889 610
195 607
771 583
491 134
408 231
516 422
41 211
940 321
714 979
463 504
869 925
1019 787
1108 176
491 317
639 821
584 882
149 84
537 930
973 194
386 116
629 883
974 544
338 125
312 900
953 512
550 35
658 1029
952 1081
221 714
197 980
522 456
979 98
813 1051
480 288
1118 431
351 794
1069 1077
384 728
33 371
436 1057
690 576
368 383
983 560
296 871
838 334
250 407
512 883
115 581
73 302
450 787
540 1078
547 128
616 641
211 342
799 923
746 831
50 27
1031 979
637 634
907 1105
424 933
803 140
744 275
688 487
234 870
121 581
560 1117
319 465
470 72
1033 285
212 735
528 944
834 340
505 490
541 682
385 787
479 310
61 804
331 309
914 882
1092 1062
671 538
828 45
386 1076
470 466
780 497
967 911
816 925
745 629
1053 457
431 998
378 269
1003 361
238 296
432 981
289 780
256 245
939 812
273 272
427 208
531 136
538 372
678 89
176 867
560 579
427 952
439 552
462 853
1118 108
616 46
618 212
806 222
634 949
309 35
689 170
484 206
247 615
145 367
905 607
362 544
393 528
123 96
542 599
525 423
565 855
658 566
77 417
199 272
1050 943
473 213
516 327
1028 342
872 450
951 856
461 617
533 721
957 346
709 105
2 347
184 367
624 993
843 785
458 887
1069 1060
1042 995
963 94
756 173
370 912
879 448
610 576
677 877
553 328
19 556
865 123
610 1053
581 913
887 173
33 183
511 356
449 1070
455 544
215 244
970 357
616 164
788 682
481 230
622 116
878 761
1010 459
891 509
207 274
541 673
526 292
91 600
105 682
873 372
575 431
137 797
206 181
645 502
576 904
540 355
347 215
92 554
773 521
1019 184
840 120
473 454
988 173
833 412
1030 292
110 240
642 317
1013 84
834 903
1081 1016
342 726
211 471
996 350
171 58
945 1025
101 885
460 560
927 476
447 689
27 1067
615 864
409 798
128 575
515 191
888 194
852 137
3 617
674 490
1003 663
675 817
309 677
453 217
272 855
745 325
952 662
561 613
247 603
465 593
652 286
868 1016
783 847
382 148
688 444
509 324
1017 717
1036 896
664 379
376 911
157 436
798 572
599 967
391 993
859 795
381 519
265 577
954 710
564 532
544 766
670 824
244 909
988 261
510 880
740 772
560 607
557 860
621 597
1037 782
817 416
274 789
551 727
548 835
115 127
1098 667
440 724
798 667
879 406
585 137
737 352
286 244
575 270
689 11
896 371
643 171
171 330
676 166
86 879
320 244
617 79
322 235
111 288
786 331
251 907
411 863
846 854
762 230
331 549
1096 392
998 515
630 293
130 1102
258 212
242 1010
977 326
338 874
602 206
414 674
545 179
154 144
185 73
571 889
898 875
34 175
537 840
719 193
359 398
508 358
961 948
803 151
319 408
80 602
800 840
683 358
439 547
769 621
768 1040
529 991
165 904
646 881
1001 935
795 194
613 74
191 89
1010 266
881 689
773 1064
941 1095
189 261
592 659
574 836
397 751
664 489
25 718
782 933
237 563
415 108
842 358
497 1093
765 62
531 864
740 702
441 640
944 506
979 555
235 851
471 318
572 920
954 220
746 653
655 555
414 639
890 620
196 75
1001 381
276 598
738 380
676 784
194 833
160 25
49 192
838 204
367 398
396 562
828 4
1019 198
229 386
1109 796
762 675
681 176
692 831
494 73
645 745
793 804
635 435
459 157
730 81
551 1063
780 413
195 552
840 1063
726 437
396 1040
914 145
302 728
249 414
983 655
433 959
550 364
203 590
275 440
144 558
727 163
384 652
820 157
407 862
719 894
482 738
99 674
1009 358
150 625
197 644
907 516
272 646
310 399
66 356
1003 62
983 834
175 381
232 160
212 192
919 924
188 270
183 599
1052 825
954 997
323 375
803 579
295 48
486 466
469 25
359 176
563 384
848 900
1038 233
455 497
1108 218
683 727
2 243
796 825
192 798
309 405
903 323
572 367
712 652
673 295
626 826
672 942
586 487
287 203
345 688
661 451
599 594
595 226
388 1012
347 690
86 545
406 958
1019 589
241 818
609 634
996 465
343 195
407 615
1120 474
1073 16
698 1014
890 418
135 656
75 954
982 382
171 714
1093 350
557 294
406 154
497 690
409 866
227 1108
878 308
114 594
752 449
676 264
980 358
582 397
204 765
487 762
1062 350
772 307
376 521
846 1112
406 1063
867 792
125 173
250 251
603 739
155 583
162 914
1093 606
1045 712
697 981
402 256
887 1025
471 279
559 53
277 575
438 28
378 712
641 126
373 450
533 357
392 729
1017 592
1067 1082
345 424
1122 674
499 319
25 513
815 576
227 373
1010 1112
131 563
483 215
544 133
1097 712
1028 522
892 280
478 271
595 66
364 321
562 831
614 62
228 469
946 873
599 515
607 838
806 356
396 257
191 244
689 1018
901 316
357 1008
372 40
994 820
755 498
378 266
202 459
837 869
293 536
318 671
427 216
1018 401
595 588
289 478
684 697
639 1115
764 202
415 463
79 465
31 490
800 343
958 731
1079 1012
230 667
28 983
103 267
1048 769
1083 505
674 312
684 229
984 240
281 433
126 261
233 30
390 413
893 749
738 852
530 677
503 97
119 1067
579 1051
888 21
628 267
485 387
585 1104
958 455
297 62
640 548
931 277
207 830
1038 260
823 585
1057 213
171 314
240 107
1081 284
792 963
1077 731
268 1082
722 689
530 443
86 13
805 589
323 894
859 36
934 665
841 975
364 219
837 474
754 772
1112 506
250 630
869 1090
872 762
381 25
561 482
67 930
154 373
471 614
611 740
622 345
936 407
641 596
141 940
758 494
928 477
394 454
127 738
728 1013
793 1008
270 750
572 766
246 610
627 179
411 399
880 1104
284 987
584 926
252 820
869 1102
28 1109
102 468
878 488
915 1032
387 337
1004 803
262 835
407 494
642 281
649 612
549 402
411 792
1118 723
548 24
516 414
484 255
639 416
291 939
308 692