901 547
319 777
710 342
191 850
272 646
397 690
377 704
599 772
825 114
222 768
920 718
222 713
604 920
100 793
78 484
564 61
871 929
1123 527
754 314
423 968
697 317
965 502
890 347
727 742
236 529
775 612
1059 167
175 1050
565 727
826 751
453 660
826 345
269 686
299 986
858 700
207 280
625 317
971 494
363 306
861 934
900 611
1015 127
520 245
192 1020
347 929
49 446
967 685
1050 228
714 445
229 1031
385 236
31 867
349 547
293 949
427 513
509 219
842 589
574 481
534 290
601 932
693 1031
113 933
507 101
396 331
133 1085
186 99
117 816
915 1112
933 1009
124 640
106 566
1119 683
34 697
220 1098
782 993
430 66
634 319
978 682
714 698
1000 369
843 527
347 803
456 882
835 394
863 1013
249 370
547 1074
164 416
632 525
1017 518
157 98
335 630
650 955
524 84
922 311
743 320
579 80
239 483
803 397
139 508
368 937
867 826
382 382
150 1122
367 660
1005 151
812 751
592 771
698 866
1095 569
245 930
875 159
1010 982
565 228
548 119
1043 355
289 509
641 112
982 296
126 330
885 1045
544 1041
1020 165
429 684
306 1052
1035 510
716 328
285 633
626 393
919 411
458 275
751 524
912 593
285 202
794 548
897 207
912 918
74 463
476 322
402 383
744 905
176 492
703 434
574 433
824 643
956 866
934 975
407 416
931 315
126 492
81 609
337 344
840 544
660 449
658 557
611 455
705 107
1023 417
445 285
392 564
529 792
524 924
361 259
960 512
387 125
652 1022
574 795
716 876
518 668
1004 717
37 206
437 269
694 582
142 474
103 63
81 999
1106 196
806 401
188 806
140 961
196 933
943 141
149 185
349 872
366 432
756 539
157 632
2 875
933 190
438 191
172 436
936 1042
822 333
652 175
796 156
836 357
631 941
751 913
509 932
935 575
873 294
298 1078
774 286
248 1024
804 976
576 119
823 302
0 127
704 283
773 1022
796 1105
817 149
805 862
212 354
365 67
540 811
613 838
856 543
385 434
109 125
354 464
227 1110
175 910
931 566
729 53
258 991
662 798
921 759
853 781
230 196
510 907
611 707
417 536
580 287
953 146
411 983
231 872
790 719
81 539
216 187
862 646
729 910
401 448
966 282
912 155
685 476
601 61
1052 482
812 801
696 1096
24 218
164 919
1082 957
883 146
27 548
635 474
592 469
691 928
1046 559
767 1011
179 496
689 282
147 105
559 1068
45 684
379 244
774 841
478 448
894 77
833 970
158 205
204 91
63 87
840 758
922 760
143 477
699 220
1018 470
167 854
524 155
711 130
925 532
424 327
772 1046
108 490
1016 670
1006 126
903 836
284 424
729 300
810 478
948 610
614 472
657 11
1014 805
347 1016
202 903
269 399
934 1082
1026 421
949 1096
863 234
693 707
244 285
418 798
52 885
603 500
389 211
901 84
572 654
687 646
824 297
183 679
877 139
107 396
431 889
882 666
832 717
343 153
859 431
166 946
242 111
552 156
1018 302
1005 566
229 91
366 627
279 775
280 425
740 50
1120 677
345 796
652 767
754 708
884 468
208 963
967 458
260 588
963 452
935 762
133 360
242 326
922 321
732 649
886 851
522 173
902 150
423 303
729 848
909 290
1021 505
228 1022
1029 367
817 252
827 836
528 1004
1034 978
365 710
750 402
435 600
345 429
1072 540
1070 456
957 96
914 844
730 397
401 844
829 779
751 891
576 967
866 531
961 390
985 307
541 829
959 404
825 829
1030 1027
540 687
1017 783
264 566
927 388
799 1051
951 788
1116 401
695 228
251 173
481 276
1078 924
805 355
297 725
508 962
608 606
460 217
151 141
274 229
706 653
952 559
1045 646
333 351
478 1079
838 432
225 460
900 693
391 502
258 643
699 601
684 132
210 884
874 568
801 220
223 501
564 162
52 84
36 312
346 438
521 934
90 395
106 470
690 334
145 433
599 960
986 520
728 67
365 295
689 521
603 232
845 198
166 1054
1022 525
325 750
433 858
51 135
324 204
1014 488
606 342
702 255
746 815
654 334
353 787
927 542
353 1010
819 368
126 544
865 498
682 1058
270 954
485 534
895 800
493 89
589 438
408 278
435 938
477 652
255 85
445 419
943 259
167 159
787 5
28 1034
939 491
408 458
489 5
671 368
344 58
242 284
567 526
241 582
801 198
659 736
597 835
657 378
800 971
428 690
753 427
16 611
986 917
1017 630
860 737
730 309
764 189
710 1021
636 397
1091 802
239 988
311 932
600 577
763 314
164 801
723 696
759 559
197 659
572 156
1069 524
225 779
181 237
830 336
675 467
108 857
919 643
124 447
603 928
784 146
611 510
482 1116
517 120
828 1041
989 364
519 338
169 205
783 151
824 1047
46 668
16 326
159 520
757 343
626 626
145 50
390 269
706 508
22 547
877 761
591 125
130 533
130 822
1020 411
830 1099
244 104
960 200
661 398
317 840
612 769
388 234
728 484
192 299
47 52
660 336
52 66
690 536
189 98
360 107
39 355
181 540
596 63
60 511
713 916
703 78
827 849
681 948
236 380
615 504
530 898
772 906
957 318
1028 111
724 603
507 542
325 951
830 997
253 517
1002 358
266 462
643 65
408 332
763 274
756 813
740 312
836 1032
1030 584
691 402
1077 201
562 1095
278 470
1099 597
976 176
110 36
274 37
10 102
59 349
363 830
277 225
410 446
573 637
763 922
294 993
1020 775
173 687
832 591
1 23
866 984
803 452
942 259
508 741
943 292
1013 837
95 614
803 660
592 709
764 234
391 672
745 1089
261 231
100 33
545 795
4 942
964 262
143 361
1008 199
581 590
826 990
475 319
638 842
109 498
307 842
135 167
1005 502
225 47
271 535
922 275
704 253
615 140
326 398
300 584
519 511
55 583
635 654
979 876
223 510
59 658
694 993
520 475
823 170
1035 912
873 322
791 352
804 349
114 144
528 572
883 519
668 50
427 443
908 765
159 618
905 202
469 1020
1015 589
390 501
487 125
116 749
1108 877
932 283
212 419
729 189
126 475
922 751
875 192
910 782
502 606
1118 568
645 1002
896 874
988 794
520 1009
1073 356
542 609
543 417
335 455
188 1037
813 863
445 862
378 158
475 731
154 938
321 799
0 780
474 141
910 164
548 966
920 989
188 968
543 800
1005 711
777 688
641 899
768 511
560 685
172 284
449 708
549 503
244 548
981 14
867 539
572 64
929 945
573 480
446 1040
1009 421
360 454
883 661
43 1005
923 183
517 133
374 667
686 451
337 349
742 727
261 102
433 21
983 190
38 195
479 863
786 344
638 150
629 421
691 106
197 402
583 335
182 587
674 866
939 967
600 964
949 975
120 495
579 527
933 366
156 843
230 207
864 769
565 668
386 240
411 266
627 528
318 883
300 2
742 315
149 110
957 947
465 276
598 266
847 593
908 771
446 509
794 522
1021 1107
190 607
819 970
465 968
221 740
750 712
989 1015
956 738
169 619
948 756
631 654
135 244
814 407
186 769
949 501
4 509
420 1084
441 647
365 414
703 615
621 375
558 276
354 301
955 107
335 603
133 492
301 630
563 211
755 107
281 1083
852 693
714 139
374 1042
13 235
385 565
996 528
910 251
821 974
164 752
570 157
848 497
120 775
380 740
578 669
1069 862
648 632
389 548
21 262
124 207
300 677
1069 338
288 110
354 375
873 126
894 836
883 447
1011 396
469 937
747 302
733 274
399 788
658 982
363 554
941 176
259 290
702 1114
833 676
163 1090
914 64
689 637
25 630
93 252
159 629
216 318
258 575
1002 963
914 1081
701 33
242 342
347 23
872 813
989 54
126 269
389 726
363 60
141 917
552 434
1040 142
745 123
769 553
665 123
939 502
575 843
248 349
258 675
709 564
787 708
510 989
1042 663
302 566
429 254
697 570
430 1
100 383
888 159
364 726
186 541
390 602
651 343
935 253
150 216
533 1118
29 1103
713 123
804 204
862 104
554 1092
637 1013
1081 827
785 471
883 108
609 684
653 238
749 1015
437 417
530 527
237 587
178 733
125 1079
542 179
438 977
485 660
160 630
1101 800
612 801
143 316
378 422
437 276
581 482
902 764
655 1023
197 573
654 5
131 1097
576 438
746 178
794 976
555 549
893 400
1005 442
413 580
118 963
380 923
886 627
192 614
443 394
704 5
353 678
514 376
338 416
489 187
371 1052
944 848
528 604
810 999
405 874
264 216
527 308
281 112
846 308
275 92
51 680
679 880
140 648
603 769
614 345
529 442
959 541
352 89
324 130
714 416
797 611
470 976
976 981
152 654
315 926
710 609
638 742
501 888
667 501
748 1122
263 386
489 899
224 857
471 563
304 549
200 774
446 153
754 907
594 132
353 639
551 120
309 573
460 5
549 747
458 183
743 898
317 733
427 432
596 507
572 103
586 394
586 543
282 222
950 650
158 864
775 709
800 107
111 916
765 269
831 842
706 162
172 585
240 766
1022 170
678 250
117 477
20 985
251 948
283 730
586 851
106 655
563 169
668 30
885 801
457 749
312 41
817 319
308 672
136 555
472 965
541 220
489 252
852 570
324 1036
203 564
233 328
896 870
779 1016
738 59
507 891
496 600
540 682
257 321
704 622
973 419
1109 674
799 588