931 876
851 471
582 611
970 302
606 241
980 333
159 404
444 739
106 715
273 73
127 540
753 523
371 89
650 1021
311 1021
26 104
783 786
709 840
152 614
1080 948
893 551
971 348
928 787
891 187
1044 189
937 949
547 257
358 703
484 887
241 1113
139 138
921 51
764 361
822 953
42 778
346 664
840 566
739 462
597 766
780 868
1048 116
293 559
805 615
991 886
873 796
76 913
974 1012
398 676
631 1017
615 840
356 513
508 756
540 490
805 205
839 165
696 422
876 729
1100 734
802 549
969 545
557 968
1061 869
439 511
358 609
681 652
566 831
937 916
482 870
544 529
439 127
424 912
197 456
427 210
302 799
131 892
510 30
416 586
131 987
20 157
1087 531
180 487
596 1002
835 608
244 920
1039 923
930 781
130 509
937 723
537 841
738 1106
587 123
23 813
587 285
462 262
934 1080
259 97
614 436
658 559
889 237
627 281
1086 743
847 490
730 160
562 847
111 437
914 448
547 736
908 863
865 686
1006 968
1057 311
1060 516
324 474
46 505
439 493
569 800
214 336
532 839
721 533
1034 996
54 335
309 234
904 278
850 556
361 232
523 272
1064 182
448 885
820 578
482 394
866 1012
400 820
944 212
555 505
801 813
624 59
355 686
819 670
763 647
715 772
235 432
845 693
195 533
190 394
291 593
980 556
643 446
446 753
1021 452
506 1062
8 1070
587 1016
707 474
508 550
140 374
321 911
625 752
28 815
761 158
434 203
56 884
1118 614
289 426
1081 29
1053 214
843 1015
143 896
737 649
894 684
689 161
1036 184
506 142
641 655
928 710
979 831
915 19
982 847
238 516
679 723
451 1063
575 188
837 916
957 905
745 369
87 795
184 831
406 995
1088 606
1017 751
737 312
990 895
87 471
716 140
590 527
121 675
42 793
452 20
815 537
1062 691
775 825
310 814
746 123
159 178
350 458
726 677
104 653
759 813
421 207
475 977
325 6
574 685
137 64
1121 953
371 721
987 40
527 554
1001 144
880 426
52 442
372 983
470 697
859 214
971 61
1117 531
722 201
667 476
740 97
212 527
229 1000
216 630
848 1032
585 270
917 264
128 761
490 438
237 952
714 1086
675 503
867 1036
872 254
564 1114
792 306
910 244
78 45
471 140
646 797
397 771
509 712
847 572
387 94
188 287
623 309
604 761
745 536
961 909
920 901
489 139
476 846
996 131
305 664
448 394
709 130
400 702
424 453
420 53
650 258
988 770
813 523
510 373
595 646
766 284
230 481
862 102
167 130
977 85
352 235
546 716
397 398
638 417
244 203
521 411
276 1118
857 712
131 973
462 175
715 639
273 173
106 697
468 402
865 717
958 1000
495 645
880 834
502 1097
759 533
314 289
100 1080
768 916
1029 984
606 578
572 432
440 495
519 413
801 581
600 760
1074 441
847 420
987 782
147 610
521 996
130 388
199 367
257 178
896 494
905 410
992 200
105 490
322 256
745 429
1009 640
531 895
514 624
685 327
482 854
64 382
748 691
1021 333
129 607
778 833
875 792
1091 626
190 43
964 954
144 984
190 208
656 398
1062 527
178 536
992 1080
33 907
600 125
920 51
793 226
250 438
974 764
233 840
996 49
496 367
728 41
748 667
585 355
984 906
128 401
0 951
241 874
396 698
304 446
982 653
225 970
228 192
735 717
313 793
487 287
143 95
727 240
1117 383
868 71
311 330
647 813
574 539
262 421
616 749
753 667
748 1021
836 1028
649 481
495 125
197 346
610 982
565 769
72 215
1003 159
1086 888
755 201
962 745
922 588
458 752
235 431
398 989
51 278
749 1122
48 389
632 448
364 1087
800 140
907 31
938 885
158 1025
567 860
146 698
441 1103
318 840
132 298
239 674
1008 785
580 1088
941 808
32 880
655 770
239 694
599 393
358 702
440 464
414 61
641 93
167 458
502 582
1016 261
827 443
426 1033
653 632
662 910
835 702
535 493
192 807
668 1020
610 199
385 912
667 677
339 551
377 784
302 797
832 950
826 861
858 522
502 936
510 307
176 701
299 912
148 641
52 924
932 164
83 385
935 486
893 576
230 630
338 802
271 94
860 904
163 837
195 330
522 839
710 626
764 822
322 508
1075 824
495 581
687 912
807 203
798 831
1091 651
893 973
362 539
442 995
918 163
555 1052
837 429
841 412
498 67
273 52
570 310
828 854
472 396
806 91
327 738
597 442
427 365
257 344
241 682
115 565
1076 495
657 588
672 519
1097 1071
633 752
695 770
489 125
1015 678
590 599
687 1083
887 984
368 648
1086 1063
475 662
584 753
262 444
703 787
295 767
933 212
593 281
628 936
1078 422
244 282
920 301
2 1041
155 458
1103 236
951 370
132 663
1041 911
415 119
303 832
191 986
796 859
276 61
445 123
486 828
86 904
26 1050
880 375
733 671
219 829
200 303
114 564
772 175
301 442
367 158
962 41
61 1035
208 137
154 234
653 507
855 554
207 955
151 195
977 745
938 282
566 560
236 735
845 284
1095 312
437 1008
922 686
616 527
414 780
620 526
94 812
873 322
334 661
713 253
371 542
772 556
402 604
1003 471
804 15
936 965
926 838
371 29
976 617
699 808
713 839
518 440
713 1027
21 503
410 554
972 864
439 431
850 520
857 842
244 718
385 150
79 305
308 995
462 619
939 427
725 927
525 291
303 142
190 533
862 964
240 1010
577 685
757 545
769 581
248 767
184 789
514 701
390 1071
495 866
430 768
249 339
172 267
43 904
175 147
363 1120
862 591
817 174
174 469
320 474
1071 586
517 928
551 437
782 897
957 754
502 318
283 517
195 760
858 164
780 351
743 783
311 55
266 321
268 878
1084 768
321 289
422 639
526 678
993 720
874 431
221 253
660 730
1052 929
16 769
981 850
1052 399
77 720
485 898
678 1090
924 1120
804 621
605 199
832 79
134 489
870 961
687 715
480 677
910 36
443 1022
1001 471
659 748
224 768
267 891
450 648
127 762
456 878
700 888
831 486
616 158
248 722
70 765
212 614
736 944
770 240
767 834
342 992
631 362
610 1052
1007 571
311 402
315 273
615 127
926 256
440 436
1113 758
604 216
665 625
535 712
567 117
378 314
785 406
350 761
428 886
933 616
675 721
551 807
768 558
985 892
913 758
209 589
861 1120
310 228
135 819
585 1003
143 124
892 227
599 573
868 260
980 615
1017 685
150 969
413 912
569 195
147 163
812 653
914 995
443 675
161 988
776 254
786 266
215 1086
826 346
1018 457
353 328
1018 950
926 882
815 616
542 629
397 582
804 398
953 279
258 404
7 902
37 683
388 321
978 825
754 901
457 499
802 221
876 1075
614 407
226 706
104 895
1081 722
142 1087
531 28
175 190
639 464
421 370
1111 566
492 688
313 692
270 620
379 881
536 165
51 845
252 183
264 100
104 140
942 369
803 753
835 54
422 936
71 765
973 270
708 871
486 729
239 912
454 192
397 865
226 571
189 550
428 299
668 415
447 729
874 217
204 287
615 1004
758 275
960 898
599 772
659 822
476 1049
641 776
270 133
613 127
650 155
530 510
379 972
1060 122
877 114
980 945
1073 301
386 117
871 605
564 455
943 1018
823 1034
684 995
836 49
842 135
933 108
790 190
1109 93
115 834
810 128
410 349
277 547
994 475
1058 215
1089 398
660 631
530 824
1101 315
960 550
833 800
550 969
337 272
912 684
122 370
629 803
307 469
182 706
786 171
243 311
444 558
508 76
969 306
966 393
684 945
366 490
640 544
258 24
913 123
958 539
130 690
618 218
524 166
745 457
370 177
96 378
1003 322
768 322
230 555
788 848
14 1108
584 381
122 839
134 377
314 1055
970 933
1020 812
676 862
116 375
324 921
226 616
1109 340
48 583
133 630
105 126
913 763
356 1037
277 277
738 1107
866 181
957 601
987 504
1118 953
352 648
188 338
301 222
458 728
682 995
666 71
724 155
759 925
927 205
703 498
629 76
21 983
411 723
931 235
89 308
576 195
235 365
10 636
325 56
587 853
748 619
286 348
643 505
305 783
364 400
926 237
672 740
170 74
315 1029
298 443
236 403
77 1118
776 568
2 450
125 536
822 964
961 761
727 803
108 152
540 211
499 492
352 438
254 978
169 16
319 281
439 692
380 104
793 492
486 655
653 1065
59 320
842 111
15 789
684 390
597 705
801 955
891 392
812 997
159 573
25 656
316 529
235 443
113 521
5 967
619 924
537 951
377 759
310 755
896 609
890 725
152 698
41 523
506 941
981 160
427 335
770 818
436 394
971 385
627 314
1088 626
194 1028
485 985
885 621
31 472
658 140
399 958
331 557
165 555
319 805
235 1008
658 46
365 350
53 1079
640 191
170 264
133 930
391 1011
322 562
761 895
526 209
651 796
882 268
488 342
693 644
94 116
109 143
228 515
866 125
94 359
564 965
30 236
891 958
174 989
111 367
204 801
652 496
289 1004
940 835
918 446
712 992
339 547
473 97
873 502
232 507
730 705
598 122
344 865
255 961
991 1100
445 564
510 178
702 114
483 196
574 1071
589 364
425 65
542 93
870 769
962 815
698 818
527 295
262 198
894 962
120 602
1018 232
620 1066
639 378
1038 438
185 688
323 853
469 468
1023 18
411 70