825 802
995 206
128 494
892 160
750 269
1076 300
310 877
376 181
922 318
639 686
653 486
798 618
921 632
573 246
130 1034
529 402
570 461
299 265
1003 143
368 263
118 151
522 1007
759 911
179 836
670 128
887 444
422 773
671 818
603 1060
52 993
596 788
1078 526
359 608
213 633
902 816
932 777
766 77
660 1057
501 475
423 583
242 827
390 366
998 908
288 280
96 891
788 770
525 25
160 419
242 976
531 441
106 936
813 726
365 196
252 375
299 352
217 583
249 568
917 491
178 464
250 766
263 460
309 1123
694 121
748 25
196 548
444 764
270 827
389 422
493 427
361 58
840 358
726 555
668 319
202 89
946 1015
739 546
775 792
480 180
512 870
355 1014
667 262
504 479
559 336
313 776
357 417
67 168
813 783
636 702
386 566
782 481
723 468
52 557
135 376
219 904
758 289
344 1093
502 574
7 918
334 335
717 63
411 702
370 46
176 950
693 229
791 840
258 110
1079 228
474 528
828 652
624 777
157 754
986 974
486 371
57 720
378 673
562 799
474 522
830 755
824 80
432 295
736 409
36 578
904 518
655 920
526 772
725 722
852 200
351 855
746 684
894 392
820 173
334 817
788 342
879 289
479 587
81 367
613 1110
262 679
465 961
925 1095
984 109
772 174
332 577
46 456
417 740
758 741
652 512
835 879
487 872
973 345
471 98
735 645
145 707
510 711
535 381
118 126
232 276
195 855
16 528
655 971
307 753
473 529
339 857
764 929
663 754
608 366
983 810
420 591
710 937
118 133
866 12
992 172
385 1020
476 119
38 725
713 518
305 729
1063 562
420 319
960 548
497 68
48 423
650 594
231 549
980 912
37 240
568 1004
422 543
151 113
1046 266
363 471
730 290
281 570
168 318
244 585
213 1002
101 324
454 772
612 718
564 128
121 130
235 141
296 710
111 730
651 352
553 741
657 167
493 998
803 117
845 546
592 688
170 188
635 406
680 144
581 505
619 264
648 163
912 131
436 800
397 165
486 466
733 301
932 645
859 859
724 519
876 373
1055 765
295 816
189 333
671 528
478 694
1016 405
959 734
867 508
899 430
691 181
304 329
857 268
657 58
238 587
951 678
535 880
500 614
747 718
134 620
372 788
521 1100
128 207
1100 539
318 542
1091 696
61 572
752 585
1000 255
763 48
911 889
483 827
1100 3
862 0
672 464
212 65
493 997
647 553
1077 782
345 962
649 277
600 474
555 226
180 159
639 814
934 140
546 369
813 172
557 994
400 518
537 836
463 127
724 827
1120 867
884 762
839 858
610 163
938 414
805 998
1011 462
55 651
944 126
992 763
291 996
416 553
562 652
207 212
523 324
240 148
836 1121
297 394
67 746
50 594
577 949
751 1122
71 674
792 586
546 421
267 123
453 456
463 139
463 361
344 927
281 919
872 834
1094 395
633 406
432 828
673 105
420 307
449 30
151 928
346 177
516 684
332 734
421 834
417 857
830 481
817 444
897 690
614 285
1123 732
722 520
383 791
23 820
702 895
512 326
192 170
198 351
775 1081
208 234
960 266
830 684
646 859
742 691
866 677
753 621
577 516
634 936
208 356
1085 956
823 630
830 254
745 648
802 604
256 508
749 230
936 149
406 570
898 900
960 317
568 343
209 176
534 630
440 362
333 266
1025 704
276 34
1016 270
141 648
567 473
150 276
625 346
271 336
721 900
182 758
261 291
512 176
238 178
445 194
119 426
221 722
205 820
353 765
1007 323
348 501
974 683
134 429
375 465
989 798
879 678
987 364
891 380
835 664
944 120
990 322
21 128
1006 2
919 499
288 221
457 296
815 316
430 760
567 558
499 430
733 619
128 1107
249 159
500 462
648 248
1087 786
974 94
425 162
447 292
137 80
863 318
940 771
238 870
414 233
308 348
808 95
311 540
692 411
967 279
1002 979
1112 145
771 201
1096 638
303 1017
607 831
954 849
132 243
335 350
176 628
360 678
3 136
976 871
126 924
211 601
721 140
1011 220
314 823
805 789
1011 472
399 780
757 412
657 86
628 120
885 423
367 1078
707 599
1035 818
142 464
322 207
349 437
1004 18
141 655
439 500
843 207
684 729
57 245
678 513
336 80
859 886
520 358
530 666
934 120
864 674
266 1121
372 848
1011 727
467 62
323 662
961 321
222 312
987 777
725 1002
572 1050
326 1094
929 1003
583 221
912 394
427 1076
630 903
272 868
975 232
123 230
119 21
409 816
235 998
391 735
601 504
1027 356
124 202
1123 444
1004 830
730 795
515 237
505 965
616 514
121 319
296 811
31 1017
745 766
895 52
840 698
396 699
348 153
683 11
820 539
879 1115
995 34
145 335
876 226
216 565
1013 317
891 604
286 597
909 700
425 97
221 130
597 861
183 328
1101 328
257 647
935 919
818 73
879 458
852 1049
595 836
176 352
601 928
751 897
176 1069
919 997
198 460
723 452
207 952
174 865
742 1018
354 110
957 354
116 532
697 647
355 60
321 218
1018 571
230 916
525 1015
367 936
771 399
274 55
521 903
733 472
91 242
892 221
692 812
35 937
1021 708
556 345
358 69
1028 113
972 651
1073 896
794 101
347 562
1075 520
55 378
879 1094
682 441
645 546
376 108
844 903
282 399
110 410
298 1051
961 443
337 781
895 218
226 461
444 500
753 481
990 389
144 726
1001 752
934 546
116 794
372 783
291 692
242 1089
261 866
509 556
672 826
899 396
219 816
926 286
33 236
345 700
364 630
32 949
703 301
90 106
1039 1021
228 303
1003 353
234 642
1043 324
686 126
172 671
385 982
633 255
262 771
415 22
25 941
565 33
373 895
826 61
430 1009
448 925
857 224
334 689
144 604
769 933
611 473
551 915
680 468
943 143
31 772
772 343
790 637
1121 520
399 410
68 767
265 671
142 892
979 388
939 766
269 409
813 659
711 581
350 445
288 877
839 317
594 510
107 283
351 913
936 70
493 245
703 61
523 605
257 1000
391 137
685 1120
771 1023
201 275
289 74
494 720
796 137
1015 1000
904 295
456 709
168 753
882 574
247 398
181 764
442 274
674 544
342 311
670 912
223 790
316 76
186 847
842 448
350 281
745 641
818 666
746 514
121 136
535 758
112 1003
368 1007
60 973
311 554
1007 591
965 628
970 230
1029 359
823 41
385 224
181 660
932 975
880 137
891 408
397 652
447 1105
626 352
55 733
616 136
137 221
237 481
70 612
389 664
14 396
450 851
125 941
829 1
143 349
177 1048
6 846
232 485
290 407
775 559
81 1029
174 524
480 436
953 967
401 473
863 211
126 483
704 161
713 587
419 804
324 306
960 943
143 428
867 588
641 438
386 449
264 632
918 501
133 181
908 886
234 12
639 414
829 695
799 27
445 998
624 896
442 191
782 439
714 443
135 55
162 322
1028 194
419 511
1120 464
1022 692
829 48
541 787
650 197
115 966
515 243
784 81
1068 952
89 589
420 150
532 420
809 785
591 868
125 944
710 624
367 600
213 1015
564 464
742 886
522 1099
264 1029
275 326
1032 393
350 148
729 709
127 694
427 526
1110 703
590 759
935 920
1057 172
613 152
400 636
420 183
990 719
516 188
548 80
602 94
152 50
142 162
898 398
198 706
632 927
707 603
17 605
89 958
924 417
50 576
921 722
880 622
351 964
293 220
943 155
989 449
520 761
287 292
1052 239
866 763
587 770
587 941
103 465
735 1016
851 266
886 367
214 826
837 726
598 639
148 1016
201 261
837 546
417 815
779 57
960 371
252 169
825 221
434 714
1039 123
416 986
478 822
32 677
881 584
570 106
1000 677
310 307
410 725
316 542
169 123
871 458
964 735
474 317
904 474
241 366
627 386
79 540
697 166
602 970
913 925
328 914
387 1073
244 441
627 990
392 383
989 646
92 935
497 892
795 596
386 896
913 352
642 1039
841 608
625 176
781 710
574 359
792 196
209 1003
343 943
762 122
562 449
637 784
771 1021
736 883
870 638
609 981
327 390
732 842
293 595
76 117
511 297
384 291
992 64
624 696
1061 320
1056 603
548 971
102 890
909 409
999 746
1058 323
423 548
274 489
257 603
988 655
915 412
591 1005
895 731
377 662
330 290
555 369
846 293
961 988
734 433
858 765
976 43
410 387
59 309
771 1010
129 106
435 719
267 462
366 472
867 260
165 781
462 273
428 460
378 517
690 859
1083 840
409 911
849 765
701 113
1025 782
771 361
460 158
82 204
1058 762
357 834
532 376
563 979
420 846
143 312
998 187
290 699
671 124
132 1044
916 541
374 972
48 1015
752 1077
138 545
516 468
706 730
231 1035
1018 292
985 157
108 446
832 988
857 979
536 580
452 104
702 603
335 415
983 220
674 888
1019 494
803 902
704 233
138 310
721 419
61 48
497 7
269 235
745 228
451 146
924 73
621 683
719 431
860 586
231 432
834 283
524 892
64 635
653 669
37 1098
800 860
518 799
443 626
1085 1006
938 243
699 969
343 1009
129 749
830 21
466 613
943 268
972 936
752 246
839 522
1062 313
221 611
146 435
923 1026
1090 806
884 253
851 20
939 468
107 528
322 214
826 471
169 282
876 345
648 868
765 839
985 993
892 121
505 926
942 777
581 802
652 1042
196 401