257 956
1024 156
444 103
715 585
867 173
297 1002
927 891
41 627
487 702
1005 177
457 171
143 488
230 780
637 948
871 859
808 195
166 114
103 641
844 962
350 534
763 331
828 145
263 365
180 613
1053 646
536 531
519 997
203 552
162 680
878 618
412 289
897 78
911 469
354 684
552 571
432 181
223 690
924 287
1073 270
809 691
409 125
507 499
287 843
371 912
465 665
512 995
134 245
484 968
527 1117
279 68
787 739
999 310
313 806
530 681
964 321
500 518
318 910
253 14
1022 804
971 454
873 934
859 584
184 928
553 765
191 737
615 902
168 1026
494 787
688 443
612 376
854 333
698 181
826 898
982 858
781 590
523 715
630 774
967 961
313 909
188 179
662 203
3 95
989 726
801 531
694 671
1116 101
354 160
1001 90
1074 157
686 948
589 935
11 832
387 959
316 630
232 734
645 400
1119 659
1042 900
495 1000
692 142
363 1011
928 230
970 592
810 923
529 140
1014 1031
461 150
471 362
790 1014
386 143
843 198
341 256
241 288
971 17
432 841
655 547
831 206
794 837
571 407
542 674
378 241
468 314
500 643
535 1035
440 687
145 51
747 739
210 870
6 347
664 953
202 834
82 258
1019 567
913 505
594 612
939 276
1110 122
817 317
551 727
815 452
138 747
690 907
112 992
829 816
143 603
336 717
6 266
938 318
785 129
205 895
887 408
834 748
144 204
493 110
526 760
331 196
193 907
251 362
472 1123
339 448
669 585
539 147
29 570
989 987
266 810
661 1067
483 201
652 609
879 655
969 1081
724 476
872 281
414 119
309 503
446 28
615 131
431 667
57 685
276 725
880 165
622 914
627 377
326 1118
552 11
635 106
395 771
225 1095
408 847
426 405
889 347
1047 42
904 382
292 298
505 951
232 1062
1016 415
964 424
462 385
897 371
161 529
827 520
165 218
667 1092
684 339
850 719
525 413
299 470
1120 570
145 1040
590 305
457 1000
1003 406
907 320
270 626
810 598
577 428
823 398
997 706
935 90
653 182
372 117
859 837
1002 237
922 862
753 177
1109 722
405 817
739 910
638 285
1020 114
936 392
363 388
859 261
245 136
374 251
421 438
565 309
730 540
757 340
654 979
199 520
463 960
612 1098
154 339
198 498
30 938
342 702
783 65
584 1015
827 873
326 475
718 567
145 561
161 959
209 372
647 386
509 478
292 951
59 176
442 744
396 647
157 509
611 609
213 139
267 554
353 1114
615 97
979 934
568 744
778 598
862 22
111 848
942 921
180 857
950 235
754 834
695 371
161 609
560 875
665 728
552 357
462 185
700 459
860 907
643 555
988 8
843 831
937 297
974 831
1000 494
807 115
838 238
773 957
627 561
1004 382
271 100
45 339
1066 755
431 885
696 320
1115 945
687 842
622 343
354 561
581 444
1038 931
286 858
509 405
765 288
537 371
504 995
91 1107
219 409
613 107
869 1001
413 579
284 641
139 1100
857 837
640 915
1118 215
592 110
396 1018
773 728
808 1122
669 954
132 250
361 593
608 738
911 817
907 462
614 487
979 255
552 343
276 534
648 501
688 759
916 299
537 152
953 628
1037 642
261 1065
239 799
601 563
483 978
424 1099
102 331
275 992
776 150
734 307
123 338
646 512
821 34
4 998
516 271
333 507
799 595
379 743
106 468
532 913
359 1012
488 473
1023 234
800 438
30 80
965 670
791 153
867 92
542 580
782 227
543 538
425 797
551 706
933 1054
686 672
904 675
59 785
879 590
703 604
469 590
969 304
853 426
774 283
193 399
123 148
732 809
899 845
622 899
278 441
749 313
990 165
1118 357
194 558
774 776
905 490
635 532
240 952
694 1056
47 609
909 678
735 1017
877 294
569 613
1090 428
396 288
1082 311
359 811
371 809
741 596
187 1014
557 561
228 655
490 438
753 753
1017 107
176 259
804 812
593 399
662 501
378 238
632 733
916 37
358 353
477 122
45 620
895 545
618 558
693 259
790 685
620 762
569 166
1005 531
209 418
432 384
487 116
910 211
634 218
259 555
835 206
282 449
546 349
499 72
558 841
423 1076
619 577
49 582
640 378
507 475
879 712
874 173
673 1067
883 460
857 248
111 880
625 738
949 116
587 558
405 508
483 747
528 901
1015 112
1014 794
983 106
0 739
645 641
103 485
205 1111
651 695
317 715
576 30
434 528
502 828
174 490
759 1092
136 635
682 189
577 907
901 235
539 649
419 213
1066 232
207 450
165 384
388 213
122 662
286 726
528 820
64 193
504 1112
903 577
814 866
247 724
427 1097
164 532
467 917
560 407
746 966
650 891
1004 126
445 462
502 359
1009 363
144 1007
901 284
849 958
871 802
571 774
225 25
234 433
493 436
137 730
894 531
186 447
344 527
75 841
989 721
496 313
993 36
963 458
364 673
925 549
702 525
401 721
807 53
128 166
695 466
740 703
967 943
564 734
601 923
141 110
154 752
260 185
151 1
1053 294
277 1101
452 407
292 173
257 1067
624 839
756 1045
826 375
138 745
482 243
940 923
1110 767
617 853
463 617
804 907
409 13
824 331
460 742
849 56
1 451
75 122
354 169
719 775
158 1077
999 743
776 744
175 333
533 837
486 871
488 196
486 450
624 114
151 1064
85 610
458 1076
460 1116
1086 19
1000 985
665 213
362 73
394 700
507 951
498 524
328 333
781 1035
392 884
559 353
933 342
322 836
901 621
695 688
775 315
922 925
958 128
959 583
9 583
126 210
560 1030
858 784
453 1043
485 37
1121 765
519 1103
702 738
294 1
850 219
930 86
122 690
1073 234
568 582
23 340
512 406
927 980
323 991
438 769
606 703
937 171
1014 938
120 116
1093 317
351 27
213 839
528 239
211 192
961 899
122 316
514 524
120 328
41 352
897 455
44 938
473 121
203 945
212 794
308 953
1025 684
1021 1017
774 998
908 767
555 239
282 943
572 920
944 430
249 28
795 167
704 681
334 430
768 213
602 115
629 211
536 140
857 447
383 208
218 739
411 306
530 390
895 24
834 523
282 1054
491 110
519 305
493 748
430 840
850 899
617 779
1006 528
288 551
311 703
130 270
435 262
456 301
8 721
825 228
1025 435
297 863
487 924
86 769
497 278
1097 398
327 905
1105 0
807 665
629 154
578 997
1076 585
831 868
409 922
582 438
594 998
531 1003
888 52
483 793
175 862
410 115
177 874
71 266
1051 681
957 362
427 460
162 840
757 232
541 567
662 864
242 861
493 156
761 635
502 870
664 811
911 150
638 871
664 916
514 353
463 640
582 976
937 414
319 106
252 340
216 247
584 871
742 238
698 994
880 304
837 1066
463 989
1023 847
740 606
486 755
600 950
354 401
960 592
886 13
129 410
433 1012
246 766
693 791
392 915
1051 407
190 908
408 497
191 10
560 307
276 187
358 623
265 816
786 543
209 308
795 550
112 143
1031 675
778 222
1002 697
762 784
440 803
1113 1008
945 164
735 475
429 737
853 492
64 738
221 261
690 572
751 512
331 774
212 993
679 368
784 710
424 533
683 494
507 493
592 203
25 1065
377 888
252 141
1009 884
825 352
516 419
1116 1073
528 2
227 1068
374 983
300 285
1044 1113
702 976
514 371
461 861
246 363
344 107
852 777
388 439
739 93
569 469
782 223
901 572
78 917
480 361
540 460
767 817
794 194
751 279
761 1005
214 262
9 467
501 614
455 1120
943 106
343 335
509 933
548 481
492 136
388 380
106 751
1071 442
532 846
978 567
1059 14
439 320
56 91
372 970
287 566
828 241
293 780
689 753
216 957
308 976
272 639
542 708
532 1115
344 631
274 16
996 320
135 414
204 601
739 419
475 1087
1074 162
186 770
353 7
666 493
355 145
616 233
272 904
356 744
967 694
477 765
399 478
780 856
603 401
224 888
314 263
1042 403
571 736
873 1010
888 991
540 745
149 554
886 204
834 134
670 598
392 57
136 69
1030 269
482 84
878 555
291 745
328 303
353 399
188 354
337 413
594 1122
528 654
825 817
968 706
735 588
688 696
98 941
1055 601
1113 460
991 187
646 280
741 561
340 108
784 704
42 262
219 248
277 630
546 388
120 125
556 748
939 801
14 436
316 1062
556 239
53 418
665 505
876 1021
486 798
261 446
539 489
877 550
989 968
704 130
827 1105
228 391
460 485
706 287
724 620
595 1063
214 858
689 638
137 771
773 389
519 695
131 459
174 936
672 395
800 162
741 239
605 129
268 950
399 994
1065 512
938 541
837 638
453 370
711 833
1096 946
825 342
430 767
470 913
813 935
1004 65
492 706
407 547
790 505
1008 785
373 851
57 255
768 787
259 422
864 895
215 897
688 797
435 535
132 318
775 99
813 396
618 267
10 113
1097 648
588 931
290 642
230 894
526 745
703 209
727 525
401 767
492 504
683 894
473 113
1010 66
542 41
500 256
1041 393
368 951
792 265
273 868
593 705
914 997
666 804
481 165
648 411
223 1017
780 1046
616 412
308 527
158 432
290 810
203 83
239 619
840 762
459 870
984 167
250 870
857 163
902 282
1020 785
62 978
978 704
294 315
910 222
718 788
754 179
540 772
251 820
907 318
776 336
897 44
233 466
817 326
931 622
734 1075
758 98
1123 263
211 925
399 751
27 460