728 751
784 718
468 285
422 106
628 205
625 622
571 267
532 992
952 787
543 321
984 391
708 259
8 264
1077 1059
750 573
100 877
427 827
742 401
954 572
761 181
670 78
749 401
582 600
645 540
432 534
470 70
233 825
1103 128
487 763
994 733
202 287
867 21
491 958
431 278
445 1072
272 308
979 686
606 593
885 810
612 155
695 466
539 624
132 190
631 555
148 1003
121 888
974 829
680 213
407 575
467 829
237 241
598 431
666 469
140 108
329 999
969 1080
143 271
200 798
235 660
615 429
253 708
801 861
769 855
643 311
319 243
947 130
972 263
169 571
1010 940
319 399
503 249
496 442
132 919
908 321
359 143
386 805
256 339
977 370
364 696
668 546
997 885
397 1036
103 489
416 609
769 538
64 732
736 712
961 712
735 495
455 701
574 1066
606 214
361 795
547 588
534 235
191 383
1092 797
562 658
65 940
691 731
432 609
341 395
51 103
688 731
488 353
497 188
703 333
578 972
506 744
830 806
30 503
944 1074
391 210
1107 659
374 678
470 881
232 93
72 752
390 134
821 155
387 212
1074 199
426 643
394 400
398 263
874 234
585 38
739 680
431 302
718 991
622 155
365 992
932 666
991 903
56 666
488 255
922 175
802 734
172 848
1090 709
853 129
159 767
952 567
1013 1093
167 854
101 1041
508 242
292 954
525 988
772 553
378 777
806 961
824 828
41 757
1070 767
238 431
430 888
166 940
986 572
420 117
761 579
871 350
350 787
91 713
1004 471
542 194
427 272
473 518
98 1092
455 299
882 941
450 273
527 240
885 16
208 956
622 924
973 588
1027 455
393 459
478 616
648 985
596 1079
898 976
586 378
253 363
780 426
455 907
1030 905
519 1005
1093 564
778 890
997 37
535 988
227 410
646 345
245 868
895 227
848 472
204 658
638 882
762 732
681 24
877 418
119 842
152 845
862 712
1105 127
667 886
498 186
406 243
92 580
232 704
450 915
377 494
588 131
36 775
889 447
764 550
181 837
511 1119
822 760
857 20
1048 786
566 696
648 972
844 903
788 414
256 689
229 371
119 502
476 811
227 737
1122 316
1031 432
223 113
375 524
258 1024
780 56
358 4
568 180
1003 1068
741 727
693 971
131 765
1019 586
178 506
945 684
797 1110
644 345
856 71
568 813
280 368
132 721
65 315
58 850
903 559
281 705
225 767
858 50
699 611
908 264
658 111
281 591
125 514
33 928
601 755
7 857
184 571
69 718
334 931
185 582
949 20
313 115
592 351
213 864
906 372
566 830
31 938
797 436
870 666
642 760
64 373
917 357
869 869
755 694
589 826
388 365
757 777
207 555
346 256
867 335
1058 223
115 723
289 807
709 523
202 535
1006 904
303 601
293 410
122 317
745 626
693 413
651 80
911 662
964 208
95 817
763 313
325 590
622 553
192 570
403 666
556 1103
144 27
789 740
133 640
318 876
592 818
957 243
247 432
383 710
822 537
656 243
932 53
65 871
313 444
293 954
441 977
792 558
401 631
834 999
122 671
763 1041
91 1005
1087 870
369 725
497 253
278 945
315 891
1049 727
593 781
444 223
694 745
668 824
522 122
883 388
501 737
718 874
760 645
845 1075
258 796
1022 113
1085 679
31 862
810 497
285 36
141 827
885 602
541 1008
616 943
666 297
195 363
856 220
580 531
585 146
627 451
958 574
191 673
1071 551
984 696
571 655
843 616
401 318
649 772
608 759
691 128
321 918
681 338
1090 158
42 2
722 259
516 823
459 756
547 688
687 489
312 503
1008 248
409 93
905 242
270 125
905 1062
223 300
661 215
330 100
227 632
231 672
319 1116
730 1007
577 870
843 172
846 852
892 741
431 116
18 1085
445 481
214 628
190 933
223 653
243 918
240 231
540 198
30 852
1080 101
988 978
744 444
860 342
434 784
1061 118
802 292
286 483
885 963
415 420
681 384
708 537
836 633
802 225
867 508
573 902
461 395
358 881
521 29
960 501
712 453
529 389
792 310
1090 471
981 609
420 212
433 887
915 427
986 1065
839 640
697 885
939 467
338 985
776 771
346 178
200 506
233 923
597 938
768 1063
806 681
397 760
131 154
317 400
1009 1061
174 846
333 358
1070 292
234 5
387 414
839 376
836 1102
798 770
927 410
619 972
420 586
725 675
646 980
815 696
119 995
534 782
373 801
626 1086
691 492
393 919
417 1120
174 303
144 611
254 448
200 584
1031 580
195 462
440 899
1114 120
316 700
774 323
472 840
982 135
9 942
230 758
496 862
1106 1082
1021 899
532 313
975 339
683 880
132 697
597 424
595 463
930 825
913 416
338 489
166 718
560 858
1104 384
753 361
896 544
124 1098
270 314
410 696
476 999
911 728
781 306
450 946
1119 283
859 989
811 557
963 539
904 758
877 579
920 1020
362 114
232 1061
457 579
280 996
232 328
747 672
446 298
996 682
802 765
946 138
1067 258
49 382
609 403
901 493
544 999
288 521
443 977
655 971
739 281
579 458
456 764
1123 524
895 717
67 1015
293 712
665 898
392 859
824 802
309 973
512 316
321 753
759 655
867 207
696 560
652 598
834 498
721 913
216 944
794 295
947 177
812 540
778 978
873 566
209 218
837 1053
754 464
744 311
580 118
329 122
179 646
146 978
152 935
330 112
637 88
803 1059
170 143
565 411
268 434
993 790
507 795
922 858
268 908
593 930
556 680
663 855
1121 212
924 853
204 238
685 212
1114 518
254 649
243 316
425 1120
168 954
1014 1046
476 755
476 710
488 773
612 874
150 9
308 433
812 623
590 215
615 904
193 1107
374 512
983 159
741 127
809 402
485 1073
751 259
787 587
628 751
263 161
273 823
239 710
704 265
797 573
148 479
694 1087
334 295
218 25
150 397
697 493
819 1115
204 688
696 993
103 777
872 147
119 637
1024 433
957 227
867 779
58 977
41 838
726 1097
940 90
899 364
191 508
482 882
145 46
119 622
685 891
757 432
578 954
559 1000
337 384
647 745
437 223
622 148
611 725
1013 534
243 1011
622 746
11 660
509 627
521 845
951 436
614 727
838 150
873 374
585 212
209 331
726 960
798 941
546 482
914 386
154 398
747 102
771 28
976 1021
563 746
493 454
971 831
347 934
481 666
452 1065
198 159
710 44
627 144
542 157
761 324
924 212
845 665
524 1017
469 384
1115 735
278 526
108 630
794 919
1024 568
847 557
541 1020
687 572
85 889
545 387
454 499
798 2
322 167
664 288
895 268
908 872
661 608
821 761
45 131
233 335
314 782
1048 649
955 280
267 520
239 810
47 1087
892 1023
153 610
672 705
256 801
1098 250
549 919
736 716
913 1023
154 791
145 686
51 382
813 955
134 423
227 502
570 377
478 714
377 932
369 336
254 281
362 694
1030 310
776 119
630 680
487 525
1106 344
585 371
136 681
472 1030
230 965
831 866
84 269
188 1009
94 523
943 688
113 640
392 894
556 1012
222 755
794 669
430 662
701 622
924 1033
302 54
992 575
483 424
300 653
944 141
590 216
241 91
346 716
475 501
92 1067
882 1029
536 203
831 595
511 597
435 387
737 85
11 885
867 879
517 919
929 1005
501 851
926 169
452 958
857 492
746 283
111 179
546 915
470 652
387 978
799 993
860 445
32 296
65 864
723 1096
436 721
893 348
261 517
944 906
581 1021
793 663
536 414
73 549
595 196
61 669
817 865
246 787
752 582
946 6
698 959
706 999
1048 67
22 746
967 156
465 422
150 924
475 129
175 976
695 107
300 342
693 868
545 136
463 482
624 433
795 86
412 239
1051 974
409 21
214 342
363 447
358 643
950 963
876 273
1014 857
368 876
1015 177
9 849
575 850
210 902
162 224
5 384
922 482
728 483
671 713
1007 919
921 487
1109 40
109 413
659 389
704 993
1107 39
555 958
297 195
115 260
836 23
887 321
1068 749
143 296
439 1040
723 627
9 264
205 589
300 896
899 302
282 825
607 272
17 832
400 195
692 550
397 1062
269 751
1088 542
272 840
293 258
322 1085
667 857
385 310
795 775
428 369
584 774
450 972
698 580
393 995
1006 991
667 1117
309 129
888 643
35 1014
450 45
843 333
510 1105
449 629
709 356
903 238
1027 738
404 230
476 165
401 2
108 281
781 794
125 603
683 222
796 731
978 153
979 341
233 380
117 411
267 67
220 794
542 681
344 702
407 279
457 813
896 277
666 186
805 1019
289 956
728 994
499 674
371 930
1054 854
799 669
303 974
867 412
521 760
986 977
528 1002
817 286
372 203
763 367
706 135
686 330
421 819
1022 249
1070 927
576 326
683 747
473 115
180 815
304 620
767 1096
596 462
1042 399
738 270
740 743
530 750
638 273
752 934
890 348
106 168
171 1000
312 1011
15 936
95 978
907 80
1017 407
993 490
297 920
395 471
914 578
928 746
1050 366
184 67
452 320
618 1003
261 247
659 822
290 688
681 581
506 284
710 736
456 111
438 462
899 983
930 358
289 1069
822 571
601 556
329 1003
1104 32
189 125
1073 656
824 386
752 13
120 100
496 447
336 200
420 823
391 302
428 307
956 840
848 812
357 461
536 186
604 909
349 655
984 965
1052 537
553 805
1017 318
571 434
906 119
335 1007
853 892
129 543
359 595