758 652
415 429
878 970
298 547
383 489
126 297
656 15
1017 599
484 979
638 699
951 607
4 245
561 194
640 614
698 466
659 44
1095 709
353 979
177 672
126 906
382 757
337 267
352 1123
490 372
160 1023
151 990
368 220
819 43
773 166
922 764
769 830
672 147
748 575
641 1120
198 210
921 200
584 1002
485 619
607 604
625 1009
419 79
42 236
670 691
950 372
105 313
954 155
123 812
115 594
110 769
873 156
1004 297
85 508
310 660
402 1021
235 921
610 505
454 319
296 166
500 844
1008 1110
537 1123
710 873
374 228
1108 412
596 1014
600 21
627 287
1001 360
651 632
703 594
322 203
5 176
960 1059
306 666
1004 853
1043 37
244 179
487 912
591 594
652 491
745 1027
886 978
924 159
249 27
206 609
966 680
201 144
694 672
220 788
198 804
141 843
866 741
172 541
774 310
884 256
189 487
529 305
923 947
693 742
1113 923
648 212
878 488
215 667
385 594
945 762
118 442
991 1084
293 521
852 484
905 131
492 592
344 646
565 649
247 300
3 346
837 140
577 562
768 334
530 715
318 652
966 190
432 584
185 362
164 159
469 219
378 417
505 392
517 901
124 947
618 665
977 357
809 306
422 572
242 418
1024 780
922 151
164 598
150 739
871 743
295 1104
372 459
416 722
759 619
101 518
849 917
876 555
353 111
297 1104
276 899
941 387
194 453
783 762
467 382
143 693
222 918
502 574
508 272
802 492
788 724
862 997
989 281
1062 233
1026 990
301 941
536 571
889 290
574 1020
487 830
748 585
626 791
295 736
350 124
1109 541
554 361
842 824
166 490
835 1064
558 852
1012 284
193 0
949 366
366 135
305 637
660 843
820 146
105 364
73 721
381 206
570 955
799 854
578 626
791 955
876 839
341 862
392 400
318 187
772 703
133 1019
878 210
732 969
658 321
435 111
589 738
960 834
980 1023
489 118
599 931
411 479
452 126
732 423
224 675
1114 1083
1020 816
756 389
136 381
393 352
1107 556
160 309
300 619
880 337
716 490
720 602
754 928
516 898
882 888
545 217
165 443
1115 515
170 1039
389 398
1074 167
901 953
926 365
856 287
793 558
979 619
649 869
412 331
839 722
784 185
792 602
342 542
736 749
295 482
919 351
638 1021
371 375
607 218
326 107
763 456
1060 403
51 1009
818 286
533 648
567 787
394 62
294 813
201 668
408 928
768 199
843 365
937 731
852 29
587 842
730 542
1017 115
1054 2
982 1120
348 463
579 535
625 582
442 1014
705 1084
324 569
372 167
320 915
519 828
589 751
221 310
1061 245
603 1104
123 915
802 329
226 139
920 1088
655 138
1034 945
1000 107
942 169
614 486
287 585
925 583
806 536
306 717
395 629
633 320
89 822
895 593
311 934
522 608
623 239
863 555
611 964
280 645
825 929
551 770
258 206
422 679
1117 750
431 432
773 374
843 691
979 314
918 423
614 927
1094 193
617 743
92 1073
1010 7
862 782
650 235
327 725
575 544
835 728
981 336
558 738
436 750
579 599
90 435
745 838
484 72
173 427
707 109
175 25
1054 858
946 234
644 141
141 495
421 805
1011 1111
321 293
950 108
1067 762
461 1109
159 168
366 736
560 1000
313 625
996 395
958 765
865 263
392 161
341 818
619 528
503 1061
884 718
676 652
767 317
369 199
13 852
797 388
711 581
219 312
513 731
363 903
499 519
620 124
648 464
36 1023
377 128
254 618
281 483
908 864
865 928
143 122
855 506
859 700
442 272
910 80
97 318
863 308
532 733
543 716
659 554
853 252
797 461
129 367
6 936
148 104
165 882
66 835
500 754
656 555
665 617
999 434
258 292
487 344
427 335
207 308
143 569
788 948
720 767
235 925
936 594
299 283
305 335
113 446
554 260
826 486
915 376
229 199
210 638
984 594
831 423
107 418
722 549
708 1006
186 855
677 177
825 875
984 127
574 875
700 572
579 1013
490 423
847 305
1049 245
442 977
537 174
216 1084
507 760
850 390
598 111
811 31
561 532
2 395
804 345
20 632
1042 70
601 590
123 822
311 342
898 587
474 815
615 487
733 262
1088 701
453 771
234 67
460 739
990 301
247 658
406 181
844 521
478 797
1070 346
162 377
754 771
991 647
159 201
234 775
312 76
750 467
977 326
554 817
907 172
749 848
605 552
1009 412
188 91
945 1033
188 893
428 394
232 473
920 559
335 581
373 257
784 521
174 565
564 757
509 319
122 956
939 622
618 1013
40 368
558 854
148 537
793 291
302 1104
249 224
734 215
819 333
241 688
909 695
118 313
389 697
335 503
351 861
863 719
1028 426
292 670
360 354
910 212
212 529
689 610
229 121
449 199
1072 320
3 286
791 560
351 127
315 826
997 287
540 184
338 721
785 572
859 47
996 199
936 124
33 206
445 411
884 1005
532 1014
953 667
790 989
663 865
620 868
752 800
138 770
560 246
809 914
531 1021
870 548
297 782
1002 601
840 326
779 608
727 573
497 418
453 1075
786 811
307 557
554 167
831 483
545 294
130 317
139 633
945 661
456 260
926 499
465 733
1092 605
653 876
924 696
717 734
110 501
1010 1063
276 907
118 319
596 954
659 402
1012 562
1031 793
1006 428
264 664
973 650
260 932
580 1023
866 645
1004 166
949 578
171 196
628 771
675 723
509 647
119 446
622 817
837 648
349 741
344 513
597 614
685 985
546 573
157 527
178 147
952 52
784 208
916 820
619 886
966 115
162 524
496 184
51 423
829 476
348 548
662 429
778 784
854 276
818 562
8 730
64 942
294 857
355 725
801 711
427 849
454 718
735 196
776 206
620 192
1100 376
709 948
908 634
336 917
928 216
913 836
169 294
647 270
496 238
872 266
874 971
37 123
876 859
355 267
1029 648
674 450
266 939
837 542
754 787
1121 990
211 451
584 699
724 250
783 859
212 854
294 391
971 1013
610 220
895 243
1097 1120
76 416
605 951
199 116
259 979
32 1051
748 978
183 273
168 969
838 222
269 1120
156 716
851 718
236 224
233 605
710 925
568 77
722 827
738 740
323 352
518 283
130 860
978 514
405 236
838 777
637 924
255 192
1039 631
637 71
957 398
409 606
107 306
1095 192
525 261
640 178
1119 918
729 160
704 290
1064 604
803 389
714 560
534 634
358 133
828 846
375 1120
550 206
248 92
149 900
879 558
150 290
503 776
457 698
510 647
991 760
535 194
970 740
473 728
134 545
608 809
277 573
510 369
583 666
911 868
1100 656
531 882
998 429
790 978
338 126
964 166
361 780
696 627
83 338
276 439
156 890
834 400
833 730
724 566
201 288
145 530
408 297
865 941
916 877
925 691
963 702
1102 631
827 47
514 129
916 726
384 361
1003 523
917 807
16 77
915 553
410 522
133 871
385 392
500 103
23 138
93 1111
314 779
581 805
138 521
514 545
711 100
134 701
189 861
626 977
626 445
1092 854
676 766
1012 331
655 1011
794 259
521 394
920 740
121 617
946 598
216 65
315 603
354 877
16 506
345 439
172 1018
391 423
239 0
929 350
379 423
586 548
989 571
225 792
663 97
359 514
858 1106
819 792
583 594
895 79
67 391
891 227
979 632
784 811
329 767
871 935
865 905
570 919
322 677
567 507
739 793
555 764
938 931
758 111
923 180
580 659
647 976
418 615
486 849
731 402
592 998
696 292
111 236
231 485
206 32
131 650
515 560
727 640
265 196
980 907
864 465
763 1012
305 819
184 203
100 1059
785 445
646 113
738 564
792 638
730 278
537 778
605 446
638 210
210 438
156 862
351 504
335 402
11 392
233 545
1056 570
628 288
1066 283
326 821
288 918
634 551
505 64
1107 343
317 720
737 806
956 453
523 506
1066 227
703 990
620 1108
436 34
263 664
712 594
903 870
251 748
650 602
858 808
685 157
477 948
187 343
943 339
253 922
675 1118
433 467
471 157
182 673
947 1078
871 559
114 1011
214 967
821 300
444 506
217 600
159 506
493 286
335 296
370 353
917 885
295 734
672 419
652 1006
449 856
341 528
853 968
1008 921
1009 359
900 812
226 741
102 343
245 858
208 490
913 881
433 343
228 671
318 631
719 786
704 277
453 992
443 912
437 520
224 156
766 792
283 270
224 706
546 980
25 463
200 695
478 485
501 416
434 422
789 636
374 456
250 158
826 332
1109 160
564 922
619 755
191 254
756 1023
42 826
434 650
242 443
651 739
288 270
965 930
711 401
177 233
365 365
265 570
872 451
428 165
440 805
853 601
923 948
420 536
732 878
661 1088
583 840
568 1070
124 276
170 356
235 193
27 19
748 722
776 466
280 878
616 784
658 336
407 228
570 826
504 278
414 372
476 627
354 668
218 654
935 399
1065 753
231 805
509 757
971 684
288 845
672 458
816 382
663 421
185 108
1027 966
677 1073
709 212
732 1072
394 997
887 618
23 294
465 1039
897 454
120 856
919 621
618 659
409 437
366 127
14 1066
69 616
672 499
390 1009
967 993
637 954
775 827
791 637
738 628
866 453
386 867
378 985
42 628
221 909
892 332
457 792
318 968
526 259
632 144
286 142
317 919
506 292
33 215
195 745
431 1100
427 191
603 909
107 481
698 68
672 546
767 321
766 946
933 615