673 819
680 77
355 339
285 796
807 733
920 824
154 17
26 346
650 320
717 694
693 320
1012 392
748 934
752 309
551 491
1117 887
705 381
942 829
704 67
570 288
443 582
472 509
188 187
333 146
169 1046
620 145
505 422
937 660
242 537
1018 846
850 806
866 515
811 90
455 902
882 440
454 776
850 957
637 910
754 1031
221 143
706 21
121 571
789 847
235 720
490 678
1004 1122
447 838
453 792
776 1078
531 475
889 582
463 298
1113 499
335 52
1091 917
0 504
33 167
838 251
302 153
928 130
526 104
144 666
759 915
441 447
394 487
970 330
277 679
855 782
318 122
534 904
440 661
1117 340
265 1073
401 995
589 13
918 363
513 1062
1020 1054
896 348
392 447
960 371
748 943
569 625
336 302
801 912
827 577
1112 128
852 416
425 797
572 562
122 156
911 811
689 1046
650 523
195 39
889 606
1067 632
138 767
385 863
417 849
371 59
164 769
300 301
273 303
549 1106
1014 304
350 185
769 362
505 1065
753 510
298 505
168 903
488 808
442 551
831 427
902 718
446 760
506 247
642 701
476 28
231 279
39 107
477 461
135 696
514 1096
1065 512
548 826
737 609
31 1022
174 446
817 801
22 454
51 819
934 927
181 989
633 540
210 311
327 807
386 596
929 77
326 49
714 580
956 596
233 531
150 976
44 234
958 809
1007 481
346 726
462 199
813 983
444 1113
532 471
982 752
597 119
759 344
884 1095
940 271
665 430
562 839
965 442
310 724
298 299
952 878
445 968
156 151
799 537
354 925
338 546
156 712
571 222
281 386
870 1016
151 813
994 944
1113 834
194 798
1002 247
592 107
225 31
759 1009
982 822
819 438
309 380
1044 606
585 1015
931 976
283 1034
1029 852
851 857
129 544
938 527
108 1018
442 898
998 191
1039 403
903 787
134 206
196 491
382 545
38 146
1005 142
1071 619
1093 522
429 579
424 422
285 334
106 629
195 386
205 1065
1001 444
684 848
233 394
691 389
827 473
646 258
584 392
9 488
902 621
991 329
491 174
623 476
882 1111
395 60
580 721
474 263
108 284
153 362
933 713
357 223
306 92
147 472
202 7
379 890
822 615
306 639
962 147
1086 750
234 170
299 715
1061 571
1059 1022
200 1050
610 797
1092 409
324 750
541 488
1007 842
207 760
268 417
768 462
388 283
165 917
1038 772
652 465
532 650
450 172
623 163
308 830
652 396
846 950
695 1018
359 702
92 529
0 387
781 207
722 722
850 893
951 994
72 1094
587 971
1056 323
732 922
366 1073
301 189
681 356
884 300
1000 507
642 877
12 341
1092 461
428 96
787 733
605 126
870 842
418 219
718 871
902 701
752 780
560 919
308 306
950 736
705 729
1022 842
561 830
166 302
647 771
75 455
488 171
331 488
653 437
614 748
192 47
202 927
388 940
221 53
807 585
604 527
548 451
994 45
321 465
550 1092
1008 328
784 871
570 421
578 687
852 259
683 726
859 612
915 147
544 850
485 801
365 678
970 153
574 167
570 803
783 643
288 319
994 200
533 940
530 968
248 806
112 821
200 951
669 850
611 575
283 118
217 900
395 1023
195 1062
766 586
879 633
648 70
792 408
522 264
705 984
888 359
563 202
201 210
647 140
399 253
545 332
129 638
127 131
442 872
661 54
911 324
361 689
181 888
922 899
143 530
780 950
721 383
474 447
570 931
703 892
227 563
561 578
135 579
928 796
515 377
351 544
217 597
49 479
669 525
290 540
249 813
949 110
841 215
301 817
914 951
568 689
674 637
959 552
904 174
765 368
411 307
457 365
929 524
973 73
329 351
452 555
913 546
390 807
329 505
776 682
659 21
858 81
723 603
712 1000
149 661
652 473
15 230
615 404
50 868
807 745
449 689
808 901
59 23
326 266
309 907
179 171
816 800
365 1040
733 250
402 617
575 867
439 896
692 461
821 608
125 139
933 278
268 907
938 933
867 950
646 572
692 439
386 2
1105 221
409 928
981 194
614 1073
1015 223
1004 314
404 663
219 877
267 874
273 791
51 1050
1122 1089
654 678
412 750
499 249
153 567
659 142
246 328
685 375
908 331
422 751
845 808
180 230
649 109
409 448
817 364
61 468
73 1026
260 913
249 764
248 292
432 100
30 594
508 552
2 362
845 1117
458 411
833 485
30 369
551 944
100 869
463 1051
563 660
373 865
787 539
829 857
587 1120
651 80
485 530
467 59
539 951
315 402
738 334
343 423
986 594
657 734
404 353
178 796
694 316
480 196
379 881
96 739
625 640
786 690
331 949
884 1109
535 976
488 494
255 975
401 219
1007 181
891 984
1042 741
930 707
443 352
316 179
1065 437
35 908
440 139
1074 275
637 172
677 157
156 316
250 1018
928 147
854 1085
102 957
718 922
516 567
679 807
452 443
307 904
643 212
212 1012
865 713
705 724
216 69
768 827
788 637
499 801
470 775
574 757
327 930
900 882
874 866
1001 143
478 956
1060 570
948 150
333 197
187 537
248 313
106 770
1115 942
209 447
442 1095
1056 447
825 1066
171 887
307 994
211 324
144 726
229 709
442 335
1118 447
756 294
809 1111
688 455
954 427
128 327
635 361
478 343
797 195
271 774
150 376
1117 894
684 1053
900 625
579 234
603 370
750 601
259 1094
594 1015
243 219
810 246
309 633
847 576
149 1016
500 1022
512 687
689 639
1100 244
409 252
877 196
169 615
506 875
141 687
409 325
163 169
619 542
949 1004
1092 1015
180 917
186 688
1080 422
773 955
506 787
874 494
450 1108
531 503
316 1065
307 398
764 1092
165 363
643 130
231 353
779 38
884 1000
256 133
653 266
359 980
316 267
898 966
917 1043
178 362
191 982
257 678
750 777
906 291
449 774
279 234
79 346
267 388
141 203
216 385
458 462
950 686
150 526
420 315
384 266
345 841
791 412
259 429
831 126
863 1075
956 1019
7 839
482 634
614 630
343 380
122 748
185 1024
896 573
100 126
405 1056
335 277
416 54
900 195
584 471
674 26
348 284
862 369
672 536
1098 104
1020 882
586 793
334 691
142 654
648 682
740 626
980 13
586 529
623 1083
463 101
735 475
1023 897
593 136
367 244
421 902
874 293
380 896
686 853
670 151
718 602
329 446
440 662
1011 58
953 368
462 824
190 943
189 826
455 557
255 283
495 391
223 139
506 338
198 123
939 994
857 547
815 496
729 333
78 1011
921 712
228 764
986 619
795 579
1020 321
416 232
212 96
534 530
599 114
638 925
139 810
265 979
105 448
778 24
21 1091
768 938
613 802
599 585
572 958
749 1013
160 525
295 918
759 544
772 960
946 450
810 342
101 90
304 335
737 210
280 855
815 917
1013 152
854 173
434 601
282 415
923 454
52 517
849 704
77 864
426 952
1055 163
987 766
827 856
104 116
457 203
763 952
34 844
300 483
1020 472
673 507
254 840
271 991
151 511
452 336
701 552
926 414
990 957
399 438
356 1040
970 224
1064 837
137 481
644 785
567 693
1035 928
109 297
217 200
624 109
303 283
510 13
982 451
177 804
830 1037
835 940
921 275
588 155
263 246
764 635
434 172
69 705
251 210
408 529
405 1121
934 393
432 264
785 494
344 439
548 550
384 764
576 616
195 586
119 471
877 122
470 558
351 964
542 373
724 754
531 854
579 752
249 558
195 270
679 669
112 717
685 408
1011 496
972 196
1022 211
1060 870
857 387
818 673
370 273
650 475
397 401
967 947
876 870
561 562
862 668
539 575
709 460
630 600
506 254
305 136
887 241
650 70
966 754
343 797
42 810
169 1108
356 759
466 956
941 141
790 1034
608 825
161 879
320 476
981 431
638 397
949 320
438 561
800 597
541 526
655 171
601 506
571 538
554 797
222 1056
333 161
432 794
890 757
992 900
836 804
1084 175
550 112
162 688
324 837
816 923
242 41
653 1009
792 439
425 451
1017 320
986 255
364 310
616 463
773 655
314 1015
126 208
842 149
799 494
319 672
169 1044
401 255
236 1118
417 408
733 841
409 1072
585 633
681 152
889 275
548 294
938 254
730 301
535 899
759 681
426 634
1119 966
486 135
875 916
945 481
671 553
616 921
156 252
35 755
149 309
766 910
781 557
575 682
676 320
882 745
3 635
597 754
852 938
278 132
389 24
429 498
975 489
310 510
219 349
1010 536
229 603
228 431
780 269
291 1017
649 728
314 999
822 334
933 371
465 101
617 461
409 157
367 858
653 866
602 1057
820 1005
568 106
737 342
103 362
327 492
908 341
907 157
247 871
344 687
933 826
562 960
830 706
366 619
514 131
538 797
227 519
145 302
431 512
465 682
164 2
744 243
457 825
439 390
430 975
505 155
86 859
643 617
971 873
716 1012
66 981
860 127
814 604
624 1064
814 404
253 674
548 74
629 585
226 581
521 845
110 395
369 775
967 70
840 361
863 525
892 866
363 276
36 563
623 502
59 778
1107 370
753 707
568 267
120 563
312 662
538 791
824 573
296 462
607 582
181 391
130 434
372 368
124 657
135 735
754 445
1057 501
29 926
297 225
949 161
536 833
832 147
388 656
1013 148
726 259
769 822
166 421
85 860
253 126
125 715
715 813
462 715
386 957
1053 680
185 193
899 127
253 444
417 786
817 988