852 916
30 1005
427 949
602 28
800 229
534 154
562 493
130 734
608 107
767 995
618 93
590 514
1110 949
145 957
843 552
506 182
832 267
90 615
569 283
233 193
980 199
1115 1118
1014 531
553 482
631 1109
210 445
671 1006
579 646
686 959
862 555
899 291
238 709
290 99
870 846
918 807
507 591
965 539
146 586
544 758
191 454
85 485
136 872
597 399
201 438
845 721
177 198
866 397
736 426
31 133
1105 676
137 833
774 650
206 165
290 168
770 39
935 181
993 706
73 627
149 381
647 625
953 947
112 198
642 615
132 523
542 89
267 723
732 861
165 126
446 1000
771 596
473 741
1038 659
377 581
1022 926
760 970
881 693
25 635
772 323
908 311
898 289
334 1030
444 322
818 833
600 823
86 688
381 620
268 121
730 938
977 341
205 735
118 719
383 981
578 50
150 704
1046 110
918 867
1007 691
244 608
308 833
987 1086
139 897
344 163
1092 496
912 194
719 652
872 863
65 212
837 409
795 785
1100 357
383 621
404 891
592 778
27 778
205 1114
630 813
325 552
620 683
596 723
828 643
433 271
157 67
824 433
1095 598
587 480
272 346
957 186
805 1039
946 690
105 913
614 980
881 867
505 817
465 407
580 704
711 598
504 230
430 937
963 546
973 405
113 989
649 683
570 825
995 570
868 1109
518 697
832 55
20 136
392 589
335 547
177 491
575 705
642 460
402 370
357 443
323 841
382 410
30 467
1005 612
195 800
969 248
202 655
554 630
275 877
775 869
447 686
993 723
665 587
630 471
105 229
857 569
137 719
923 479
697 679
905 273
878 123
202 421
542 275
908 515
370 1086
159 631
423 661
927 705
542 319
806 735
250 753
500 559
44 943
945 515
609 368
1004 621
706 1121
526 322
160 433
391 187
618 543
361 413
560 331
349 869
1033 614
36 603
791 299
643 20
882 163
828 781
862 939
236 429
1069 830
257 697
441 206
521 679
209 728
860 416
995 279
1058 990
965 323
799 903
623 699
891 588
512 633
611 496
216 39
498 492
594 647
714 242
530 475
380 580
737 1078
645 437
294 652
493 600
428 1121
1026 247
938 713
759 963
391 730
315 1009
503 741
562 890
417 229
398 723
529 435
513 186
892 955
365 228
1043 1042
228 314
969 777
777 772
1072 463
713 119
649 295
171 738
579 125
653 586
961 256
150 838
864 1100
133 903
184 456
118 592
545 1009
934 329
772 2
436 663
802 766
302 950
660 477
250 395
324 451
1036 441
1108 753
363 113
358 195
782 1041
655 515
595 254
647 327
697 470
512 178
276 151
126 373
29 231
327 72
754 450
899 878
316 134
577 269
114 896
931 580
546 962
559 1045
493 240
287 273
508 510
759 260
187 492
781 1085
925 882
841 708
890 169
390 454
506 59
1084 639
408 278
574 503
1104 1026
367 815
665 751
384 289
1057 561
192 960
386 894
703 695
951 703
780 218
440 622
822 776
430 122
1057 893
516 830
657 480
794 567
391 838
530 39
930 160
305 504
648 300
754 566
749 45
836 567
631 477
919 716
956 829
523 476
1116 896
153 449
515 146
551 971
846 45
831 868
493 181
797 468
585 112
146 234
445 523
471 92
554 458
297 137
158 503
179 203
310 304
389 675
244 458
292 369
254 394
829 810
937 990
910 752
536 565
345 694
233 858
1006 705
593 1065
757 676
742 894
687 924
305 821
495 624
972 721
86 601
622 509
826 838
622 66
813 948
217 803
530 253
815 41
702 903
464 499
388 496
154 784
461 635
254 805
572 1004
587 53
454 717
727 992
663 315
4 11
384 649
452 994
486 954
737 697
591 537
283 754
660 308
644 665
872 1055
577 732
1107 163
402 698
989 85
271 306
521 469
563 202
272 470
690 282
921 181
662 529
1052 321
590 129
1119 1094
971 578
745 239
323 510
643 251
655 621
512 878
995 410
273 409
435 616
645 4
653 882
804 804
118 213
873 570
277 877
134 46
278 564
745 340
586 134
395 988
731 971
121 1003
367 843
446 105
909 503
135 438
531 915
16 370
800 798
911 666
185 185
505 870
335 660
735 437
416 171
828 47
583 201
335 211
679 592
5 900
551 51
947 124
150 485
484 131
638 162
151 169
956 51
77 94
925 1064
563 717
1040 773
280 219
409 835
650 622
156 822
257 1020
139 327
508 990
808 1071
41 964
951 207
151 742
528 989
659 759
360 326
1112 190
85 444
168 681
242 557
564 998
820 1001
921 261
111 686
521 412
60 316
724 792
947 506
364 861
791 644
842 812
792 449
1015 721
777 342
884 735
331 614
304 566
381 508
682 426
925 445
133 768
622 176
36 747
666 669
790 374
383 741
813 523
117 1041
43 819
931 638
932 808
715 309
239 424
761 428
130 779
395 228
1012 151
637 1077
234 531
597 1000
468 980
678 929
613 983
776 126
515 410
695 651
417 296
393 940
1041 344
914 222
866 46
451 620
630 490
999 660
65 552
162 764
412 1071
822 999
453 669
503 710
646 620
493 1060
662 908
751 807
574 633
7 253
677 789
668 445
242 442
243 403
671 225
234 942
775 922
482 201
960 952
1003 662
701 531
101 498
421 248
244 794
611 829
371 283
1024 416
206 960
806 335
1001 954
463 185
286 294
104 594
645 133
884 51
589 21
943 247
875 670
920 789
960 992
294 120
288 1014
578 949
801 699
25 346
785 531
552 262
740 766
1102 106
397 829
422 286
707 876
613 721
839 447
822 906
619 495
142 913
1057 938
812 318
877 440
724 507
416 869
483 463
677 538
954 57
577 669
375 575
406 254
999 530
925 891
589 259
605 772
677 496
90 596
691 492
890 115
606 121
792 631
115 1072
266 883
572 1031
1001 226
86 392
655 797
316 302
673 13
542 547
342 104
367 253
131 925
959 948
672 512
1002 675
818 818
1000 221
890 479
979 942
873 467
846 449
373 529
167 255
972 540
755 151
830 681
826 1046
1012 406
453 414
167 282
2 349
722 381
448 990
412 652
272 548
1009 748
16 513
719 599
731 552
180 478
1044 513
309 140
936 1113
613 172
608 4
1015 471
43 783
417 67
220 605
474 129
242 434
837 513
635 847
967 317
1019 560
246 894
461 271
315 824
610 76
411 961
785 358
456 497
461 545
477 615
592 498
731 610
266 660
434 730
138 1022
516 747
270 487
891 659
222 358
865 857
757 248
1032 158
609 404
115 978
596 191
112 983
421 900
559 584
855 340
882 148
509 396
1006 900
797 333
341 452
310 269
661 434
291 944
757 337
125 580
398 55
611 519
284 694
610 1019
509 489
618 841
414 865
931 857
301 831
816 919
514 940
1020 207
769 1099
727 92
735 612
764 638
738 306
123 45
175 814
1040 337
39 179
820 490
559 779
338 852
553 565
84 301
525 623
789 464
395 236
889 909
900 964
343 733
200 300
172 1102
836 229
968 314
92 762
368 449
315 678
1020 440
842 109
357 632
445 662
491 443
917 741
273 515
129 260
631 1065
343 524
522 602
207 904
1117 977
197 315
294 197
800 443
40 530
952 639
460 991
348 732
163 1113
325 308
745 804
331 458
248 781
518 475
648 473
659 249
863 735
288 662
605 973
712 516
661 806
539 319
995 459
557 470
938 1008
693 290
833 601
497 447
327 686
527 864
301 589
990 772
1023 265
830 231
285 456
893 840
895 711
731 425
474 162
864 221
39 231
332 416
1002 1001
602 1122
903 979
825 36
259 866
407 113
823 904
327 547
734 541
130 415
899 511
864 821
783 206
669 615
319 552
842 394
424 114
276 470
369 137
844 643
357 895
290 613
144 837
948 312
682 656
299 143
809 327
819 493
1019 938
96 543
444 249
1022 724
1093 1010
546 607
950 285
1039 166
1115 269
427 588
914 294
491 698
745 887
751 211
580 871
730 774
1028 22
189 476
611 485
858 284
133 976
824 648
111 699
844 417
517 752
27 810
786 534
389 466
814 614
964 563
894 310
447 410
420 348
696 1094
770 179
637 526
435 372
178 320
927 108
714 217
713 537
448 904
1053 841
171 348
776 660
401 452
316 955
72 214
115 253
1118 438
602 1065
295 975
1082 498
656 1037
724 881
193 354
995 615
579 17
361 875
892 356
632 586
374 784
189 170
799 226
982 979
169 209
985 591
833 144
441 955
890 330
681 336
426 709
680 454
100 362
637 338
871 289
526 1093
351 488
649 542
363 1024
810 852
306 657
100 176
753 112
259 791
820 702
327 44
715 691
832 410
268 539
737 486
254 302
571 114
625 458
464 154
403 195
156 347
918 461
422 787
840 921
726 484
502 993
929 203
749 330
914 497
649 302
542 528
448 446
1082 570
606 279
799 518
897 883
911 605
255 160
193 830
758 821
608 683
409 569
282 572
616 552
261 596
177 1033
956 695
77 833
608 260
543 375
762 399
604 585
887 296
83 942
900 475
92 106
328 850
935 266
991 203
933 10
878 516
190 22
788 195
141 255
460 1080
521 145
832 330
972 705
482 343
384 290
881 400
1008 414
632 686
713 792
903 675
426 771
884 204
30 954
1003 285
935 121
367 346
606 15
120 755
441 559
979 850
652 674
625 39
476 734
1107 826
996 454
369 718
417 1028
980 562
808 1119