398 81
540 806
561 420
189 731
729 638
685 539
374 179
8 607
966 452
193 344
724 662
1055 1094
428 676
58 840
591 706
425 189
812 533
188 147
966 647
735 981
890 359
448 692
807 778
122 625
1024 592
195 648
1047 579
201 1114
443 674
456 723
1072 381
210 735
775 321
978 273
725 301
986 302
851 554
363 946
389 388
266 588
620 919
289 735
866 659
202 474
460 798
803 549
434 866
526 749
836 607
40 109
1119 768
244 653
254 976
728 223
632 725
632 118
562 134
537 912
604 945
204 604
158 1017
179 184
382 863
512 367
914 311
644 996
13 506
887 923
684 178
398 1091
1042 919
428 731
23 785
524 413
516 696
226 993
620 674
416 480
937 763
240 863
1072 208
944 107
138 113
574 0
855 408
1012 709
348 384
758 1119
789 625
994 802
217 350
903 567
469 84
275 118
558 664
618 739
879 817
699 865
158 396
72 868
486 376
660 376
948 555
510 238
691 911
452 256
570 492
357 857
865 982
754 955
110 382
234 788
655 325
405 525
590 401
915 134
1014 996
101 281
799 298
656 941
936 224
920 574
142 1055
623 630
919 998
935 985
882 239
644 187
1053 1009
990 258
390 672
306 456
117 195
639 957
424 129
368 452
497 674
415 960
360 127
321 303
768 142
856 246
1090 198
224 941
321 1055
446 922
682 502
777 112
490 1021
298 681
1014 123
18 988
161 182
834 639
1111 803
643 321
547 941
303 95
203 868
603 356
926 182
773 583
353 676
976 255
733 18
1118 1104
304 26
190 316
529 57
664 420
142 160
521 759
393 132
1042 719
554 478
295 921
162 638
347 529
538 798
735 318
177 539
483 17
1088 842
561 494
458 513
848 356
949 433
655 983
643 288
939 961
108 368
749 242
372 704
40 311
118 534
930 409
26 737
946 776
1079 114
233 153
290 758
972 44
457 490
189 434
828 381
865 973
154 1033
782 489
215 162
1005 969
160 554
341 542
1023 79
769 819
915 506
464 357
1060 1
195 210
331 776
836 81
666 330
1051 417
955 539
112 228
283 336
208 720
160 503
321 143
695 1075
25 698
764 587
840 633
505 986
885 338
1098 1091
550 777
196 806
131 357
728 644
197 764
895 910
450 235
443 5
172 1040
161 528
915 272
783 972
651 766
548 359
682 89
71 616
880 356
260 297
192 476
761 612
435 743
913 933
356 654
1088 795
427 800
948 179
581 103
725 229
879 445
576 177
298 392
1106 224
543 218
290 1107
154 151
293 836
412 801
216 125
988 632
750 835
783 359
1022 872
505 401
682 1023
354 891
468 466
133 1001
234 909
453 308
323 653
985 442
638 369
1067 975
606 255
508 1012
116 601
190 150
512 311
773 396
406 574
331 706
105 639
811 650
493 321
744 712
446 645
581 366
959 366
452 923
646 240
362 1065
1015 454
294 930
46 315
899 567
1004 467
110 410
390 705
196 171
882 1093
206 567
888 757
935 702
664 240
602 937
825 989
920 253
896 753
798 1044
811 657
442 812
213 859
535 716
898 449
952 706
499 534
485 297
688 678
613 360
355 1118
103 214
452 395
493 894
664 269
625 966
997 292
625 929
195 550
738 413
379 327
687 1015
33 321
1032 325
908 1068
1000 374
864 1056
642 951
744 450
681 180
706 1057
457 247
433 450
482 668
125 444
279 1048
624 378
274 881
1037 906
206 251
865 146
856 248
736 401
547 757
116 649
284 865
652 386
969 847
240 410
260 944
631 863
766 261
288 721
127 717
822 326
433 927
790 744
606 978
279 916
739 41
1065 107
685 204
605 299
93 190
466 887
415 282
463 987
735 489
178 38
96 747
955 11
840 818
487 1005
832 1010
735 803
988 889
727 815
22 772
152 880
321 955
720 477
1003 878
833 436
770 334
811 224
707 788
1028 784
911 643
244 168
712 851
738 166
443 365
959 411
383 785
746 249
969 462
972 153
608 1000
9 764
603 988
228 713
978 393
738 119
814 149
940 716
413 645
569 530
200 447
202 472
342 274
890 535
1093 337
629 302
534 1051
818 624
303 571
276 454
371 358
403 936
341 794
476 670
742 430
757 1110
328 518
165 719
452 824
79 970
233 12
993 447
1077 69
962 605
968 754
57 479
104 204
271 11
457 475
200 688
685 248
405 250
105 712
913 871
473 650
882 184
401 588
879 716
278 760
194 299
784 906
210 895
720 706
347 265
976 750
152 458
121 996
182 715
981 544
989 391
1093 905
909 266
829 412
470 60
1007 1052
483 893
917 717
752 109
923 171
1076 521
691 475
161 650
722 138
972 972
618 837
714 795
873 4
899 658
150 42
227 503
489 505
47 262
525 767
530 543
281 463
1116 184
442 347
21 635
832 290
101 388
918 175
486 966
835 577
765 697
682 199
799 998
909 151
408 1122
190 681
407 1023
650 412
891 917
466 1087
891 858
811 438
906 22
927 261
694 595
189 202
934 742
847 795
812 185
833 948
444 323
498 596
276 676
854 794
862 807
985 134
338 559
763 662
579 712
719 575
707 778
253 163
197 129
703 708
835 1021
143 610
609 650
1008 617
1042 102
1005 682
621 576
121 718
597 942
632 11
465 317
365 280
916 210
725 786
931 242
316 903
570 1022
158 862
240 383
256 910
537 573
1015 918
619 612
292 226
227 755
810 147
655 721
961 549
500 659
948 998
485 567
364 550
570 961
757 593
659 878
874 909
688 850
836 733
882 762
468 712
387 263
57 1078
562 1092
495 190
420 919
825 68
818 1016
693 686
669 657
494 568
953 993
810 939
351 365
68 462
396 874
160 882
190 316
77 582
393 798
171 909
499 418
422 340
1049 305
66 739
146 627
848 314
812 217
364 1011
161 181
664 947
524 796
356 366
134 86
207 517
412 1038
365 935
294 191
226 62
90 684
15 464
980 809
691 384
352 927
404 1004
506 305
638 185
275 377
139 766
292 993
869 924
882 822
585 104
198 182
277 492
738 752
815 571
645 379
111 1053
346 515
842 1085
337 796
1120 999
927 205
187 1016
137 930
1113 819
19 618
67 965
253 910
807 673
1050 495
628 558
1042 671
844 1027
549 772
922 912
947 602
228 224
320 599
807 828
862 395
625 535
930 530
931 581
494 846
376 168
1061 1010
977 119
343 414
146 890
157 1002
860 491
470 7
372 831
503 669
299 955
886 555
599 257
473 662
918 660
996 577
72 297
750 342
142 670
419 913
185 299
584 836
457 470
833 249
1070 825
596 888
692 838
344 836
1010 876
103 306
950 376
548 109
95 332
636 568
500 445
568 151
505 337
327 406
291 572
430 536
1044 827
200 481
740 859
227 171
873 174
813 981
541 24
253 186
646 568
86 1024
329 923
367 153
539 630
384 328
276 512
34 126
821 540
764 868
368 91
157 641
870 833
218 753
193 45
302 528
715 404
1034 1047
982 103
511 871
741 1015
432 195
410 559
645 592
641 469
429 708
308 949
783 687
208 895
79 855
700 95
136 1017
31 236
343 996
311 834
527 695
544 327
426 622
147 846
564 919
928 278
604 344
413 955
363 195
719 367
316 1102
904 853
653 889
291 134
555 208
953 684
282 402
405 152
257 177
49 518
226 908
738 896
38 181
497 627
1041 439
715 362
890 312
947 953
710 316
509 393
494 1090
946 246
720 346
778 700
360 728
762 1023
630 198
623 1050
866 273
377 679
1018 1108
812 834
434 898
704 49
313 999
895 287
455 930
208 460
272 531
441 177
700 161
761 736
815 845
359 840
1098 399
894 277
359 239
954 879
767 489
862 341
1014 516
848 273
925 1112
909 572
650 512
792 85
388 192
278 594
141 250
570 80
161 1116
839 606
222 361
1085 852
713 258
51 654
1020 666
735 159
632 312
307 977
985 65
113 325
842 978
1013 510
927 563
632 564
642 146
27 41
743 938
797 793
268 122
390 166
88 754
918 730
1120 307
777 1044
997 1030
667 692
575 905
386 649
742 434
673 1091
500 1004
324 32
917 411
1091 139
988 326
927 976
656 723
876 71
862 145
598 808
137 1094
942 936
449 388
377 639
625 623
86 453
590 676
293 176
60 291
853 738
999 974
710 185
44 486
289 526
952 177
784 336
660 657
370 364
984 628
546 549
658 337
893 743
731 646
1006 301
269 1067
381 822
566 123
711 374
499 785
1029 793
187 26
1094 209
142 678
431 283
139 247
453 163
997 832
320 416
516 762
903 404
656 153
161 463
715 948
1027 224
785 93
328 840
810 702
480 456
254 232
157 105
655 192
630 674
350 292
77 201
1037 739
844 710
335 446
811 171
447 1012
804 1006
1067 852
330 269
684 230
1002 231
870 197
1092 733
234 364
965 362
59 998
886 709
975 825
725 618
463 276
33 87
1091 477
115 602
811 1083
1075 365
432 762
444 699
865 589
780 522
90 429
347 963
509 109
506 732
512 468
410 553
155 353
141 250
694 907
1081 443
117 732
1051 170
471 865
194 519
799 703
205 408
710 804
546 53
898 1075
312 782
813 674
563 1075
911 637
726 889
841 358
700 663
693 701
618 951
332 612
569 361
511 438
319 475
462 793
960 327
991 619
1050 939
556 265
280 152
167 368
867 457
347 980
1094 985
785 234
1121 754
373 672
871 787
306 528
731 249
609 600
519 834