998 923
740 617
815 611
401 329
246 582
300 83
799 975
867 196
915 583
675 855
863 654
216 394
924 583
688 245
333 1049
781 918
811 289
369 372
211 735
110 493
630 836
599 900
693 217
902 545
234 681
607 653
700 712
812 972
660 164
650 734
518 335
719 425
401 665
925 124
210 476
375 865
886 196
530 643
469 20
451 561
965 353
742 382
269 930
232 689
586 833
761 644
297 361
492 336
678 746
169 137
724 482
445 402
427 248
935 900
764 1000
741 856
387 534
952 920
199 601
265 945
521 1030
133 361
349 899
103 786
495 221
843 989
393 153
294 652
1021 967
988 856
573 472
982 514
953 207
613 304
1029 512
933 661
707 832
566 988
408 766
844 218
244 952
997 959
814 809
436 530
327 688
251 766
683 759
121 402
866 566
773 704
153 211
282 947
278 107
820 404
246 661
150 351
672 517
829 866
212 27
993 306
945 206
202 82
569 771
6 437
944 1044
960 876
786 231
83 940
380 373
551 526
540 688
479 841
1109 908
541 483
737 436
247 375
496 319
355 754
1007 328
1108 305
434 380
398 634
739 375
151 40
118 71
887 226
803 901
414 319
961 243
332 139
311 127
573 106
748 1003
797 528
330 458
849 461
1000 300
983 409
435 919
304 718
532 711
141 959
873 532
295 540
264 869
402 555
935 217
134 677
128 419
176 1120
582 538
184 529
370 536
652 976
655 899
357 526
1088 736
239 966
542 556
446 1011
663 679
287 798
947 691
632 775
213 542
276 40
643 597
722 71
163 298
851 835
268 661
698 315
364 464
294 560
637 105
939 512
846 1026
130 535
228 982
1022 311
613 140
912 391
240 173
721 886
262 346
382 824
549 340
798 601
991 111
699 1103
552 895
823 698
859 607
189 1052
322 150
960 647
223 213
239 762
740 576
518 549
544 271
251 529
779 472
123 731
909 605
692 672
550 239
620 633
1000 548
304 1072
727 493
66 420
547 738
774 681
303 66
1049 253
1006 79
1004 362
669 180
908 463
532 386
827 886
69 406
71 997
342 445
137 318
937 806
400 817
1032 401
238 902
729 369
971 485
160 263
903 900
835 735
874 223
496 967
183 106
483 743
608 900
400 142
473 109
448 605
594 301
182 997
111 197
747 789
918 934
276 107
822 979
128 828
1035 298
840 922
79 450
613 702
816 385
703 1024
968 4
805 251
600 617
288 684
97 695
109 671
451 905
1122 406
976 948
1021 308
132 494
304 53
429 472
104 508
333 883
524 763
518 466
317 103
535 922
169 237
861 730
614 879
199 789
527 732
933 135
709 46
701 375
763 424
152 675
864 554
917 1026
253 104
508 564
1016 916
809 50
382 1099
601 343
991 239
880 1104
421 297
629 405
833 471
791 225
305 563
664 262
693 41
239 469
282 814
936 414
659 842
475 656
764 756
526 105
757 391
852 645
606 738
568 588
1013 713
988 949
89 691
565 493
476 834
814 917
1004 565
1012 876
608 987
114 398
817 696
1093 27
613 189
698 379
62 498
598 257
666 314
466 558
754 539
119 819
893 226
588 1003
637 229
574 273
415 581
992 746
158 790
565 840
620 417
1086 473
670 526
831 1070
824 882
103 18
439 820
870 722
749 286
380 380
974 168
968 910
672 721
323 439
439 809
421 25
349 498
159 522
262 831
155 758
472 362
389 759
775 788
266 415
141 1118
354 612
1006 483
345 364
673 6
614 864
287 14
239 182
460 763
859 369
973 575
210 161
16 506
202 615
275 705
460 149
530 318
582 759
226 670
224 980
371 267
1036 1010
350 432
458 594
96 805
697 635
17 242
580 528
171 869
228 883
870 887
658 394
75 396
948 608
821 228
503 363
892 393
939 698
385 1012
829 926
703 216
257 621
209 452
306 178
530 273
282 90
902 1021
389 120
250 828
652 324
873 125
517 737
478 9
650 319
639 708
482 815
341 343
123 974
716 1035
1122 1089
264 429
240 315
1104 784
846 666
466 939
438 463
717 685
898 532
905 316
497 486
114 519
896 811
689 629
880 267
631 974
902 212
822 721
598 959
589 452
723 955
379 972
518 421
579 382
662 502
224 693
808 410
577 366
367 443
478 816
1062 263
493 120
628 714
104 436
432 564
516 583
126 3
210 526
824 498
566 122
473 103
528 477
363 484
200 391
711 219
482 208
230 587
881 976
510 960
773 159
170 79
232 642
789 279
831 442
793 106
46 486
691 687
762 26
762 286
854 404
1025 822
379 484
1016 418
748 203
234 1015
383 138
676 914
396 1076
866 685
373 957
495 8
434 971
420 223
427 108
561 839
115 436
851 625
144 499
933 912
170 213
514 630
374 845
106 465
217 821
556 349
541 415
1027 417
75 754
957 82
935 889
88 1030
678 464
406 213
193 448
895 671
978 467
197 429
335 814
324 507
341 140
443 304
787 1071
414 1055
385 804
612 125
474 874
323 773
754 440
866 512
765 596
24 504
438 560
467 382
95 136
122 497
393 692
950 573
515 879
774 955
731 580
978 991
173 134
663 1002
112 802
128 1018
175 502
278 961
1046 720
540 239
308 535
341 584
605 539
903 856
978 659
513 781
481 640
680 960
994 748
522 606
279 279
230 266
638 887
507 642
535 800
944 739
206 338
795 650
312 162
469 183
1010 183
610 58
28 252
940 46
200 216
1013 177
783 48
78 824
1073 212
942 966
960 436
655 673
172 584
146 751
452 71
968 675
294 316
32 636
402 865
936 561
416 946
5 155
657 716
126 142
1041 154
959 752
247 741
1073 876
822 316
296 391
233 732
745 603
117 874
1109 618
80 377
867 231
185 226
693 267
115 220
832 945
1041 909
97 941
1096 427
1022 1105
989 771
131 275
747 592
190 714
744 514
504 878
345 201
428 898
852 828
332 427
292 983
811 181
975 764
990 418
938 192
654 812
945 408
270 104
151 772
624 979
390 737
801 382
660 410
1117 778
193 433
276 545
198 708
390 611
774 622
125 376
677 520
81 498
966 903
168 784
605 911
167 623
190 487
780 836
240 950
293 766
319 692
736 653
652 871
187 770
885 997
858 983
434 286
16 913
627 660
223 572
197 689
716 501
869 156
161 870
654 513
868 559
286 942
340 305
351 323
961 367
35 973
1077 358
598 858
145 157
963 464
250 10
271 762
645 724
988 144
340 894
537 680
1050 420
928 518
91 211
981 763
816 712
1027 140
1015 880
120 419
158 63
714 899
65 1026
628 866
60 306
857 259
413 353
281 717
47 317
530 985
671 893
845 910
368 309
104 169
1058 184
439 226
765 338
614 235
508 439
286 27
599 311
41 362
81 570
277 798
3 622
729 198
687 244
759 741
921 265
549 498
111 970
786 510
464 997
970 694
271 229
865 835
992 648
853 558
562 175
918 831
470 915
988 852
927 580
308 496
1059 693
503 843
566 878
456 479
470 812
158 1099
494 277
549 1010
157 245
484 649
905 234
481 987
376 733
806 309
696 1018
890 1061
839 1006
453 796
452 553
257 510
990 963
735 274
693 58
933 815
696 200
223 618
963 656
581 503
665 339
59 689
320 710
1008 141
715 730
441 973
1023 6
960 962
530 938
160 116
1036 216
9 333
600 253
333 690
442 205
385 156
794 249
169 914
128 593
849 513
104 418
634 394
377 427
480 771
785 490
314 819
584 770
678 784
997 930
1009 247
136 726
358 691
185 824
755 340
448 580
498 329
231 803
271 369
472 961
790 824
459 818
228 166
931 231
686 428
263 222
677 499
423 306
886 738
967 313
705 713
893 581
508 220
366 378
641 438
158 752
609 413
104 291
297 1095
618 1070
638 1001
198 219
408 457
933 94
314 755
797 704
192 623
373 339
355 960
215 689
643 601
690 992
978 710
872 709
114 669
866 729
787 347
42 410
554 211
713 124
59 814
489 285
817 537
594 275
782 571
104 845
1052 996
420 825
708 699
1075 294
657 927
349 389
148 780
603 435
396 518
375 1064
512 923
525 691
1123 78
1122 967
371 983
491 792
779 284
423 993
703 359
1001 892
963 551
981 741
460 949
513 735
30 1104
419 184
17 959
264 171
761 343
731 1020
813 926
934 943
1078 847
921 964
842 768
498 756
625 801
1085 705
256 543
740 294
918 314
452 214
1016 583
746 45
541 220
152 246
702 809
595 826
198 419
953 454
1005 927
223 726
844 496
124 302
601 223
205 986
858 658
116 808
1081 982
866 609
982 473
548 696
819 88
89 992
356 834
751 498
319 874
726 997
435 524
180 437
449 182
898 834
353 588
399 1000
128 119
826 111
618 419
389 778
553 785
128 970
533 367
511 974
926 618
456 828
827 903
396 272
423 908
716 733
81 453
1019 267
502 1010
825 894
808 288
674 801
654 360
1008 288
762 756
418 1028
443 200
990 142
735 186
244 782
300 81
628 691
198 496
141 492
477 1102
1063 794
210 152
827 48
745 144
753 522
642 1110
1018 315
895 1101
662 427
977 360
848 343
447 318
320 571
784 297
769 851
514 1043
4 581
305 938
504 477
450 252
379 176
504 422
176 890
438 205
858 475
544 797
1000 75
107 283
986 590
52 869
291 212
300 9
8 490
524 722
509 360
418 659
342 517
589 932
644 329