1117 748
707 654
856 656
738 960
948 261
1024 885
620 147
619 449
372 230
276 974
557 565
578 253
100 1065
207 290
892 826
86 319
761 684
150 883
964 558
820 366
1031 137
1012 673
1 937
316 314
293 13
908 659
730 249
112 945
905 995
440 515
390 886
954 697
230 969
1045 1083
505 36
721 408
813 198
484 935
124 543
708 286
495 856
643 580
279 1018
634 636
619 619
690 194
255 409
383 595
445 585
335 608
511 947
258 6
430 537
410 127
1040 706
409 153
145 875
289 615
332 563
497 636
1010 452
229 456
240 829
963 981
195 425
820 267
558 746
271 14
1041 1091
733 381
288 917
153 1103
762 1008
951 36
922 877
699 268
954 689
794 978
407 280
336 585
433 717
100 868
976 322
577 311
734 212
949 29
730 460
815 122
656 141
819 870
210 560
293 683
1001 210
951 755
367 454
1004 119
16 526
71 147
333 1013
386 253
670 703
298 631
979 464
510 147
218 13
1119 268
947 548
392 769
630 726
886 1052
481 249
830 1060
871 310
1005 781
216 537
303 806
483 735
452 698
901 1031
376 832
738 693
1025 650
526 284
666 446
583 182
157 193
215 402
582 828
831 794
894 1042
79 197
381 9
790 574
779 391
154 219
352 827
940 879
739 222
228 416
993 474
467 375
838 319
448 124
491 930
799 691
226 703
455 575
1039 583
222 622
199 177
197 180
510 617
645 291
452 337
320 1014
143 219
947 798
456 287
700 29
63 579
862 459
473 200
328 930
336 270
867 308
705 571
1001 1017
922 340
944 695
91 241
297 969
494 156
719 558
475 296
178 735
233 644
520 967
387 892
732 681
286 371
952 258
191 497
180 786
448 789
633 789
722 579
262 1045
953 741
127 395
646 929
266 614
489 749
580 176
465 547
314 489
556 120
709 160
234 270
704 346
748 483
8 292
792 623
3 556
988 707
289 507
563 949
461 577
39 135
407 992
537 350
297 216
610 490
1031 715
1003 679
182 436
306 821
320 270
341 668
647 524
815 193
229 1015
489 649
770 116
692 891
666 972
365 968
833 729
444 973
934 151
168 832
818 794
406 435
753 216
1049 1011
247 9
254 461
300 644
608 1009
528 871
770 624
214 557
715 483
632 852
718 236
683 203
139 769
411 481
1060 7
986 650
204 924
762 712
1009 879
293 231
752 532
1036 386
858 1036
353 1004
85 695
731 434
896 1101
519 900
858 150
939 567
472 215
972 110
142 610
189 158
812 1025
524 940
865 796
414 977
632 955
792 496
377 115
384 346
1006 954
804 118
223 154
788 421
1099 1116
200 589
975 199
679 135
615 331
710 475
540 303
65 981
329 514
1019 290
201 823
480 793
652 177
915 616
129 7
302 845
499 702
183 300
544 18
1053 813
1018 409
523 344
1111 631
211 726
547 233
155 616
452 474
832 553
1086 915
988 496
424 855
161 629
294 198
902 787
1095 1046
873 694
157 496
565 1039
107 623
263 419
148 281
490 220
738 898
761 544
1100 463
136 208
891 658
324 64
38 537
630 1006
781 848
658 874
853 1069
134 657
193 832
999 963
630 826
417 869
643 856
834 326
511 543
469 662
484 138
336 521
829 833
726 417
435 777
929 338
212 834
900 198
95 808
866 821
511 1012
841 973
855 151
408 565
157 337
296 1077
138 390
360 197
1110 695
744 564
407 846
923 747
631 252
928 663
111 46
1059 715
434 1007
617 633
110 557
636 168
880 871
556 754
661 390
634 718
912 160
761 690
747 297
911 520
331 230
430 1004
615 1116
722 524
327 979
650 962
1096 208
510 307
446 183
434 158
461 533
929 167
981 936
941 961
789 1114
638 550
167 687
1039 171
97 599
682 314
533 134
820 144
453 909
495 462
277 482
121 811
1019 119
1004 1029
532 612
748 266
911 554
17 685
1090 989
824 789
692 564
425 929
874 500
700 460
789 1088
106 603
496 144
700 126
741 386
98 386
465 557
225 819
344 935
755 1114
630 628
337 1036
807 430
728 936
557 769
814 1118
784 222
374 578
614 655
164 641
596 177
678 384
152 377
435 871
312 473
1003 704
1018 1080
1046 638
900 475
233 951
238 440
948 300
263 85
106 235
85 275
901 212
529 522
172 58
741 1011
972 363
1015 898
257 199
209 52
53 369
450 448
997 566
353 928
463 175
952 825
867 772
552 569
1094 909
674 710
283 537
204 882
525 839
229 489
1054 322
689 887
968 65
793 934
445 523
463 352
540 784
797 180
1108 266
131 393
334 174
880 508
905 465
1013 670
164 423
218 797
933 685
737 903
722 493
481 235
1050 1091
126 930
32 536
668 927
1015 902
790 317
572 901
996 949
343 227
189 1055
1081 431
318 291
323 732
669 264
736 603
946 364
975 1060
951 779
756 922
79 605
289 841
869 1123
279 454
933 391
949 1067
854 668
593 393
841 710
799 332
37 574
144 638
772 1051
410 1044
1078 1094
884 915
604 296
30 667
184 165
828 947
730 557
1116 587
357 303
119 1051
803 69
832 721
982 492
333 803
352 1068
864 637
232 539
928 826
957 810
485 405
123 802
308 858
653 429
501 408
599 254
1072 239
164 659
561 997
1122 473
929 843
300 997
705 455
879 718
1015 423
985 342
638 751
654 792
529 1023
581 511
1014 523
262 657
775 269
637 142
790 94
718 701
532 960
241 912
175 539
885 588
929 256
416 367
931 587
922 722
294 172
138 380
248 328
140 547
642 667
372 1064
1112 439
1106 7
904 687
472 1001
455 701
964 122
545 702
946 1026
1046 785
657 879
859 1024
740 1068
381 662
479 200
1065 964
594 513
1023 218
147 352
373 441
535 280
786 245
546 160
864 185
911 87
386 655
784 366
23 770
987 928
660 676
373 91
295 428
480 864
1045 514
887 454
884 424
631 156
501 975
258 648
618 90
199 977
433 637
448 632
762 493
119 34
307 760
245 898
928 1023
796 405
671 666
1036 734
939 520
321 155
93 914
767 314
755 280
882 861
217 1010
371 53
243 904
704 750
569 566
575 230
221 355
320 422
424 1031
468 595
181 294
1084 830
622 678
219 570
984 987
64 581
853 114
487 77
675 233
638 1037
253 377
319 815
805 897
107 535
468 947
1029 120
263 430
895 792
400 881
893 629
681 797
505 245
681 867
231 495
592 792
729 597
108 296
572 260
453 254
652 1041
337 773
998 714
713 1009
356 1051
143 192
233 207
229 787
797 630
270 48
442 557
663 361
377 833
399 427
384 270
128 262
829 188
96 869
306 483
305 983
674 569
686 148
939 308
705 342
845 553
653 483
198 524
362 159
71 727
551 119
850 101
32 959
845 31
849 572
471 676
805 192
1073 924
397 1078
159 713
966 944
623 856
814 247
570 192
788 583
617 491
271 718
631 369
556 18
900 713
837 476
632 180
315 517
345 895
542 373
525 1045
891 949
429 879
760 962
858 526
1115 284
841 195
631 138
961 169
394 230
770 24
999 567
489 954
1006 166
738 833
437 368
574 420
1019 850
437 964
225 141
878 783
358 553
1101 349
728 34
809 104
937 291
191 123
284 918
370 616
288 498
164 190
248 344
888 59
905 826
857 895
246 815
446 842
928 741
319 963
533 623
455 1090
969 466
251 250
785 97
603 843
856 161
951 235
368 494
1028 803
96 105
352 456
415 102
214 145
889 538
486 966
309 231
152 98
313 889
391 537
557 660
416 239
612 100
483 397
315 892
663 772
982 964
657 858
607 299
598 98
528 925
521 104
321 664
642 109
604 866
569 287
469 131
513 663
251 728
1 302
202 106
383 133
8 516
438 675
625 517
1003 581
725 911
370 466
934 94
827 606
796 597
122 601
433 86
551 327
375 729
151 811
316 801
658 366
1014 163
878 901
554 198
219 621
1001 800
1000 1068
641 173
925 764
797 985
642 720
748 596
352 712
704 934
206 428
1025 485
22 779
818 1014
1009 264
727 881
111 1117
956 609
371 259
314 454
278 815
400 822
122 323
780 647
1121 772
619 1102
303 708
315 772
105 957
441 6
679 526
735 340
496 618
407 281
283 788
330 901
585 893
179 597
312 323
285 949
135 353
472 832
32 868
590 519
202 1011
140 572
360 146
629 550
1056 90
621 465
872 616
839 95
105 465
215 667
494 468
30 550
732 413
56 1095
955 769
162 1007
116 881
721 1120
604 955
375 1062
981 644
731 847
994 530
97 162
752 226
669 885
635 32
288 323
698 863
1003 232
375 961
450 935
61 190
268 1113
323 690
1018 357
133 392
862 286
529 600
503 919
885 201
1006 646
86 144
137 777
652 793
800 494
955 972
414 920
712 165
806 447
1005 159
519 700
422 784
29 259
286 691
6 285
660 987
535 635
937 644
957 459
249 577
311 806
705 332
863 552
513 494
811 73
131 170
567 626
287 195
557 905
1071 1020
162 403
821 274
473 1016
963 236
519 133
519 488
488 920
720 616
941 767
720 927
66 417
163 552
399 902
783 271
630 372
813 884
819 746
364 422
1057 678
740 210
941 513
65 717
857 863
944 764
710 203
517 1088
1008 799
1078 954
438 639
1056 840
115 1104
641 325
148 640
437 1087
342 366
684 499
26 198
131 338
1028 834
169 1042
527 554
840 922
718 955
381 1019
811 660
229 370
291 219
593 858
507 916
412 470