469 1067
229 455
335 703
71 52
321 410
417 225
200 171
847 917
786 228
805 771
661 61
864 426
716 196
459 236
441 247
308 887
632 198
1008 767
1028 818
831 301
818 202
628 315
687 665
208 111
328 489
709 509
988 172
445 545
735 651
948 576
398 830
443 115
616 542
326 653
547 733
427 314
959 35
708 1040
935 801
338 8
823 688
299 645
722 418
727 573
206 439
413 105
937 646
835 432
52 412
231 229
947 253
516 224
755 803
953 433
653 943
247 787
927 543
961 927
190 134
584 896
380 573
992 397
177 1011
1046 54
221 183
499 330
188 538
992 690
445 745
731 226
142 602
678 61
237 577
677 626
935 437
902 587
881 806
147 10
301 1043
635 845
499 88
730 726
757 70
697 632
136 551
434 459
691 906
847 539
74 347
841 874
406 1102
671 580
308 715
512 766
679 108
186 379
679 358
300 830
348 869
294 655
1084 934
710 217
515 934
630 308
153 983
572 486
532 269
893 829
334 500
734 870
848 456
283 204
737 506
945 465
258 227
926 1001
212 482
672 356
903 937
99 677
963 155
1022 346
582 901
171 1004
204 686
405 873
561 870
486 676
110 873
1034 426
912 959
955 591
782 999
294 101
70 578
350 784
372 658
199 546
918 297
557 193
331 701
237 892
135 727
879 110
630 559
117 893
81 453
756 446
701 850
193 445
547 403
307 433
723 353
566 177
1035 576
1003 797
242 703
526 740
719 1057
198 305
700 514
68 185
188 376
829 393
437 549
794 858
658 803
1090 255
964 434
277 199
430 243
144 385
950 102
720 683
624 398
351 884
297 892
413 103
217 239
638 376
999 942
343 826
58 84
823 929
690 556
756 940
612 575
1026 946
377 422
235 685
85 478
899 992
763 450
1018 660
175 228
371 807
754 359
994 357
56 737
603 1089
195 120
1065 494
602 364
341 700
1000 393
391 479
1005 963
376 797
433 220
705 628
70 419
820 1099
337 537
738 428
153 819
500 502
164 572
293 149
405 151
899 867
864 786
92 6
857 987
795 945
603 645
548 165
282 816
953 170
813 544
862 88
480 639
587 534
696 706
648 738
542 500
697 649
366 780
322 951
777 986
685 808
890 162
898 345
620 27
283 603
922 239
1120 962
1088 817
937 973
231 209
402 930
509 137
347 879
155 618
354 46
28 346
276 72
300 414
579 45
487 9
52 229
895 662
495 481
540 723
240 959
190 499
660 1019
825 1055
765 932
968 275
594 255
313 273
1046 279
710 605
183 597
212 167
429 157
1113 252
595 765
674 499
530 550
1021 365
756 595
188 830
540 607
112 455
523 593
967 30
106 129
977 827
542 128
414 113
375 126
1061 1026
468 468
103 390
274 634
885 327
364 1050
236 985
630 465
552 1000
438 758
795 682
307 619
980 334
280 681
629 1009
756 1042
875 934
1082 146
203 249
252 20
360 525
90 558
144 567
425 417
799 995
202 280
988 799
455 348
600 975
21 1015
311 505
210 522
693 954
621 864
256 918
459 905
799 994
880 129
625 183
295 528
439 714
270 274
145 1090
993 289
741 180
365 916
1020 10
111 1002
83 774
789 385
957 1099
21 404
547 49
701 752
249 479
438 255
163 132
668 514
196 863
513 540
52 360
176 166
713 398
921 256
281 743
507 903
941 620
385 765
1019 610
232 652
144 216
909 988
614 249
987 743
166 0
707 569
1079 975
166 598
424 497
915 423
496 1002
741 532
835 244
303 41
814 348
91 474
603 331
528 440
525 296
338 488
406 38
111 1119
768 597
24 971
161 141
716 361
1022 651
412 599
540 901
519 417
871 936
189 805
452 307
294 337
143 300
1067 300
975 282
333 118
1036 1104
964 956
956 216
814 407
812 300
489 359
734 360
505 704
463 652
886 43
210 506
81 268
715 931
749 732
186 171
145 6
622 455
140 680
498 565
180 47
396 698
914 577
550 330
686 298
586 17
302 382
398 264
568 555
344 117
112 683
416 475
907 405
310 549
798 607
903 657
498 184
936 522
353 478
65 160
640 523
321 961
589 803
989 963
863 306
606 244
636 587
840 50
144 975
1100 992
420 636
548 454
620 743
518 1049
1020 1094
567 978
648 1030
61 994
123 485
1004 917
466 1001
886 981
42 718
720 538
486 345
655 209
340 820
533 143
362 1086
100 454
653 303
108 28
962 840
197 634
1064 582
546 485
1081 134
1047 32
848 606
831 759
470 219
510 781
408 757
591 997
564 10
255 251
891 1006
849 160
279 885
98 438
701 397
484 1052
613 144
616 368
423 790
925 570
681 767
811 641
1023 198
731 81
1043 424
1022 928
174 767
401 567
569 648
155 315
888 10
730 929
712 812
292 140
935 149
413 384
677 394
275 1121
689 522
960 932
49 217
1100 923
493 694
326 856
162 184
761 945
66 160
559 359
683 156
250 810
1001 920
275 345
264 903
840 1062
670 892
729 993
751 836
89 125
834 810
510 579
357 173
260 447
324 315
361 1077
651 548
715 83
451 561
400 202
317 958
458 424
494 1092
681 113
246 659
836 824
948 162
194 725
553 95
67 303
868 1053
916 96
530 738
1068 160
367 713
275 799
923 500
809 592
1113 906
747 187
1012 108
628 682
971 761
692 109
784 821
189 72
4 653
943 910
1062 137
332 624
995 114
450 345
560 947
470 998
327 802
935 844
111 632
528 986
1008 41
711 149
741 968
127 499
843 957
1037 787
729 164
653 437
825 436
572 611
483 965
441 1105
784 558
658 542
429 607
739 603
265 1004
1022 303
748 847
841 280
336 717
334 85
885 248
232 995
888 215
775 166
196 909
593 809
988 330
683 108
760 456
307 619
575 655
864 436
597 196
715 157
677 259
794 191
724 843
116 846
455 836
396 1061
635 376
816 37
612 170
625 842
919 605
295 272
442 57
502 655
388 638
43 876
969 304
94 907
900 714
856 754
544 993
53 945
264 746
303 961
230 957
835 756
950 651
19 710
995 527
526 818
293 148
717 525
244 946
960 537
392 643
265 372
26 834
113 719
839 1037
773 848
563 1085
182 196
436 422
736 764
864 326
3 397
984 431
348 646
966 251
839 752
200 898
424 983
909 676
609 640
620 939
687 733
996 65
723 550
571 939
202 146
283 248
829 371
809 119
190 386
175 204
252 514
1008 247
676 414
177 869
116 660
967 135
174 463
487 629
417 643
250 378
504 645
378 301
241 354
412 482
96 1062
383 107
742 834
740 386
217 41
510 354
501 593
941 301
671 159
606 482
298 285
885 189
191 481
295 891
967 902
198 156
899 122
990 103
336 1038
184 893
404 863
316 707
470 192
100 101
939 52
520 695
197 459
569 769
208 747
520 669
628 642
929 250
308 9
820 455
891 388
692 175
24 808
948 282
798 610
457 180
662 374
844 788
1016 902
192 705
1034 942
583 665
1107 170
1082 421
668 825
513 236
184 554
544 144
344 950
1068 602
587 904
361 549
839 895
212 976
107 727
291 236
105 878
651 359
421 615
150 118
222 499
110 328
327 564
953 166
1085 510
749 374
516 952
582 125
380 116
559 17
219 1076
62 355
532 639
444 859
883 1056
611 275
483 29
465 824
693 884
617 53
1122 264
960 331
745 566
1034 776
183 93
389 627
667 502
698 188
598 936
322 497
235 573
843 500
791 994
915 109
362 360
469 842
1008 856
1083 1015
745 717
564 971
1108 118
206 472
851 651
133 638
244 966
965 636
162 294
521 450
511 1095
109 140
971 823
978 22
192 570
568 897
421 995
427 334
1001 339
682 391
206 981
260 829
535 460
109 853
531 324
820 629
933 853
701 191
674 139
154 577
515 182
893 113
525 994
1109 315
625 764
393 880
372 166
896 438
1064 842
194 194
1055 766
582 180
780 630
845 202
181 180
155 370
499 486
468 656
704 306
221 376
111 333
315 166
696 642
832 369
920 551
588 1117
373 144
214 473
1090 846
748 499
464 433
503 649
817 659
772 998
942 569
43 751
254 570
896 82
426 207
175 744
390 197
51 802
554 794
348 139
333 138
586 329
694 810
772 864
70 937
212 101
514 254
1091 133
148 459
889 207
201 765
431 1033
355 441
288 740
1081 487
624 881
693 717
582 980
403 1051
893 447
1087 12
1022 596
1038 273
945 581
252 427
788 940
550 1031
743 637
697 452
633 668
771 546
394 709
993 451
930 1109
720 334
162 412
19 1018
841 147
217 655
849 949
351 303
426 425
832 119
75 133
953 718
487 656
183 514
190 124
695 272
941 22
302 1119
335 126
987 859
989 573
386 938
599 32
206 322
356 463
808 387
119 503
962 704
947 954
747 493
436 1009
262 353
831 291
507 694
440 833
410 480
402 379
718 385
531 1097
840 122
1016 526
606 576
1043 436
463 744
675 662
536 609
653 571
397 345
960 898
417 871
609 939
222 23
32 117
520 770
218 541
386 686
208 792
241 707
755 355
521 192
385 1020
231 1021
275 513
28 677
592 1022
960 728
342 691
284 322
511 338
1058 951
242 65
773 472
699 764
610 913
143 149
771 785
276 987
179 523
399 493
695 744
600 792
808 477
243 480
309 384
199 934
1059 289
1080 349
395 960
120 260
960 375
859 827
422 432
451 276
875 875
806 630