209 235
609 261
122 919
618 986
692 608
226 972
582 873
30 984
308 854
338 357
980 145
378 279
944 1055
529 1070
251 375
386 915
550 368
365 100
353 820
328 1062
960 1114
503 745
325 564
253 780
33 163
1027 986
686 181
505 990
789 894
188 391
174 331
311 361
382 320
333 742
493 1018
598 877
31 554
777 801
424 939
573 286
511 274
923 25
276 703
508 934
246 482
935 222
454 896
973 160
476 23
544 56
541 670
632 159
89 1116
799 802
934 1078
188 421
703 652
859 716
336 1048
643 428
304 1042
11 401
234 575
910 289
809 956
214 144
1112 197
246 355
245 107
227 785
485 561
44 986
385 756
297 659
361 434
566 386
490 571
785 456
900 204
948 467
240 932
711 137
867 471
989 867
562 442
188 436
705 637
567 177
495 567
935 994
133 597
550 606
217 810
239 917
293 111
941 573
168 555
538 754
215 314
551 830
331 560
434 156
419 1123
316 984
402 1053
83 376
82 596
549 113
229 354
623 353
972 1076
976 230
472 280
650 844
683 477
874 434
607 541
1101 16
447 99
230 369
112 362
1015 156
309 683
113 867
739 582
103 574
629 610
552 282
379 401
468 843
797 958
396 779
501 250
1045 335
444 716
411 41
820 841
857 129
277 419
328 731
781 661
241 180
317 771
275 478
21 927
705 523
428 552
939 205
96 399
210 1121
247 697
846 291
453 993
331 257
762 1114
852 642
519 568
259 779
812 410
728 988
703 619
1049 732
873 133
93 459
713 434
237 541
93 147
667 316
716 506
932 302
236 514
100 512
188 278
215 684
213 465
523 571
1007 652
748 188
357 55
32 460
161 620
460 507
247 1070
618 314
108 350
1044 397
338 674
1003 372
645 792
180 637
1100 528
1040 1
370 234
83 739
507 694
923 751
882 54
664 778
973 696
719 819
117 658
506 616
856 260
135 1080
959 686
1122 786
1026 192
543 952
414 735
628 120
608 346
194 254
877 640
58 368
486 442
194 339
166 927
600 896
899 196
439 19
157 37
121 660
768 71
764 296
172 528
49 437
545 400
397 509
497 817
344 913
74 853
1115 318
463 78
533 967
478 842
547 892
637 201
865 809
579 812
540 794
1039 646
56 573
147 704
532 865
505 714
284 740
2 228
402 32
819 103
401 26
618 426
1115 261
917 159
674 761
712 896
281 564
357 1083
347 939
448 46
435 241
196 929
620 445
534 720
156 429
796 847
781 714
888 586
883 83
308 233
868 1070
941 862
692 479
981 531
728 52
429 432
598 553
729 703
754 919
909 685
795 623
719 307
599 222
681 510
615 273
482 623
815 238
1017 762
982 642
497 233
937 581
470 575
837 733
193 29
629 967
234 553
125 607
121 310
840 695
934 526
1016 742
192 360
108 866
692 723
717 263
1080 646
821 693
493 361
196 725
771 362
317 201
198 825
924 723
322 899
144 580
859 704
716 752
771 219
433 434
743 1074
835 53
480 318
108 170
591 1008
807 359
552 840
242 753
664 569
914 739
653 322
144 107
559 885
648 115
914 619
1015 699
612 711
758 595
624 140
246 845
403 743
171 947
258 882
763 955
1006 951
473 840
578 346
838 279
710 199
229 563
458 797
423 155
191 945
720 489
369 808
803 454
961 148
922 867
868 1022
514 320
457 168
255 123
304 148
580 295
971 1056
1061 403
979 1084
7 345
424 796
852 642
508 505
283 1007
242 690
830 452
567 24
303 903
324 871
331 850
535 951
184 523
838 402
50 90
998 460
945 381
768 879
57 897
86 487
1110 729
810 892
889 394
566 426
520 296
852 629
289 102
356 491
876 205
1021 399
374 384
217 537
1052 209
1 786
729 83
953 972
436 438
100 460
381 1081
906 372
534 759
264 391
628 607
254 536
807 1005
445 1120
535 340
214 977
511 346
531 109
491 349
122 188
1021 438
168 553
817 675
775 212
129 496
993 825
994 275
398 710
176 180
326 429
507 342
820 507
1060 781
907 489
531 265
165 370
505 340
1021 293
112 146
404 572
113 907
890 345
82 927
823 1023
649 368
617 158
36 937
428 370
994 49
699 299
761 156
114 951
625 485
620 265
724 545
87 116
47 978
584 475
884 677
968 904
1105 517
230 516
825 378
777 628
929 1006
682 738
105 672
870 111
563 918
1020 588
980 644
827 569
961 917
218 540
752 865
964 873
880 925
396 841
638 1104
470 786
105 129
609 815
571 733
958 950
729 369
182 840
8 387
808 159
561 797
306 860
643 667
949 590
742 449
795 137
319 175
153 185
754 638
221 316
732 29
234 192
593 790
162 957
488 51
793 468
901 104
361 784
707 440
290 859
731 625
323 782
24 356
474 822
260 844
325 302
818 612
250 394
189 1057
967 314
268 542
589 505
199 894
688 532
525 83
818 153
935 510
106 595
81 1015
1058 789
103 306
569 55
386 251
367 488
851 953
220 183
48 764
331 76
253 1072
192 73
842 274
658 912
954 812
1076 193
894 843
505 1031
691 336
318 754
133 140
857 482
381 885
108 11
1020 662
156 728
657 386
578 554
936 670
899 682
437 1032
74 534
367 675
128 501
576 417
818 788
657 446
311 532
18 769
845 383
36 553
338 225
874 924
171 31
141 622
84 973
214 658
1081 953
525 772
236 221
71 78
457 506
352 312
793 481
314 660
315 528
901 1
704 187
848 683
150 657
575 556
40 224
774 566
963 786
578 564
126 729
702 895
212 273
852 354
129 708
301 340
248 651
709 827
537 301
587 712
171 916
264 686
681 1038
742 857
211 393
743 874
901 393
959 347
1000 705
3 423
124 373
875 617
44 601
377 862
954 269
643 1065
383 650
302 670
956 604
500 521
721 210
565 1070
823 211
400 663
256 141
436 1004
287 731
700 944
694 225
538 165
170 765
800 792
114 225
959 851
1102 467
250 846
743 371
782 34
371 779
299 739
581 581
686 696
592 1071
488 55
200 614
730 287
264 227
266 209
123 340
694 372
1060 700
422 582
760 705
348 757
233 228
166 1107
597 461
687 1046
667 359
63 817
603 251
419 909
379 170
233 349
168 120
167 392
199 223
1042 358
527 33
233 557
565 785
11 271
438 913
930 942
1015 93
753 315
887 130
532 587
640 1079
645 403
123 559
278 652
958 225
421 1005
178 936
15 933
470 377
657 564
72 1007
43 550
492 729
166 342
1062 99
216 590
42 372
423 838
550 724
399 723
916 1006
159 803
460 147
901 293
599 796
512 266
272 539
286 1062
243 258
495 694
109 427
313 860
973 584
533 628
84 91
654 743
714 461
1104 440
3 713
163 953
227 18
1104 590
792 562
195 921
657 848
242 133
389 1049
186 12
410 322
728 596
863 372
39 304
689 965
544 394
323 584
853 422
729 293
1033 1044
338 739
354 354
685 154
145 489
760 281
331 998
752 598
25 751
687 793
1026 630
393 989
711 395
493 1049
579 178
325 450
915 419
274 952
375 495
742 1019
890 446
814 911
336 292
468 711
255 663
608 434
1087 33
929 287
421 664
462 791
1009 148
687 436
1030 323
808 947
515 3
173 1065
127 19
556 75
117 909
337 930
81 403
927 424
171 968
156 851
898 770
169 183
107 724
416 639
986 722
85 1051
1004 550
61 299
614 1052
236 467
214 696
590 297
729 99
1065 866
392 21
675 255
1070 977
749 682
601 140
346 239
375 236
531 321
216 804
236 188
1017 629
885 908
267 423
434 362
350 781
541 840
7 989
831 206
897 355
256 313
395 1114
566 393
1045 442
459 932
765 1091
709 754
1023 286
464 997
145 807
934 194
807 740
236 559
909 523
1013 102
740 426
518 769
489 488
235 536
1021 1039
742 592
352 554
255 933
320 589
1028 987
1010 818
275 752
382 555
618 838
453 870
626 110
141 431
106 255
608 220
928 544
965 861
724 393
938 451
801 958
644 298
538 571
631 402
885 389
682 266
721 961
846 214
1052 976
165 241
564 647
658 223
10 109
150 983
673 544
838 755
180 1059
659 221
551 622
453 802
755 378
467 936
196 1033
786 737
540 372
517 187
363 830
616 408
273 589
329 932
509 306
139 550
319 446
877 142
504 598
906 598
930 408
545 559
331 133
384 882
662 191
987 605
1048 591
239 689
400 711
805 450
1008 175
903 288
957 805
562 868
1013 490
432 758
617 564
1020 74
365 784
603 832
726 509
9 50
256 578
425 976
981 246
1009 15
899 124
289 43
351 67
202 136
399 830
405 895
965 86
76 915
563 953
493 243
97 245
6 876
1010 712
128 159
548 504
503 147
596 769
873 719
1028 735
245 803
983 298
263 829
564 504
730 705
164 373
161 819
194 174
1017 275
304 1065
563 749
878 766
494 832
936 679
519 277
962 814
540 602
332 502
845 652
967 483
1004 630
457 159
595 728
637 304
892 297
97 771
990 999
670 21
574 1032
159 664
551 66
1056 925
557 344
1023 158
202 558
466 876
875 993
495 811
539 1016
32 450
1014 246
115 340
884 434
167 394
990 202
683 23
801 545
889 271
721 951
367 241
432 971
318 245
448 638
1101 457
629 191
558 1072
103 327
167 366
59 533
422 96
536 141
979 107
193 856
912 752
345 600
173 881
834 274
327 101
753 598
957 960
586 721