703 347
202 445
83 1092
726 424
557 732
657 754
1039 571
314 598
288 696
167 966
533 821
746 1060
729 930
757 696
17 128
1023 582
230 623
615 481
1003 873
217 631
180 736
560 303
9 253
704 1023
418 843
645 375
247 123
942 284
678 793
285 419
999 381
59 501
532 329
440 726
148 618
173 279
927 748
533 15
169 660
68 478
127 423
250 663
362 207
759 842
75 285
431 22
523 773
609 173
1044 946
387 555
599 172
193 900
790 527
38 921
396 117
222 42
355 1109
357 110
958 410
532 286
995 218
66 972
804 161
173 599
829 654
666 276
315 409
825 388
869 906
909 160
344 991
390 217
373 858
576 969
278 856
185 578
611 284
478 473
943 334
395 120
456 488
659 556
329 435
1 750
633 315
976 935
169 176
597 838
153 867
522 846
284 231
1070 691
500 1072
827 932
275 195
799 922
808 295
920 501
649 274
505 841
254 429
249 507
745 348
833 56
826 916
1107 296
471 208
443 524
714 287
945 1089
101 665
958 101
364 533
287 887
258 72
457 913
988 932
14 730
265 816
355 599
126 1047
396 886
336 889
380 940
678 1035
776 311
662 739
430 897
103 934
658 980
526 1043
485 908
601 724
217 587
436 374
440 553
274 17
987 617
399 438
1009 260
16 1016
937 568
70 296
716 406
1025 181
648 595
448 364
617 664
574 516
801 39
1021 782
1098 985
311 79
553 776
25 1027
962 1120
760 490
714 354
814 711
677 843
599 779
808 676
424 478
1021 385
115 689
1069 576
839 1109
286 766
829 405
926 855
474 778
1011 709
823 703
708 254
526 757
571 330
91 764
276 250
965 211
246 388
693 815
839 147
262 331
485 721
1122 717
651 703
633 455
445 505
158 1000
512 456
184 461
68 504
503 515
315 126
214 435
714 552
300 581
182 856
162 293
450 55
1079 734
478 422
1022 419
502 307
435 988
980 468
703 387
775 800
38 216
429 107
835 996
622 994
939 713
706 350
400 1099
252 953
576 176
609 25
370 1029
748 163
254 618
778 872
204 820
203 648
253 787
618 943
829 843
459 397
795 861
307 678
632 569
989 499
1030 812
274 287
250 597
837 1011
770 276
232 504
261 720
558 218
468 474
658 429
212 698
667 690
1079 686
753 579
629 541
656 390
784 1114
299 641
895 507
339 713
1113 753
824 940
521 572
635 637
225 807
1037 376
475 119
1016 267
808 889
613 125
150 409
181 673
231 447
203 706
936 1120
252 207
376 203
1089 65
968 992
758 1016
113 993
668 204
108 925
473 95
193 131
533 205
482 563
308 440
52 519
185 810
33 747
770 427
136 215
202 21
365 136
839 979
666 240
861 1099
508 487
593 198
491 100
650 431
1020 956
705 850
794 472
447 519
337 772
640 261
834 542
1053 303
842 566
666 1112
739 829
281 784
408 490
842 255
610 476
844 886
216 40
824 683
646 825
524 318
1052 532
190 926
599 833
513 259
102 560
1095 782
213 943
673 1090
423 609
351 1050
589 891
996 826
1015 209
385 472
735 693
560 502
1037 109
772 911
678 367
366 706
970 73
538 156
169 285
675 504
444 453
296 401
897 306
216 323
871 250
460 946
429 818
811 443
298 513
665 671
992 377
908 149
125 383
303 428
978 753
1025 657
359 291
161 978
495 71
178 106
5 1048
449 304
119 537
93 140
862 708
199 133
223 989
611 632
392 861
123 739
95 756
545 938
473 996
114 320
822 397
249 683
313 260
93 524
198 752
654 186
208 1042
726 713
356 437
91 278
499 937
1088 236
35 538
469 899
187 426
971 367
155 497
116 702
604 207
822 988
99 385
646 845
903 777
1112 644
829 969
892 169
91 691
203 655
774 318
580 294
1034 300
624 865
831 861
909 172
549 620
197 762
51 338
310 902
396 562
286 384
802 519
511 444
262 920
773 913
275 1016
925 819
473 895
686 190
658 953
299 621
1019 568
931 523
541 879
748 687
231 146
272 488
362 81
426 426
447 967
848 636
385 768
1034 455
975 569
703 245
797 932
342 599
979 563
682 297
974 506
233 596
927 896
794 713
256 879
374 667
814 167
742 600
937 972
962 149
825 931
760 89
456 221
1046 986
559 997
328 686
622 736
974 187
159 757
21 48
318 174
492 164
974 803
414 589
848 454
557 286
638 84
322 237
506 374
851 600
1046 880
964 398
992 8
97 110
586 839
567 78
1074 658
370 42
510 251
943 515
1007 212
291 1075
995 645
1015 293
851 1080
885 71
657 1053
929 771
524 88
876 622
73 369
614 715
101 483
1058 280
496 700
415 898
413 354
628 282
272 125
845 201
707 376
1092 1020
621 396
913 420
416 987
157 685
1033 199
136 846
57 853
963 937
813 717
929 785
742 594
232 246
162 763
298 598
690 279
392 1038
774 794
315 219
961 533
6 265
715 689
799 695
679 498
668 518
59 916
1021 1080
959 897
480 244
409 747
304 280
437 254
777 640
966 390
511 367
1076 435
806 627
92 833
210 736
352 156
375 598
761 897
687 770
944 901
90 93
245 949
522 914
712 250
143 889
735 967
197 407
581 856
549 458
293 949
304 1032
1091 1088
923 707
1049 1072
227 211
578 839
743 1009
618 194
767 728
423 320
483 40
947 581
929 509
796 688
755 990
522 500
207 471
167 112
208 371
366 307
509 791
463 942
944 321
722 563
857 537
306 20
11 9
113 185
271 695
924 864
440 499
148 508
298 61
179 746
526 143
395 141
657 1073
360 435
683 678
690 605
443 758
494 648
817 746
687 327
1015 1101
149 530
260 918
716 32
1 434
92 585
125 575
887 168
795 142
268 523
890 406
195 256
469 645
101 868
379 243
742 823
654 680
840 494
575 967
151 349
496 956
650 490
149 171
17 559
156 243
369 466
227 594
476 939
811 774
287 254
211 967
959 693
814 658
414 249
673 974
546 763
363 799
690 192
1054 197
149 192
110 1000
542 719
432 745
923 854
261 1034
366 95
672 796
661 331
192 382
514 191
330 379
370 898
54 158
622 408
1072 86
618 396
218 1079
205 425
168 675
113 829
719 1033
37 761
265 583
721 231
409 840
413 263
770 469
144 997
798 71
834 956
820 485
484 184
1065 167
131 663
146 301
519 117
106 499
556 16
440 287
166 107
943 903
912 919
985 858
1062 918
201 101
313 283
448 208
941 112
717 863
296 178
1080 400
360 825
96 879
426 504
788 1004
119 350
696 227
428 793
704 1023
791 114
732 618
588 582
717 831
712 978
920 457
25 740
873 1006
811 925
822 448
393 287
197 44
881 591
1115 515
433 51
597 416
268 642
580 693
403 803
276 857
856 274
561 1003
343 755
445 930
855 761
221 698
688 877
1043 487
50 50
759 400
716 175
26 817
178 1091
443 1056
502 924
235 467
704 560
983 1100
881 327
36 289
501 916
827 486
550 1123
710 366
543 356
374 228
549 725
157 912
876 904
407 618
594 920
108 306
833 115
372 665
218 488
958 600
831 364
1038 1015
1034 1112
902 778
1070 613
647 658
545 396
568 7
547 217
506 675
757 768
349 832
299 524
1099 117
716 687
963 605
678 266
1064 625
259 300
315 313
263 235
978 710
490 956
594 98
736 124
670 1081
32 443
520 517
936 410
936 105
206 2
1076 88
201 548
371 160
312 200
269 1027
69 348
695 294
776 78
162 426
938 28
473 824
814 104
820 104
415 102
115 128
616 460
543 881
1039 462
458 263
564 275
677 697
337 181
542 220
511 553
338 992
650 224
101 356
334 202
1065 977
120 1
1040 1023
804 882
669 675
381 1092
481 698
893 572
489 421
543 664
539 653
864 470
81 78
392 409
921 736
737 239
223 1022
60 133
427 366
647 479
983 413
396 736
475 745
496 1021
515 990
560 926
810 101
427 346
831 387
713 945
301 371
22 990
958 792
732 40
832 150
28 392
171 1042
1093 782
934 306
320 287
601 668
652 638
727 1032
874 129
668 832
1020 325
613 916
590 50
14 719
1015 1000
791 64
726 550
971 543
670 1079
545 686
896 158
853 551
802 678
934 674
551 786
1016 462
864 412
809 980
959 689
759 685
638 336
37 114
900 849
861 549
468 412
600 925
409 845
445 312
270 412
811 726
773 115
939 179
838 63
441 370
656 531
1089 1093
859 713
684 948
332 754
35 812
185 791
915 422
208 540
1115 357
951 836
95 1121
181 781
797 444
237 373
189 337
699 1033
596 829
821 439
761 208
704 577
748 277
247 57
283 761
582 754
918 759
24 741
564 9
918 682
7 499
934 797
1029 693
344 48
104 1001
595 908
681 268
114 548
808 349
745 955
818 937
363 208
725 236
839 750
596 53
403 15
655 469
1107 958
890 160
140 356
726 113
638 482
46 499
351 854
886 810
580 996
585 755
712 269
162 337
171 243
925 364
56 742
934 855
667 714
602 754
372 228
4 946
94 367
602 457
281 844
1040 562
127 45
901 1118
399 265
644 78
1016 431
381 1050
263 725
885 85
1002 629
846 668
1028 662
332 970
859 850
704 696
850 368
629 1014
421 467
976 607
1055 179
483 325
983 324
151 261
395 679
738 608
424 474
827 875
586 301
372 565
541 948
935 614
1010 424
365 324
426 366
391 376
884 991
807 687
804 763
1054 916