141 1120
618 398
409 556
630 598
974 120
430 229
1052 930
214 523
795 897
78 728
895 122
733 86
729 803
249 844
967 840
390 678
223 908
118 337
899 13
112 537
281 253
524 345
690 744
862 490
838 588
538 370
240 364
568 464
474 867
848 127
1120 280
392 91
119 1008
372 973
849 462
894 672
201 242
879 240
161 221
877 973
82 289
445 380
568 321
971 475
960 367
385 270
732 433
649 311
802 704
1070 948
84 273
204 776
561 758
223 961
448 884
329 1084
894 742
0 130
349 1089
819 188
882 372
290 470
171 890
339 516
7 4
115 547
285 387
187 796
643 289
548 517
111 604
960 928
1112 645
817 714
104 650
494 948
647 790
1021 244
495 350
448 874
313 760
475 718
684 446
917 987
585 122
550 648
739 912
909 882
615 711
554 379
352 677
677 482
607 796
616 487
278 288
827 529
949 560
342 131
638 381
1056 203
520 316
845 372
132 102
131 265
181 112
593 962
590 451
733 752
553 787
637 725
106 1031
255 672
676 436
428 991
763 340
458 231
609 757
929 362
1096 638
104 268
1091 171
968 188
313 312
460 644
1093 327
514 434
148 68
994 512
311 367
285 21
918 512
637 733
974 909
234 1085
302 264
899 1027
98 608
1022 734
1066 255
588 1095
298 189
625 325
121 118
647 249
845 919
10 404
237 377
471 208
717 236
592 496
1089 842
540 1047
627 117
90 359
934 248
148 993
768 192
769 1057
443 486
730 596
764 581
929 868
725 71
130 764
999 276
892 79
646 583
123 481
353 467
798 415
572 384
520 131
896 853
138 388
327 866
151 822
971 718
523 231
343 572
465 115
782 858
84 661
590 219
744 1031
692 356
561 788
940 648
655 547
513 574
932 256
959 112
18 969
323 543
385 356
122 417
256 254
651 199
833 471
1011 293
427 306
817 526
443 717
227 473
887 584
881 579
151 445
809 529
367 566
925 172
641 862
313 755
347 115
292 83
492 153
996 764
268 1034
516 697
676 269
72 124
279 462
599 154
155 515
739 1045
283 804
1100 559
413 751
198 699
678 601
771 560
379 771
808 219
792 822
86 589
332 544
994 332
539 370
565 949
536 112
500 516
848 825
352 574
1091 204
510 457
693 101
911 124
600 316
513 239
941 352
651 946
475 392
1020 446
511 221
896 626
390 780
430 382
995 481
1112 436
661 16
842 675
256 1049
827 118
170 339
971 174
436 415
650 465
865 345
1081 899
523 950
288 299
509 264
678 435
741 416
580 390
1018 734
699 174
507 194
805 176
376 260
691 499
606 329
674 913
135 465
66 740
904 208
970 169
485 696
1038 556
840 256
421 445
329 521
591 852
138 957
701 1010
76 1112
950 416
269 906
916 729
251 55
259 638
1096 223
863 481
983 409
237 745
854 1097
651 514
172 187
702 161
1014 715
654 914
941 865
308 329
879 261
841 405
550 538
33 846
1008 364
1076 987
201 468
386 308
341 515
117 684
602 397
14 14
73 506
458 242
291 770
603 425
414 503
813 937
1033 447
933 168
1081 657
1080 1010
804 912
306 859
419 631
628 164
443 865
583 243
36 959
718 1
534 39
450 738
948 806
103 254
1074 78
152 124
377 534
499 36
49 276
926 228
383 874
153 386
991 564
370 18
1072 156
161 247
750 171
201 336
108 840
284 125
467 753
1021 447
618 424
998 194
135 767
651 723
464 102
575 27
238 301
407 211
831 222
866 357
595 771
159 999
146 265
819 269
714 363
1059 473
654 594
171 121
493 857
866 623
476 628
750 875
344 883
701 867
271 290
440 523
877 659
1023 873
109 254
793 725
153 584
587 710
283 930
627 1046
557 852
845 266
90 570
557 936
174 1071
236 321
583 239
545 192
837 456
400 432
35 640
723 160
551 715
578 47
856 329
158 28
766 312
817 546
494 1121
900 442
438 854
46 762
918 346
292 164
225 506
303 818
291 517
748 565
84 322
113 272
652 751
91 600
872 674
118 962
364 370
637 859
1041 981
136 79
1026 869
841 998
74 545
580 715
277 201
997 121
840 404
506 563
1025 60
357 588
1026 337
296 816
284 625
669 367
504 182
517 84
662 733
611 576
713 646
642 154
666 737
1101 408
403 231
458 308
306 215
676 711
838 598
330 571
838 939
879 1
721 729
171 336
846 454
70 635
932 1056
145 553
152 294
682 408
989 712
1098 198
715 105
307 531
123 793
573 513
563 998
486 632
630 826
130 508
190 748
739 556
933 583
334 199
384 576
131 640
342 567
413 625
164 667
826 826
825 685
775 371
41 809
721 670
781 174
403 624
618 338
473 148
914 701
743 1011
22 453
865 188
846 125
364 391
501 169
596 853
1017 667
762 373
881 189
342 871
464 99
998 814
734 709
109 924
373 401
445 100
679 913
781 431
653 871
644 626
482 944
503 812
113 297
683 882
596 329
519 575
550 974
756 260
954 195
960 946
597 826
581 641
877 840
586 868
435 796
552 66
83 1102
432 758
634 183
706 44
792 502
373 316
415 534
514 1070
422 721
696 809
954 565
806 70
258 741
871 482
185 194
674 97
213 691
1032 419
300 843
314 175
475 493
672 566
610 612
695 310
275 293
380 710
203 726
637 852
1088 671
391 243
965 933
311 171
618 237
480 795
384 1111
690 866
871 275
279 533
353 339
608 371
291 731
854 1044
370 308
946 755
661 286
658 411
1008 839
852 319
251 1087
237 29
1020 549
561 685
918 596
219 177
195 434
882 604
196 890
526 727
342 721
568 644
675 90
341 134
675 240
94 1113
73 625
1047 525
122 668
970 1046
467 917
124 548
776 437
502 1024
1104 406
447 3
415 1020
184 100
416 954
144 89
212 1008
383 12
762 815
569 239
560 1061
870 173
773 861
248 978
408 759
550 455
509 1075
734 606
534 497
135 275
743 966
691 702
685 677
157 202
308 903
379 781
744 262
812 654
766 889
994 695
28 173
453 791
945 1028
509 552
705 185
608 583
100 345
227 348
1093 62
350 732
354 1083
728 877
761 713
132 493
209 1099
824 265
98 519
636 245
490 1112
942 753
681 229
868 102
607 1046
519 123
772 993
622 1002
555 303
614 529
42 1076
55 487
710 64
907 944
731 586
424 503
703 687
122 899
214 703
2 986
288 811
1029 996
297 694
148 752
801 162
210 729
853 828
908 748
505 669
986 614
295 103
508 599
807 295
233 378
241 382
85 510
239 826
649 638
518 484
472 696
43 572
511 427
273 956
1002 133
54 810
949 527
391 242
287 668
60 243
568 777
1056 571
966 434
532 624
700 818
770 661
65 734
661 420
103 666
422 702
764 944
65 496
798 199
841 786
670 509
1013 994
717 761
77 887
207 1011
215 625
992 231
125 594
986 202
931 44
953 275
588 905
295 33
399 375
1041 883
607 419
225 910
742 245
340 70
734 346
1055 790
956 695
580 645
735 1054
198 400
829 129
719 376
251 656
938 439
614 136
438 428
399 180
697 359
659 641
412 964
477 147
465 442
884 12
296 756
976 740
240 929
931 838
146 904
891 303
982 443
271 424
658 347
931 889
182 463
904 41
48 608
528 415
486 829
421 596
990 285
697 904
607 944
305 579
536 468
453 134
576 890
979 450
653 1096
866 544
473 1092
869 915
748 516
65 133
359 863
433 489
676 999
536 1021
796 602
303 452
704 147
783 667
538 637
428 956
452 986
588 550
32 335
723 616
598 152
951 829
347 1046
194 578
968 570
534 797
141 574
229 855
955 180
930 1057
449 257
712 896
809 24
768 478
499 705
576 1046
761 2
442 539
715 444
802 265
115 416
931 733
989 1113
328 830
360 546
839 864
572 409
637 308
678 1005
112 746
532 157
721 242
7 645
594 667
703 224
279 276
584 350
744 281
146 1020
870 518
1016 194
324 629
148 330
389 864
822 287
195 998
558 1073
371 766
519 758
135 725
580 451
839 268
723 893
203 866
182 795
808 412
203 126
611 874
124 349
771 399
348 869
945 594
11 821
772 264
888 606
353 722
592 494
545 74
921 261
630 703
590 168
923 903
790 212
234 708
977 726
586 389
948 217
250 312
993 704
914 459
767 367
744 298
1022 2
844 867
706 448
696 81
679 523
22 1059
257 223
675 77
282 764
280 460
358 836
871 952
523 86
611 207
317 109
804 916
1104 840
618 786
1020 1011
760 327
867 173
260 310
321 445
933 525
993 801
492 77
823 954
446 430
1037 862
413 656
546 356
637 93
1102 415
610 31
680 520
1048 711
42 554
271 55
702 854
599 1014
205 707
430 1005
33 758
784 578
910 832
1011 251
845 434
348 1034
612 869
1000 190
175 229
711 124
1001 800
570 686
717 402
835 79
389 1005
962 183
939 705
333 713
589 777
605 755
580 606
263 171
689 923
116 412
159 468
109 4
776 536
445 221
297 227
912 503
626 263
340 561
350 1024
1046 880
458 632
558 627
816 124
263 1061
155 967
538 718
1079 860
898 530
554 728
111 394
186 446
630 759
551 759
608 261
193 716
721 46
545 532
172 200
997 712
485 670
156 525
479 220
421 102
646 940
250 105
414 790
437 812
77 180
939 714
763 986
349 604
400 476
445 880
286 462
330 739
551 355
76 456
973 944