702 165
555 917
363 924
699 1006
869 425
138 1064
304 807
45 325
529 266
205 511
392 1059
61 242
222 198
751 518
829 972
780 993
187 565
308 698
214 252
515 443
819 959
613 854
125 25
1024 284
140 867
968 888
651 397
855 364
666 330
454 546
655 229
155 807
663 465
92 529
504 895
963 976
531 482
1066 288
1046 784
681 634
793 1017
1063 311
842 452
554 575
162 51
331 1059
1052 916
432 201
723 412
611 485
1011 505
1007 267
102 318
928 354
154 120
772 714
829 1062
328 611
328 219
681 397
982 949
868 391
19 846
607 880
704 130
17 500
921 742
970 278
604 118
319 59
16 695
582 114
223 399
221 274
673 809
368 773
997 662
347 928
784 1006
1104 452
158 360
558 307
935 111
398 320
340 649
703 40
469 1108
497 987
414 61
244 1010
445 625
807 570
987 982
502 965
122 1000
992 29
188 825
386 897
462 828
286 1079
126 713
616 849
284 797
446 974
747 729
439 523
673 577
318 744
446 69
1023 576
524 652
549 1042
603 251
189 550
627 916
610 775
571 738
338 989
110 502
145 720
175 58
269 127
583 401
1113 177
438 212
60 909
27 801
536 348
202 758
503 752
219 661
1063 573
1025 247
166 1014
850 839
531 460
822 473
541 553
836 925
960 317
662 739
887 763
528 648
466 196
108 658
704 742
466 711
559 864
1015 392
186 973
816 376
974 936
423 285
977 1021
613 127
447 859
326 776
375 1035
644 176
397 383
810 438
993 1036
448 818
239 916
728 124
199 1045
881 181
156 877
839 525
1064 746
529 190
119 318
899 587
676 213
168 226
51 57
683 590
952 936
906 927
431 263
339 443
198 609
700 63
435 931
975 260
898 645
269 364
338 3
811 615
678 913
732 779
566 1045
29 1021
582 137
728 660
440 319
131 302
637 216
398 350
749 147
712 103
655 1033
256 210
501 42
197 43
197 270
335 1025
16 193
447 398
116 950
1111 954
100 790
874 699
806 281
752 801
129 771
953 545
807 280
951 557
1041 771
740 278
201 845
353 318
916 607
1120 841
416 563
874 228
949 86
149 589
567 747
489 271
839 379
555 918
882 249
360 517
396 833
1009 71
634 353
9 1009
618 907
295 21
780 1001
762 398
593 1011
634 969
970 267
204 874
630 516
422 947
304 207
620 818
900 385
93 624
416 685
175 398
1074 268
886 411
391 190
272 802
254 575
948 793
565 909
195 890
1000 582
433 108
713 455
470 327
144 964
753 602
515 857
455 1010
979 522
543 641
745 419
948 1116
391 185
811 36
818 824
573 846
468 874
706 457
742 809
163 512
295 945
544 666
748 818
503 253
515 779
226 497
153 372
843 719
263 1019
564 723
184 595
603 426
786 149
408 581
21 440
316 1010
1023 440
626 56
1 880
350 836
58 954
423 947
569 549
769 1006
200 228
138 917
95 1032
652 247
206 1009
435 709
127 770
914 658
827 659
804 750
107 811
866 816
138 223
987 972
440 401
349 235
477 868
277 186
1023 659
753 924
773 423
546 692
1053 590
694 1066
547 529
883 389
947 742
125 296
1016 591
516 745
126 74
103 814
554 499
240 907
352 253
495 1025
1021 94
870 503
653 587
1082 504
387 307
902 249
479 1006
353 423
716 389
43 1070
387 856
1096 629
603 288
579 14
986 291
709 142
511 700
285 249
665 430
247 680
635 590
200 598
537 385
1061 336
334 1079
693 965
263 218
229 296
1004 148
387 389
821 301
196 940
851 45
622 911
144 658
245 989
247 773
936 442
456 907
884 61
967 896
905 148
219 257
486 942
113 1014
408 184
473 834
536 709
686 310
1003 1106
673 837
203 233
63 901
497 44
787 566
231 419
929 691
758 389
213 212
120 592
78 752
669 478
15 406
676 668
274 991
1043 1067
886 970
727 1045
924 482
139 230
932 771
1001 1008
442 972
957 384
606 599
893 726
432 296
699 1022
237 560
978 119
57 209
526 1025
158 807
280 606
112 799
411 504
482 522
690 173
452 769
425 715
943 720
864 583
829 606
267 306
572 857
374 521
889 180
909 188
1089 383
543 76
944 778
961 930
437 899
242 187
361 749
128 1008
238 465
553 214
518 684
900 793
453 793
55 494
928 48
929 837
1111 557
748 562
853 933
196 193
933 888
138 534
356 436
783 183
588 536
479 1004
500 305
564 613
702 982
988 984
405 1005
713 466
384 421
252 722
753 357
194 585
570 569
554 530
392 656
1046 487
298 239
139 240
261 405
412 163
673 890
901 168
315 147
790 269
44 810
695 404
110 598
45 967
988 15
235 592
923 41
516 167
199 226
754 331
483 895
48 1053
901 66
343 840
832 776
858 206
555 470
912 166
298 316
973 1023
947 888
976 511
996 950
513 994
490 952
897 611
849 664
217 386
657 86
848 1054
287 1047
174 508
829 862
37 389
243 115
1003 587
200 124
992 155
207 864
463 637
133 121
672 983
390 689
435 985
799 478
515 311
364 1031
666 688
131 478
75 185
780 237
291 825
545 18
394 504
56 960
956 866
999 810
464 581
604 759
229 1021
118 769
900 856
695 353
950 64
195 1034
11 953
484 827
871 325
871 653
932 836
211 781
267 983
592 274
353 51
778 909
138 692
606 489
122 233
692 106
395 918
718 765
877 666
417 259
77 375
451 261
141 520
1096 317
778 103
1000 766
148 874
104 1009
210 118
287 423
332 982
191 77
658 298
61 621
631 663
394 486
186 714
795 962
379 690
759 939
1017 1016
479 504
185 62
962 972
796 532
497 419
409 992
1049 431
738 178
254 551
1094 842
231 419
694 1029
473 194
471 950
397 365
936 370
349 509
15 852
948 711
664 11
828 241
40 592
424 316
1104 455
819 372
938 313
868 972
331 838
259 1037
661 497
876 301
828 990
1074 350
677 246
390 135
641 888
200 791
609 598
433 921
1048 323
923 629
482 1085
797 40
353 1047
99 372
950 1027
905 401
794 899
718 293
129 684
640 183
633 288
493 606
215 142
129 846
354 906
773 344
995 1002
683 910
307 62
544 508
579 884
93 275
493 616
465 147
555 243
1002 551
109 314
115 293
50 329
946 484
802 600
923 921
328 507
392 390
233 1095
610 459
425 787
570 537
224 151
308 239
714 926
920 396
1082 719
563 370
793 16
398 323
357 884
1020 910
866 260
65 67
366 941
560 266
5 213
358 299
341 473
285 968
516 436
219 111
941 1017
499 876
246 36
359 531
895 83
792 867
194 380
542 225
744 890
340 992
741 533
551 163
246 371
678 867
326 893
921 51
393 85
541 830
858 717
611 252
266 1122
791 545
1113 967
616 995
852 672
181 828
848 789
107 888
332 846
989 232
501 35
916 709
962 973
871 751
580 509
493 423
398 900
121 361
994 844
101 751
827 509
187 794
105 348
397 560
1117 722
396 382
828 161
882 437
319 689
27 560
474 146
236 538
146 549
166 133
307 883
1019 942
804 977
878 776
233 537
677 374
566 361
401 242
766 321
389 173
118 943
79 842
187 887
678 669
588 795
838 148
663 105
668 175
920 811
151 814
39 237
682 672
664 888
358 129
582 287
435 138
1096 1001
301 454
727 276
102 985
265 621
705 710
630 840
358 619
286 517
1020 948
272 865
950 1112
304 776
306 317
921 366
810 807
715 734
12 618
345 978
788 630
1009 645
448 406
388 459
256 172
1087 808
486 194
173 470
772 885
1061 546
140 426
902 1077
961 588
550 118
804 299
233 341
532 796
341 300
721 1068
797 647
702 909
387 560
574 378
191 916
480 415
255 142
222 754
461 713
176 495
462 291
365 1071
450 300
670 626
198 839
1053 431
215 1079
988 578
699 849
362 687
33 650
147 77
325 593
159 571
347 293
718 919
997 346
1023 415
867 347
374 290
245 239
645 565
429 852
257 154
146 338
883 228
771 140
703 551
289 1048
591 786
663 594
361 968
754 1005
802 931
211 1098
17 978
93 780
695 543
482 747
867 1084
877 457
994 1089
708 514
665 471
566 134
694 119
426 216
808 582
381 194
318 1123
283 1121
181 458
645 647
733 777
799 64
505 395
651 1015
798 883
149 853
637 515
498 328
645 854
567 810
1116 436
527 963
203 828
835 684
427 788
164 1095
1070 1063
770 297
152 27
627 453
14 786
213 447
856 341
380 1
978 214
781 400
235 986
118 216
785 694
594 425
208 599
774 675
529 533
138 672
294 238
942 282
380 727
59 98
368 162
919 508
558 318
237 177
770 45
871 999
488 153
474 937
430 955
704 518
352 262
950 299
900 428
846 990
815 1123
660 25
271 6
659 769
793 218
935 907
121 192
707 218
105 813
839 114
331 71
858 1079
1090 151
749 835
1114 964
1084 833
911 995
233 333
791 1060
401 246
308 656
762 998
648 313
223 528
90 848
1030 619
845 643
1118 172
1015 508
802 321
157 496
232 852
644 727
1051 530
890 825
633 518
877 1099
951 75
724 504
426 1034
980 798
804 127
802 1081
338 719
231 996
883 939
579 1015
157 983
150 326
928 458
990 523
632 822
814 1101
415 607
303 471
454 334
288 844
592 113
289 49
848 311
954 1098
583 410
358 663
77 872
589 934
541 483
101 336
308 1040
365 989
91 1017
739 669
870 423
677 906
149 203
257 1040