271 879
280 520
517 869
248 711
185 527
592 1043
665 901
446 805
307 296
395 240
536 717
264 584
192 820
666 203
682 963
533 426
455 351
723 609
534 255
522 365
943 443
590 674
337 194
120 612
730 527
937 1037
723 609
398 865
555 44
740 963
397 363
62 1015
512 504
206 972
127 796
973 616
938 619
662 663
160 107
784 265
116 357
122 1103
428 929
875 891
898 916
988 5
465 431
186 209
249 706
631 880
613 516
451 381
876 526
238 507
69 612
442 642
645 270
822 748
628 359
909 328
346 347
776 410
723 715
548 399
705 133
504 953
465 65
982 567
450 540
496 512
956 281
702 82
38 276
837 82
326 159
315 537
154 874
913 856
1018 940
624 219
349 457
568 518
1101 590
709 72
201 741
739 1017
108 843
100 387
461 785
824 86
553 177
440 917
319 448
159 789
891 200
2 347
598 664
23 840
346 0
939 463
814 361
559 525
105 578
456 732
58 618
309 544
294 262
602 867
881 949
539 203
1021 1006
390 841
533 183
956 134
328 860
978 782
890 585
204 614
1063 397
694 358
746 1034
813 330
370 447
152 965
889 593
811 437
477 951
412 154
381 559
1089 836
314 407
129 715
1076 651
514 810
193 178
774 1003
574 597
841 933
396 1046
102 152
542 902
952 473
131 141
812 169
700 712
181 811
216 25
492 871
997 946
665 247
768 403
752 303
348 823
831 432
774 417
552 334
637 152
555 906
520 728
167 141
761 589
792 97
13 669
675 683
15 644
617 618
514 798
504 284
648 21
633 628
903 271
294 760
521 90
427 138
925 651
947 510
665 544
139 884
834 387
654 397
293 442
986 397
237 570
967 90
1021 745
334 32
859 2
168 828
651 405
927 232
251 150
1005 228
453 686
116 809
953 850
633 862
202 89
244 37
298 81
327 880
322 747
589 103
377 460
26 316
1012 1054
561 608
581 333
878 918
996 605
852 167
63 562
188 668
747 508
495 199
643 549
542 999
481 306
64 410
489 945
861 565
995 1046
136 251
130 281
44 189
227 21
523 279
316 715
900 620
869 876
676 346
829 194
498 136
351 998
494 466
179 280
251 1082
223 870
492 208
769 596
321 623
997 703
354 965
211 933
971 761
95 607
473 38
193 620
645 921
373 783
543 709
943 361
61 786
710 412
677 179
30 909
551 280
722 899
543 1072
242 882
934 277
340 260
584 841
674 369
189 323
798 486
923 993
370 13
108 149
585 939
251 218
832 440
876 557
119 615
268 931
512 635
486 104
985 636
439 575
393 119
800 301
111 81
610 1069
888 1008
1098 1097
893 727
182 398
923 818
343 1111
279 372
695 875
546 776
625 656
1053 265
864 1117
923 808
357 673
704 619
1004 1037
1015 491
173 297
841 1069
190 649
985 123
1072 574
665 243
378 1004
255 150
393 1001
642 569
265 1043
195 454
880 165
1095 506
793 711
760 699
847 765
554 1008
955 1120
851 796
1086 650
684 172
700 591
102 1015
469 569
443 700
780 938
425 925
233 994
131 533
538 861
245 1112
1022 1057
158 1069
885 790
762 1026
935 179
689 934
348 415
665 884
292 718
177 817
288 138
520 176
528 897
774 679
965 1003
817 335
509 355
694 1088
309 122
980 931
986 289
403 1001
1036 347
831 853
864 820
697 347
589 497
926 976
973 167
951 789
579 805
1031 867
159 965
604 746
1089 963
745 462
639 1003
1015 1117
411 84
388 246
116 942
398 191
298 294
373 351
228 191
245 1098
981 550
895 423
802 123
695 531
34 522
322 796
567 954
524 169
721 462
495 737
772 202
1047 1064
897 839
658 967
525 559
881 170
225 912
174 381
557 845
197 932
897 917
737 1015
140 229
530 377
118 853
138 445
996 970
881 996
169 636
1034 367
876 353
934 545
1097 620
864 723
244 337
269 388
644 610
249 199
455 262
982 1009
650 232
342 945
80 818
452 761
443 237
709 191
169 442
169 532
371 711
204 934
723 711
1048 411
277 768
562 498
560 707
1055 571
1069 635
98 828
436 202
681 643
301 396
1001 1056
133 678
775 125
185 981
250 126
438 319
311 466
987 406
1002 271
528 582
182 380
975 1069
534 454
744 767
919 842
360 34
117 505
378 682
438 805
682 564
1009 1042
229 820
831 151
829 774
525 971
649 820
640 481
769 552
851 384
696 476
539 313
420 833
881 534
466 1101
79 880
197 995
332 636
937 107
418 573
549 163
829 1052
337 185
868 271
649 406
839 371
832 431
312 542
553 721
142 692
1023 986
535 313
428 792
1038 744
356 516
231 578
154 693
879 617
322 522
271 269
816 890
603 754
373 1025
609 381
400 282
215 137
455 984
711 1015
326 763
480 190
267 561
407 429
676 853
330 794
326 415
169 166
447 675
819 506
921 563
127 544
255 548
337 561
500 144
488 467
187 199
575 871
571 185
527 881
555 382
869 842
907 209
115 735
596 693
374 733
998 393
685 342
848 568
869 123
368 712
879 995
243 363
446 586
30 1114
342 211
919 261
800 329
759 569
315 321
489 218
1075 665
562 401
788 550
457 711
550 753
542 873
553 786
534 583
517 207
510 352
373 734
688 1122
426 919
977 141
201 693
164 219
297 375
395 1014
40 436
564 506
573 561
682 794
317 1078
524 114
351 409
733 104
287 470
830 987
868 957
609 965
162 866
663 1016
809 510
151 578
138 771
8 505
144 624
1020 644
574 102
1022 786
963 507
429 250
219 967
266 814
637 168
751 954
371 625
617 834
628 853
700 589
809 22
109 236
702 812
1048 462
682 93
722 131
312 1085
85 591
306 527
858 613
240 1083
451 340
606 649
202 961
1109 336
805 479
480 716
618 847
14 429
394 803
424 272
393 1062
121 950
757 759
684 366
887 149
543 267
393 349
331 338
650 1079
724 503
974 240
728 919
105 1100
487 677
314 423
189 474
388 440
375 991
564 307
134 628
234 147
55 721
225 456
105 437
1000 430
1016 401
510 262
452 195
881 544
478 561
332 996
976 1120
393 332
835 26
168 217
509 786
89 407
980 1022
691 577
504 665
414 748
458 71
491 765
167 924
58 977
164 411
504 1122
640 171
1122 401
878 975
200 369
824 142
1006 998
325 755
367 671
583 742
980 1090
47 790
548 155
521 39
140 831
322 689
1046 490
460 355
213 399
929 140
968 685
652 443
399 705
402 310
702 633
150 388
760 943
852 838
657 727
113 175
224 348
629 250
851 450
837 1106
428 616
40 270
913 531
224 351
678 558
284 683
1086 520
501 348
307 190
318 244
947 257
942 57
700 345
442 757
1065 626
235 909
430 247
874 478
449 372
283 473
346 518
1112 972
509 372
905 1012
365 947
120 83
1072 707
987 966
137 394
1007 755
226 260
315 767
930 1123
172 657
5 960
358 156
211 704
494 258
1021 1109
633 1111
718 1121
388 619
409 963
801 55
207 1047
27 186
496 446
862 524
594 258
327 610
961 727
788 110
760 106
1017 193
1008 483
653 331
831 325
1007 260
386 938
755 764
391 808
327 724
549 361
261 559
133 629
882 473
490 849
685 270
51 811
481 330
892 774
333 792
742 107
320 679
308 544
570 652
119 229
356 963
295 780
911 32
235 875
171 326
26 941
142 648
907 813
289 633
259 917
66 197
685 763
128 250
521 1060
555 494
217 234
701 208
1080 50
547 198
660 812
899 755
762 405
436 951
904 150
617 944
876 904
882 861
954 540
980 294
515 345
167 252
691 257
1089 456
659 1087
262 265
424 248
418 734
863 246
604 222
658 522
210 771
330 410
234 679
735 759
1061 435
968 1026
94 127
1055 998
145 144
268 670
370 465
151 991
341 397
192 906
729 779
978 347
863 219
155 96
429 40
907 693
892 233
542 684
489 491
740 834
51 912
435 948
444 920
394 809
260 697
436 162
1109 57
590 721
157 414
70 306
930 44
861 153
606 283
316 196
1073 75
201 285
772 916
123 493
1008 452
823 439
498 885
697 445
693 814
655 874
105 438
767 698
952 633
79 884
858 325
645 859
273 118
920 126
951 670
643 685
823 812
263 760
634 601
346 51
695 835
30 813
880 395
674 926
17 503
648 711
1010 1073
483 816
344 822
280 685
1055 279
904 863
1091 186
587 563
977 428
795 906
228 381
897 850
917 726
535 647
660 398
664 411
943 379
725 165
909 215
449 200
207 361
391 617
547 853
321 491
630 492
492 310
238 216
577 301
588 520
399 541
621 264
383 282
664 651
1027 681
569 220
219 247
708 536
712 53
344 998
339 570
745 1062
1073 442
478 386
615 314
572 405
236 264
197 810
669 871
186 202
1021 706
996 1038
910 909
805 242
575 1064
1010 851
151 386
7 926
306 171
443 355
794 594
956 202
119 222
512 509
162 691
982 426
471 842
789 25
418 48
145 221
1073 430
962 918
191 472
1080 101
1079 463
482 612
257 124
133 452
125 778
71 778
670 732
699 733
141 578
783 457
384 758
761 1088
232 844
226 615
146 502
770 350
684 644
732 485
134 588
832 234
312 84
257 537
786 213
172 172
735 634
197 492
878 932
647 388
513 905
713 428
399 128
412 247
113 189
955 867
272 8
866 677
321 1009
540 1007
548 252
337 734
886 167
800 905
133 131
994 783
497 688