593 949
134 369
264 136
243 763
193 321
278 944
592 867
132 357
839 26
611 680
148 357
635 536
306 643
928 270
126 0
1018 477
460 499
777 816
482 162
418 568
570 906
735 668
298 686
874 1080
4 766
575 406
1087 861
919 941
444 801
107 305
229 244
426 542
703 551
767 920
346 578
406 976
874 203
541 421
398 785
974 18
460 987
234 554
1003 382
552 1010
328 384
526 544
541 927
608 247
66 359
720 1115
526 595
754 363
663 851
504 136
547 531
1099 871
1004 409
355 449
870 539
617 653
720 931
595 515
400 619
184 498
716 110
292 918
613 1088
105 727
606 804
152 756
710 22
971 241
805 801
116 332
375 91
417 806
184 594
769 769
335 764
550 983
1064 258
140 553
178 969
757 840
177 915
614 271
734 853
509 857
613 763
740 178
1000 135
454 359
390 324
480 836
462 225
878 748
895 410
814 683
691 2
1001 579
805 770
328 771
326 57
774 325
1041 301
379 281
378 188
487 320
962 896
1032 989
533 541
328 89
660 400
492 853
989 818
137 280
674 94
136 305
558 808
812 268
83 897
681 526
894 898
492 381
731 929
449 959
290 283
473 710
994 685
372 970
330 19
417 1081
813 484
1004 491
757 141
696 666
206 447
574 657
51 609
469 427
679 260
371 305
1007 643
199 222
126 1045
1008 850
973 698
493 333
465 32
350 379
204 205
498 694
752 332
482 909
490 673
1098 631
95 915
742 734
925 502
95 326
839 708
663 795
676 369
321 507
64 213
389 94
876 895
807 325
992 660
254 556
482 1119
859 361
421 991
834 619
412 935
634 679
111 270
104 154
1078 950
353 357
599 984
200 667
760 592
437 720
609 350
568 917
876 974
604 899
258 979
224 545
577 533
334 551
989 863
885 758
968 789
666 200
530 561
657 389
221 713
134 882
705 112
1017 239
712 289
10 787
644 317
774 1097
563 649
481 754
847 429
173 344
691 593
778 624
816 788
519 351
242 651
328 95
550 884
489 320
899 159
335 395
455 298
173 415
120 656
985 814
25 1105
440 1115
814 705
542 480
643 796
722 593
369 817
801 545
567 528
369 1049
517 594
772 839
696 457
142 1079
306 434
696 769
978 481
742 718
708 506
799 102
990 852
346 130
257 624
1020 992
636 271
143 214
180 256
886 804
505 772
767 972
719 207
665 790
517 1096
607 50
460 950
207 644
1066 1011
519 64
638 439
1016 948
764 1079
877 743
599 241
575 224
965 601
538 585
111 282
879 947
568 234
835 571
78 945
672 135
12 138
1025 325
792 794
511 1093
452 272
890 691
249 131
169 395
716 748
934 489
387 175
268 737
673 692
2 18
593 309
1076 1010
1007 985
432 779
1070 725
768 428
661 610
733 352
672 212
327 147
493 960
490 831
917 963
791 1096
397 521
556 223
990 327
213 922
100 318
61 230
445 520
639 574
796 790
936 23
340 278
488 475
728 216
432 308
844 979
464 785
548 725
138 253
910 637
970 877
500 299
718 340
627 1022
520 245
130 531
906 130
798 891
630 930
367 764
815 304
1102 554
543 1121
425 124
186 974
614 273
1114 274
295 616
428 167
304 725
535 666
328 160
483 578
518 1100
48 121
608 483
863 314
829 374
712 1123
215 1003
245 781
525 719
463 562
644 267
32 1016
203 318
704 531
509 840
947 6
49 145
1010 844
651 148
8 154
540 984
131 478
643 406
164 481
528 799
532 117
660 790
336 909
434 639
775 569
969 465
482 629
845 710
772 553
417 882
754 996
76 634
937 920
954 390
925 883
452 228
9 386
478 624
614 575
518 521
248 436
719 771
408 693
412 192
686 210
386 642
373 84
211 898
836 1052
931 612
178 747
306 278
186 956
513 200
968 391
897 353
116 811
248 263
701 914
810 517
868 84
221 774
857 690
697 543
61 881
113 504
802 638
98 456
555 670
66 729
416 428
635 107
97 214
175 708
889 330
1021 840
822 315
658 455
214 413
369 751
677 575
820 232
484 153
859 567
880 373
108 1009
245 294
735 417
277 735
763 961
732 496
542 295
524 58
952 688
948 326
709 579
366 301
637 829
98 1094
440 634
258 414
871 785
206 461
440 473
134 733
355 265
919 650
1078 873
230 622
509 911
428 608
762 478
694 454
565 113
395 741
202 795
119 218
344 400
469 1001
12 1088
462 521
338 193
8 952
617 280
621 795
1001 880
900 638
175 1066
1083 525
441 729
1023 959
802 300
840 823
223 117
561 247
189 606
615 328
108 211
1072 811
162 100
943 261
1027 645
614 967
747 530
251 239
266 399
318 1109
946 755
106 810
1005 691
426 454
838 930
315 292
58 263
248 136
73 108
150 399
211 181
152 101
961 342
829 592
805 201
1040 373
1075 944
831 309
546 296
1032 636
1111 366
697 54
580 675
447 246
136 717
800 641
220 383
132 851
580 832
328 186
819 898
829 444
635 1002
785 421
109 218
1011 835
265 982
677 291
178 561
964 1090
0 772
503 720
696 1022
1008 1083
615 0
358 1014
439 159
397 1104
215 633
874 279
313 134
596 64
607 278
326 166
815 889
977 937
32 634
477 718
220 335
310 857
818 54
842 394
667 395
456 967
431 752
1004 786
792 632
593 857
230 1051
778 181
510 289
981 1056
462 662
780 1018
470 678
525 833
940 396
248 1022
762 42
767 258
436 779
834 171
263 154
403 900
123 712
972 555
877 1107
287 131
179 193
859 750
938 758
381 217
733 618
252 381
470 535
800 925
759 351
464 29
706 140
514 537
134 677
64 684
926 727
1009 418
497 748
1026 370
624 329
1054 618
975 1046
1074 300
703 682
980 88
969 353
905 394
808 267
7 801
992 831
139 705
122 1011
114 135
602 224
472 114
600 801
952 18
925 95
462 51
436 714
388 573
467 631
615 673
705 548
840 499
697 473
243 916
301 944
890 783
171 753
791 507
989 770
531 985
774 100
341 314
692 864
270 236
225 651
253 412
798 282
239 904
396 1019
389 571
734 279
625 687
695 964
918 466
225 185
247 838
880 342
637 395
629 164
476 1025
40 376
719 905
426 193
899 621
1083 581
545 352
912 464
655 451
637 931
353 663
273 457
556 1005
431 339
555 1006
126 636
69 944
258 1017
806 529
725 6
907 740
973 1025
948 538
658 193
1021 123
936 939
801 533
899 766
938 884
214 395
1032 745
1111 897
624 1020
757 775
328 733
104 588
561 198
331 15
644 959
583 212
657 993
868 613
312 961
562 806
441 36
1005 390
926 259
923 156
95 767
312 1072
126 107
981 272
668 138
444 95
663 379
664 241
948 626
147 215
1119 427
640 305
882 1094
849 327
967 361
398 227
929 879
36 731
1040 532
315 860
20 574
111 555
255 130
270 159
415 0
928 85
494 892
155 894
667 150
319 568
441 574
1001 832
606 985
725 624
523 863
534 886
673 164
922 475
694 350
816 806
752 208
945 219
926 220
990 872
253 829
798 574
334 523
565 107
654 920
573 627
361 453
611 361
555 21
790 983
978 648
648 654
113 522
883 702
453 371
625 438
97 578
1091 104
701 345
615 1020
209 803
535 506
447 271
683 1043
794 136
422 136
273 1061
155 352
688 214
1097 761
17 232
649 606
654 344
127 61
733 754
844 712
407 441
619 409
914 403
885 123
22 518
1105 226
346 720
755 962
799 603
796 225
764 741
782 113
331 658
401 511
604 601
698 956
824 632
238 840
553 729
330 347
1095 609
1056 935
161 849
470 480
476 962
659 987
976 784
21 984
610 429
607 759
693 346
362 716
836 786
158 745
203 468
177 770
1045 412
538 689
898 1021
368 732
1001 1046
732 1073
1088 233
254 305
394 775
136 305
560 701
846 305
132 727
655 489
706 263
563 882
616 388
686 630
229 1023
485 995
525 857
54 172
79 147
763 343
698 167
253 373
789 392
902 979
150 225
102 838
853 703
600 71
777 337
503 466
122 909
418 795
272 501
753 711
311 315
964 648
444 1025
93 552
940 388
101 810
443 487
1092 905
460 640
423 949
254 539
862 740
1001 815
73 686
1090 276
590 341
975 104
891 213
471 1094
175 436
297 856
552 863
1116 853
807 259
367 925
169 906
593 613
1111 822
914 608
962 960
211 377
411 544
591 757
169 372
355 20
858 611
220 941
574 571
287 1076
159 376
266 478
751 1095
136 380
905 42
1057 324
763 764
1003 374
319 280
143 682
470 727
392 1076
371 823
622 811
584 739
534 147
479 79
345 920
718 1090
1069 537
529 262
479 646
793 9
858 871
287 924
667 125
175 229
527 865
929 377
157 953
282 351
360 934
993 181
1072 1109
1015 132
967 951
854 397
270 843
195 464
136 448
227 821
207 447
586 221
814 581
865 377
487 578
572 729
524 412
684 552
339 653
1097 262
733 428
83 922
515 366
512 824
301 191
310 296
479 750
520 602
958 745
913 596
990 425
330 282
548 1007
585 1078
782 816
74 887
505 626
951 930
251 439
91 1066
370 429
478 447
860 303
159 58
583 338
994 828
788 251
389 583
159 245
269 929
925 542
537 121
2 99
99 115
221 315
346 813
581 571
228 1111
300 196
989 494
706 457
1065 626
59 701
727 616
725 732
69 379
25 598
476 455
1056 747
45 341
540 1077