650 647
144 897
28 954
501 421
961 612
206 621
344 684
673 403
764 830
656 64
667 861
893 542
895 466
856 165
1022 368
481 248
616 363
154 1045
532 541
764 891
669 942
80 206
299 712
116 913
525 652
870 218
905 637
481 529
515 210
383 134
1010 88
670 903
722 92
326 557
693 532
934 372
810 862
302 377
918 278
329 798
535 571
259 386
737 1123
321 547
1021 686
583 379
1023 640
465 984
601 67
534 1064
281 905
13 657
499 197
498 871
46 517
260 527
603 723
607 565
112 632
1093 258
1013 845
872 897
398 593
295 179
622 518
280 931
19 87
808 110
893 406
1058 671
802 849
1006 235
292 796
930 743
1017 547
17 849
334 398
346 833
808 398
502 157
844 385
1022 735
225 372
16 192
83 531
328 757
377 352
589 285
1017 608
741 953
491 204
1117 783
188 116
949 246
190 138
139 609
123 855
399 336
120 451
699 980
251 209
395 175
60 157
910 924
99 963
398 498
684 987
237 995
294 205
449 298
634 609
643 837
386 914
147 1106
737 946
574 851
883 895
146 716
114 474
210 784
1001 113
222 866
352 484
426 375
617 905
503 314
429 131
592 212
490 475
977 117
35 1086
157 797
376 700
551 857
734 1095
611 178
20 655
294 137
432 600
466 346
594 144
541 846
662 1109
708 273
314 1018
531 888
71 1007
289 970
232 160
977 638
820 363
7 360
682 7
852 370
264 384
322 378
874 970
1021 889
154 1087
370 745
763 645
1080 593
852 253
180 224
116 1067
24 925
27 361
913 441
214 704
905 837
975 644
815 995
83 599
493 545
612 396
469 831
802 694
504 39
339 635
56 756
49 941
4 303
649 903
248 65
1087 419
702 809
776 267
795 1112
838 17
887 603
454 508
667 1
1006 597
787 36
126 677
951 264
262 671
701 390
922 502
342 949
620 919
282 583
258 349
20 126
755 949
449 174
636 160
423 785
735 841
218 865
582 912
567 232
314 240
748 826
1101 104
166 157
230 581
692 133
766 516
372 539
501 301
389 866
367 251
673 1083
260 409
635 961
956 119
970 275
918 137
247 1102
429 839
464 1011
86 179
542 722
1100 891
133 678
718 425
394 480
967 474
457 583
221 736
671 959
863 622
750 271
259 361
711 142
192 397
392 989
223 747
471 10
717 406
1050 935
5 310
808 270
557 318
7 1114
905 642
174 643
142 524
814 728
317 815
100 309
468 732
938 261
366 981
535 547
491 466
215 352
35 920
199 822
220 403
555 159
48 763
1097 705
222 410
978 564
107 871
471 344
326 464
798 656
812 278
774 698
943 535
168 736
432 406
703 116
851 957
989 477
149 530
1006 251
842 405
34 761
824 468
550 379
638 797
20 985
859 347
380 793
545 237
841 342
819 158
984 721
163 685
553 218
161 125
615 333
772 267
870 177
787 105
603 747
917 561
1077 502
968 968
425 652
840 988
1038 354
820 785
970 979
951 66
488 898
914 679
290 24
233 318
230 1109
1053 949
125 608
129 148
123 913
826 134
1109 633
301 1068
539 350
354 688
269 272
1023 453
592 953
743 884
121 369
527 1029
166 915
709 417
659 856
172 553
123 848
378 638
320 586
472 506
296 786
537 867
361 706
922 643
314 619
944 447
659 531
639 601
918 1044
214 20
423 618
781 875
186 429
877 151
546 323
848 687
909 202
896 857
918 895
622 673
223 635
640 849
880 159
979 195
926 89
962 1039
192 927
701 813
382 989
252 697
804 1069
925 945
514 907
716 906
157 300
826 136
577 983
305 591
632 94
349 441
250 895
16 560
998 777
360 159
785 507
462 205
820 1073
200 619
908 306
318 766
532 860
262 706
22 162
376 705
1098 894
985 404
195 337
510 1026
865 240
1008 757
1085 206
847 633
636 436
217 1090
17 360
805 781
372 78
451 977
185 262
674 995
80 244
448 194
147 718
756 322
377 17
976 331
868 637
260 136
138 1063
213 747
850 980
925 129
374 489
956 481
361 426
982 408
97 1000
792 805
276 892
665 145
502 118
440 769
877 912
503 704
656 616
459 748
236 1056
205 230
753 662
481 534
356 727
999 1100
678 212
1051 692
792 15
472 984
960 303
193 724
748 706
142 904
340 449
700 921
550 859
297 640
76 102
721 673
753 661
101 740
597 732
654 1096
93 804
298 254
319 928
1006 300
217 311
1008 587
416 510
849 751
71 445
340 109
609 791
786 1055
964 140
847 826
879 326
25 106
174 1090
186 492
923 1008
460 573
844 970
424 719
275 581
566 833
261 245
572 661
999 774
643 67
45 997
1059 485
772 448
903 433
850 638
410 112
508 585
568 629
61 834
570 219
420 1089
48 439
1007 171
822 457
597 658
982 876
256 453
281 973
261 897
833 687
915 730
28 701
171 721
154 860
708 437
564 633
893 912
265 663
236 137
509 823
837 993
222 517
133 599
438 588
792 1059
313 221
184 291
202 791
750 535
459 642
985 606
25 49
437 741
388 1025
894 54
691 426
958 284
580 631
260 961
567 775
142 135
126 413
869 861
41 146
527 786
507 807
916 948
627 233
436 739
753 305
588 857
709 935
632 1014
717 809
197 684
1036 440
344 1014
162 220
842 762
708 860
212 575
933 192
493 528
583 525
826 950
945 912
998 146
9 248
203 545
452 644
357 960
325 501
917 177
128 153
491 779
288 349
551 497
171 949
1020 774
675 767
1048 381
877 144
864 571
442 803
464 687
977 587
814 614
949 424
124 468
1056 288
980 335
968 599
943 422
186 111
190 594
841 556
436 616
755 376
951 594
704 75
509 970
623 462
1017 771
836 665
271 274
905 474
129 804
152 678
723 176
233 649
793 236
740 1018
495 158
388 157
937 938
976 237
635 397
124 818
511 641
15 559
1045 700
708 808
522 637
22 445
765 396
151 208
639 377
669 1106
817 325
874 549
339 110
203 243
66 1090
258 673
1046 713
278 113
1110 536
38 387
332 802
717 613
692 659
827 314
150 676
1018 443
699 390
1004 995
425 939
518 974
491 165
464 861
888 129
537 442
153 200
206 255
945 425
1007 602
896 973
1085 290
380 261
69 637
299 649
118 340
752 1061
368 1010
588 201
637 305
487 1106
573 111
400 891
443 241
734 409
3 424
713 715
784 381
328 368
449 927
1011 729
621 855
862 1000
427 818
815 108
942 645
781 484
503 458
1098 376
638 542
776 813
392 301
247 982
605 440
1009 274
190 556
937 884
252 115
717 696
234 268
602 885
396 639
405 222
995 322
240 1026
791 1006
805 628
313 496
178 45
319 656
173 655
123 202
439 429
518 283
115 567
533 676
839 1005
511 336
727 170
809 945
360 563
963 455
591 47
373 388
290 982
799 109
31 674
73 609
923 650
662 405
810 46
835 678
685 774
431 914
395 429
142 555
883 448
121 888
417 820
707 550
687 867
502 387
655 530
905 474
359 875
179 396
809 1002
980 26
867 531
995 664
597 466
1018 156
633 197
320 825
450 778
428 760
450 889
117 576
69 790
1060 1053
714 321
615 39
979 759
247 707
387 400
869 294
221 993
824 617
915 502
211 418
292 741
696 552
513 1086
565 313
393 600
454 527
292 275
439 567
274 409
615 687
260 167
220 421
239 32
671 523
751 622
1013 250
430 738
952 881
662 65
185 727
675 1006
724 476
885 101
715 294
613 91
780 741
110 128
197 636
611 278
438 333
622 483
79 447
0 649
343 409
775 62
265 820
987 1120
214 169
1101 125
335 604
628 131
1025 511
553 236
125 531
933 847
664 225
913 546
428 121
582 877
1018 415
1118 1085
274 927
378 919
341 288
988 170
426 831
451 411
116 861
957 1000
781 277
413 912
904 309
615 628
835 507
968 842
736 598
161 338
497 921
966 605
473 778
770 500
895 814
606 488
456 742
594 1055
893 453
656 1121
705 300
671 762
284 140
138 426
858 644
474 964
947 171
268 549
555 683
575 666
413 838
673 1013
177 300
881 822
830 109
200 140
971 929
667 482
688 581
416 638
61 513
368 1035
219 503
173 156
270 878
124 911
197 837
980 49
1046 26
624 897
676 885
995 728
557 605
786 680
434 227
899 1099
763 469
970 511
514 86
399 279
720 1083
407 819
549 957
460 171
980 382
280 808
601 387
551 364
894 436
324 117
1073 761
969 291
27 305
306 488
601 575
200 1054
694 856
337 241
354 32
555 291
530 219
306 1107
150 1060
234 434
283 801
1017 623
384 835
687 311
987 603
303 991
1050 927
466 523
584 847
507 302
133 182
478 435
133 469
52 319
988 605
334 944
183 109
505 958
839 854
222 557
889 357
873 1050
492 844
919 131
783 1000
963 1016
405 606
910 378
47 106
872 329
1083 663
909 493
971 509
212 217
849 872
136 7
794 895
264 738
683 428
842 514
21 105
979 599
667 927
969 1056
413 747
1012 634
413 124
126 22
480 1066
162 256
980 449
167 354
811 457
244 374
902 809
1095 846
957 636
761 873
736 236
165 693
875 527
930 837
883 78
205 1037
299 989
19 846
811 800
525 10
1103 345
470 988
479 1067
373 220
306 968
671 419
1033 1015
873 368
962 645
217 495
988 345
502 926
299 620
495 741
730 12
676 124
689 824
20 747
432 281
1066 90