1007 447
832 1045
459 569
348 971
410 446
576 649
889 536
219 702
384 58
969 108
799 793
289 303
976 547
714 767
575 753
367 336
534 498
1002 253
983 551
323 820
399 380
817 945
434 662
224 558
555 675
500 793
358 868
121 158
136 923
780 691
602 273
854 955
440 955
847 133
1011 575
778 165
174 953
566 550
521 57
315 113
512 548
526 1034
885 312
845 100
48 751
199 936
977 80
823 479
998 192
360 439
184 489
856 882
896 357
793 229
498 437
564 96
205 423
1087 898
436 978
625 162
1076 799
451 945
867 457
858 646
817 186
411 1075
558 274
355 866
652 185
416 743
302 139
471 756
339 19
599 460
1094 70
813 519
368 890
968 246
588 622
348 595
153 146
346 834
1118 404
1058 532
881 125
405 1075
396 11
801 726
768 114
510 621
278 261
713 394
307 696
158 415
478 291
391 498
429 574
196 17
1022 1066
362 313
170 968
702 642
103 892
932 1116
697 327
668 819
458 599
653 123
703 650
526 979
580 1104
32 42
159 890
216 535
779 104
801 154
950 794
229 294
296 140
265 559
519 320
729 578
399 741
961 644
775 726
206 944
1006 960
28 834
344 552
1120 685
6 1035
548 884
284 834
849 503
616 304
557 759
626 257
614 196
327 428
942 194
244 413
487 383
1019 886
961 579
918 229
547 823
254 1099
11 474
358 699
842 317
856 452
194 1004
355 1076
681 991
155 1023
1006 144
1057 248
962 327
988 185
345 1014
728 8
233 622
884 1013
787 506
867 1100
792 118
1073 726
494 502
126 639
27 895
247 475
514 950
637 432
949 826
944 90
811 993
637 119
890 890
631 141
994 382
191 210
771 110
919 347
412 748
334 142
573 486
706 328
147 513
682 762
138 247
488 886
894 909
428 796
358 389
648 809
686 524
224 730
723 335
655 193
295 375
347 132
470 1118
767 547
803 765
731 990
759 794
717 1021
156 929
312 223
709 949
389 93
465 333
515 608
592 831
547 451
965 1070
556 396
661 365
1021 223
192 86
466 887
1062 481
594 375
1088 774
689 678
71 833
387 230
501 2
635 108
898 386
257 758
797 635
330 654
140 226
1119 452
197 917
537 652
926 884
533 867
598 644
840 748
180 149
651 188
520 647
370 881
721 169
708 572
143 294
282 527
314 963
846 858
741 660
565 851
950 262
347 787
898 228
504 278
653 698
310 103
1012 426
205 692
294 345
725 643
771 611
139 539
198 530
306 41
690 795
311 957
568 328
751 843
876 330
584 510
584 273
649 862
244 934
842 320
167 952
808 518
553 735
220 633
290 572
246 281
19 1079
19 947
699 644
834 628
480 483
238 651
326 740
43 251
544 157
370 346
509 597
612 302
549 446
157 815
629 420
476 253
596 627
739 243
583 961
349 757
930 724
824 916
824 178
425 170
368 567
973 780
49 492
293 175
995 684
243 519
423 602
306 924
461 701
938 480
516 583
61 281
550 199
442 131
1012 1099
88 468
764 540
738 924
841 939
724 1015
448 461
898 584
992 356
317 319
810 669
239 1000
1018 93
223 415
265 1122
622 801
76 247
883 443
32 826
826 477
623 953
811 1052
494 699
26 730
240 132
1096 579
999 726
610 283
321 174
96 828
777 783
391 851
383 996
702 113
388 332
349 188
778 576
985 600
534 575
188 678
576 260
916 304
332 1068
1116 353
929 223
1075 398
271 818
483 947
644 1050
850 729
60 673
635 924
929 870
569 461
409 383
371 147
390 497
626 1070
1037 386
263 163
227 836
34 478
1056 952
681 295
709 1082
934 353
192 225
289 1018
190 175
243 451
929 564
452 650
931 1106
290 784
814 1046
407 735
717 517
284 248
498 134
797 713
817 608
119 262
168 493
979 224
488 557
546 860
120 774
860 625
456 234
817 733
1000 913
846 559
1016 511
962 579
235 581
809 896
104 436
280 592
365 706
624 148
679 40
340 1011
480 668
867 50
899 452
550 968
989 740
178 860
877 315
515 1062
158 830
968 5
466 350
803 402
933 171
425 808
675 349
914 125
523 928
956 917
382 165
8 751
758 645
564 411
594 884
138 493
646 55
783 1007
639 134
141 398
590 1069
393 869
772 506
510 853
672 184
978 992
31 730
514 666
576 1019
686 605
545 661
808 153
849 24
598 103
663 595
866 209
882 404
767 416
690 552
337 111
411 636
300 702
40 365
181 582
274 930
73 395
161 217
924 370
1110 907
979 370
138 494
953 341
1047 612
630 954
21 808
738 762
148 1110
339 660
951 734
912 346
471 832
1022 779
1001 104
354 970
77 1045
467 461
488 639
524 1007
592 368
127 291
86 465
926 626
1063 572
172 363
702 118
376 608
717 1059
893 712
611 876
481 287
474 962
620 141
818 507
268 746
664 678
537 787
667 414
296 830
128 777
804 332
212 131
1048 906
199 1102
680 958
934 951
814 697
465 1014
535 137
222 848
714 321
409 744
768 667
813 661
697 211
487 97
256 94
201 233
1108 286
616 392
557 146
890 111
954 841
110 540
601 570
597 787
197 195
326 204
859 252
341 394
1026 288
164 446
139 202
869 722
467 316
926 704
748 624
551 702
676 239
541 315
971 457
304 107
284 1010
919 467
469 530
1081 254
477 1017
603 887
263 151
456 967
580 620
548 1111
892 553
629 172
167 242
770 986
356 255
349 641
567 97
288 588
211 464
515 62
1035 985
380 373
577 460
946 968
998 990
834 781
266 61
428 1003
770 289
710 833
1007 768
422 720
1049 1110
869 1001
404 766
25 517
91 355
943 130
354 725
755 713
712 487
876 650
762 453
580 706
188 259
1063 571
661 711
330 634
106 657
754 1072
873 730
101 462
40 689
661 130
715 789
1019 232
849 387
615 575
323 905
677 444
329 279
418 299
26 171
832 198
952 922
835 754
637 879
270 561
865 248
1080 510
299 151
914 594
230 348
765 417
253 375
520 158
250 430
384 254
101 277
754 356
104 263
876 1016
575 1
572 988
781 569
670 785
425 866
641 682
977 408
843 570
80 881
195 604
291 593
563 921
835 461
847 858
975 364
370 1118
827 228
246 759
1007 324
217 751
426 159
806 930
537 639
153 354
176 575
623 467
204 1054
385 486
987 72
511 715
123 901
155 1010
160 223
838 938
443 435
103 546
790 886
507 790
455 538
764 921
259 1112
645 288
530 710
565 875
576 226
874 274
350 231
468 182
760 207
563 343
786 828
47 978
698 524
806 1018
480 742
854 304
104 908
587 450
946 466
618 433
367 354
56 163
1075 967
890 376
715 832
1093 1105
252 95
160 200
728 13
833 812
81 694
853 979
267 963
747 479
490 768
22 351
287 750
377 705
720 331
291 242
694 1072
485 225
131 504
868 409
188 320
666 153
385 18
371 144
335 732
556 928
961 260
636 350
41 383
341 646
896 413
585 687
822 895
1017 157
684 379
1050 768
681 1003
499 359
435 683
762 1065
1069 731
629 301
63 122
744 919
850 510
197 423
569 573
1119 808
115 790
586 132
130 197
426 453
1008 631
555 703
1078 1057
305 683
955 67
512 174
503 692
1014 751
404 546
743 576
773 951
840 548
896 220
160 617
779 438
388 589
81 973
426 838
749 314
351 474
547 225
548 501
765 630
794 850
630 100
428 773
155 463
306 962
687 697
100 322
661 470
336 289
436 724
1047 649
384 884
378 984
727 193
889 629
962 553
292 163
687 426
109 388
962 731
184 819
649 661
124 755
599 8
554 412
584 308
868 463
858 183
197 550
191 747
119 119
357 1076
680 815
572 351
568 1050
274 852
462 63
620 601
370 873
49 915
902 354
1101 694
672 574
226 576
652 19
18 450
214 737
171 767
494 444
414 281
527 58
897 583
604 1022
605 851
716 162
440 997
781 415
400 802
659 255
31 375
875 589
687 331
110 797
181 242
658 752
115 222
528 550
590 797
286 503
871 310
244 678
596 532
441 7
215 510
1030 733
794 464
470 887
110 200
423 573
243 793
737 567
912 667
429 249
587 317
300 483
626 1056
720 299
865 858
799 916
494 339
959 1113
572 658
989 912
186 257
601 253
494 1010
177 1012
637 388
781 214
145 1040
674 530
440 280
810 204
403 422
232 750
439 843
647 928
234 836
212 575
541 996
1084 455
78 462
572 661
725 692
743 144
297 503
553 1068
218 856
457 52
1106 985
1074 189
538 908
294 597
366 837
516 950
799 851
441 642
186 54
132 892
490 1104
637 849
1050 363
531 530
1118 425
629 908
915 393
843 937
196 189
101 1066
463 1020
179 492
162 1046
710 705
978 584
819 22
377 608
150 434
923 709
985 89
279 967
182 763
509 797
1013 602
282 456
898 958
307 722
350 615
542 379
685 172
155 568
435 711
171 1056
994 642
311 651
20 651
728 446
500 998
557 254
518 1062
583 436
311 601
328 376
946 1025
300 205
564 991
126 518
298 762
497 1060
569 1015
325 81
446 825
650 620
151 706
881 678
373 760
237 778
426 844
627 291
657 132
504 121
565 548
869 761
319 789
490 709
875 939
1023 825
741 360
232 529
327 484
720 695
858 391
219 496
821 242
345 803
1041 740
229 912
278 514
885 415
318 899
620 236
576 225
214 369
139 459
539 661
236 200
339 76
684 635