722 138
380 624
782 365
935 828
208 622
425 684
443 974
605 437
1025 497
875 374
261 71
793 771
577 547
845 205
831 461
850 448
208 332
387 256
729 171
839 132
211 852
774 924
559 323
535 893
978 1113
1091 744
449 952
906 701
18 292
28 447
206 680
642 900
471 532
605 236
951 879
754 408
609 409
536 452
1095 471
335 923
496 1017
1058 1023
417 1021
878 805
894 999
803 594
731 1015
120 643
160 969
458 819
414 576
966 247
939 685
999 913
266 586
637 611
994 924
975 509
848 190
771 996
565 439
300 206
525 772
388 546
559 851
746 292
298 432
618 1
1084 482
891 604
385 401
1081 771
563 777
1044 554
405 290
912 162
1046 153
382 123
608 668
334 202
621 202
134 521
170 1031
334 804
772 949
221 283
692 775
1019 541
356 805
440 20
632 370
777 262
466 79
993 534
318 584
930 994
440 279
876 527
689 260
601 795
674 302
1043 23
720 572
983 237
1028 540
251 194
0 971
125 186
899 888
333 947
1080 262
1112 468
1039 514
310 298
61 302
557 942
989 1089
39 14
625 112
209 59
153 1012
661 119
1080 362
706 868
810 453
634 270
1017 167
476 901
3 497
978 643
972 536
369 665
466 561
287 264
256 792
817 443
170 692
686 382
835 952
275 420
1109 301
304 315
379 624
618 737
660 237
522 405
967 995
405 42
266 1034
549 668
567 668
548 27
448 712
414 348
268 551
432 468
635 183
823 449
550 202
1099 460
337 223
676 898
672 505
318 1020
524 490
992 386
107 869
840 125
354 404
205 1058
312 1022
834 1011
124 358
599 231
655 540
453 273
570 911
1026 913
358 295
946 408
523 216
791 452
773 475
683 701
827 641
500 1038
246 913
555 936
7 959
89 268
862 206
622 1014
480 563
731 370
1068 165
1082 785
913 807
916 855
670 1015
147 931
110 374
497 493
134 989
152 157
887 420
275 1080
312 841
724 518
835 822
663 1067
153 10
542 420
397 412
286 661
615 861
486 725
740 607
397 194
1079 682
305 632
13 596
30 146
392 1012
673 836
498 750
902 620
1018 414
167 113
671 873
893 234
154 852
658 218
1033 223
793 860
841 641
263 226
82 440
451 1070
991 311
319 252
928 626
720 1001
196 1019
795 553
143 854
633 955
990 830
669 47
866 418
363 706
782 339
0 556
180 951
200 711
838 606
776 501
454 684
349 189
274 855
195 772
888 250
986 893
784 373
786 935
1017 206
437 1016
451 872
810 514
520 674
631 583
922 807
947 982
635 132
429 75
744 725
588 274
997 149
360 10
407 636
492 971
52 106
982 231
121 41
1031 1033
136 815
150 235
354 163
152 521
413 224
672 422
575 162
721 507
550 822
235 79
461 1032
197 373
504 0
325 696
918 403
641 519
215 528
159 838
702 1112
259 244
299 170
614 650
800 984
453 870
783 727
1067 1071
484 640
532 1099
372 247
556 659
764 1070
855 330
995 995
953 330
659 783
476 127
164 920
983 614
402 45
274 765
787 552
753 764
314 735
813 887
974 568
474 285
730 642
304 862
257 620
236 233
585 1034
135 404
573 550
580 27
414 1002
215 614
848 784
259 253
767 980
440 815
106 1100
655 263
470 887
350 134
146 302
672 514
950 1018
1072 218
382 311
115 61
121 716
896 842
833 721
555 433
622 212
209 748
305 119
115 495
473 480
968 775
396 716
477 412
895 381
723 760
497 550
582 777
432 347
85 849
996 326
79 741
297 877
493 342
497 195
1118 385
326 900
558 167
534 581
347 767
611 70
696 151
796 699
827 1055
153 430
794 1059
451 612
217 412
797 250
238 277
361 698
128 230
492 87
824 285
362 898
738 115
456 1010
723 449
249 204
188 712
315 127
419 32
355 243
495 744
161 483
769 959
873 673
417 928
396 448
822 497
569 883
234 469
642 819
873 953
443 83
744 50
926 597
172 735
847 558
1019 784
532 958
455 704
947 1090
137 963
757 188
528 6
867 741
811 302
420 679
196 266
626 793
702 977
971 643
221 1001
1037 1059
36 980
423 1081
38 781
277 644
512 397
362 810
647 671
663 220
109 614
566 2
130 829
431 642
80 206
458 847
1002 117
687 815
401 314
697 327
400 847
81 1104
391 581
309 913
693 841
48 543
265 484
661 222
277 1080
858 617
693 805
418 441
687 78
1056 88
396 853
193 837
583 190
818 491
956 925
411 355
995 585
879 219
149 432
254 974
1091 164
723 581
797 758
814 142
469 9
720 346
604 620
806 788
793 593
893 546
520 881
234 232
549 736
733 989
219 1022
494 90
706 202
969 62
616 905
768 335
750 813
8 772
73 319
350 1020
704 946
513 1018
108 181
230 330
1100 726
258 112
49 788
888 66
236 368
441 365
278 577
167 912
760 590
699 828
795 505
1064 127
786 262
382 377
326 68
598 900
842 995
101 520
545 914
901 208
632 894
183 267
143 185
35 116
509 41
390 293
954 195
84 747
438 249
451 1036
352 531
3 992
105 909
948 641
545 435
572 658
190 925
847 267
123 548
435 1062
771 863
230 763
654 453
318 649
328 175
467 1048
393 511
87 228
420 240
262 55
203 928
923 270
630 630
170 330
834 799
333 961
540 408
258 715
704 295
467 312
956 770
917 931
625 279
56 441
550 937
955 1009
870 896
681 776
503 175
698 911
909 990
906 256
454 123
751 983
886 785
796 490
886 188
758 698
247 1123
849 563
341 864
258 166
362 893
623 650
252 783
668 1025
194 463
367 632
680 120
917 373
761 938
731 727
190 496
286 801
477 388
708 972
792 959
316 348
158 520
500 509
742 674
889 280
138 175
164 740
242 738
953 273
338 182
1001 278
352 986
432 737
490 236
864 346
699 108
351 920
892 852
555 967
74 909
788 956
54 932
933 701
488 438
934 910
359 396
380 774
280 753
660 163
910 505
999 676
898 273
120 478
331 425
103 595
880 123
1000 804
492 36
757 651
598 981
333 488
930 805
995 793
126 397
313 782
665 282
549 411
865 340
271 656
820 976
891 6
672 1039
778 332
294 624
674 326
860 1069
1101 754
169 393
38 263
495 598
833 971
179 856
990 414
928 222
429 630
253 132
548 167
35 244
857 520
331 151
557 710
418 634
801 373
102 137
678 103
597 67
659 1089
325 753
382 565
315 287
916 262
271 624
1097 646
467 467
725 353
138 481
819 915
572 642
498 973
672 809
984 25
505 509
348 631
205 219
878 989
606 399
951 329
162 922
906 34
497 851
1019 1008
397 558
1053 576
418 604
980 646
799 402
510 525
224 556
706 631
884 883
209 617
225 948
255 536
526 181
214 647
826 539
500 748
955 1006
60 276
365 399
430 798
427 1006
543 394
1053 888
1100 1034
43 549
337 853
509 233
353 1083
956 340
408 1017
1013 724
625 605
948 617
545 461
787 727
252 668
523 958
361 638
811 151
324 629
792 342
599 394
648 758
446 552
258 947
353 710
597 967
721 107
224 288
715 244
905 769
446 499
233 974
115 625
664 6
493 929
292 119
1101 913
208 593
940 945
538 445
826 404
224 442
571 736
279 47
953 415
1076 528
131 615
365 69
183 198
487 487
277 246
888 99
343 667
891 130
856 596
1018 471
768 13
845 917
898 738
41 1097
801 98
446 671
418 460
1021 967
220 196
967 726
995 701
507 272
285 1020
687 843
292 300
108 533
1008 208
384 513
739 616
222 139
860 821
393 634
513 529
386 779
153 301
734 553
252 1021
204 600
521 282
546 58
965 855
103 564
8 18
652 423
597 715
510 682
494 1119
1084 544
476 284
292 426
973 14
883 859
583 927
237 845
772 405
154 256
547 1030
563 658
591 237
111 172
352 628
594 191
787 25
646 279
466 240
267 940
297 324
786 671
179 138
877 116
532 520
394 325
915 326
759 310
462 664
296 827
125 91
160 385
543 671
593 148
619 809
416 551
582 1092
567 163
384 422
420 756
322 626
570 177
118 868
845 329
854 79
916 635
305 359
945 523
606 6
1080 1049
888 339
201 85
679 77
246 890
509 475
898 442
661 1082
1010 747
252 908
892 1010
124 860
505 242
21 145
590 528
569 164
559 762
717 819
432 3
90 317
596 940
268 243
463 262
535 19
1017 925
644 199
188 943
487 204
672 301
178 1087
829 352
737 706
542 254
340 187
635 345
340 885
663 293
280 435
339 292
972 303
921 621
62 1110
373 679
148 996
125 495
656 459
160 835
103 56
193 125
176 179
180 127
432 123
748 922
839 581
726 828
513 983
238 666
357 200
368 975
490 944
981 448
310 540
822 231
413 509
304 253
388 562
801 951
367 352
239 437
582 974
24 117
505 404
706 265
411 293
3 748
533 174
242 397
1018 394
358 339
42 756
391 249
276 440
140 404
544 484
697 493
598 794
721 505
128 736
218 38
871 261
759 136
386 816
189 1081
763 687
474 248
219 646
623 57
904 301
316 441
414 1021
132 681
454 1009
810 875
510 913
798 376
216 841
1060 512
509 700
923 206
313 239
33 437
535 703
1110 986
53 634
729 1102
850 5
670 112
471 216
121 637
344 290
206 602
393 985
291 380
46 115
707 468
625 310
611 659
721 349
293 526
1027 902
715 224
752 651
334 415