157 1119
680 314
1012 390
583 129
17 579
708 659
554 478
674 255
288 269
404 950
1040 681
405 62
711 607
896 940
596 952
1075 1057
214 494
552 728
186 692
279 578
849 653
970 67
929 129
1102 493
993 637
414 636
1014 149
1060 418
925 294
219 727
654 487
431 326
670 759
166 401
228 716
504 489
1061 576
938 296
44 920
767 563
448 218
147 1099
230 755
100 656
220 506
658 300
191 642
773 279
216 738
476 602
26 138
289 890
169 431
43 311
1082 208
339 1113
440 268
315 453
597 304
560 26
639 1022
974 35
920 497
421 141
365 150
937 15
327 342
106 182
909 194
1061 1122
236 656
401 681
1118 205
607 562
514 677
1083 126
174 281
120 966
691 425
823 736
1033 763
725 163
273 804
266 172
689 727
1120 208
945 542
526 1002
830 258
709 447
574 714
111 989
254 474
950 229
183 748
215 696
467 250
40 500
385 442
987 542
655 840
836 447
660 967
236 420
386 452
310 99
178 257
711 991
1111 316
369 1028
826 405
505 782
1037 1114
530 756
159 364
788 794
728 733
25 141
572 304
152 94
300 1019
123 759
571 824
859 723
436 365
274 331
696 24
1093 328
776 995
811 387
114 226
153 619
101 909
631 791
934 772
846 864
150 319
179 990
525 326
903 434
318 86
160 225
470 964
184 254
102 413
219 652
837 622
382 3
544 872
38 591
1081 227
739 885
841 106
789 607
461 1002
823 557
191 989
546 725
332 994
740 218
526 785
666 243
188 888
779 448
796 598
750 361
544 1021
761 290
667 114
779 637
521 1050
400 490
38 869
770 227
250 851
114 898
557 678
144 171
126 361
649 167
699 503
391 683
459 119
125 623
663 349
548 645
297 608
580 658
275 106
935 441
1014 4
575 927
490 581
1110 1041
887 636
318 771
557 292
250 436
89 186
556 5
613 727
648 449
560 306
588 460
525 320
441 383
1005 818
1021 984
200 980
954 110
334 530
115 605
466 165
733 140
625 813
588 1099
953 823
295 605
153 164
704 322
828 597
160 93
487 753
854 742
23 382
510 339
11 688
369 536
472 968
170 356
656 568
787 267
416 867
1064 865
108 526
317 403
115 394
260 634
749 1008
681 1009
952 103
472 383
695 586
402 888
930 984
279 646
201 295
976 269
559 758
526 958
432 951
617 471
667 630
525 987
7 162
417 962
404 956
938 1085
887 466
728 1024
606 217
622 441
261 952
1067 502
332 709
486 723
59 632
794 404
623 544
35 277
118 369
164 767
598 705
290 692
820 421
1001 375
109 270
629 442
363 764
879 817
387 442
609 938
172 781
266 644
24 1051
110 765
751 709
933 560
485 894
82 525
1015 589
215 843
1022 320
838 669
1017 121
886 68
509 972
583 1059
629 880
227 1016
191 164
342 655
537 312
284 894
456 190
993 880
581 528
500 351
523 91
840 808
320 662
631 951
958 563
536 903
829 41
856 918
1099 221
452 414
619 300
929 947
904 582
567 1029
267 310
254 379
760 835
531 421
939 955
842 980
927 775
589 150
707 685
353 776
890 685
382 40
382 732
172 115
398 162
403 464
751 937
480 917
331 54
878 827
169 371
807 866
297 817
580 737
344 1111
21 653
723 1021
909 255
725 689
981 583
895 277
543 417
474 79
830 308
594 796
595 786
91 65
211 840
995 121
199 705
165 659
366 508
735 442
26 347
126 863
404 601
835 650
266 126
47 880
492 220
810 989
1001 882
806 335
1012 1007
708 325
612 940
904 201
387 220
815 544
843 607
110 615
190 368
965 1000
692 615
923 86
806 859
506 459
681 292
585 774
395 191
663 751
141 400
818 573
944 1065
814 1015
234 183
902 165
533 291
460 1015
350 429
135 647
300 671
606 658
937 943
790 809
640 608
563 877
864 885
332 709
158 912
843 596
510 766
885 187
486 412
735 63
214 789
662 587
90 650
643 85
1042 346
544 523
120 923
338 1002
991 317
609 347
315 51
849 575
654 558
28 254
914 640
135 297
205 681
1011 588
504 542
613 989
60 655
665 43
605 692
759 556
537 559
217 645
880 40
690 1035
420 193
1066 359
511 970
1099 413
107 233
516 688
847 798
358 54
863 821
906 719
237 695
779 1115
254 826
520 700
349 759
907 821
999 196
640 922
1091 578
918 802
409 934
182 959
421 686
526 547
676 223
305 903
890 620
281 639
814 870
170 532
111 857
418 287
895 607
718 817
985 220
12 256
245 1000
1068 898
579 662
739 621
657 970
755 856
790 440
74 704
17 405
807 994
584 1055
578 945
340 441
755 994
936 838
822 800
513 1009
783 705
626 844
598 383
400 990
113 907
872 518
161 744
383 450
946 624
797 840
93 209
462 764
389 44
34 595
668 104
843 265
872 110
888 608
827 808
951 387
155 481
880 542
519 1053
328 788
603 444
331 370
656 304
1045 590
494 608
750 652
102 673
69 1120
1020 498
715 892
1011 233
720 769
528 270
21 900
601 598
940 705
755 588
377 336
802 608
145 755
735 454
940 858
63 1046
782 790
154 179
301 582
685 912
594 886
854 428
509 805
920 236
419 311
802 473
954 681
221 550
459 381
893 62
324 391
396 1001
973 598
387 592
108 615
713 928
885 234
588 369
863 997
834 377
661 587
584 374
652 956
562 269
201 563
206 183
294 838
563 840
980 197
608 871
419 510
377 1021
0 526
932 699
787 463
126 1075
923 760
276 352
662 410
575 985
916 853
800 364
662 948
194 86
866 497
605 499
538 334
629 228
1005 375
305 723
581 938
511 289
731 352
515 239
1032 883
129 701
821 846
426 883
864 919
444 1023
671 737
481 862
793 867
165 105
627 331
924 905
478 1117
1058 126
311 202
283 171
202 751
1014 393
978 583
588 377
996 789
427 809
187 984
337 603
212 367
294 1014
1114 552
928 505
812 593
894 991
861 408
338 550
956 270
293 548
917 835
667 243
718 696
534 317
22 801
84 111
475 1041
543 857
1002 726
678 855
132 79
525 670
887 441
693 937
390 40
151 630
100 472
197 585
386 296
134 928
240 484
791 741
834 12
300 798
59 222
386 99
46 925
594 177
699 872
602 1009
156 476
926 104
745 705
302 484
753 815
1088 702
281 329
927 473
517 548
448 589
678 646
837 359
1031 740
1077 468
1067 460
954 235
246 979
1123 858
1003 516
718 351
193 1056
403 606
106 631
119 692
1104 315
875 714
481 558
621 360
589 842
469 1001
654 1039
136 251
172 949
598 994
434 921
1109 391
976 503
318 325
913 789
195 733
647 658
815 664
757 476
247 309
446 282
562 910
724 644
723 498
182 753
920 962
485 985
606 607
820 379
274 639
751 175
236 956
147 463
640 122
75 258
1099 1074
940 796
777 791
597 205
28 467
873 986
591 225
942 716
874 366
619 916
144 914
765 1102
763 697
190 484
1092 312
313 490
274 330
317 214
899 878
801 390
882 1004
775 115
632 302
916 200
648 727
512 200
418 839
993 1075
247 392
845 839
436 1033
137 635
179 576
476 208
529 378
0 47
872 1013
862 905
166 228
671 419
686 243
570 435
691 613
621 424
233 175
821 392
680 606
897 1011
150 1115
625 693
850 628
954 639
422 1066
552 1056
322 912
727 466
757 44
867 778
773 755
863 988
216 632
445 81
995 20
923 996
580 1065
1087 41
284 593
279 911
713 357
1083 747
189 797
581 697
518 279
702 710
166 123
217 684
717 362
1068 840
1004 903
1038 651
579 307
660 726
758 749
887 687
580 658
894 825
1078 368
495 196
502 916
891 911
923 710
930 780
207 684
972 493
331 565
673 368
508 983
523 868
104 528
402 1043
1104 276
464 689
916 140
606 243
550 1023
834 12
623 409
130 984
325 530
600 218
650 240
526 754
899 134
236 154
252 269
721 855
68 189
191 565
917 966
795 593
454 857
755 742
932 157
425 993
285 281
955 749
559 876
332 311
895 933
383 195
1079 210
650 827
363 657
914 450
10 38
172 163
821 811
250 980
967 698
559 1070
918 660
207 976
706 220
243 616
599 925
249 739
598 962
743 438
316 732
401 676
926 167
154 318
937 406
415 593
862 729
892 258
1023 74
735 809
716 863
875 1080
938 725
168 388
346 25
414 494
721 733
640 351
182 1040
1006 796
651 482
871 641
117 993
136 680
703 643
135 161
212 1078
460 558
617 1017
225 334
302 588
537 351
251 832
975 574
891 127
207 713
207 1085
768 783
877 154
915 584
377 414
783 73
868 231
654 274
894 166
1004 1064
686 837
174 298
248 877
546 711
640 933
932 111
284 861
531 401
561 652
109 266
666 35
960 87
1095 574
490 899
912 274
18 220
986 125
903 1068
305 871
193 580
344 1100
407 52
137 938
221 655
780 545
750 306
9 770
992 594
53 262
694 434
91 444
921 561
323 857
163 395
234 449
504 531
513 778
463 412
630 394
500 243
707 574
127 784
112 944
184 214
782 73
891 1106
671 1002
159 1101
489 946
874 926
459 194
1000 1012
566 926
564 185
600 346
722 389
798 461
446 903
1008 916
828 960
296 426
354 427
353 300
226 1116
347 255
388 1028
240 995
1019 1016
981 1010
814 622
919 936
781 825
421 949
924 643
857 556
125 697
111 555
673 453
940 266
332 386