404 440
956 1097
1020 7
288 575
350 962
149 1015
1121 775
265 119
366 363
768 947
293 507
980 584
976 953
701 820
1085 205
83 830
645 702
147 672
673 934
126 455
833 893
457 516
845 889
1009 426
498 45
429 116
264 520
745 142
1061 230
913 569
1041 318
559 115
120 373
969 215
1064 1071
797 269
511 406
1070 596
386 697
1023 972
397 517
678 548
926 446
355 872
1018 698
889 543
975 959
281 828
412 519
414 201
976 962
580 554
433 313
396 784
639 275
927 456
1062 136
665 1001
94 419
649 684
918 807
703 0
269 922
133 195
1073 632
714 777
744 923
79 744
320 312
827 608
331 529
809 644
348 1009
616 236
1121 838
419 482
237 1034
41 265
298 80
600 542
134 211
173 157
471 718
318 1010
392 16
707 620
793 626
598 136
559 696
377 168
122 241
93 515
135 619
641 354
343 699
728 264
476 863
15 839
64 449
953 1004
470 733
668 656
189 233
636 990
46 452
38 332
999 924
535 192
748 734
654 306
499 81
590 357
898 486
440 660
656 328
464 724
178 446
1118 1004
328 277
596 846
907 143
150 140
271 286
889 959
1017 806
279 861
303 749
259 399
441 12
152 939
304 480
728 1108
832 738
850 134
824 1086
387 796
577 125
712 182
421 699
56 386
564 975
486 986
516 772
897 765
206 765
583 48
836 1073
395 1042
1079 856
478 614
821 758
475 822
984 873
78 275
6 986
814 350
958 599
546 770
213 881
326 1002
1032 383
150 434
309 824
298 416
496 483
203 981
678 379
666 894
517 571
87 324
201 1064
968 630
775 965
371 221
719 936
869 874
689 986
707 118
268 1117
914 235
657 32
322 751
566 408
811 737
455 200
451 997
999 548
427 887
856 268
737 765
138 901
901 343
684 277
560 420
974 265
501 1023
14 706
25 105
424 211
997 578
925 813
1098 119
933 597
645 156
410 880
372 425
893 381
260 425
867 571
779 611
872 846
473 169
336 446
10 1011
841 60
130 911
408 718
428 513
427 690
64 429
626 1022
308 544
594 478
277 264
607 787
934 989
1089 927
72 112
243 29
571 982
265 495
229 170
312 661
177 934
662 336
58 807
641 761
489 106
191 964
604 715
998 483
200 635
156 941
672 623
868 56
358 411
496 544
34 640
908 633
1058 833
473 773
797 989
524 1013
187 281
675 866
837 412
1060 789
824 413
582 226
551 110
198 727
1106 1033
263 591
129 630
788 641
269 1018
283 20
412 918
316 441
979 116
533 443
752 82
829 398
960 51
424 635
947 410
722 519
839 359
428 647
74 788
994 88
139 249
873 997
403 937
507 482
823 438
963 427
169 148
926 667
807 36
934 468
147 255
569 908
525 148
26 523
953 356
581 340
197 358
810 481
365 568
878 508
689 500
398 676
308 746
233 704
565 1113
999 652
635 937
276 4
1004 921
442 299
1102 45
730 605
433 104
1009 596
464 232
446 709
39 946
496 567
193 126
262 456
522 278
536 523
455 202
870 856
828 474
991 878
753 565
294 91
241 296
572 504
495 1035
766 989
259 792
128 940
820 536
869 632
614 929
638 439
643 769
701 215
405 622
860 982
647 519
180 55
499 123
114 738
294 154
1047 755
843 1102
166 418
441 332
933 729
817 556
356 762
819 168
142 560
191 16
825 79
186 619
266 728
393 130
599 861
1053 604
900 667
969 352
443 586
493 471
945 564
659 213
523 827
959 903
115 1071
642 723
531 832
1031 487
382 440
114 363
405 895
489 552
708 1041
836 200
630 30
706 127
434 784
885 969
964 174
743 788
342 927
918 639
423 431
515 131
560 571
206 179
757 513
768 902
233 93
387 1117
165 1012
482 939
723 885
253 683
719 900
852 214
784 906
260 519
690 104
828 745
541 1084
396 384
816 645
251 624
326 179
752 103
265 236
555 627
148 332
892 813
891 1029
1108 552
882 522
306 72
774 757
104 382
261 163
254 763
587 115
339 276
195 854
818 612
380 181
647 897
69 59
91 811
264 592
156 905
316 700
378 864
335 341
974 525
528 1110
611 569
579 281
762 533
711 601
401 800
565 842
201 1066
969 238
592 54
200 235
905 161
584 1107
162 203
241 1111
949 861
432 1087
1115 154
328 948
985 135
252 236
469 709
668 1025
940 778
264 519
957 853
248 266
793 279
461 708
1012 690
852 1090
699 277
500 757
342 956
312 497
941 1011
564 559
678 377
420 263
1022 726
173 19
361 1100
169 757
502 149
499 801
310 264
845 800
555 671
1116 96
293 222
43 824
397 531
757 824
237 640
1104 997
258 903
159 730
27 97
735 308
1070 394
365 337
994 255
387 113
329 1121
505 185
390 777
152 754
660 686
544 392
976 177
813 443
524 964
613 255
157 134
292 14
1047 365
804 316
287 223
436 389
957 196
331 1048
410 735
819 129
368 476
313 776
376 388
178 467
276 1030
650 944
950 538
763 971
364 847
109 993
1013 1009
923 289
691 303
879 467
1065 379
858 952
360 803
608 486
1005 520
120 78
306 1013
400 272
406 612
242 458
365 494
425 347
715 752
524 720
399 781
188 100
1020 401
675 734
452 830
701 822
56 611
1026 473
226 90
516 523
341 564
398 935
706 870
973 625
507 1009
667 402
1017 193
185 403
193 932
277 908
460 508
331 435
607 761
1112 369
944 266
270 616
515 656
728 21
847 468
258 1113
188 688
496 823
305 183
751 966
594 385
696 761
836 93
926 768
236 540
871 894
485 895
1105 237
104 635
727 583
960 225
380 901
775 577
816 840
884 440
741 599
381 625
711 329
512 512
800 261
837 398
902 1011
227 370
925 930
332 829
916 643
401 670
764 211
674 1066
251 6
264 1094
1060 316
268 929
948 483
376 175
65 424
148 377
276 960
415 393
243 979
111 230
790 85
522 888
336 326
342 693
216 444
1078 303
564 416
966 1051
796 48
1056 111
202 346
832 840
200 825
950 621
94 163
905 439
1000 769
479 890
816 940
1019 1097
933 879
147 953
686 329
115 639
470 155
732 524
419 622
945 853
521 711
594 710
870 61
707 633
302 508
20 243
121 780
282 35
787 494
129 876
214 608
946 535
923 895
244 707
137 422
559 407
204 196
601 316
914 618
267 1109
849 802
54 338
478 777
681 140
557 157
558 1102
616 1115
445 642
816 851
117 436
420 567
513 241
915 530
953 103
168 46
258 115
1113 637
31 247
631 168
705 928
1016 615
640 331
312 1060
531 604
572 605
1113 137
199 744
913 79
363 172
1052 623
981 596
41 1019
334 723
260 357
300 308
571 532
211 271
1021 839
484 1009
580 987
652 989
186 655
731 848
327 945
330 488
929 651
191 804
783 1044
827 279
106 607
218 177
973 621
751 799
604 45
735 108
192 492
598 896
498 122
133 118
1097 162
588 870
304 339
591 389
803 488
995 689
391 906
937 364
241 576
983 348
757 419
1040 364
168 972
1011 487
751 974
614 276
320 102
880 86
189 929
810 288
655 669
690 927
129 483
76 615
878 457
891 791
276 562
964 986
354 161
118 102
979 982
109 1011
660 980
839 49
739 283
601 667
866 860
654 393
319 316
428 753
764 656
890 464
341 354
291 463
455 916
732 831
340 792
1083 935
429 612
581 718
652 186
357 801
771 333
384 406
705 75
420 267
914 671
282 718
812 507
368 158
295 1017
220 475
105 990
342 755
532 1056
516 347
872 840
469 631
428 628
400 666
942 151
605 634
250 870
1019 195
349 69
148 309
579 115
637 230
554 70
997 959
911 472
301 1035
921 937
306 677
252 929
167 785
792 1084
906 988
971 814
780 461
160 871
140 503
1017 175
186 1017
143 984
659 761
968 981
854 251
524 613
1122 886
443 375
810 473
230 855
302 738
221 736
410 791
333 11
473 288
251 1014
196 587
944 206
965 731
229 240
760 397
225 281
722 560
177 1058
226 379
292 401
215 538
504 483
659 777
624 727
536 118
879 137
685 549
745 751
186 500
80 671
501 263
768 615
963 444
678 356
406 104
810 658
800 975
229 842
737 12
870 115
1056 993
23 388
498 639
38 441
195 1030
303 839
1021 812
858 524
644 257
875 645
531 744
688 459
375 773
410 465
813 135
225 393
889 1018
962 155
563 661
139 256
693 365
908 595
682 471
113 253
854 743
686 658
412 729
891 904
614 704
848 983
957 739
487 319
938 424
480 1001
472 641
460 137
514 412
750 706
356 381
655 483
136 855
920 273
985 409
369 342
236 478
607 868
432 390
1026 191
1084 467
273 547
996 714
226 372
817 860
637 156
102 249
862 502
829 567
634 810
183 143
895 355
640 71
304 1002
631 183
28 47
182 1010
148 984
466 130
543 499
128 194
33 536
389 876
764 1069
349 369
186 517
886 783
330 309
520 484
713 412
795 708
835 535
83 321
211 80
440 498
456 461
812 207
1122 137
1066 427
384 50
949 205
274 1069
613 191
164 934
672 668
1108 534
847 819
1005 514
900 419
429 236
353 599
426 25
339 466
456 109
905 306
421 554
136 401
480 673
202 883
459 640
631 704
471 503
538 965
181 436
90 819
739 839
259 569
227 1119
359 127
475 923
643 815
1081 176
445 71
726 340
173 434
297 334
1007 774
876 380
827 813
603 375