1053 498
281 516
106 848
205 827
746 616
263 579
815 355
786 1018
217 162
474 628
788 793
783 542
462 896
131 616
126 1015
326 524
736 747
520 859
924 792
139 618
396 235
913 199
134 498
4 423
684 156
221 680
511 491
574 634
304 962
587 671
578 1015
230 176
215 674
570 945
263 478
225 652
1116 805
233 608
953 1040
648 383
1058 200
351 80
170 126
461 1035
382 47
436 356
997 526
728 166
132 238
126 570
865 494
444 815
768 767
1078 880
463 326
1087 636
488 239
304 924
283 314
773 916
91 175
199 714
730 474
357 148
1 104
918 916
823 688
574 71
247 608
992 1057
599 182
307 838
1087 181
512 406
345 680
812 435
78 299
170 153
747 6
31 292
728 454
929 958
351 648
540 1112
850 816
462 830
710 422
362 340
884 581
760 1086
526 462
255 666
358 394
614 964
263 824
364 764
142 643
871 750
480 1004
590 373
252 856
810 262
509 313
502 592
176 360
614 221
543 117
362 1111
408 436
916 296
665 253
642 709
173 756
695 447
195 821
297 869
101 191
987 384
940 797
977 769
407 355
436 772
308 315
326 883
453 186
426 718
818 1114
827 712
701 1075
299 787
514 209
147 263
214 340
553 576
434 667
785 399
434 1055
576 370
248 390
733 990
898 467
865 113
209 155
770 971
180 807
234 562
462 1063
365 293
824 747
476 871
165 50
116 640
263 133
116 366
468 875
461 296
766 624
402 294
411 705
702 182
719 103
277 604
1079 378
452 708
1094 70
476 286
437 51
709 639
1092 603
502 392
427 860
392 760
705 631
676 937
49 439
577 563
992 462
26 687
190 733
667 662
1119 27
145 909
487 486
588 227
142 492
560 899
38 779
544 1070
780 41
878 419
281 483
306 455
976 850
1058 221
115 663
517 1004
1035 694
132 732
582 299
849 292
938 605
161 619
1009 992
1000 676
314 287
186 284
48 338
29 765
171 251
997 771
469 225
128 108
859 513
571 216
114 606
216 937
740 216
297 578
371 835
155 34
256 313
463 197
126 908
474 156
408 113
420 1
579 83
691 249
931 412
319 185
933 883
657 251
642 900
503 882
974 669
1063 437
813 93
629 744
727 467
929 748
842 894
1061 110
1061 819
658 398
460 580
281 1020
694 794
548 898
207 138
925 805
979 853
867 1000
584 670
420 929
226 243
330 276
208 438
281 880
1021 514
533 888
274 1030
591 442
269 589
1009 437
269 497
794 542
66 904
923 1025
218 873
132 366
274 880
834 957
829 341
657 995
648 458
340 826
412 37
875 507
707 865
164 1007
777 448
150 940
712 640
875 129
613 649
397 630
687 793
623 1071
632 720
180 1065
972 501
939 105
725 885
467 465
264 247
134 213
1004 578
642 215
974 962
27 817
642 386
471 430
609 884
162 626
864 515
361 906
978 549
774 690
300 739
177 926
408 319
989 238
89 830
772 545
759 921
319 582
680 631
186 731
421 258
388 334
39 768
370 116
303 273
137 823
108 978
620 721
793 692
975 54
603 442
261 948
622 171
316 842
254 488
1023 147
857 375
851 139
180 437
750 955
1090 974
488 14
381 447
748 614
871 444
526 209
889 191
941 310
1083 801
60 862
575 955
364 699
814 48
717 687
197 389
205 136
778 663
1051 760
538 948
345 107
561 718
376 874
316 822
229 53
613 834
232 176
704 868
1018 742
249 631
568 709
942 860
103 515
70 384
887 1027
620 1015
858 263
600 554
243 280
362 965
211 441
531 301
388 200
170 854
482 339
353 666
458 1012
340 415
460 359
107 454
482 171
582 659
1017 100
855 941
597 946
302 535
97 673
1010 873
605 809
496 667
1002 489
557 31
518 485
198 392
964 931
898 636
442 1117
656 205
61 680
964 457
405 481
558 209
181 1121
869 808
537 919
373 373
92 486
934 10
759 1084
298 223
367 362
965 185
817 194
1032 944
559 119
716 719
970 589
499 414
161 340
853 957
734 797
487 882
847 732
447 838
391 166
946 395
517 473
677 513
49 667
724 896
405 136
978 986
242 926
517 227
404 684
459 806
1123 640
417 921
794 371
534 1078
601 489
367 914
902 676
704 443
89 189
968 585
408 559
207 337
1048 124
1004 265
813 369
332 267
255 931
818 900
375 765
1008 333
933 331
225 353
186 282
640 847
1104 690
343 848
1120 1000
474 924
388 910
302 249
430 802
197 104
992 709
289 274
365 1017
109 233
879 727
535 1004
106 598
743 549
364 939
671 416
598 518
417 803
794 492
568 1017
766 143
158 519
941 910
337 44
356 835
255 374
351 531
146 29
348 268
413 235
232 966
101 894
352 929
1029 79
1102 512
684 660
701 767
378 111
938 494
1083 185
612 1017
452 984
993 586
175 748
834 447
289 1054
16 651
755 508
168 316
384 903
573 146
788 432
875 920
772 583
803 92
630 674
293 462
290 768
281 1087
407 271
554 137
498 71
556 397
819 841
340 767
937 288
913 776
632 182
464 134
835 953
192 874
554 461
879 628
130 650
176 479
397 928
574 460
239 566
1056 975
201 333
494 919
488 443
431 489
483 267
692 1000
1022 844
933 1108
970 548
778 50
183 648
356 270
122 886
748 413
128 625
284 261
287 497
572 924
406 181
396 273
858 795
735 495
416 1095
830 512
575 1080
398 40
618 641
946 662
682 377
606 182
1064 93
740 895
286 796
520 11
228 975
706 1060
740 685
322 930
146 563
711 218
62 1085
579 1116
993 980
483 321
306 658
331 443
802 868
452 443
705 463
921 350
818 143
58 285
524 392
43 897
1016 110
904 617
34 317
418 385
229 438
573 818
397 377
243 709
451 914
989 729
455 680
823 922
500 678
777 196
118 595
731 897
1083 1003
118 1032
812 731
577 810
745 1090
534 917
830 276
1054 394
344 677
469 779
770 216
1066 404
149 391
38 1037
336 1016
379 379
130 879
671 895
997 322
890 915
244 297
637 306
558 364
404 395
87 294
925 536
539 817
954 206
141 962
936 853
125 382
57 102
632 773
493 324
698 892
19 540
261 1012
997 207
762 667
741 406
711 678
798 190
121 305
431 367
627 944
589 866
359 366
119 800
646 308
874 231
648 971
710 203
321 420
152 340
675 598
41 584
176 365
886 400
579 816
689 293
430 443
764 714
1075 1006
603 752
655 355
624 530
375 948
265 531
73 897
733 938
697 166
16 711
109 569
915 86
1092 565
936 905
243 587
425 1096
656 297
1015 933
414 103
693 107
570 601
374 679
675 730
252 954
621 1093
506 937
784 1016
700 877
620 59
956 407
745 404
752 163
189 68
1010 583
442 699
659 882
954 130
868 175
438 822
317 105
423 791
159 668
552 529
56 928
602 1008
278 711
877 151
441 67
1033 618
252 597
330 520
705 961
978 60
539 679
919 980
488 419
564 904
872 725
950 584
621 500
916 245
28 552
812 803
536 942
186 864
485 672
316 215
151 1078
849 843
403 879
695 581
325 140
618 750
427 891
585 243
846 565
761 864
695 891
1033 129
137 64
1111 112
884 620
207 238
1 123
504 630
52 269
543 530
688 79
642 336
122 202
980 934
211 96
59 307
1040 595
126 273
664 925
266 927
627 738
850 673
934 479
956 299
326 628
716 793
361 401
129 458
667 690
273 541
788 1021
611 444
333 760
32 815
141 319
630 635
938 1069
300 749
524 784
901 971
497 491
443 655
429 254
193 447
728 914
213 237
265 702
888 686
728 168
798 1116
461 223
107 293
991 620
578 293
831 282
712 800
509 1053
1107 817
846 122
713 298
1015 383
702 268
458 553
215 78
920 874
985 846
330 291
746 971
211 1043
669 944
921 138
288 672
418 324
703 585
1009 240
495 467
602 931
832 195
883 392
435 302
692 465
844 109
381 133
988 400
62 637
452 930
99 743
526 410
952 490
741 328
463 711
576 752
696 292
914 329
685 569
288 765
1110 37
1062 1055
255 570
301 671
584 925
325 610
741 717
929 527
728 876
556 456
1002 133
740 795
1105 510
525 732
998 963
1029 605
389 159
258 718
682 1117
1058 705
994 121
929 344
1043 1049
462 536
1016 829
105 604
760 309
908 1052
493 595
1018 400
1091 226
991 266
73 187
610 225
492 452
517 250
306 148
128 1025
562 628
374 341
977 420
579 652
852 1022
841 410
60 894
964 671
781 1123
213 279
426 461
333 884
780 280
281 502
970 664
400 828
888 559
584 630
188 820
631 309
573 137
556 924
278 1012
923 676
906 73
241 333
1072 555
177 212
594 257
556 90
728 940
532 741
203 246
549 369
576 299
620 909
157 219
1054 285
587 245
349 551
104 232
827 513
67 542
998 900
545 56
613 465
62 604
857 101
573 110
995 335
388 848
429 944
579 319
765 258
675 914
802 824
705 225
985 788
267 831
419 825
875 306
105 704
379 945
415 141
460 605
425 1042
834 939
1066 464
67 603
1018 182
894 785
239 1057
1035 869
927 622
913 650
147 653
947 411
321 401
374 237
1078 646
675 58
620 903
577 560
898 267
665 216
527 334
916 289
864 799
557 389
886 991
731 466
809 847
833 455
630 299
273 475
863 548
1062 909
275 694
984 294
764 977
625 350
198 931
590 201
199 187
610 1095
132 921
754 277
258 883
605 575