642 937
1095 143
1063 872
876 292
187 562
1034 268
205 416
620 464
830 304
497 633
662 586
416 1034
161 178
1029 533
1009 440
665 631
314 244
133 576
713 904
492 633
658 502
832 1003
182 336
377 386
752 959
212 553
480 880
1019 550
130 279
803 361
999 734
677 357
297 319
465 727
891 602
499 212
243 950
1015 1022
954 510
475 22
488 370
891 901
782 428
873 532
775 1028
838 645
720 70
563 505
368 658
428 550
677 227
346 310
959 857
136 194
32 58
360 467
484 1058
333 889
369 719
819 916
1008 535
790 401
1019 311
912 985
510 56
695 138
616 122
345 360
933 830
857 1120
848 67
858 319
56 326
1010 270
922 289
674 183
12 219
763 336
413 1010
771 893
1019 951
600 433
178 259
917 343
960 1001
883 276
499 865
819 1061
201 777
978 806
648 801
252 757
775 1037
285 536
407 774
211 1086
936 1015
312 835
493 712
1012 783
273 988
511 230
368 162
269 1099
56 129
717 955
460 219
394 535
593 182
164 995
153 444
330 693
980 993
904 615
1082 17
900 596
1063 125
771 181
5 588
818 700
245 743
675 164
408 658
249 627
499 391
632 63
898 577
175 920
1092 604
919 68
836 357
411 49
926 648
153 679
185 711
1001 763
744 1057
540 256
485 600
612 913
726 711
833 109
1027 541
70 223
641 592
556 515
215 781
167 564
995 487
136 847
510 121
378 725
1118 969
1024 364
586 630
318 612
310 639
711 324
507 576
831 308
308 263
233 687
821 689
739 526
895 458
152 406
553 47
633 271
127 406
792 540
402 805
877 367
314 1038
594 154
897 650
834 829
898 581
525 455
425 846
406 990
249 63
896 740
396 1002
374 178
924 513
554 684
550 762
284 768
54 564
395 868
323 131
203 419
52 438
232 319
121 566
522 766
52 775
10 757
356 22
37 390
326 496
1023 476
201 762
171 306
787 896
728 391
72 443
882 782
211 575
738 754
754 871
390 309
227 707
525 221
558 919
206 50
558 206
584 418
804 652
358 390
55 998
515 238
408 370
595 550
581 714
179 469
471 1001
574 849
777 292
849 3
337 862
493 351
719 561
787 218
259 280
785 422
587 169
466 919
854 797
538 403
885 574
443 455
207 666
694 981
302 182
302 891
952 775
303 597
688 543
482 483
923 519
896 640
290 726
271 529
630 805
784 747
298 900
706 16
585 236
550 137
255 965
877 715
211 327
374 476
346 374
660 251
756 133
555 973
324 687
449 131
761 497
379 11
301 387
144 705
900 145
434 931
915 341
580 61
811 697
215 636
597 151
600 329
791 172
902 342
824 578
239 788
488 1001
420 149
1089 962
1005 536
977 669
686 468
227 106
140 1080
872 273
591 699
278 319
520 500
926 1078
629 600
902 492
419 328
1099 374
400 133
181 844
418 226
1042 119
471 1082
82 994
205 676
904 943
476 966
362 309
1011 549
908 441
576 742
1101 691
132 310
878 753
1105 529
970 231
221 34
688 508
535 537
1037 933
1072 457
240 509
860 383
678 863
985 260
1116 1009
560 302
339 595
954 279
906 319
869 468
720 731
696 679
435 842
787 565
939 196
827 964
589 992
278 818
1107 966
946 441
534 112
815 730
993 915
781 439
637 88
435 498
936 559
321 376
805 746
672 497
165 630
88 532
524 842
337 166
394 979
542 876
175 367
923 489
746 625
581 831
248 915
623 756
956 1006
890 409
1001 525
248 788
478 1067
781 735
848 982
515 642
798 765
397 324
563 17
778 761
267 703
10 595
1044 656
756 388
308 991
897 755
558 7
649 150
478 963
132 537
573 149
623 816
844 542
463 619
267 129
246 982
705 837
900 423
634 171
556 618
121 1096
200 687
248 574
374 1021
812 832
372 244
721 269
333 534
523 987
524 519
699 1087
1013 764
649 474
443 146
965 678
838 506
916 914
182 530
465 540
422 333
183 806
164 440
927 933
833 285
501 60
301 14
234 983
129 1013
236 413
312 490
862 520
166 305
781 677
323 493
60 222
935 979
980 321
606 514
699 904
1011 781
77 235
344 877
677 781
333 185
626 191
289 241
824 896
660 213
584 715
662 959
199 992
380 511
62 415
57 912
204 213
815 237
252 945
126 699
596 242
125 273
236 1107
95 53
214 816
732 973
814 970
969 207
503 193
781 818
220 368
13 138
1081 449
205 774
1023 546
432 286
121 974
345 218
261 28
891 175
320 671
315 754
909 938
1003 399
469 564
262 1005
715 157
930 792
162 871
825 34
105 122
1004 882
703 602
809 902
802 525
508 731
611 796
643 235
166 243
252 990
616 873
831 1013
313 780
192 354
715 185
176 69
546 128
684 1049
304 174
309 223
876 238
617 269
662 156
377 98
707 653
53 167
441 170
240 86
685 414
303 1115
981 666
772 503
437 297
343 334
227 273
521 121
118 982
332 704
568 845
105 1021
300 865
444 274
1073 788
241 925
106 173
648 820
304 631
474 37
586 993
644 568
479 769
801 854
979 325
1068 143
512 631
400 148
45 598
834 582
309 613
14 849
867 694
1041 1089
679 431
543 434
742 702
933 513
447 775
661 581
523 803
912 640
443 137
832 273
134 852
167 490
109 815
611 663
251 931
579 426
639 884
185 649
881 920
897 975
902 921
350 320
933 672
770 166
626 278
803 572
550 419
532 394
966 345
313 433
953 860
743 407
342 7
366 208
886 855
984 715
687 272
462 118
297 974
457 840
301 732
472 265
114 269
791 364
640 952
674 300
1004 455
883 560
288 307
265 783
542 467
650 522
847 986
554 135
800 618
301 609
755 506
582 294
662 408
434 538
492 273
368 245
713 919
305 785
303 350
113 721
876 117
839 237
325 985
443 138
520 277
758 619
230 205
223 693
305 715
579 152
876 430
393 659
43 193
695 516
555 754
908 986
187 180
1079 271
145 991
299 448
646 639
460 443
508 956
870 594
691 912
636 719
1002 1005
815 610
212 1111
383 453
155 692
401 116
1089 362
282 434
450 565
920 465
315 570
215 973
218 815
547 196
770 718
108 489
522 234
264 552
843 576
63 1021
521 496
1112 328
1097 427
1113 843
1099 499
921 612
535 132
128 58
921 860
898 307
933 878
914 780
509 525
122 860
537 612
977 692
166 461
461 123
1019 355
154 565
101 720
425 291
579 612
941 175
407 176
675 1061
807 86
1048 864
931 745
688 902
965 962
348 240
890 178
728 568
939 711
326 511
359 368
854 123
529 525
647 590
516 179
622 215
1034 720
853 236
677 241
594 511
728 254
376 583
965 43
573 934
742 593
1022 988
366 638
999 295
522 284
759 490
1051 584
211 348
925 677
313 575
592 108
163 584
473 795
109 243
512 185
180 843
431 727
320 618
379 634
676 751
694 154
1059 518
382 182
890 572
1056 248
740 794
870 1080
753 432
567 413
259 510
918 932
609 947
513 964
982 987
285 492
725 745
156 345
821 495
820 875
131 276
485 248
1046 966
401 819
995 741
456 481
130 325
367 765
749 1091
775 735
814 460
85 458
862 341
347 598
179 227
779 1008
727 407
139 710
671 363
251 718
157 755
747 977
354 442
763 388
278 419
753 1038
1050 638
947 40
179 963
569 627
103 206
955 851
356 192
575 207
751 240
524 1107
216 615
791 510
523 657
709 387
857 125
719 857
857 357
936 1090
716 174
767 30
536 661
289 341
467 309
100 889
423 354
423 531
746 712
115 156
710 528
373 354
843 761
290 299
82 990
367 813
189 259
149 938
526 904
496 895
769 622
235 428
701 581
923 55
768 315
52 693
169 129
432 906
334 540
520 843
543 841
861 639
139 618
802 476
657 491
192 881
1028 165
274 593
1010 194
937 145
962 514
321 491
381 490
737 610
400 111
214 814
743 610
657 571
576 38
912 998
808 485
531 201
470 768
615 79
527 196
673 138
885 426
759 108
347 640
665 82
780 956
277 304
162 1105
11 943
730 786
710 663
1117 101
760 1004
142 984
531 111
642 810
834 830
1103 374
893 319
793 991
993 963
1033 970
479 792
696 906
840 147
1003 418
449 881
184 834
587 1073
743 1014
570 888
485 359
861 587
554 235
270 167
881 676
448 796
637 320
886 955
321 336
688 510
861 997
168 713
447 121
825 312
431 0
37 146
414 473
1011 57
1084 614
640 41
474 216
1013 197
567 199
279 518
613 189
1032 569
654 899
582 128
827 451
715 605
301 126
539 996
807 754
527 336
351 90
576 144
27 834
508 807
735 41
790 604
133 902
874 604
552 157
650 517
404 365
642 1122
425 922
1095 154
679 498
55 995
458 59
727 608
1006 117
316 169
769 298
896 169
719 762
75 30
730 840
789 147
562 927
505 571
39 539
208 855
950 32
760 750
852 282
582 124
842 943
543 752
161 594
380 81
876 609
106 455
651 781
365 824
670 128
934 1104
87 1047
32 967
956 559
530 827
651 440
2 804
967 55
535 394
871 1006
655 976
669 603
326 790
985 166
441 310
670 57
22 778
605 954
792 398
304 505
599 614
586 1070
754 104
653 1046
321 0
211 769
672 237
200 152
496 887
695 994
164 104
476 813
81 720
805 761
998 632
660 628
646 471
985 666
845 382
884 574
528 1072
461 22