605 489
506 397
281 834
945 882
101 512
632 721
122 282
27 1005
301 910
1009 741
350 578
983 1085
913 126
265 776
730 995
66 787
287 334
867 410
232 394
616 178
956 151
42 908
165 6
956 826
1049 280
1057 606
1095 192
1085 1020
808 863
563 824
982 626
694 556
378 854
988 653
328 225
15 26
693 563
685 891
704 496
790 1002
175 918
532 168
668 545
187 639
804 943
418 816
620 642
177 554
1070 166
43 181
633 498
122 880
1031 923
777 539
466 871
259 195
1061 930
306 505
624 416
881 796
728 855
445 787
764 834
477 838
296 71
385 282
10 836
762 446
895 252
935 405
228 137
697 12
983 915
539 375
321 1034
972 243
812 62
558 435
657 998
88 1063
974 515
879 635
897 906
1089 457
934 506
989 37
487 906
1022 1101
902 82
1103 587
543 197
274 693
349 1093
860 855
561 906
661 709
425 511
667 105
999 779
408 755
772 860
629 606
806 388
325 528
175 375
350 924
925 950
521 154
403 362
431 985
741 399
375 982
1089 484
879 489
63 16
1096 774
538 280
181 681
102 941
810 28
358 983
952 487
867 724
543 178
1080 383
304 310
890 176
300 1013
639 380
914 197
728 533
408 909
860 575
1047 791
454 1056
620 504
393 110
637 89
526 758
830 165
442 627
485 805
935 386
591 633
454 781
619 896
1109 495
719 790
877 273
978 464
590 786
1013 365
793 259
277 167
784 779
481 538
742 167
727 499
453 948
212 730
963 157
892 866
94 484
311 268
213 624
429 254
261 513
968 324
404 252
1040 237
19 117
31 699
44 690
782 458
279 1082
287 335
415 1081
676 828
384 572
535 760
161 330
882 797
158 248
925 674
815 818
407 991
210 172
754 871
532 852
659 971
676 111
988 753
475 421
531 653
317 1110
695 796
456 815
696 778
290 829
716 433
69 142
400 664
720 963
881 693
478 285
364 202
667 483
39 137
456 746
225 668
831 974
658 647
612 1031
471 718
130 159
526 154
487 998
293 205
283 529
568 1069
493 1022
675 840
408 393
884 573
72 177
1054 376
305 343
1110 703
348 954
519 464
605 572
389 1027
532 1110
772 589
51 345
1007 521
483 318
62 658
488 976
876 148
834 417
970 294
342 36
986 104
908 561
432 804
420 261
390 1014
1011 833
511 608
759 297
518 855
688 429
327 355
148 1025
777 570
453 867
773 718
953 124
1110 454
579 586
154 592
832 129
89 441
521 915
341 807
125 1086
613 448
244 1045
708 336
675 777
992 900
978 350
1087 987
197 893
163 357
1033 776
542 265
1092 303
71 500
1086 432
613 318
204 645
136 613
500 1099
799 862
286 624
118 748
884 250
224 910
346 943
247 433
869 313
2 874
302 864
918 976
669 852
353 216
1005 98
647 131
846 855
703 947
678 261
853 935
562 30
553 817
166 1050
951 700
858 461
1055 445
1017 669
144 118
79 629
152 613
921 587
347 614
395 947
1004 125
816 202
863 609
405 182
512 115
80 135
119 47
347 291
14 1033
526 551
379 12
261 364
970 301
707 84
538 914
893 1064
558 825
356 755
1022 573
805 613
142 305
834 892
436 103
1105 447
453 149
768 838
693 282
1054 992
727 158
648 469
97 1113
247 403
525 182
983 156
380 745
199 1014
868 763
221 162
812 743
882 236
622 844
888 1004
381 811
193 649
679 960
319 277
861 132
236 638
529 757
515 1043
348 312
746 433
432 728
464 801
905 894
151 542
527 360
923 948
699 4
819 1022
954 756
290 530
752 176
505 431
674 142
657 332
590 435
47 637
340 494
832 385
237 795
642 817
786 126
340 338
574 556
686 42
752 887
1012 341
1100 912
155 984
744 597
221 931
246 820
448 1027
975 681
822 885
786 670
1026 554
381 309
693 354
944 622
697 835
121 111
464 148
344 236
847 841
1003 769
981 986
447 50
517 233
9 616
954 271
699 522
717 908
634 469
827 409
412 914
732 561
814 260
701 227
1011 217
40 1026
180 730
127 888
971 868
232 602
737 540
117 908
975 172
706 292
0 422
739 914
730 158
942 476
309 1120
708 639
199 25
784 345
329 29
160 543
102 883
175 634
281 717
649 214
912 245
146 628
935 432
842 735
150 858
397 414
199 426
492 378
967 84
300 431
755 312
490 792
982 775
739 564
1024 508
229 232
165 579
87 34
663 59
355 388
953 112
120 796
333 246
332 45
911 818
379 749
251 654
1023 195
448 119
942 624
110 242
1009 715
990 370
18 810
168 677
641 489
401 134
768 607
669 678
176 224
587 770
132 762
807 625
207 399
1112 941
177 533
659 1024
976 264
815 319
849 223
802 715
845 630
455 740
151 528
737 169
845 400
835 189
720 958
865 676
685 197
790 368
859 12
823 386
109 528
992 339
395 1014
973 725
258 55
795 85
292 1015
216 583
299 709
447 532
230 841
592 819
508 37
915 823
657 827
803 1004
976 555
749 798
416 1056
241 597
672 173
630 317
805 186
745 896
595 310
263 173
1017 781
91 478
879 395
69 219
988 1005
797 153
1024 824
642 536
319 326
855 819
950 289
218 7
283 98
958 677
717 504
100 561
659 590
620 683
625 984
966 805
195 231
166 767
773 147
120 967
707 847
53 643
1114 546
1 249
790 105
702 764
594 326
312 128
825 864
138 434
756 674
752 442
177 468
607 888
550 815
517 367
275 154
180 588
308 974
833 220
149 435
401 692
935 889
120 50
531 689
765 454
928 163
817 277
330 153
430 438
719 446
2 285
908 426
349 193
937 89
872 88
169 941
159 194
102 282
1053 966
758 546
13 485
268 843
208 988
535 830
148 704
101 137
188 770
86 260
518 1033
858 221
145 21
355 570
456 768
150 442
61 653
714 330
386 518
178 506
1044 184
798 718
826 922
1043 301
973 710
420 11
121 589
13 656
259 1114
30 454
716 127
1087 124
978 894
587 303
1092 562
883 568
355 593
622 1006
783 394
634 296
171 679
56 892
637 490
809 909
776 816
784 310
763 126
280 910
498 331
469 359
187 800
600 487
176 847
265 393
570 931
619 843
869 649
667 833
473 510
984 518
231 864
438 612
749 518
429 109
443 532
413 556
880 1060
1006 131
115 601
215 229
717 830
552 650
1102 473
853 833
615 902
651 386
232 1071
930 487
203 134
101 422
984 533
811 136
233 533
18 480
836 488
708 458
631 978
344 813
292 543
237 1102
174 1108
98 320
339 936
432 168
563 735
581 252
912 924
517 244
175 565
556 812
767 309
245 992
152 442
233 283
806 693
146 540
422 476
258 721
112 146
869 1022
782 1048
967 386
617 555
597 735
587 173
789 496
652 869
336 719
560 361
1022 829
816 354
928 990
103 847
490 446
883 980
922 402
133 2
1023 154
246 782
492 50
99 421
3 77
539 467
769 833
975 573
575 294
886 756
804 380
313 726
545 485
941 471
856 282
326 284
700 429
307 715
190 365
801 325
837 395
853 917
818 603
933 424
953 145
636 760
672 883
532 110
218 123
368 515
344 896
35 623
612 33
44 429
105 174
587 58
483 76
308 853
482 582
634 518
557 478
890 943
431 1001
192 1012
745 923
377 961
288 427
1115 42
874 864
297 311
873 383
747 284
574 702
333 953
612 491
526 461
107 916
328 991
641 479
773 6
245 630
1097 407
618 1010
229 1024
363 567
335 317
827 422
264 420
203 1065
549 827
279 208
25 315
435 678
690 550
271 162
955 216
186 148
710 524
60 704
299 577
720 227
844 391
753 431
42 371
459 763
2 65
1000 1024
196 794
432 134
468 180
188 567
363 623
929 504
386 363
635 11
1052 566
234 657
293 363
886 604
728 178
583 189
814 484
93 416
869 147
1102 273
931 919
15 746
315 276
692 524
1059 571
135 556
864 523
632 681
546 112
826 315
668 749
839 592
115 218
1022 987
238 11
432 101
609 530
343 957
357 721
760 824
555 197
530 202
863 201
481 687
816 1042
348 1032
221 543
466 765
563 416
178 438
381 400
127 267
604 493
970 821
831 12
716 258
129 463
662 1004
1017 1041
344 953
681 958
845 869
515 157
753 1073
537 1112
743 314
980 553
418 52
302 221
327 432
1011 984
312 823
180 578
552 60
238 640
237 896
195 214
790 313
182 811
881 513
109 943
476 688
705 410
836 553
33 981
126 288
919 701
323 444
762 709
678 914
910 329
113 652
868 240
416 876
479 497
687 213
114 200
226 799
950 297
108 519
967 946
10 849
117 878
863 761
410 1
323 102
777 219
396 560
266 524
208 877
164 860
1042 278
382 640
858 368
890 485
801 651
902 591
621 582
852 1042
481 442
144 670
249 542
520 1086
926 174
456 468
583 631
686 197
463 811
204 413
813 138
140 594
782 328
1045 1003
692 990
620 296
369 829
476 836
605 195
793 257
855 367
162 181
245 849
902 290
839 623
936 967
745 758
654 922
341 945
888 1070
470 139
181 471
586 788
602 857
764 318
101 1111
817 799
164 874
889 530
370 188
387 453
603 629
783 185
879 678
227 760
354 776
179 665
839 92
1003 835
1106 681
509 343
717 221
67 855
457 443
666 961
187 81
145 116
135 79
41 640
151 954
543 826
797 839
992 853
506 960
357 21
525 1018