1083 596
715 207
470 966
74 22
764 1015
1032 181
558 852
446 162
547 252
230 343
1025 521
955 430
198 1008
429 170
360 899
180 620
443 657
475 560
122 612
972 160
1034 180
210 562
146 61
70 745
380 476
381 616
409 436
1085 400
190 208
270 129
109 624
792 176
1039 397
147 405
684 639
979 18
457 382
844 173
891 996
740 723
1005 416
847 1060
550 766
987 771
539 749
437 507
1062 670
894 503
962 851
818 626
1045 830
466 1072
608 90
272 730
6 473
108 420
526 81
669 467
937 1072
909 713
923 410
808 287
410 315
406 893
55 809
776 581
471 370
785 8
490 402
1045 842
933 569
794 295
58 329
53 930
991 450
166 650
783 927
240 704
760 125
777 343
537 731
381 600
195 410
267 678
348 1110
707 1062
1122 436
346 865
628 748
200 391
575 523
272 1013
289 730
918 806
470 126
913 94
752 621
841 794
921 660
110 314
735 884
98 918
751 495
901 734
183 374
255 683
995 206
938 324
835 470
672 810
685 653
3 826
449 999
460 360
1064 315
273 100
679 726
138 919
595 917
677 259
558 860
577 564
206 372
896 902
403 855
632 200
352 670
519 146
313 948
462 310
49 260
556 638
629 858
259 722
406 233
931 826
777 392
53 842
680 868
987 1122
951 785
517 211
758 225
314 158
639 826
287 162
644 309
664 336
536 346
870 749
961 565
548 8
550 226
429 279
368 875
1 385
302 971
15 772
120 158
946 345
632 481
919 473
992 35
651 79
427 415
761 572
850 638
94 503
157 642
208 756
934 456
567 139
639 539
93 252
851 468
873 536
779 912
487 638
371 201
990 397
855 286
549 60
580 659
299 48
499 701
574 580
857 935
209 865
1075 963
345 740
862 340
17 1012
485 1075
109 32
740 123
541 202
565 735
435 459
310 507
693 217
434 639
478 962
522 112
328 664
796 81
682 227
723 613
852 419
620 877
299 967
571 801
1009 358
1084 869
633 262
537 824
506 27
276 45
242 662
727 935
142 442
739 191
408 488
595 105
492 418
969 490
943 82
641 257
1064 849
915 510
576 671
1090 118
525 413
651 769
737 821
1063 221
140 255
239 982
491 495
716 442
115 708
670 976
355 305
475 102
440 1042
117 1051
721 286
88 28
721 265
692 114
540 223
972 602
99 48
381 689
875 257
406 731
608 402
347 583
381 878
1008 471
487 363
952 409
499 535
408 146
896 1093
869 360
585 690
5 536
766 226
278 6
416 981
872 385
583 374
293 1079
1063 582
813 774
179 234
899 212
573 1073
362 574
349 59
1063 605
465 608
826 850
128 671
1004 666
275 447
749 531
940 614
227 552
824 686
1018 347
839 1047
305 659
777 703
151 813
1040 593
404 390
276 825
28 796
415 120
786 236
202 315
1023 396
727 779
635 547
1120 1029
890 1043
890 908
119 228
142 61
101 743
409 751
1021 636
595 132
188 435
54 883
730 78
302 668
844 667
116 526
635 1008
102 693
791 141
986 552
894 392
964 470
116 907
736 382
545 777
92 228
364 809
237 858
973 904
40 863
477 181
803 533
870 404
1044 1000
248 336
782 914
191 288
963 687
969 846
1033 615
629 210
200 755
978 984
436 43
841 881
766 216
948 949
112 25
966 956
1073 196
201 771
250 285
721 349
211 273
367 843
333 657
130 992
448 307
957 384
115 710
1097 937
122 1118
516 527
735 386
290 267
189 879
719 976
74 637
738 203
236 921
150 116
898 995
975 731
699 89
609 944
586 213
1036 537
866 569
687 786
1029 727
161 781
217 119
853 573
934 420
889 438
470 902
968 428
1109 774
997 910
920 128
793 352
993 1022
483 167
128 742
357 218
728 498
240 393
755 228
412 916
286 624
799 802
345 617
652 349
579 640
126 668
801 394
1014 460
76 625
163 317
155 436
960 156
590 632
592 548
116 1015
245 550
519 998
1115 19
318 566
960 850
914 350
157 576
357 702
759 270
775 360
958 170
763 713
296 196
1037 917
784 522
668 124
416 540
795 968
560 870
843 478
619 456
652 483
1066 865
340 478
209 594
158 626
337 358
392 1097
402 745
403 492
113 864
852 923
298 957
923 826
439 262
329 905
1120 850
643 729
645 374
150 6
397 256
918 822
291 482
617 106
933 965
498 939
963 1105
826 636
1020 275
867 4
801 216
689 886
72 245
137 327
861 443
915 727
306 668
989 350
125 510
360 327
504 712
724 965
743 513
464 583
375 153
956 499
973 399
201 257
148 279
785 439
559 19
755 345
987 695
217 656
593 440
588 267
1029 337
404 884
965 28
988 1060
876 376
492 147
754 800
187 564
99 546
182 752
783 234
1054 1005
908 628
308 117
319 539
958 991
173 234
841 352
778 617
272 314
732 568
829 400
734 669
1102 383
988 638
710 633
137 790
700 476
492 513
524 181
907 580
228 262
249 885
1009 49
668 109
387 367
880 652
1090 316
466 68
185 299
103 148
132 1051
660 669
309 916
391 731
504 247
1023 948
711 855
374 620
627 958
805 115
668 465
853 646
94 278
707 431
982 405
205 709
996 542
184 285
561 234
53 399
367 190
900 1108
111 166
155 932
63 801
197 67
157 872
716 910
703 440
18 934
556 796
84 68
1026 267
636 712
281 262
174 389
807 1061
470 523
901 238
328 1099
765 144
621 708
365 978
611 642
524 234
72 343
227 998
156 593
158 295
571 537
395 898
950 550
323 761
466 706
111 361
812 490
333 147
641 735
308 901
159 618
393 993
690 397
643 540
171 950
672 252
774 998
753 559
488 1012
943 823
1024 1120
855 484
289 751
536 1108
299 604
642 1086
905 450
130 1062
109 662
484 369
905 248
396 786
220 922
289 396
569 130
331 960
234 52
867 647
234 462
912 234
1039 896
703 838
296 180
415 93
167 225
206 876
63 552
623 562
114 764
237 162
182 534
291 571
278 497
349 245
911 982
1042 252
152 1015
803 206
901 956
4 711
487 335
601 725
468 6
675 930
931 257
283 147
629 881
827 81
268 476
843 255
701 1104
139 420
1009 295
718 178
167 685
873 1066
368 58
1117 438
443 732
113 522
307 789
1037 569
893 280
131 939
511 135
567 425
17 234
29 567
217 279
649 997
793 942
402 589
53 31
146 511
958 274
546 659
265 797
450 139
983 415
739 494
770 417
936 449
857 407
637 176
929 723
794 324
511 873
243 348
921 232
881 164
546 273
508 102
228 900
970 117
828 845
664 140
360 972
710 386
853 705
136 471
909 125
330 708
450 219
297 123
547 637
912 973
592 320
341 872
533 302
1101 909
671 992
184 574
367 707
889 247
994 207
937 657
999 514
482 769
107 341
946 553
604 196
1097 438
987 900
316 645
567 904
299 251
272 966
736 978
124 661
585 433
820 733
643 697
660 841
1104 681
1025 715
844 526
177 935
98 1098
876 748
344 930
209 629
532 998
288 614
441 330
560 540
958 1015
154 75
588 245
766 185
358 224
875 559
1097 977
505 781
293 494
808 444
599 326
364 528
304 888
119 3
177 323
912 411
64 899
283 1123
635 1006
684 986
714 214
534 233
251 133
148 744
88 235
762 1023
28 381
912 1058
575 714
948 687
434 393
251 761
183 977
538 486
420 588
485 691
494 427
165 98
328 94
247 173
885 95
906 821
591 1004
708 959
785 300
471 179
91 544
761 422
747 122
522 687
367 485
212 15
57 167
1089 513
606 270
331 685
931 594
147 686
380 957
656 930
462 722
111 583
339 1018
411 731
677 389
916 671
252 982
162 949
931 24
755 814
532 573
841 208
1002 373
980 815
423 533
395 706
751 811
559 515
780 935
565 352
939 11
723 830
919 82
179 138
748 262
257 711
758 914
584 118
738 18
84 579
632 798
531 633
474 382
912 558
425 360
250 498
646 835
816 540
516 994
944 187
355 815
470 468
940 183
111 289
259 816
284 109
91 257
1063 108
321 1101
155 838
790 794
626 158
191 251
543 44
115 944
801 362
58 392
475 540
261 937
153 342
405 652
307 756
884 100
600 1109
1026 949
582 600
687 905
1050 679
860 347
583 970
140 722
1037 837
153 1008
307 1000
747 1027
252 223
448 782
972 935
24 496
422 458
223 104
156 680
12 440
921 224
135 1030
1023 234
332 1010
386 496
614 338
457 928
926 804
741 322
156 501
442 361
141 270
846 693
550 386
517 1036
677 860
88 57
487 205
256 444
69 551
897 534
970 659
322 939
452 125
407 843
673 210
1040 935
796 546
632 77
625 185
519 382
274 59
490 530
227 1017
877 187
800 711
1011 188
941 419
75 1106
962 899
363 965
247 408
470 803
526 537
553 891
303 39
583 900
972 620
589 488
101 995
691 589
766 254
196 235
1007 739
844 349
592 448
914 931
151 826
531 291
937 728
585 294
256 641
980 663
133 374
422 15
116 642
239 745
709 1
825 396
185 921
296 467
626 140
197 716
23 149
976 823
299 329
611 935
292 227
321 715
1122 1045
224 846
856 185
393 719
615 584
218 325
801 343
617 508
17 432
39 0
160 434
532 231
531 337
494 916
515 238
139 346
80 527
226 130
345 885
1012 476
999 636
722 480
313 219
535 695
747 249
1061 984
123 727
1000 1011
840 1115