854 303
428 46
223 138
283 182
720 805
112 670
1109 587
266 1118
388 164
945 935
402 351
463 991
748 837
986 247
1111 267
145 248
169 743
536 971
725 416
612 366
965 929
507 7
520 172
523 271
623 964
465 199
152 935
745 820
489 161
268 197
847 357
1069 905
334 507
663 952
1008 114
213 816
163 349
804 522
609 403
687 555
1007 775
105 304
943 340
779 567
164 814
142 327
512 252
374 124
203 165
697 1064
559 282
799 388
594 801
850 176
200 482
600 941
909 1042
927 910
791 251
13 248
636 456
873 1018
298 281
254 535
695 972
165 184
1017 31
808 669
653 580
269 528
303 799
336 972
686 238
716 163
95 130
892 311
508 429
310 263
668 364
619 803
623 743
1093 809
65 216
141 510
818 1062
477 99
577 559
989 303
826 36
737 122
1007 702
1022 87
368 1007
363 682
493 788
319 72
934 818
216 112
36 703
999 1020
203 182
810 944
664 778
585 977
604 923
1020 728
1066 553
632 924
14 250
194 235
716 573
916 813
469 144
254 104
523 992
560 1028
487 968
348 624
899 263
927 613
443 445
791 267
185 495
151 648
951 154
385 680
1092 523
948 796
133 877
895 882
456 931
1042 888
733 30
795 634
521 595
986 920
576 1039
369 1050
777 149
214 892
795 84
962 980
529 780
114 732
1004 686
428 215
920 172
767 213
605 622
911 983
397 675
148 1022
656 153
977 325
445 463
124 542
281 242
171 417
281 201
626 467
597 958
691 261
484 75
21 237
239 260
960 793
8 147
68 754
948 550
1065 413
125 484
831 535
968 1092
406 599
647 514
416 492
982 129
245 977
349 203
1019 433
402 995
567 135
1067 132
574 233
821 124
968 935
982 370
174 152
335 335
458 318
173 1026
740 526
1016 867
986 99
354 295
5 512
1026 608
122 609
399 446
1066 399
666 1060
598 430
904 770
176 173
291 184
831 863
712 596
782 545
579 954
699 483
1114 302
366 984
102 732
594 786
733 387
804 426
170 100
315 368
100 602
659 740
555 898
941 768
341 130
690 941
240 397
166 651
714 1095
224 140
146 832
872 766
177 865
673 271
819 1062
887 482
298 974
410 40
388 816
108 384
443 106
24 825
516 504
157 510
601 475
522 138
634 218
994 119
856 672
131 315
244 593
618 992
937 518
429 267
342 139
148 230
271 833
733 1037
985 606
534 900
582 336
724 53
441 293
330 964
277 879
1015 756
446 941
708 955
484 852
268 309
532 584
493 731
1091 801
447 563
502 186
755 75
867 528
670 801
408 743
103 384
667 642
154 546
336 387
405 56
484 288
607 78
678 879
703 518
606 317
423 115
433 724
611 858
713 899
529 215
991 127
416 677
1037 372
130 284
1113 1114
389 638
434 210
375 509
452 923
979 113
617 442
922 785
791 482
318 853
751 272
223 874
512 864
479 941
626 680
492 346
0 570
253 950
854 979
570 355
453 915
607 716
193 766
334 506
862 638
979 898
224 378
485 23
132 407
299 165
723 356
805 278
426 619
931 812
215 906
405 984
404 900
908 170
108 883
297 851
991 624
996 528
773 536
459 614
937 871
908 437
568 409
496 871
257 630
104 925
1086 373
301 988
139 786
995 74
396 516
702 837
685 78
872 519
994 100
130 713
212 940
234 1087
942 537
124 211
490 323
861 154
914 625
232 960
696 772
826 264
389 910
84 375
599 850
455 264
286 228
1008 453
944 243
429 151
529 609
943 837
723 825
329 813
442 262
712 816
676 848
859 238
661 327
649 404
990 243
369 605
197 402
823 493
270 511
925 771
202 274
948 901
96 703
755 790
225 155
839 465
727 766
605 620
271 331
540 320
210 538
391 306
320 127
766 496
429 604
66 797
653 372
1067 520
440 832
797 414
368 154
943 160
914 105
279 566
28 972
1013 549
818 942
367 509
1043 233
564 885
456 583
197 411
514 822
544 936
836 545
166 438
840 447
435 838
560 1112
579 360
676 587
1048 618
637 968
442 998
375 488
707 1062
510 713
1100 290
925 991
151 303
238 589
573 701
570 370
342 244
614 450
856 418
610 210
61 1113
232 655
144 488
373 426
998 226
727 91
800 221
251 542
932 176
990 1097
332 286
518 284
978 415
259 567
494 671
1066 458
456 697
507 122
482 945
1044 593
693 423
218 621
138 76
412 360
63 359
953 542
722 61
921 271
970 721
142 415
781 883
400 921
845 786
320 628
702 246
107 559
295 961
954 742
944 314
910 408
640 28
615 917
951 652
860 498
294 779
912 994
365 901
828 199
788 1002
719 354
1062 391
582 775
978 269
640 583
444 976
943 783
607 131
723 501
291 1002
370 495
998 795
395 233
726 489
553 799
870 652
236 221
400 765
730 66
1082 459
541 742
788 53
554 227
245 330
451 38
766 834
966 909
902 242
754 155
448 346
373 555
253 767
978 718
614 909
559 268
745 907
816 933
674 174
356 891
316 4
193 722
105 444
1021 126
334 56
685 55
483 643
147 617
710 12
727 253
727 314
79 383
384 200
426 754
301 971
596 626
541 267
339 925
354 412
326 470
1010 363
218 929
519 351
983 397
794 1015
536 672
1091 542
209 80
167 623
811 288
509 304
531 151
333 982
259 947
690 818
993 976
119 807
926 709
645 194
146 308
943 460
149 546
529 238
266 969
206 552
1080 756
761 261
1031 1004
66 160
310 313
906 865
347 856
1043 818
1046 1076
451 1054
461 1006
991 83
480 103
659 569
950 867
990 413
687 505
139 727
996 421
662 125
979 602
376 850
541 594
927 195
566 686
715 933
421 704
97 881
502 220
752 327
331 1112
721 628
794 1004
954 355
83 555
192 328
519 58
294 399
138 264
340 353
38 716
707 246
727 758
88 145
984 868
1040 710
484 446
449 687
8 469
782 727
48 760
856 423
250 645
194 796
75 279
264 689
1057 342
437 984
416 401
878 1050
684 107
628 445
339 171
776 747
998 104
751 860
680 686
469 1074
941 993
438 994
717 263
457 757
215 249
951 776
265 985
610 116
758 711
386 861
981 872
916 475
802 1000
70 563
196 616
465 963
369 822
376 266
691 139
574 187
225 729
963 666
26 797
540 550
159 639
107 344
352 882
391 839
134 610
569 563
1029 1116
487 1024
423 877
1074 985
806 1002
1078 837
706 628
1040 74
474 640
160 952
435 509
471 254
510 337
403 363
251 306
753 306
6 906
255 482
568 877
379 288
559 963
923 662
257 668
230 299
763 109
934 884
345 778
303 406
436 216
415 660
423 352
119 549
1015 449
713 563
720 447
699 606
470 529
428 120
551 637
525 506
339 108
658 33
278 650
25 848
141 264
1095 735
627 1023
977 342
567 413
873 742
150 616
618 157
576 297
273 544
385 698
717 481
391 382
268 839
899 153
766 543
385 1073
547 468
1095 973
296 897
508 978
807 935
204 820
176 262
794 946
666 190
1068 1051
1006 742
86 371
596 365
41 107
703 300
962 910
815 262
811 618
933 174
917 993
588 77
322 1002
1061 194
681 467
559 1019
342 814
328 699
252 979
167 828
655 172
707 1010
865 937
631 888
38 446
559 118
324 794
1026 111
797 496
537 246
824 534
828 278
902 821
1011 629
641 737
471 155
1004 803
865 160
990 600
1023 223
1059 946
109 940
956 196
490 1094
193 432
588 717
520 556
229 753
1022 248
439 1082
600 743
393 117
140 485
707 234
726 148
183 257
348 180
553 518
422 653
1041 1018
254 401
630 878
488 297
638 507
282 613
876 552
75 747
502 302
918 223
232 747
690 742
387 284
1017 791
426 973
119 106
633 84
148 892
888 125
158 329
335 954
7 327
427 648
671 892
500 335
605 884
864 344
707 964
428 835
847 928
152 319
784 708
724 104
880 343
536 905
49 373
245 370
898 290
874 534
701 184
945 548
670 800
346 333
968 903
828 829
144 385
539 612
289 514
713 627
698 333
168 215
395 404
750 487
171 195
786 763
1080 211
20 943
898 425
416 619
1064 669
304 737
67 898
923 205
137 653
183 827
693 130
854 242
528 495
504 805
1008 885
492 179
953 458
620 380
890 198
761 954
552 232
797 440
753 314
896 158
479 204
1100 551
945 162
900 219
107 1059
613 240
552 67
655 359
59 231
15 50
151 226
46 411
880 314
389 115
311 745
626 901
138 154
491 959
237 595
344 638
965 697
647 83
435 580
706 779
477 695
184 183
1112 723
893 855
157 791
502 431
914 631
409 280
831 985
392 222
442 318
236 772
390 1014
580 732
774 153
287 99
785 192
595 982
668 561
479 348
176 486
235 367
639 851
861 598
799 517
411 505
889 105
935 432
786 101
714 572
74 809
749 1030
160 361
824 87
651 691
116 690
312 788
119 345
529 696
678 695
307 901
188 919
1043 477
969 208
18 654
496 658
178 477
420 303
890 794
287 320
360 516
517 744
232 1018
644 990
1074 877
925 327
642 193
99 355
820 132
825 366
946 342
578 824
129 155
731 294
65 1084
864 602
796 378
352 190
359 528
369 438
849 560
232 559
827 207
1064 308
321 836
545 839
631 168
615 501
574 886
924 265
249 821
967 939
420 1038
30 830
578 925
138 682
441 779
881 407
756 604
131 434