896 379
540 1009
101 459
176 313
637 876
1123 69
830 524
1069 521
1047 966
647 584
466 645
1063 282
251 360
663 603
360 573
516 815
523 424
579 726
217 173
24 208
709 1080
826 1047
666 455
742 522
503 349
626 884
125 894
784 429
523 113
787 333
441 1118
1030 896
930 593
332 209
631 791
136 273
105 1074
141 691
630 744
288 1110
109 373
332 812
530 627
609 225
44 781
384 862
675 575
151 531
1092 737
353 267
601 197
432 1078
383 251
966 274
843 995
192 616
926 758
989 880
571 171
1022 618
914 125
374 533
869 140
153 589
792 461
504 599
130 113
788 518
982 578
267 448
961 520
242 263
980 679
725 1076
358 943
975 977
510 336
878 773
849 738
837 729
1105 0
243 214
666 103
1020 537
815 194
198 231
310 369
855 27
1108 468
1100 339
211 561
596 559
504 142
286 620
144 375
736 638
717 240
281 697
303 682
944 366
452 834
126 360
405 339
725 1066
365 928
426 736
847 719
713 846
522 1048
335 721
914 714
784 387
435 517
121 889
678 722
636 213
957 600
187 150
489 432
802 1055
991 567
743 481
672 1062
259 857
185 477
601 914
376 1057
983 978
72 838
557 876
518 1047
157 128
1029 966
612 697
824 853
280 193
377 351
964 793
401 190
1104 372
144 229
469 727
744 815
783 336
69 925
356 193
710 769
809 1013
268 370
227 1002
650 397
929 775
445 1120
655 976
996 841
153 1054
21 433
393 711
329 787
750 840
307 211
230 618
255 968
1049 389
539 334
223 804
232 259
655 667
660 322
546 20
486 91
415 767
464 711
463 1047
742 275
503 897
263 156
891 914
141 260
770 249
37 298
384 1085
858 833
476 930
620 654
995 236
1024 176
764 968
74 393
189 332
687 578
993 675
654 868
579 178
368 610
459 238
967 972
590 303
743 885
671 695
486 907
780 540
723 679
1062 366
1073 695
973 1019
141 188
146 278
239 16
118 238
1082 843
467 816
382 191
722 719
242 832
976 162
45 769
444 234
304 860
991 579
992 993
566 96
146 179
945 1088
239 122
381 543
1114 193
744 963
369 456
914 537
372 43
903 136
422 985
186 1096
983 1079
501 454
998 1012
447 270
455 325
382 653
904 313
46 571
524 854
81 882
181 857
279 224
644 663
956 804
832 249
280 786
663 672
387 145
68 188
290 323
820 738
437 353
65 518
986 47
344 941
113 636
924 1082
842 802
906 460
803 907
796 332
709 24
304 651
977 387
789 1095
806 145
992 496
670 230
465 968
842 773
884 303
890 768
685 296
337 22
351 953
868 1064
998 952
865 673
145 446
1011 1091
846 453
931 309
724 213
365 837
565 151
324 925
221 1064
851 678
839 560
661 394
313 1074
223 451
803 579
788 1078
290 322
461 547
792 286
721 56
269 508
935 293
494 348
146 243
293 471
732 447
879 149
639 129
641 927
636 1040
475 1018
118 215
740 1012
11 730
679 722
696 375
904 13
1110 812
780 766
850 988
501 744
801 324
838 355
214 657
753 220
236 172
796 162
727 725
1064 829
341 1005
226 1018
624 997
355 332
727 198
863 613
702 390
747 766
550 252
827 696
33 629
734 247
469 1004
743 706
767 757
558 133
367 578
735 351
962 840
421 3
991 120
722 1000
573 358
774 363
767 446
111 276
394 888
433 740
373 121
839 261
439 606
1093 306
145 284
154 748
116 42
854 311
624 586
367 1010
679 675
983 371
297 786
594 326
1080 286
926 768
30 251
451 272
965 569
847 686
287 893
370 623
575 147
554 890
68 516
621 121
547 313
271 637
302 811
365 457
531 382
843 829
890 1050
1026 909
498 977
757 608
770 814
1010 875
492 170
498 266
177 688
293 613
1011 330
1065 1009
403 805
680 356
899 721
791 333
1063 125
818 802
383 680
163 924
644 540
672 173
593 643
1091 815
645 885
348 671
614 542
826 797
1005 899
833 749
400 483
622 117
179 543
402 409
458 361
446 82
490 595
4 897
168 473
1058 987
678 1020
651 703
932 99
15 441
310 491
339 877
706 734
601 549
673 947
1009 826
829 316
79 205
553 927
685 751
247 449
880 681
762 1002
201 1003
293 800
272 513
536 6
361 917
897 488
991 625
644 998
1044 748
895 165
605 872
92 755
273 1051
856 247
177 589
696 233
500 556
594 901
1024 719
5 1123
467 645
757 810
611 916
1114 987
710 600
511 182
851 685
590 1013
527 432
401 911
879 868
952 161
829 572
961 691
648 270
27 500
869 322
550 716
990 689
778 320
968 133
39 686
149 450
601 1061
856 1026
380 837
83 829
486 954
926 304
995 127
1029 36
769 280
776 801
925 245
103 783
4 567
617 378
566 981
876 1104
936 1053
69 758
176 897
259 160
766 701
672 784
600 17
632 901
523 341
120 229
640 463
683 476
652 477
976 129
532 220
480 1109
226 420
793 493
293 589
488 789
340 495
971 199
865 145
112 652
688 1023
658 1050
120 384
947 334
746 1031
930 866
1001 865
506 35
281 498
801 617
147 238
939 413
780 986
678 1052
76 1081
750 165
230 787
776 133
494 108
385 383
359 942
967 835
157 173
448 940
52 653
378 695
82 622
785 1003
658 263
698 886
835 249
385 313
660 536
742 177
328 229
328 977
585 649
428 718
344 273
285 825
563 537
338 841
890 212
827 412
207 219
285 732
956 818
860 393
218 522
793 867
912 173
433 909
473 1073
756 460
490 745
56 807
146 323
10 1030
979 148
921 703
913 513
602 56
921 761
551 878
1120 687
1092 1061
973 979
881 627
96 368
390 192
955 614
280 510
153 403
924 45
933 351
586 987
749 800
871 338
417 264
621 993
571 869
427 566
6 718
995 914
548 409
911 247
683 940
454 485
765 11
800 857
953 351
959 699
300 223
479 864
996 976
663 873
997 1055
748 439
453 27
430 966
878 985
566 569
291 871
74 689
704 625
187 616
325 698
279 863
616 712
788 205
377 515
502 125
519 165
250 142
401 1038
169 386
135 211
736 778
609 602
877 477
283 975
906 322
370 589
760 785
1123 224
661 637
138 190
329 886
721 397
873 165
754 702
820 778
438 708
885 949
262 459
468 574
743 746
385 761
121 568
994 162
1048 114
533 716
758 930
774 194
44 343
842 1002
624 114
382 1079
834 801
288 802
475 456
1064 591
602 805
686 706
800 129
997 527
974 837
379 897
421 438
326 66
626 428
294 1073
275 261
257 895
569 147
265 694
367 859
114 825
846 583
916 526
945 945
747 485
891 610
262 450
791 862
475 1008
317 52
410 886
1027 625
102 445
122 979
1076 478
537 417
185 900
249 479
205 188
1011 346
101 652
1122 270
566 408
557 979
772 162
584 382
291 705
936 112
867 101
1009 711
172 574
323 972
774 376
565 119
136 720
509 1060
476 618
315 466
538 556
277 939
695 738
350 636
1086 645
139 846
472 391
230 502
634 31
676 740
352 872
717 340
550 205
553 865
1018 390
170 1080
819 326
1120 455
251 326
453 436
884 544
434 400
627 106
605 588
804 842
611 747
464 635
476 514
726 919
814 315
696 368
899 776
400 781
566 451
651 611
492 368
695 665
902 75
23 815
106 143
276 678
114 297
156 389
856 429
83 1013
1028 397
438 360
514 326
387 1016
648 607
1066 244
955 309
922 772
1008 698
626 819
905 181
1007 284
248 619
303 770
132 40
388 564
323 118
1020 692
423 319
758 242
612 676
115 653
301 1110
560 804
54 680
606 361
326 618
575 403
133 855
496 464
684 281
902 928
339 115
146 584
858 440
901 815
148 642
92 613
604 322
768 748
34 281
927 576
37 465
265 755
129 1048
230 205
108 41
903 935
332 940
639 957
512 699
1072 684
990 683
1008 672
576 416
937 292
890 931
826 257
215 408
761 1093
548 624
604 352
780 151
1038 336
758 275
789 457
207 398
648 317
900 814
581 618
683 793
368 778
520 796
224 364
254 850
313 464
407 1002
403 241
980 838
93 245
153 988
745 522
12 730
141 746
229 853
869 477
866 854
374 816
499 313
554 144
1031 904
137 252
648 429
858 436
376 889
208 863
765 589
675 456
864 838
718 30
49 716
853 691
941 726
811 1118
995 579
643 437
787 85
823 944
728 864
1049 985
253 702
660 387
347 5
62 917
757 891
61 719
951 969
978 551
724 239
792 306
863 115
547 1021
620 238
620 311
688 655
691 939
1005 832
524 498
217 961
291 908
549 992
150 997
577 231
926 193
1056 299
111 823
1009 480
186 195
472 474
1033 344
926 1091
721 325
549 977
870 149
513 936
1019 350
955 480
940 858
662 757
97 721
123 507
400 1066
832 721
1059 1097
810 918
317 1049
588 701
288 230
238 879
28 339
681 484
823 148
158 607
142 403
894 1063
1000 284
579 61
382 172
116 288
774 22
602 580
942 899
232 842
993 1013
666 950
791 939
155 155
502 559
692 232
610 233
1050 363
617 1070
426 889
1116 678
117 837
184 345
127 128
227 991
964 784
355 986
335 771
717 695
1005 961
95 887
308 641
602 596
552 523
1003 1
1110 361
206 1023
940 390
1012 390
147 928
613 245
934 824
1097 361
196 969
541 832
889 29
986 446
866 979
597 253
1041 774
744 976
397 469
338 672
159 929
865 173
137 590