424 633
583 615
443 224
732 283
163 397
737 754
527 847
489 471
792 898
654 58
401 587
1034 944
561 0
119 1016
365 815
768 1025
206 965
49 118
779 757
616 483
436 729
1077 613
337 912
296 195
556 700
72 242
587 298
443 242
990 781
964 937
290 781
537 658
176 1062
829 866
319 547
592 943
927 700
206 671
481 377
236 804
154 573
993 288
215 493
536 233
554 766
922 779
718 180
859 876
577 691
405 897
936 633
368 582
855 572
115 969
806 184
383 929
48 273
386 865
194 219
97 240
502 323
962 764
580 616
272 376
826 598
40 116
773 437
113 576
1062 789
814 522
212 193
163 228
112 190
185 871
915 531
831 902
247 1107
130 388
45 631
402 60
804 967
262 234
446 93
741 803
1019 22
1030 711
910 368
138 228
229 1037
904 570
849 977
384 1107
46 1022
532 916
496 106
751 833
1012 1005
1071 43
534 517
837 900
631 805
899 629
1116 551
535 776
405 580
589 219
517 893
538 767
548 451
366 160
244 322
510 815
119 944
795 36
487 245
298 30
137 357
301 238
1093 250
373 984
811 270
466 310
438 639
39 154
903 189
170 773
708 1002
503 173
643 1016
306 1003
744 489
591 121
668 1003
205 287
1106 594
834 702
720 720
734 116
109 576
885 347
108 9
159 1100
848 199
30 100
721 430
781 315
1047 363
639 394
322 569
553 747
394 712
405 129
581 1012
352 472
49 1063
711 755
1076 731
532 561
55 488
1050 764
339 442
722 899
645 529
260 467
258 565
650 841
246 557
938 344
729 865
242 1075
779 967
516 385
660 829
1107 541
618 725
1006 828
296 979
250 375
987 624
293 105
762 458
409 652
925 386
205 604
436 1023
763 774
771 1032
622 840
437 756
851 972
1106 427
627 557
376 225
230 677
868 1022
554 633
679 900
636 561
648 250
450 357
439 373
499 346
544 210
224 340
1040 670
716 359
642 285
222 504
6 235
68 599
905 30
183 428
49 856
156 908
703 690
350 876
946 910
514 1113
109 354
674 728
342 1004
134 278
1025 178
127 835
333 860
294 748
142 568
124 937
673 649
866 793
47 12
347 471
744 912
448 550
525 801
264 890
97 213
585 812
984 809
254 536
1123 506
778 1108
332 474
865 723
1022 547
629 945
1013 705
162 301
419 133
125 847
235 886
1122 738
242 361
301 1050
270 660
284 957
549 445
346 714
633 508
898 702
111 619
508 832
376 104
552 729
362 690
1017 155
684 52
152 241
216 743
267 554
578 634
851 698
197 1038
1093 482
163 629
339 620
1055 499
769 683
435 686
903 978
932 31
533 817
1021 590
106 169
1070 234
409 952
304 571
312 152
62 260
298 895
669 398
700 901
1012 899
267 834
853 905
492 704
573 214
639 56
326 821
641 973
285 592
320 717
661 838
860 32
1062 119
883 827
114 1092
505 945
21 441
674 841
319 864
60 587
604 160
672 217
362 84
639 897
190 650
201 912
1092 293
626 855
986 478
119 728
552 356
35 766
461 455
910 588
801 667
746 779
483 706
753 255
244 784
541 1092
776 1039
346 1044
464 602
725 297
859 629
70 843
441 1111
212 993
779 124
631 779
730 597
529 808
419 805
920 393
491 211
928 446
520 486
317 23
994 1067
147 379
422 720
424 955
344 767
826 732
880 857
645 945
282 222
863 985
990 178
303 999
310 1113
750 918
1095 1001
872 683
374 427
131 310
484 759
869 677
739 46
823 60
513 380
320 226
765 182
311 967
477 303
285 640
1090 779
73 374
1101 736
421 1112
1011 152
337 832
327 710
70 809
111 557
577 158
285 624
48 341
808 870
137 409
487 38
217 634
434 593
600 461
91 1090
442 977
131 574
996 389
428 1072
425 144
516 633
370 514
757 1018
637 675
314 987
765 1017
1063 351
141 225
301 573
126 530
870 1119
385 50
919 161
578 874
572 832
655 136
940 410
888 1081
158 677
848 121
511 1016
947 397
454 161
392 820
416 55
885 973
1109 800
657 795
591 850
758 887
328 622
392 537
1054 867
922 315
106 750
239 505
825 594
403 255
551 917
882 870
883 285
148 833
197 995
738 658
592 912
745 503
608 273
189 753
847 725
348 209
406 477
163 1014
963 847
653 1028
819 992
947 853
359 1015
403 817
733 514
220 714
259 39
1085 1006
56 816
1060 709
1101 575
850 721
863 621
405 755
723 780
1097 23
696 334
331 499
203 140
438 426
888 636
1079 523
955 411
351 997
694 487
863 434
170 90
376 540
492 716
235 61
182 728
291 271
885 934
1122 29
996 805
753 377
716 675
827 755
331 1022
139 806
280 490
988 105
527 865
730 89
680 226
303 786
942 677
564 643
315 622
336 548
253 554
652 655
768 547
944 191
187 14
1034 121
223 833
501 521
538 813
892 280
514 664
552 889
113 676
626 172
523 943
645 271
343 919
387 715
527 456
734 769
274 787
546 579
795 790
57 690
828 427
1102 76
453 846
925 1030
420 540
722 946
974 403
201 1058
1091 758
662 816
782 1120
910 940
206 283
616 751
587 818
368 363
798 319
824 338
866 129
984 255
192 271
253 813
625 191
229 1062
513 718
109 385
428 242
518 264
150 431
833 994
639 442
569 919
637 1119
603 946
760 318
128 670
163 600
977 452
821 60
823 580
542 657
601 203
714 408
527 1011
468 16
484 649
825 551
718 497
172 868
289 550
515 968
253 249
291 792
568 530
424 980
448 737
544 626
268 795
483 1010
754 650
303 521
552 325
902 354
662 929
836 700
815 380
128 1067
279 90
425 548
609 746
335 940
1041 523
17 911
464 505
140 999
5 383
356 515
71 133
379 1106
873 975
590 462
698 861
770 325
662 152
335 997
500 712
947 750
856 710
280 901
491 766
238 351
626 133
987 290
280 13
624 991
879 79
466 221
696 369
498 854
834 944
778 194
748 628
957 225
887 735
796 978
123 651
931 66
1024 484
541 407
979 549
155 769
481 81
901 508
1023 352
503 1094
291 347
579 247
739 611
18 908
1005 403
293 476
1022 1094
288 546
998 805
176 1022
443 886
585 225
549 72
614 269
338 331
911 509
322 417
365 420
628 65
955 1051
930 500
953 216
690 1
910 308
1006 783
883 937
634 168
674 839
788 861
902 376
508 366
715 587
677 980
971 678
135 561
831 818
445 135
359 205
478 114
166 129
479 916
366 348
315 611
745 601
1022 138
142 677
315 221
255 425
245 310
613 101
304 224
585 122
40 406
495 781
374 800
281 34
897 734
424 675
343 1038
985 657
932 896
923 1021
610 864
606 903
347 496
360 500
359 611
320 732
130 677
544 641
701 551
768 182
332 552
788 1023
152 370
249 214
508 734
430 460
857 205
1094 708
925 554
368 950
673 403
590 93
843 250
187 700
769 420
324 549
248 604
251 667
999 344
466 529
624 506
599 337
892 172
434 248
901 305
486 1031
192 871
276 651
331 996
911 292
221 585
443 961
1117 181
590 156
552 966
377 809
622 591
711 786
511 1014
715 868
217 446
958 102
241 648
355 424
842 107
93 803
410 268
926 822
659 510
1015 145
659 517
205 533
416 255
1016 804
202 604
859 1007
547 359
761 906
208 959
828 383
281 784
402 544
638 885
470 679
914 210
669 254
769 189
462 144
621 228
129 103
857 253
166 129
746 304
294 474
630 1121
136 406
654 285
919 697
210 349
126 733
658 358
1020 1100
424 149
249 127
893 296
302 330
192 496
1101 770
821 322
32 850
541 922
820 760
274 1121
238 907
478 517
325 740
988 106
382 676
354 566
389 1101
1079 241
692 714
744 757
320 346
1038 967
848 416
1043 526
129 970
326 348
486 798
662 764
780 895
518 881
42 842
869 520
715 591
829 872
238 367
363 438
202 370
316 576
144 56
159 488
509 567
144 342
673 569
319 889
904 375
570 698
265 521
375 466
222 415
526 949
110 881
227 736
218 306
647 180
21 758
100 543
301 324
753 448
459 305
1039 428
442 1024
702 556
384 327
523 95
589 627
58 256
195 995
586 686
273 743
951 409
328 828
664 1002
921 635
146 886
361 257
1004 310
43 549
652 560
166 878
957 948
1049 966
561 797
493 988
586 232
116 525
148 713
738 286
690 481
715 930
226 619
68 499
188 472
393 765
874 268
619 834
844 25
977 125
276 814
43 223
597 1035
812 658
231 1100
660 261
586 735
1096 67
512 636
198 654
1101 1112
1001 850
802 479
471 533
1078 567
886 114
737 610
485 597
905 867
1122 728
278 692
183 855
1020 647
411 966
750 157
981 452
246 192
582 16
891 933
617 869
782 565
134 572
681 1
1118 933
653 371
509 858
650 676
654 785
688 469
1098 787
699 557
890 989
878 213
903 27
301 563
29 122
612 605
822 916
389 204
1009 989
180 847
37 807
108 1091
288 981
122 1025
477 783
855 406
445 707
271 930
329 1081
304 761
1114 517
480 566
481 752
931 478
165 698
828 192
109 128
1122 954
374 60
594 162
989 165
98 63
647 625
964 54
435 226
716 811
715 675
1007 615
920 938
972 986
643 196
716 409
232 883
725 305
926 176
940 909
628 926
92 52
570 827
565 960
186 286
713 870
479 519
231 410
748 474
201 19
129 530
788 357
275 476
814 501
909 409
560 575