537 116
784 1027
108 172
893 602
366 934
295 817
946 797
532 905
55 525
874 498
786 1102
372 1041
116 505
379 178
346 301
182 63
445 755
373 126
444 814
894 465
203 289
762 164
1106 173
4 464
814 65
1008 383
752 984
590 369
594 567
191 300
1115 309
40 739
859 358
397 308
238 981
416 413
958 347
674 942
886 903
394 1083
852 207
228 974
440 769
508 480
216 935
188 742
483 728
743 416
540 265
128 934
521 756
45 665
527 572
135 121
549 903
657 291
558 895
288 519
553 816
807 431
532 563
827 320
251 985
565 541
625 624
1022 1007
278 722
1003 914
473 532
273 811
360 802
827 337
199 407
978 337
242 461
337 659
137 450
371 576
171 194
761 931
761 419
559 709
1103 584
940 908
935 405
872 882
582 166
1107 363
544 929
452 377
824 1088
904 382
721 573
299 1113
1018 1019
119 827
906 638
211 309
293 531
814 83
1022 259
564 972
456 302
285 362
394 357
957 956
102 1010
115 848
865 907
909 574
134 1005
358 395
733 356
594 795
169 555
59 100
275 497
478 1089
245 752
201 1014
836 393
348 300
479 533
885 481
200 404
480 780
406 767
1056 828
740 784
340 927
346 797
1049 287
1016 808
972 968
214 236
443 389
415 312
739 721
844 219
328 762
397 809
924 96
500 921
816 214
944 331
322 22
663 1105
27 46
767 1021
807 692
440 242
671 450
474 567
569 876
923 141
835 656
915 888
648 1016
583 35
883 864
915 648
442 288
711 491
381 670
690 377
728 1053
722 584
145 373
644 654
766 1034
1005 51
798 630
851 332
286 743
780 774
815 453
294 566
550 347
893 572
395 994
620 660
869 75
766 849
773 115
547 233
346 878
1005 585
305 681
126 810
789 660
416 681
633 232
1010 487
660 761
822 264
521 128
566 536
1112 316
1021 616
991 1000
574 108
997 490
418 164
1076 708
244 883
693 488
822 818
225 694
269 421
134 1002
297 438
715 522
791 603
535 381
728 783
588 631
1118 800
7 381
723 703
895 550
868 753
455 32
162 464
412 275
852 1098
867 885
688 371
653 558
506 100
716 309
316 717
1002 476
522 654
312 878
589 366
714 119
686 113
353 206
245 549
752 201
761 570
450 10
988 600
539 14
451 45
990 841
576 196
930 270
749 285
377 944
209 1017
109 350
132 244
220 474
685 374
806 289
503 866
277 175
574 546
189 231
1042 357
821 265
221 1085
297 693
42 182
400 160
909 678
288 269
829 324
1008 429
626 147
603 418
982 246
507 712
981 868
984 716
878 500
152 702
374 101
345 522
396 992
686 426
744 214
1000 379
30 790
870 591
225 736
590 147
587 623
436 782
352 149
410 491
1023 540
17 128
313 113
796 1025
155 739
492 1014
677 291
171 887
883 156
20 519
1005 840
998 124
163 933
144 150
341 25
1004 743
408 179
967 333
705 892
161 247
316 198
176 172
1043 247
811 1024
1112 244
308 733
1085 910
629 744
115 178
183 16
955 220
811 635
290 1112
738 284
374 470
716 434
477 1045
1012 243
371 441
526 699
246 1016
60 431
636 248
418 923
324 843
329 130
204 732
393 827
856 757
811 379
1101 1023
484 729
802 243
991 501
276 476
934 851
961 625
838 112
484 1047
556 224
670 362
1070 272
1019 673
684 239
153 408
680 658
494 940
311 244
752 715
640 216
921 936
293 849
346 468
681 1106
115 621
401 861
314 1014
142 915
486 995
475 620
364 181
962 137
501 326
548 556
374 357
641 709
169 933
981 143
688 297
541 168
307 199
536 955
266 983
922 513
610 950
609 789
484 910
353 904
814 308
215 843
727 136
585 97
817 92
253 213
792 563
169 1006
723 294
521 674
302 805
160 839
376 175
96 343
853 306
846 950
676 991
408 501
384 988
384 313
921 178
485 25
77 119
183 260
351 1014
440 185
1017 826
617 1020
815 979
127 134
496 827
143 316
349 429
299 420
1105 777
398 148
644 893
980 555
624 663
158 261
711 926
330 521
246 139
214 1113
912 366
850 678
788 691
814 637
859 776
612 256
889 697
795 920
923 825
1044 693
10 347
806 538
181 675
245 283
939 721
869 78
675 703
725 642
444 108
433 459
186 1111
316 688
31 400
655 878
713 525
1004 1108
681 698
407 619
1017 723
574 181
18 420
896 143
111 76
944 985
529 867
386 745
877 118
485 1101
581 314
402 737
119 643
164 460
962 708
441 31
926 951
205 544
1118 749
206 299
1102 553
599 586
988 634
455 510
735 838
520 944
317 285
660 627
998 481
313 937
565 696
5 351
576 720
911 515
414 116
30 362
454 825
230 894
100 920
650 820
7 1039
482 126
324 673
765 875
485 433
469 885
794 634
417 607
1062 358
218 264
596 367
922 812
636 487
777 580
327 165
850 689
408 320
1033 690
171 942
710 536
570 122
221 968
150 502
918 975
793 523
616 981
667 120
441 737
895 819
1061 662
780 209
839 158
554 109
503 131
152 557
533 898
430 430
569 130
966 52
381 834
651 765
155 787
460 856
731 836
867 490
616 674
133 558
529 135
101 510
703 152
749 517
515 104
516 405
566 660
216 655
284 738
390 388
797 874
876 435
944 362
1058 370
536 1042
862 633
24 103
742 603
100 410
217 799
1017 958
139 270
298 628
326 462
1085 214
784 175
813 386
774 915
328 692
1025 309
635 140
260 595
452 659
763 493
816 738
1026 1121
694 608
166 1013
463 435
1017 382
22 837
263 5
519 514
1056 1011
971 1040
167 155
731 441
900 933
285 852
427 654
874 278
495 181
545 1089
318 702
891 1016
909 483
1057 653
498 968
498 979
404 422
289 698
180 581
638 321
963 1111
491 1091
1023 544
346 47
1065 65
92 641
762 281
488 547
623 963
117 460
347 324
312 957
245 182
114 327
407 903
174 203
512 591
1014 1047
888 1004
328 1028
1079 464
398 587
133 795
877 526
706 14
889 1022
1001 637
108 1032
723 908
239 357
251 675
694 513
609 887
903 883
945 754
704 943
930 808
334 580
584 513
193 1016
953 141
439 248
834 772
754 317
287 1009
998 73
155 679
181 962
208 509
132 899
799 258
674 981
1010 722
110 506
295 807
1002 905
919 198
1110 479
8 757
502 1120
962 89
32 398
716 848
793 1036
629 411
854 966
593 354
982 674
686 533
949 689
201 279
207 177
227 347
654 200
1064 770
373 95
697 1072
102 770
1062 1035
297 1074
885 282
38 9
591 706
652 523
0 759
579 402
219 632
304 487
550 788
183 762
837 690
949 29
645 858
950 295
927 1088
169 163
221 527
538 116
826 662
108 585
395 133
784 200
452 881
949 957
750 1000
1017 744
1101 709
767 900
707 580
394 690
118 307
777 447
688 956
508 682
519 327
342 754
189 99
580 533
807 652
174 879
982 487
1052 1007
554 493
411 635
1098 194
961 446
893 757
749 260
281 1031
659 636
183 828
51 369
701 316
504 705
369 378
1103 995
774 249
856 812
389 971
574 1004
212 366
290 556
603 617
961 447
576 218
678 51
729 528
853 654
590 692
914 473
137 132
117 1116
372 702
646 680
26 266
822 701
868 253
959 838
477 760
358 842
267 260
511 718
584 38
182 894
448 503
779 228
631 583
542 476
127 504
44 106
848 1102
1069 728
469 236
135 203
106 174
130 361
313 765
101 599
179 196
876 237
52 459
140 264
322 331
583 579
690 948
371 1030
562 805
493 1058
942 543
1050 331
199 261
522 451
850 399
416 404
764 558
757 511
914 632
931 878
754 67
773 130
1113 763
740 951
965 279
60 391
710 1024
504 14
141 311
1015 774
989 911
376 534
668 752
988 782
263 773
250 160
401 960
806 271
682 102
741 392
370 771
909 1003
954 629
233 116
435 90
607 966
877 927
437 1023
41 359
616 562
1081 510
247 418
804 129
659 890
902 189
912 596
802 219
124 216
907 409
349 366
631 169
1084 192
597 934
831 253
211 647
739 531
17 679
324 1117
760 495
397 877
963 182
604 68
1094 551
596 855
968 321
292 565
170 766
608 380
382 396
702 910
505 318
656 714
820 776
847 506
845 517
699 965
974 858
640 384
616 100
603 815
932 599
870 863
615 992
913 749
205 825
667 954
920 738
159 892
905 492
938 446
497 791
896 605
560 395
982 315
953 328
132 551
25 450
780 973
949 993
790 879
483 662
60 632
1118 986
372 179
253 793
724 503
939 1057
266 372
746 334
741 635
919 622
491 168
956 828
276 795
157 933
283 452
1094 394
810 1051
811 385
343 424
183 375
261 941
643 632
852 178
369 101
165 651
576 139
592 536
1050 825
231 9
294 983
571 916
211 510
814 443
944 698
1044 113
604 1006
613 670
128 258
370 519
172 879
1070 881
281 570
668 740
936 293
30 142
345 248
784 142
829 223
14 928
973 127
871 999
118 359
972 447
429 850
1076 577
440 1053
456 149
879 844
1105 1007
495 149
223 899
318 909
405 748
653 106
148 968
1073 293
549 256
1034 201
874 492
523 806
910 236
701 253
987 735
6 841
636 962
744 402
844 843
938 143
726 444
202 811
934 704
445 219
272 889
39 286
31 374
1003 229
200 1100
852 849
735 1113
508 116
121 615
198 517
332 813
1083 470
215 705
539 780
750 175
544 597
113 229