946 176
971 129
571 958
443 591
943 821
580 809
834 233
505 374
1098 1038
276 1037
910 763
967 622
1069 1091
804 645
702 261
791 50
1002 242
1121 330
532 241
907 1018
816 399
924 197
636 505
260 741
317 92
555 448
1005 814
597 265
773 119
182 705
801 85
1115 374
699 393
810 561
236 633
876 193
342 920
762 618
734 1117
537 359
1037 437
1113 545
195 794
486 629
391 485
513 153
806 487
1034 609
698 861
751 651
464 462
745 425
885 383
1092 1086
514 126
536 536
803 575
102 192
632 423
288 757
778 168
1021 127
618 624
632 1023
582 968
638 646
86 1095
902 638
628 599
163 618
655 706
877 446
354 1060
146 224
433 701
1006 791
437 350
450 443
1014 14
691 278
528 112
881 22
374 623
471 829
186 734
512 732
289 915
609 127
922 136
405 1038
534 409
248 1053
381 1008
920 225
219 1004
48 110
513 347
438 535
375 469
1108 199
486 27
705 911
289 856
826 741
268 22
719 330
914 847
718 404
580 68
887 344
516 114
139 141
740 646
879 152
817 158
661 1034
745 961
528 275
73 634
349 921
3 662
752 477
654 581
344 553
657 845
807 359
737 9
17 63
912 724
346 474
859 502
1042 194
1122 533
852 910
750 352
955 866
452 654
1040 983
686 847
278 868
1074 129
672 409
507 1045
152 999
909 945
73 228
1010 502
319 828
578 425
277 810
255 114
1018 871
124 840
919 150
539 948
176 286
991 742
282 435
644 164
269 499
628 770
611 551
777 854
4 289
553 325
986 13
285 1049
247 1072
336 140
709 908
733 957
299 289
373 344
750 169
901 892
557 166
920 818
584 1109
583 440
641 593
156 576
653 608
899 188
459 503
457 576
491 278
59 711
957 888
333 159
946 344
316 772
575 714
648 662
744 1022
715 713
547 459
451 417
661 586
993 707
1009 467
879 655
503 741
929 859
319 871
339 518
303 477
548 420
906 263
759 1096
619 106
404 803
560 217
372 603
666 1013
1040 662
500 411
969 669
947 513
374 874
1002 525
41 731
446 1090
156 453
804 5
204 303
137 582
545 252
498 89
148 435
452 354
211 158
1054 1016
1120 407
541 875
701 828
160 785
1034 906
230 1079
940 462
752 107
582 563
170 329
168 375
175 979
460 891
123 297
817 322
210 914
699 928
111 784
643 303
887 389
972 293
542 464
421 970
410 290
55 1085
670 652
386 1021
365 26
441 930
487 1054
473 234
256 785
1123 228
712 211
305 972
618 727
406 1002
512 714
945 828
669 754
646 675
1061 1010
564 1013
62 306
676 16
785 829
102 562
556 285
513 233
791 451
1066 569
568 232
195 700
467 654
695 462
655 164
831 768
167 1014
247 199
412 525
179 686
639 1114
935 744
994 556
698 951
246 744
185 74
1023 385
776 648
271 87
629 488
1023 348
665 394
533 1005
802 384
798 316
314 355
858 880
349 257
158 489
855 1078
460 480
230 7
262 151
654 736
379 879
498 498
662 839
750 583
533 119
0 479
572 101
621 536
843 441
99 298
1016 1067
671 13
17 801
696 439
661 1021
974 939
401 478
545 85
190 300
513 356
505 50
506 336
746 297
209 691
696 770
233 608
616 922
608 488
581 104
54 387
500 944
633 265
264 662
75 405
156 975
589 166
999 925
65 828
396 160
241 286
11 883
78 247
134 734
987 235
1016 1025
331 531
107 596
111 571
552 1034
865 897
472 285
232 821
513 449
948 778
974 593
616 833
618 820
649 401
459 158
249 799
410 788
542 441
110 557
389 199
698 1122
589 415
819 762
605 521
950 204
361 1058
272 501
949 732
831 620
935 92
973 899
615 462
339 712
792 477
961 455
995 208
980 453
1056 372
295 593
468 889
813 628
217 492
542 853
1108 965
273 1024
177 467
553 565
102 381
1076 868
796 285
668 398
127 796
991 604
994 1093
841 520
594 1057
288 211
951 977
316 942
205 772
104 320
584 607
1036 141
325 821
747 308
506 533
355 779
184 186
883 420
499 738
1022 521
959 868
246 972
96 312
191 332
425 787
555 629
1121 116
444 561
581 479
577 321
881 965
1023 898
191 501
393 454
342 210
125 569
422 558
767 242
875 324
225 843
880 699
388 284
420 1024
899 921
756 545
375 586
368 914
1006 254
552 978
135 254
280 151
157 995
816 1013
99 877
224 72
587 309
723 210
986 4
678 651
4 879
121 422
835 992
1118 817
1006 263
109 924
439 991
744 890
152 463
718 192
522 615
728 139
818 411
989 1015
405 814
199 888
943 424
886 148
7 263
608 979
325 834
113 343
575 209
465 650
753 417
657 394
628 262
805 742
1008 898
893 731
126 429
312 526
71 751
957 1043
370 745
797 715
317 858
738 839
57 540
217 998
475 774
331 809
265 615
6 1045
303 925
542 55
539 969
89 315
534 667
589 779
403 684
100 386
616 929
981 138
284 734
776 444
928 196
21 309
609 471
995 530
478 435
81 724
245 251
480 597
355 36
273 100
1004 860
756 916
664 959
683 264
528 287
478 307
571 545
631 869
165 907
365 357
992 515
789 301
404 959
307 451
630 961
1010 774
92 120
670 971
436 979
147 169
540 912
340 178
216 777
1019 565
371 798
693 478
867 727
550 152
993 104
1097 225
507 651
825 475
939 1011
802 556
936 823
494 479
986 123
724 453
219 863
852 648
180 454
1036 130
258 589
609 986
578 115
456 655
658 331
108 136
673 939
365 492
791 361
747 287
273 231
1010 362
217 529
465 441
913 816
795 184
689 1005
889 722
129 761
588 970
455 39
276 952
430 658
488 115
215 956
235 369
281 145
342 882
844 1025
518 479
752 600
704 489
600 496
119 370
356 807
319 249
543 343
826 527
874 136
182 807
559 484
798 176
266 653
1060 869
481 796
1005 995
595 19
762 928
179 871
866 585
949 293
88 1042
300 901
834 280
317 725
962 882
103 467
995 931
684 609
329 739
892 7
523 172
409 399
1113 216
218 529
407 281
58 282
1008 213
491 343
790 156
671 839
275 699
636 871
362 791
632 598
363 284
966 874
1095 435
497 468
479 205
233 709
927 439
957 816
876 286
617 421
257 416
952 741
690 619
152 636
789 601
404 203
209 1077
73 110
705 1119
749 336
281 145
140 267
514 580
517 909
361 463
168 857
456 557
217 559
679 1001
148 216
529 876
265 795
324 90
991 859
104 136
652 485
444 445
780 221
945 169
730 602
347 124
602 170
819 1068
832 758
55 157
936 114
705 668
112 697
876 204
958 762
249 791
302 667
320 84
747 105
502 628
964 958
208 480
294 1087
714 900
910 895
433 495
685 722
339 238
399 473
455 342
428 721
1095 242
411 65
443 417
1051 594
707 159
555 995
209 541
967 530
628 1054
820 597
468 328
493 891
807 941
560 706
443 382
28 105
353 771
867 88
250 228
510 339
959 498
631 751
614 399
19 393
797 224
257 119
625 356
774 570
878 733
1049 316
604 84
342 520
1019 562
758 660
356 677
834 512
959 395
112 390
720 157
945 829
492 915
948 821
327 162
830 1023
136 706
868 463
83 919
789 442
925 869
1020 542
191 244
257 33
840 29
990 607
618 943
317 613
580 641
879 920
295 541
991 115
164 121
744 814
134 144
327 292
770 902
221 689
802 438
469 1042
741 110
297 787
867 251
719 1020
756 207
249 767
594 778
156 830
803 1005
876 896
1054 431
143 239
1052 892
66 444
152 1111
565 200
402 765
442 847
950 238
419 86
959 423
865 222
113 411
260 8
308 259
810 239
963 339
149 420
762 1072
185 499
294 982
212 521
117 796
183 565
522 273
773 1020
367 304
1025 401
626 534
257 400
658 1070
841 342
893 487
281 1095
495 24
627 229
5 1023
924 467
890 915
969 152
406 68
829 585
713 595
64 456
916 902
990 495
548 483
593 212
873 468
536 293
916 879
57 236
945 1082
648 370
176 576
857 763
308 388
659 225
411 727
638 41
294 434
223 750
263 298
682 998
496 897
932 259
882 970
209 305
170 362
432 362
162 430
461 683
677 293
395 319
166 260
491 735
365 224
504 68
355 327
476 223
120 343
674 491
272 306
1117 137
769 98
1036 845
981 162
47 1121
440 854
213 42
954 98
983 940
626 891
837 886
209 957
271 1073
907 793
586 291
421 400
1044 34
566 873
368 740
522 678
582 920
802 414
538 393
216 250
3 984
572 894
326 874
385 344
459 398
176 1047
225 306
381 28
861 368
998 509
928 909
379 384
985 234
1086 492
184 949
489 435
37 851
854 115
824 867
367 230
873 788
335 118
525 805
959 444
970 976
634 167
745 529
454 444
178 773
845 802
989 342
731 373
286 251
228 225
237 1123
896 366
943 97
721 669
1020 1118
446 299
898 162
323 477
901 887
884 28
824 526
344 211
107 276
237 809
951 706
653 58
438 51
851 659
310 893
679 244
272 1033
311 335
621 162
256 505
653 1009
855 558
787 203
871 874
596 422
941 438
182 840
159 690
380 521
212 346
855 686
986 483
223 238
339 558
435 760
38 358
414 1101
322 942
171 914
135 844
831 390
674 997
909 980
476 356
1021 534
165 581
584 650
787 181
228 722
131 997
260 24
208 910
350 564
552 421
616 566
916 227
647 217