676 688
164 914
459 453
778 555
814 845
361 25
342 905
275 504
121 301
555 227
813 848
372 898
199 920
707 417
268 543
158 392
929 494
94 361
167 823
651 1085
503 519
542 326
158 564
683 436
1090 531
959 401
50 380
556 897
1060 400
899 679
270 98
862 338
574 950
687 440
536 397
260 791
420 526
524 805
414 44
1069 374
464 742
830 261
771 235
732 800
952 159
688 419
787 238
820 104
669 976
95 218
100 547
957 920
978 1065
602 1020
915 688
1005 875
163 143
593 499
913 447
1008 556
546 1030
819 118
885 261
280 549
361 898
566 837
760 664
1022 359
879 677
578 1002
762 141
1039 601
280 197
350 222
507 303
1035 681
339 419
434 782
412 130
126 1069
392 213
676 83
570 1108
506 982
769 773
539 876
314 42
203 775
600 545
271 480
919 212
735 867
500 1025
87 580
932 454
783 1019
103 851
1089 377
595 616
567 667
275 169
781 213
872 1008
761 863
679 970
714 430
926 311
1008 534
238 1053
744 20
698 602
453 598
327 801
117 182
742 317
705 423
773 888
225 459
555 581
582 519
62 696
569 599
468 617
644 100
188 729
303 337
833 332
53 180
309 106
960 850
97 827
574 729
722 1027
461 612
362 656
812 423
115 979
451 181
852 690
520 1013
391 540
755 435
870 1117
740 752
824 947
818 90
811 1056
127 523
911 56
682 90
847 223
321 872
357 1028
16 959
660 332
344 408
473 181
1020 733
652 899
604 161
729 517
52 340
616 339
364 123
869 505
512 194
811 245
743 914
6 609
135 97
159 461
524 384
1079 472
18 247
551 279
383 111
923 585
356 395
643 967
497 443
967 526
456 419
1031 351
588 685
527 326
210 49
524 568
97 817
201 968
700 1065
453 939
819 257
717 870
435 129
388 579
947 440
472 965
968 303
512 1052
106 770
343 789
344 599
739 475
161 253
826 664
132 155
623 48
426 257
689 99
306 894
370 284
664 638
517 928
458 400
221 1019
907 1110
635 779
1017 173
811 1011
534 1108
240 888
625 665
301 260
651 789
530 972
223 976
1110 333
942 976
812 1022
1060 961
744 835
502 1075
1006 670
629 919
798 1069
674 734
552 904
428 866
320 679
978 1015
184 452
220 638
1079 555
119 339
408 199
160 364
530 511
127 418
408 168
29 603
129 498
887 579
875 990
731 483
259 718
18 397
365 438
664 712
798 795
221 205
397 484
629 717
355 428
310 106
758 974
391 1019
252 580
635 164
235 386
103 580
677 482
721 1118
498 874
891 959
786 104
523 949
101 645
379 632
602 0
15 594
922 329
804 659
492 954
396 573
955 456
952 172
545 221
410 341
152 679
380 619
634 216
473 915
847 417
329 851
243 662
550 481
96 817
660 260
338 653
349 347
195 371
87 325
542 865
333 426
671 373
197 398
580 489
382 960
684 199
473 498
661 768
327 1059
1019 623
536 994
747 838
982 27
714 528
714 53
979 522
211 756
342 92
109 1074
401 622
468 957
370 953
402 126
213 196
54 990
954 698
534 598
46 283
407 517
26 865
155 421
288 319
766 777
765 581
388 797
524 227
274 816
173 270
956 401
90 935
615 985
560 171
368 828
1077 801
840 339
410 347
720 445
692 360
967 788
868 152
210 160
410 881
784 450
744 400
495 972
587 305
374 510
858 536
740 672
771 878
701 275
519 710
915 1056
170 123
866 716
846 698
311 791
682 161
986 795
681 1012
499 310
328 972
432 1074
442 492
196 953
403 1098
878 776
703 694
842 644
771 869
884 808
1094 791
556 246
733 549
972 684
633 834
401 405
214 479
855 864
312 285
831 802
1004 462
463 141
1097 430
383 899
712 123
871 721
1011 374
983 635
1118 1091
47 193
223 789
655 371
605 111
533 622
481 945
949 270
534 690
968 623
813 125
697 805
256 1062
1117 318
892 926
977 627
309 710
725 744
100 1076
694 557
328 526
488 101
733 293
397 282
617 664
890 1002
1012 411
480 380
762 703
672 1048
199 566
899 481
167 809
783 355
1001 204
975 310
61 250
954 973
943 974
793 122
513 813
591 545
368 978
92 720
236 298
634 568
258 1064
867 916
259 598
198 886
233 937
928 192
163 254
685 239
1010 707
920 458
478 752
492 698
884 1023
213 282
175 687
141 917
622 1116
754 147
264 723
952 745
787 848
1011 925
463 416
763 145
924 573
626 830
383 1005
1026 862
745 275
627 213
774 462
331 741
473 567
761 479
647 810
387 360
67 804
798 1014
105 496
379 314
233 742
1047 625
844 396
631 508
138 472
702 1110
248 867
119 707
106 806
807 874
641 684
877 1
862 1003
315 553
758 941
217 246
348 659
424 665
182 625
685 1102
128 867
382 793
307 226
861 134
198 909
907 273
513 706
704 886
636 884
449 444
256 1056
145 362
515 959
651 80
717 1004
331 931
500 701
635 695
975 603
861 423
1014 470
719 997
908 894
814 980
151 961
487 889
816 440
311 831
351 463
409 152
19 67
768 891
717 286
254 732
708 789
675 1114
899 743
418 238
527 541
1097 735
150 411
887 423
812 727
559 766
895 204
250 632
661 640
722 1013
457 408
589 685
186 817
375 332
531 939
364 750
560 1022
676 697
1046 45
56 803
349 194
177 427
694 1040
239 929
982 798
1032 219
185 528
177 351
526 863
669 929
785 264
165 812
984 936
955 227
319 581
498 502
1110 332
385 915
747 528
710 965
1010 115
490 42
1096 112
147 1095
552 665
745 773
933 997
461 951
876 962
334 259
3 615
621 274
788 400
531 379
299 133
169 769
63 200
960 364
219 671
89 700
571 308
595 924
370 684
116 407
147 545
517 459
583 1118
257 703
190 127
515 1036
157 1112
183 438
198 1012
822 83
667 645
269 640
554 863
500 256
486 453
242 654
890 75
560 456
951 183
710 730
1086 418
926 1006
372 624
215 748
399 240
104 123
27 484
630 930
930 462
710 393
552 663
175 551
136 243
515 445
176 634
564 514
165 634
186 456
654 293
51 644
673 516
458 742
580 145
187 665
64 233
215 991
251 138
355 166
672 385
858 584
857 907
116 616
251 1104
581 580
256 223
434 1019
407 616
1088 1123
786 685
646 482
875 683
109 987
685 901
1007 603
752 862
822 923
231 492
652 191
416 1008
293 520
580 872
892 631
372 600
787 236
684 545
190 465
280 183
466 146
642 723
385 553
285 102
1085 941
1089 99
533 154
407 228
288 445
480 53
376 942
993 557
77 72
166 635
715 994
968 167
712 1086
967 571
819 313
816 163
692 845
196 949
216 1056
1005 430
768 940
953 415
232 782
617 623
747 342
489 181
117 45
651 740
385 937
94 482
275 178
1074 656
232 547
151 794
155 752
327 916
943 922
734 368
619 236
355 689
642 736
881 510
900 737
1108 981
932 902
946 884
35 446
584 854
627 464
1014 1026
808 422
974 937
784 882
259 206
202 450
265 315
917 1003
379 63
224 36
517 111
784 113
842 919
921 387
281 381
159 21
398 589
662 640
544 1032
91 219
770 432
851 179
204 4
943 579
90 351
305 314
334 883
435 818
175 307
927 299
628 184
510 440
1089 509
748 934
195 739
360 603
416 367
671 922
445 586
626 612
312 448
736 693
526 753
980 750
360 817
740 959
154 334
1122 666
1061 735
868 1098
918 961
1059 510
471 933
798 108
603 288
137 945
1018 990
467 220
604 707
119 1071
508 120
71 190
726 989
946 131
865 1019
213 885
417 481
1096 296
572 951
625 490
5 195
315 976
200 268
531 495
416 606
844 669
534 401
650 763
366 1123
986 130
362 364
1031 622
949 504
1055 1027
302 543
726 930
592 326
526 106
494 1042
937 500
397 945
631 769
541 962
252 892
973 1095
434 801
296 1017
178 830
871 672
496 184
684 165
926 222
567 768
241 807
559 455
891 579
965 656
577 816
59 501
205 645
90 241
646 847
949 217
158 332
350 941
1027 1006
181 431
754 74
1022 1081
1096 1109
683 818
499 688
55 867
180 85
1041 785
805 348
318 970
254 923
578 635
515 385
663 164
160 428
624 663
241 668
332 715
859 425
1002 518
983 177
1023 659
205 278
270 478
469 562
606 580
574 837
47 201
345 485
122 969
528 122
610 1092
778 764
447 940
370 190
628 1121
1009 683
644 858
1061 300
1047 996
579 296
963 529
946 815
561 258
1000 425
816 870
261 322
115 927
463 145
89 448
469 150
378 707
264 196
1083 423
1110 352
727 396
592 901
886 890
1026 671
969 775
121 790
159 483
132 107
192 398
703 645
789 109
721 729
390 788
868 970
972 603
73 231
625 446
100 406
895 582
50 150
896 222
866 629
561 425
582 123
572 764
1106 209
1118 450
672 303
393 132
172 1019
780 767
787 476
206 514
1064 100
803 383
463 733
989 723
1084 130
237 287
418 125
206 861
496 920
803 893
603 935
1059 204
586 196
565 1057
559 262
796 414
770 174
974 853
179 170
815 488
208 358
710 685
847 920
885 221
816 1077
631 548
1019 954
835 187
5 391
1002 515
1064 827
922 123
412 360
744 743
1043 46
171 875
740 669
612 473
627 628
688 323
573 463
746 331
274 305
650 570
421 189
793 556
328 423
790 385
92 877
920 125
128 264
563 863
1090 592
409 435
609 25