332 770
753 546
977 366
319 315
478 389
619 242
728 29
44 225
54 102
359 571
1022 79
788 907
35 386
271 171
621 149
874 527
644 819
657 758
399 958
302 322
29 302
1020 837
584 802
1101 548
1013 309
743 700
166 281
580 476
996 486
171 514
464 550
333 645
688 618
988 937
816 1122
308 603
429 582
147 325
416 928
495 570
661 782
63 1005
543 519
427 1049
510 580
495 181
212 838
449 102
481 623
329 865
954 996
882 128
1097 509
151 821
959 117
864 462
341 120
669 788
187 513
658 335
152 182
468 417
644 51
756 1079
360 552
578 327
677 854
852 889
975 524
1008 674
123 276
231 1015
389 890
402 963
665 260
578 1090
813 517
147 739
485 565
461 673
736 414
606 131
1017 254
35 283
243 322
454 585
323 346
715 140
358 478
455 184
101 866
513 766
851 357
754 645
1120 1115
207 332
464 570
965 60
959 151
293 840
956 801
321 601
825 166
146 901
328 877
874 320
1063 537
793 847
311 1098
459 780
264 556
520 479
1103 371
1007 239
461 1116
420 495
307 1022
713 371
336 131
235 925
106 428
205 478
676 125
252 703
865 656
821 578
464 1002
979 1027
570 50
581 457
704 295
674 714
381 442
902 362
561 720
634 504
541 868
695 420
427 500
624 102
532 659
39 964
448 225
120 641
402 750
1013 127
522 895
785 296
455 964
128 577
375 778
391 66
962 894
712 494
894 710
831 484
68 465
219 441
991 277
575 799
469 991
936 813
341 1014
216 649
383 880
576 1055
651 408
926 207
834 225
831 429
870 913
531 737
216 51
168 587
822 535
156 101
312 669
494 135
938 816
23 267
709 385
1004 814
166 738
315 1064
298 212
518 489
875 734
1083 493
711 1064
502 491
258 1027
595 158
836 129
240 1051
162 472
826 122
11 43
622 1017
889 849
626 936
827 802
188 608
437 350
875 64
753 511
461 993
448 395
28 557
896 626
164 307
67 111
740 211
110 564
108 831
990 409
235 836
419 465
993 520
493 857
1023 265
261 315
341 193
727 595
539 383
519 345
116 558
661 890
711 414
353 308
528 45
406 827
258 309
263 744
261 190
92 110
515 744
989 826
662 455
306 196
1017 504
284 540
630 169
929 973
102 980
491 620
832 746
426 276
748 34
850 211
664 970
775 804
1019 160
610 996
1016 135
502 999
512 772
168 422
92 741
705 1002
778 806
759 962
166 928
289 451
1103 579
295 309
707 252
1115 301
463 757
426 801
339 167
652 320
117 263
297 365
237 1001
888 825
29 179
703 935
265 816
260 723
140 915
145 857
148 632
312 924
575 498
430 291
879 112
190 535
769 235
286 168
425 600
879 291
124 658
737 341
1072 749
192 784
652 359
791 518
372 357
204 986
1012 486
343 735
389 1067
209 252
418 153
152 497
263 590
355 948
475 643
592 914
325 799
626 112
1021 1095
608 710
516 748
190 451
656 1111
1088 861
907 148
356 46
322 183
790 784
625 753
679 170
547 560
598 118
495 324
936 1102
517 157
922 222
818 53
790 374
972 681
146 1015
411 959
616 888
260 494
937 940
382 874
724 142
590 831
696 769
1046 355
355 748
143 816
260 598
783 971
475 815
493 713
1063 685
651 498
40 322
595 229
720 125
286 557
481 753
630 858
405 284
1058 976
727 464
954 871
877 954
612 684
790 1110
217 574
558 871
933 161
106 1013
621 582
810 26
113 125
1036 539
245 39
884 885
475 332
744 927
624 458
154 301
504 205
1040 350
254 205
225 523
1119 500
330 505
37 695
991 607
312 871
212 518
697 1077
680 927
714 741
65 926
676 451
342 26
658 846
622 506
306 824
809 643
499 1043
829 436
1055 2
434 943
473 711
330 392
484 633
602 984
533 89
641 944
754 25
354 1000
252 856
346 625
431 867
802 182
568 294
149 400
583 1005
925 197
181 453
1005 740
808 846
113 294
741 431
270 707
390 308
783 385
949 531
313 908
76 790
889 140
438 425
507 817
1113 256
567 873
308 438
28 386
392 887
277 5
290 251
290 786
680 410
638 363
605 169
249 851
405 349
529 494
869 124
884 550
169 902
780 130
687 826
1086 203
1100 1025
473 829
1013 643
622 262
672 167
90 749
604 1088
987 760
1074 637
670 748
1117 933
779 115
583 131
657 1064
52 238
486 38
700 102
208 170
804 833
722 262
274 80
555 241
1114 514
815 995
243 60
1031 244
118 535
369 611
219 640
737 403
141 851
164 764
420 112
641 728
633 945
995 890
1075 284
376 477
191 530
854 466
460 593
808 976
248 537
431 181
358 711
576 701
984 286
119 180
548 955
651 708
443 550
975 202
605 200
970 1019
307 162
1017 290
1029 580
554 262
939 598
643 542
206 863
743 650
847 106
495 182
228 505
873 336
177 569
762 351
125 743
680 788
286 397
998 496
230 760
449 185
775 776
360 825
804 240
94 981
497 281
13 975
724 755
324 746
805 48
91 417
732 467
377 1069
808 230
1118 112
439 217
878 358
836 709
828 599
1041 930
558 103
646 626
1121 574
216 998
678 716
222 778
677 502
448 52
552 1104
442 48
265 210
308 369
832 736
555 882
434 769
915 412
493 613
982 356
235 138
568 741
532 959
772 724
182 213
371 1057
478 611
122 148
982 748
670 513
210 733
386 162
980 1109
904 72
248 471
432 247
1081 1034
257 951
876 383
319 593
612 555
951 515
575 336
210 1021
5 35
975 151
589 99
786 127
167 135
547 940
258 232
942 1018
832 595
1069 315
824 1048
663 471
792 897
702 850
724 30
192 173
483 406
508 355
907 14
532 676
138 407
691 591
498 351
1015 161
440 800
850 571
509 206
1044 353
492 292
875 694
293 342
110 1003
695 397
682 518
449 60
1023 220
645 527
226 990
661 17
1028 474
937 554
86 444
1094 373
958 245
1039 919
518 727
346 286
330 234
458 143
272 728
317 223
746 428
745 692
367 571
531 1003
827 738
284 702
155 113
664 212
861 614
572 98
475 974
988 737
886 711
193 80
5 419
136 876
815 456
224 728
470 595
1021 336
717 735
537 480
1004 424
382 194
185 507
404 166
550 193
470 4
793 715
836 567
963 946
554 747
133 588
849 1017
171 778
227 763
354 249
21 551
400 779
382 607
922 783
800 62
59 567
618 882
970 967
992 941
429 776
170 54
499 131
1018 546
126 619
185 692
907 1114
541 970
1005 377
650 474
969 663
302 914
350 876
98 15
1115 534
597 536
426 646
657 1046
483 882
940 955
247 830
54 241
878 438
665 851
246 240
750 582
460 221
25 440
347 629
327 199
403 558
914 1015
264 467
929 768
348 354
1020 938
918 776
741 285
1004 634
524 787
327 700
365 1121
269 216
79 784
146 986
673 127
1082 972
509 1063
266 150
973 454
390 945
401 735
375 1106
954 718
950 508
542 205
268 185
562 971
242 773
1011 9
491 310
503 163
80 57
959 390
420 897
759 1102
105 103
360 314
227 102
897 523
411 439
732 1002
909 810
164 563
293 439
191 606
534 573
111 149
782 422
189 379
1054 906
936 642
110 1013
671 1025
1056 524
273 190
98 474
686 977
718 949
620 557
461 647
1122 632
696 1001
185 131
154 1006
257 473
885 568
104 1098
363 165
61 644
995 970
1010 30
109 1048
279 848
483 138
262 245
593 443
567 396
23 274
820 912
205 1031
658 712
979 871
958 323
793 211
330 744
637 1063
957 276
955 655
850 675
72 739
900 172
667 594
639 409
193 976
459 487
599 590
888 752
925 596
51 562
1008 477
378 343
916 80
964 135
436 1009
948 596
650 648
721 130
466 1108
649 381
916 202
552 849
921 12
762 846
615 680
1012 667
441 491
468 275
502 1063
967 863
247 347
860 885
1007 15
787 560
414 659
651 171
1022 555
433 722
265 722
870 821
686 340
664 328
570 271
865 868
869 760
747 645
774 641
841 1100
960 1016
113 126
999 145
1118 768
674 743
401 278
553 863
637 589
48 718
383 904
973 946
124 856
907 906
421 736
680 894
780 1049
326 1004
768 771
277 156
197 750
1007 56
106 194
391 762
266 617
407 167
984 98
504 443
346 120
275 388
515 937
678 264
215 137
967 403
935 710
976 1011
141 339
399 181
523 608
661 51
466 529
261 646
1027 753
485 307
387 774
341 655
215 711
454 569
593 61
585 892
173 346
832 668
365 464
801 825
375 759
881 1040
834 395
564 331
119 1020
75 737
231 75
777 1107
316 466
721 198
121 238
955 154
817 131
973 878
958 492
945 568
149 465
1093 980
449 130
891 720
962 112
1009 345
295 689
723 1017
936 434
143 510
462 948
516 880
282 206
608 1087
195 521
903 109
850 178
168 842
629 498
5 221
107 537
289 385
819 988
903 135
216 639
457 297
1121 280
326 274
294 766
287 1028
201 367
747 126
1012 838
362 630
197 813
464 639
85 124
930 493
884 126
865 966
1101 289
325 628
433 880
492 175
988 839
500 162
775 525
161 276
1026 305
715 552
699 1073
547 1016
820 59
700 475
659 818
205 605
612 867
460 470
207 80
666 1000
453 374
1029 516
349 439
217 215
260 63
387 259
605 338
306 873
777 597
823 679
341 940
495 756
582 936
495 629
844 884
768 979
114 885
124 552
352 213
316 701