617 475
597 698
110 76
542 835
480 720
695 425
528 291
463 42
695 488
701 106
174 281
929 684
819 158
410 542
1039 313
36 538
507 1085
171 757
445 194
594 34
566 448
559 443
226 947
891 872
281 242
350 271
213 841
1033 630
152 122
975 334
396 365
828 168
746 105
911 292
325 70
895 256
440 170
289 722
640 715
997 688
489 698
121 19
826 278
909 203
523 948
368 818
249 515
326 531
415 326
107 302
999 65
748 389
276 800
548 57
905 945
717 488
993 39
727 569
558 403
373 937
179 864
742 842
181 1112
226 259
766 445
574 57
333 538
481 271
100 736
384 267
4 53
1071 1018
985 562
601 884
858 34
265 1123
184 832
90 412
240 428
248 113
980 181
920 879
293 494
422 121
427 589
621 881
334 854
595 973
365 833
181 160
923 44
401 705
803 329
1010 123
549 884
957 451
739 278
169 1014
976 860
899 395
118 364
227 445
154 159
898 999
413 686
341 1055
754 280
597 607
229 522
376 46
1078 652
167 145
1019 456
593 665
247 235
192 722
355 648
1018 1123
699 982
398 1107
936 111
144 1068
157 590
669 753
670 873
179 309
208 514
335 900
285 499
273 988
871 482
677 273
663 334
394 788
90 1096
136 951
694 431
245 1007
913 155
469 63
60 848
458 918
778 919
46 883
1074 961
503 262
1123 459
634 231
622 199
604 1017
819 539
1049 701
952 3
518 655
361 1086
729 95
866 704
871 841
580 832
986 121
805 727
436 487
915 1026
1043 644
926 972
438 655
173 949
619 523
702 551
570 821
374 611
833 729
660 781
625 167
1011 358
461 971
317 479
169 255
546 495
705 1014
501 412
657 948
157 931
484 586
284 766
1009 918
585 557
842 615
507 321
528 285
895 195
413 481
1026 960
212 1113
121 250
822 457
563 544
934 389
660 102
555 1058
105 931
499 800
226 1007
922 720
362 597
940 210
611 711
360 357
251 897
455 285
251 727
719 1002
591 319
699 553
145 42
331 1083
48 252
776 552
702 496
483 811
458 274
941 1007
335 722
217 588
433 942
232 114
627 183
909 992
303 737
778 245
185 1043
458 828
1015 931
504 296
581 265
11 768
960 660
987 280
860 761
1080 850
939 106
601 898
744 739
1047 880
368 751
602 142
759 594
847 463
838 895
531 835
746 818
304 1033
951 398
446 258
819 887
201 780
436 481
384 48
1123 482
816 860
313 760
466 264
1011 900
1114 955
422 602
137 596
445 689
197 405
576 201
991 838
111 367
992 513
687 409
263 907
873 562
166 945
894 309
700 300
872 348
391 711
397 617
3 387
317 962
177 331
1114 729
324 403
633 187
185 334
133 409
853 536
743 935
916 563
163 404
895 833
789 57
586 860
440 837
271 1016
713 670
1074 212
299 200
598 15
138 451
672 405
737 811
682 254
387 582
1005 772
468 374
787 548
971 355
359 224
424 583
478 616
200 160
667 113
850 425
254 639
595 925
477 530
554 726
814 810
324 324
195 421
109 1117
192 990
799 297
918 960
954 86
313 576
959 591
816 1016
192 319
642 568
436 681
696 909
1000 100
529 220
51 702
509 869
663 205
334 982
962 786
251 222
791 524
1054 649
104 318
189 74
276 534
428 563
578 323
377 875
418 666
123 861
121 507
923 1019
907 810
773 757
147 478
491 710
514 653
519 421
714 910
98 782
597 811
354 767
870 864
616 839
323 930
1084 827
507 644
1093 344
507 818
941 631
717 925
800 383
100 483
723 732
749 169
711 469
480 864
526 195
121 814
458 342
812 610
452 381
96 160
960 804
196 886
606 134
986 724
903 432
649 312
329 155
873 860
220 656
1086 156
823 934
50 1013
205 451
558 612
435 359
727 761
214 477
408 996
113 339
1035 491
377 1027
920 34
379 953
153 996
137 669
502 942
357 977
504 950
727 549
778 943
2 450
578 138
420 680
209 94
940 230
10 843
684 286
726 905
640 860
562 713
1035 956
914 458
895 364
518 321
402 291
937 525
215 951
584 679
798 944
433 547
472 723
531 894
634 426
1020 454
640 544
428 285
120 510
993 396
175 159
562 989
416 856
313 130
332 427
312 332
905 638
702 284
622 341
675 643
942 591
659 640
883 212
285 297
969 731
143 1020
892 204
489 1081
396 744
411 954
879 940
211 643
815 492
643 304
548 119
973 15
815 949
656 623
1017 427
612 553
915 452
780 340
238 107
1101 713
413 1116
695 602
1034 705
194 211
186 952
908 688
836 788
165 957
739 643
704 42
730 406
385 168
600 23
887 804
1070 342
26 360
57 111
315 236
251 686
816 175
632 757
80 73
485 853
284 65
373 867
760 923
358 987
689 693
934 877
119 851
994 119
163 504
591 1093
588 119
964 508
134 456
83 983
872 712
814 866
1082 570
973 28
705 651
718 233
1116 565
504 845
138 1091
979 505
217 962
355 697
431 1092
844 468
551 393
374 999
854 1017
121 110
382 852
571 629
419 1120
368 968
822 660
869 201
1079 624
969 515
1116 454
445 146
434 1050
699 862
956 300
952 328
810 462
269 895
228 307
103 215
805 497
181 519
332 721
971 231
1030 230
493 188
102 467
933 887
917 512
1016 961
113 529
935 1085
984 1070
178 1066
9 870
541 168
720 1064
494 102
243 696
977 881
128 489
37 1000
462 818
231 1008
487 962
813 1063
173 468
30 267
576 769
96 919
992 372
33 85
733 1004
577 495
707 433
523 619
855 653
411 793
1020 67
483 888
814 643
321 438
213 808
337 376
531 559
207 11
444 316
539 705
703 550
608 143
434 804
241 330
670 256
629 370
265 885
386 563
883 367
860 407
144 916
464 562
304 56
967 39
112 431
951 629
134 107
113 251
461 85
27 981
830 810
1085 795
549 1041
114 716
794 715
359 335
1101 1122
387 69
585 565
448 498
698 598
590 891
3 409
430 321
42 341
581 904
125 756
121 1083
946 772
600 217
1037 1121
128 238
941 26
310 574
1083 69
114 157
533 431
1066 121
286 162
278 574
208 109
1047 567
889 958
435 577
612 470
161 691
664 951
680 466
731 940
833 420
542 154
437 636
1001 366
233 410
996 449
184 792
346 473
1090 938
933 542
114 388
521 745
107 465
381 985
1007 877
317 866
465 411
538 64
162 439
1099 816
721 257
893 12
942 38
281 547
172 823
799 982
414 513
938 390
1028 989
677 906
838 1087
192 548
908 616
419 899
767 811
173 936
1068 27
876 621
1055 916
204 605
754 101
1038 717
159 1008
1064 1005
302 415
317 212
211 595
902 986
183 332
927 872
742 246
300 370
832 749
922 685
1003 106
730 232
941 176
665 242
541 859
760 174
539 491
902 385
384 721
571 202
907 15
327 113
301 287
399 864
599 256
164 305
706 409
886 302
339 990
715 1049
832 183
732 784
114 494
464 982
627 222
740 832
990 608
627 870
142 857
246 950
356 763
907 513
716 640
688 443
538 141
425 773
400 990
219 180
531 1100
188 701
126 938
908 960
234 992
524 244
559 439
390 639
427 392
479 264
833 566
7 137
1000 880
860 322
661 957
510 201
485 305
563 285
784 786
569 660
722 601
621 488
202 1014
317 315
632 556
415 1036
1058 628
26 622
607 981
183 781
887 124
844 715
318 1088
898 1088
968 1034
881 921
381 831
1060 526
806 628
174 413
103 755
859 325
1077 989
336 941
550 870
557 367
223 158
308 654
857 118
620 1002
232 497
545 343
889 931
443 344
395 909
493 321
748 802
532 796
875 440
1020 340
428 969
220 666
659 313
978 320
898 776
443 967
87 305
239 321
201 1094
786 940
961 950
875 440
727 641
346 744
285 53
987 474
279 320
1087 1068
92 391
435 106
638 671
564 892
949 305
482 926
801 393
989 204
272 799
1073 776
700 442
478 705
881 327
854 409
594 929
341 811
515 400
991 557
799 483
771 722
898 1120
261 844
733 603
773 280
576 17
838 920
279 371
905 912
1057 23
689 593
185 627
943 108
590 934
863 465
802 300
207 403
334 670
635 724
1033 1090
357 150
297 298
947 465
744 756
921 235
659 544
915 876
996 690
696 748
7 908
117 504
367 529
288 804
369 307
493 167
509 514
1101 136
51 934
566 1049
908 264
991 188
801 913
410 81
143 36
735 394
309 846
634 508
247 188
381 495
339 493
1064 269
549 39
578 781
822 282
180 219
329 563
117 203
602 542
313 104
867 1063
1007 560
735 359
37 417
60 163
913 444
685 467
111 687
809 1083
616 14
762 886
855 991
617 640
228 639
445 994
938 794
782 174
345 429
143 940
222 729
904 383
126 1105
421 744
780 138
665 214
377 347
696 259
883 297
306 661
180 432
964 914
244 627
377 385
935 633
204 614
151 526
133 504
531 951
812 664
836 1009
1034 472
37 170
614 490
323 35
1006 795
876 838
206 445
288 1073
576 413
862 862
862 941
981 935
849 708
466 696
875 520
869 225
502 745
842 259
541 102
838 821
227 281
227 281
931 427
580 706
1112 589
264 313
749 442
926 1037
95 782
326 1113
1008 611
561 354
31 90
641 458
1062 130
737 485
295 26
1060 146
779 10
555 397
423 111
803 660
673 211
737 185
658 927
503 675
1005 205
373 337
299 993
1014 771
888 281
811 834
669 482