305 686
966 876
314 444
738 625
953 357
675 326
407 908
705 239
992 886
994 595
430 926
227 947
649 965
925 730
409 1101
141 1025
252 38
832 893
494 970
496 364
446 518
556 388
610 664
475 55
804 302
798 563
966 526
344 618
1083 874
441 836
593 728
743 146
1013 313
296 1104
294 354
467 1023
318 474
125 217
94 700
1114 408
487 771
789 534
547 108
477 899
777 617
18 371
148 483
798 126
837 12
1111 425
911 553
305 841
462 513
704 1078
244 609
1116 697
1041 703
111 503
68 974
207 1102
776 516
784 905
363 207
380 1102
272 969
1022 216
874 1014
912 762
408 702
107 484
526 1006
1064 739
990 392
60 426
145 493
452 965
287 841
475 431
419 740
584 172
671 439
508 739
964 578
1018 522
819 403
408 962
795 459
658 224
721 868
165 95
123 850
122 663
459 635
795 1037
754 784
458 751
379 670
968 266
932 483
281 200
209 933
158 981
571 612
1086 308
710 272
672 284
672 333
408 620
307 302
824 272
436 732
38 447
811 262
100 94
273 852
187 180
466 443
820 530
85 121
280 616
742 111
334 132
362 548
977 708
108 15
923 528
143 681
716 963
566 249
735 487
950 617
1110 1009
1003 995
100 192
295 341
520 679
116 797
671 945
808 225
771 247
1118 265
458 518
927 178
256 309
298 155
145 836
181 298
305 939
325 478
661 700
952 131
978 277
857 737
996 346
621 324
981 139
132 858
398 312
589 352
142 251
454 216
874 293
763 990
148 364
404 589
719 804
785 397
814 733
914 336
347 747
809 980
1079 243
263 225
656 101
275 282
470 1006
218 374
650 560
753 686
967 524
728 280
458 32
569 593
116 165
50 1110
622 877
1046 169
141 526
1018 1065
502 917
390 72
900 261
295 318
945 909
664 663
1042 852
162 911
734 984
57 448
176 437
914 344
652 322
523 85
643 867
816 1014
586 985
469 736
765 745
637 565
711 519
1089 748
401 977
908 351
467 115
25 867
203 535
315 592
348 946
340 465
377 171
614 1020
851 379
775 463
307 611
155 487
236 989
299 20
272 1094
773 683
225 27
842 440
103 113
643 630
328 701
230 512
535 431
131 770
216 242
927 362
452 712
1072 698
32 514
37 290
231 634
404 499
465 257
544 628
446 238
391 737
431 180
202 334
17 133
807 645
291 187
54 537
986 531
1122 918
116 727
757 1108
463 804
450 774
89 301
325 817
934 433
825 1000
977 944
185 185
580 181
321 217
475 303
579 1093
91 268
695 1029
318 930
100 263
714 973
534 925
114 744
956 165
857 39
341 774
629 730
422 270
342 248
443 197
552 955
301 1109
441 152
186 844
1000 818
791 452
961 141
851 486
357 1081
424 364
173 85
430 513
77 327
672 464
312 543
382 287
882 449
624 357
530 321
1009 852
464 654
951 124
117 131
338 459
648 532
374 1109
784 452
229 321
816 600
40 535
979 464
390 136
545 954
671 963
77 239
485 774
808 183
299 546
908 857
837 819
629 1002
371 234
873 186
1016 206
327 936
540 631
70 436
528 233
221 381
292 1008
793 107
1053 552
574 415
736 30
300 181
905 519
675 25
911 457
764 772
119 641
456 108
145 229
824 883
879 848
718 504
179 884
284 1066
1058 68
468 103
535 985
267 266
662 558
457 1066
722 292
129 37
405 593
28 979
1026 326
703 180
717 440
765 270
621 831
193 262
157 291
417 1080
157 698
495 419
250 912
193 739
581 1055
668 678
76 69
795 600
434 769
850 762
1039 744
496 528
705 817
996 969
179 138
388 439
731 1022
843 131
694 300
418 654
326 997
245 209
35 520
238 848
842 383
420 1120
1011 566
720 328
459 210
413 646
813 129
583 116
1011 911
955 884
831 422
564 519
474 662
344 1068
163 240
971 744
21 364
927 538
771 170
646 461
754 434
616 121
404 402
825 946
180 360
703 938
381 513
63 855
1036 737
649 514
161 485
1075 791
394 609
482 503
452 319
408 668
938 708
978 1049
206 902
306 254
481 658
531 687
650 906
395 368
131 81
1072 279
444 384
239 771
707 1050
153 414
970 700
656 686
950 612
93 1037
72 673
410 85
835 406
779 1051
145 428
880 197
102 485
845 1012
357 744
198 1064
657 812
780 697
873 830
756 655
1054 135
186 767
835 144
914 8
161 229
715 439
4 122
438 894
597 231
201 675
901 548
639 693
562 1106
831 775
83 121
78 132
489 136
658 6
204 182
640 289
712 199
267 495
972 307
709 87
469 164
582 1003
104 95
228 1117
670 646
546 863
101 308
293 797
544 347
323 120
490 285
269 1022
251 795
399 209
1028 879
470 954
452 833
689 531
803 302
700 830
876 590
414 546
37 517
385 510
49 860
950 897
38 463
745 655
900 316
63 680
603 1016
815 227
470 234
711 1060
817 333
759 522
497 1059
1005 248
30 1013
457 852
567 128
924 453
259 1010
997 477
424 544
1032 253
434 132
665 870
476 701
475 166
21 558
749 478
186 606
356 1008
898 278
935 312
448 629
536 894
465 687
319 362
211 118
140 1002
958 322
429 874
641 107
784 1089
362 46
685 622
700 874
1004 131
174 300
546 480
981 132
789 373
207 524
601 993
367 723
436 142
896 540
721 822
639 666
672 925
805 99
1082 981
413 300
99 634
681 708
578 406
382 1050
1009 784
589 17
353 614
123 670
653 657
904 761
399 660
532 756
354 450
901 949
265 886
411 922
883 555
402 474
528 529
962 703
451 232
397 554
961 905
1098 564
665 410
623 962
782 64
915 536
654 504
859 765
131 1111
568 201
586 798
1040 591
338 489
516 597
135 421
666 188
751 1104
892 31
450 27
607 181
725 1102
399 1080
359 998
451 849
832 1115
129 1012
430 460
586 523
977 801
695 88
841 1007
671 461
789 510
441 218
199 906
588 876
846 901
178 218
995 948
816 364
944 509
906 559
746 511
971 222
469 480
798 303
593 1084
444 873
970 474
912 1039
196 760
151 454
528 471
671 320
285 940
98 788
156 101
251 951
542 978
899 762
839 592
902 591
487 968
449 438
478 151
193 953
940 292
111 1077
275 291
962 248
214 661
217 305
202 583
242 995
949 633
347 676
141 151
76 423
207 680
817 222
401 978
539 557
145 1063
816 814
703 389
685 908
1012 503
242 987
772 274
110 547
597 444
572 998
433 163
990 190
825 356
662 742
923 213
607 530
582 546
999 387
604 262
616 730
968 1112
982 1019
528 540
493 855
429 856
289 6
313 845
835 227
777 998
757 599
348 748
860 911
7 699
22 794
898 343
975 467
678 100
969 631
528 221
984 632
321 920
563 1040
175 1035
900 523
136 996
763 1016
924 800
723 302
20 3
50 989
1017 909
33 0
727 1023
178 840
450 903
499 409
1113 538
827 70
409 834
424 913
1020 632
397 277
1067 943
305 565
201 50
803 779
345 462
196 991
673 20
733 553
912 570
485 1014
610 992
896 694
641 605
696 105
430 201
1076 209
186 172
735 249
731 207
260 645
506 580
525 962
77 778
865 253
729 1021
525 937
566 439
810 445
366 91
853 239
487 860
119 343
295 797
769 928
984 252
1022 1082
789 106
845 815
548 871
952 95
773 563
106 478
366 921
290 609
712 324
884 792
1105 990
991 624
307 965
512 626
937 254
388 186
672 286
909 327
865 631
403 535
100 36
443 440
70 336
910 183
567 335
445 1087
398 790
1012 865
815 175
770 397
155 353
127 197
693 639
468 955
899 63
593 187
1078 337
103 879
779 439
663 131
931 463
203 345
553 809
573 562
497 928
183 890
752 873
1035 244
42 691
33 529
884 72
903 901
483 470
691 534
259 923
593 1103
372 797
1004 980
422 160
1090 367
683 485
348 362
658 673
591 527
441 271
153 333
791 825
560 1004
387 275
633 196
376 512
910 538
882 1018
42 619
692 1061
908 315
547 136
514 934
959 335
997 196
216 56
477 89
792 507
382 202
454 530
960 765
945 690
778 747
357 143
650 435
1017 271
419 257
795 710
941 693
981 308
324 53
1057 472
989 414
94 342
334 195
524 32
543 653
977 558
260 822
437 259
23 347
992 726
1039 553
114 945
487 224
135 25
762 481
747 747
56 899
827 402
950 994
853 882
97 941
650 1019
418 598
459 805
471 746
69 482
1110 923
144 974
563 154
356 299
910 665
366 411
52 112
854 855
306 974
562 886
61 665
451 532
568 342
205 305
210 514
988 586
229 60
437 68
799 190
598 886
393 907
210 601
315 939
112 844
835 480
201 886
140 171
536 424
944 838
932 817
747 831
1101 695
156 568
384 573
274 599
732 6
173 857
926 109
244 384
131 700
646 272
508 497
225 618
380 1119
109 1004
729 181
668 776
505 465
75 917
1123 735
622 993
414 525
979 258
61 224
968 377
420 107
640 965
121 772
203 361
597 993
1041 467
242 737
148 453
966 142
692 602
246 598
261 814
288 307
305 984
52 442
797 597
695 738
586 517
618 867
75 1007
1002 469
162 1016
889 476
237 364
613 410
834 243
159 193
215 956
366 183
752 391
172 876
967 548
361 555
622 445
141 797
159 245
712 997
894 868
309 464
593 445
894 443
800 259
479 80
494 606
740 435
266 50
813 64
623 875
1076 269