53 323
528 818
494 772
677 288
720 407
874 829
674 884
855 88
381 309
429 234
716 522
346 245
752 974
668 816
1021 85
415 256
351 1032
322 35
418 433
359 111
866 922
289 53
269 786
546 529
508 469
1030 1014
670 838
659 546
810 979
162 822
220 238
254 924
498 605
299 657
816 341
573 996
449 425
921 584
813 934
427 697
274 780
617 969
895 241
176 714
217 318
573 905
511 914
747 1085
941 1038
818 570
871 855
627 809
212 980
650 155
427 973
258 540
678 639
344 773
792 905
413 149
679 529
662 353
372 463
894 988
864 798
953 432
778 468
608 484
722 850
956 375
844 855
923 768
965 55
921 179
309 918
182 299
515 410
979 481
304 256
687 990
972 408
1008 760
448 22
178 199
411 658
247 420
859 461
787 523
805 1070
1014 224
1085 491
403 563
782 339
894 305
334 794
179 478
1119 451
317 826
504 408
229 200
772 382
851 992
639 367
552 1000
159 1081
189 704
162 207
940 368
877 556
798 888
463 268
816 1041
510 873
793 926
339 814
63 824
124 341
216 210
565 138
451 862
709 241
136 753
516 961
409 1085
159 389
314 36
956 299
391 627
596 911
428 1070
508 341
9 958
138 504
686 120
347 390
233 53
552 270
382 421
712 588
727 871
438 1012
604 398
1052 989
229 601
643 318
654 750
345 992
395 891
439 365
462 250
930 713
292 243
442 57
575 844
67 986
1036 554
517 315
523 946
1016 396
400 732
120 190
808 327
149 470
525 967
650 118
206 128
223 701
862 228
308 1082
691 673
258 979
45 425
191 744
975 201
1112 754
978 178
409 152
888 1122
1048 362
420 619
396 988
215 306
441 327
698 525
31 423
2 716
520 413
727 906
1089 1006
336 219
579 895
78 87
785 148
104 3
584 5
306 989
324 11
1074 311
237 86
879 758
514 619
988 578
739 797
176 375
913 299
438 1081
167 146
884 495
898 377
798 378
714 782
613 420
53 102
326 697
994 904
515 329
756 571
17 752
453 1098
142 349
187 223
489 812
732 578
263 38
857 334
620 810
783 227
995 901
211 438
906 425
365 401
541 748
211 288
225 493
88 822
555 15
623 537
145 50
319 247
337 913
959 925
953 895
439 160
626 578
517 455
72 825
566 782
573 201
208 980
836 607
293 799
561 12
907 723
535 851
515 843
189 905
919 974
996 984
618 260
585 488
488 668
583 435
504 329
843 453
485 876
602 674
662 285
335 218
1036 470
1121 901
133 781
619 132
202 713
343 937
439 930
716 452
675 532
734 692
540 978
983 491
924 193
236 535
431 441
364 117
688 702
888 547
1016 830
935 958
485 276
953 846
862 351
994 70
939 24
119 1016
171 1001
905 2
378 188
448 8
234 841
234 675
328 447
869 408
698 359
821 332
875 183
114 887
588 273
217 207
999 696
25 659
918 87
993 402
1112 1092
136 244
348 865
112 827
126 678
814 525
252 937
490 438
836 1118
642 301
746 308
244 992
910 865
748 1004
636 420
1019 802
320 1090
338 248
721 445
942 452
186 1014
989 938
823 351
956 151
733 684
529 882
825 922
27 71
890 480
360 791
548 411
204 1018
858 413
416 200
128 754
140 499
312 1029
888 1042
333 638
452 146
985 334
887 910
394 961
442 908
364 952
342 410
940 966
150 1060
729 317
216 627
625 502
618 330
640 985
201 763
1096 1013
254 468
1055 486
28 847
796 1041
169 146
307 437
1020 810
133 675
422 582
204 377
404 321
1053 273
532 790
453 878
663 954
301 844
83 466
476 449
993 729
832 787
289 668
388 677
1059 493
259 998
921 778
949 700
323 223
201 893
463 475
538 627
554 203
365 336
885 276
1077 422
300 729
216 248
248 824
186 376
1059 353
121 300
181 503
929 717
133 1110
540 373
1005 997
104 718
361 642
802 1015
834 469
179 285
830 492
1101 403
359 680
444 534
405 612
293 808
836 340
484 146
154 968
821 850
487 183
555 617
126 603
474 156
673 825
672 299
576 135
935 609
839 560
545 319
575 765
108 249
397 330
614 293
466 637
275 386
86 415
864 811
816 110
670 52
357 235
991 636
264 361
240 1089
226 919
840 1109
635 1056
761 1000
471 384
1075 700
597 982
839 999
432 376
154 765
327 197
656 44
1100 449
987 309
256 473
557 271
226 149
98 453
463 19
158 261
620 416
256 513
923 705
465 339
1067 388
556 767
876 624
163 833
545 579
697 640
351 265
39 831
405 25
425 161
437 128
792 620
31 849
1109 189
268 634
750 1039
429 875
201 1095
645 723
986 475
812 475
229 325
68 537
170 278
1073 461
516 806
1012 419
333 82
404 58
443 405
832 918
263 819
472 212
249 990
443 603
706 1069
401 336
615 106
633 1074
118 235
508 343
912 753
1091 528
616 52
259 260
460 450
1120 963
351 123
339 873
835 764
182 517
466 827
1028 217
197 728
197 124
954 439
180 607
762 990
668 173
785 544
624 118
459 557
522 521
593 635
654 407
197 690
863 224
1002 478
1021 288
617 889
1008 254
734 581
1092 143
37 1120
662 963
333 123
911 218
627 956
1063 534
274 1008
428 690
70 1089
220 685
185 569
400 59
566 498
194 644
675 561
848 910
394 195
345 1115
317 556
680 311
843 858
992 928
303 850
503 190
230 126
695 767
281 1055
613 259
252 750
3 437
1114 739
684 771
730 595
813 561
336 1088
567 1043
842 492
539 705
509 298
694 301
20 778
758 761
205 1019
728 543
378 914
635 698
612 451
916 398
751 126
634 1113
167 509
829 697
941 779
770 475
184 622
817 969
497 461
195 706
221 165
798 296
897 519
730 435
106 1082
884 498
394 852
952 602
690 457
276 304
583 160
124 1014
289 247
1013 38
748 688
900 644
246 513
217 1015
786 310
824 275
825 944
880 242
122 20
512 635
400 785
113 576
768 994
432 352
226 333
124 461
720 922
451 613
693 649
82 561
534 165
293 283
914 598
880 883
986 601
952 294
433 663
933 433
483 442
392 28
1113 264
987 504
271 627
903 819
385 787
1046 977
634 351
34 148
163 96
117 178
345 257
873 578
54 868
642 521
550 783
515 605
389 352
1018 566
966 619
472 807
405 716
771 415
383 1066
613 132
723 533
293 577
894 1012
572 23
965 994
582 660
805 570
649 844
759 733
314 1071
700 315
702 1112
199 745
135 128
179 846
143 636
198 916
965 854
268 1092
615 686
219 633
92 343
240 977
202 1060
929 951
1089 643
272 427
833 781
638 133
325 253
411 978
1041 472
549 280
162 546
988 605
180 450
641 399
999 218
535 270
166 467
316 769
704 1008
51 952
489 838
981 496
112 434
447 578
953 8
220 1036
342 589
799 523
1017 104
233 1099
145 102
923 360
477 271
976 759
828 194
1092 822
798 265
507 426
870 320
522 705
305 534
529 224
811 894
309 731
672 807
924 734
933 709
953 456
447 741
870 627
252 406
436 19
968 782
939 316
270 101
478 698
992 642
300 840
871 350
147 982
896 178
650 485
103 123
616 166
228 817
1030 608
839 109
418 56
783 169
1030 915
152 279
11 405
326 632
916 854
448 364
866 990
848 817
852 682
639 1041
816 360
373 488
439 553
359 750
501 933
668 176
379 294
940 46
335 569
394 800
657 583
453 1090
347 248
122 800
320 1018
793 977
138 23
1000 971
130 307
391 393
363 503
501 877
37 961
810 448
155 910
518 126
106 378
862 936
981 742
1013 938
491 1083
409 833
297 1036
414 501
110 931
579 248
139 186
163 503
147 686
894 1017
1107 124
169 866
138 886
471 138
445 71
1113 777
584 467
423 779
28 959
584 1051
658 970
911 266
264 684
847 902
973 76
240 125
162 1004
147 210
855 738
116 333
182 259
14 71
938 272
79 470
484 230
500 1037
972 364
851 704
245 365
31 829
730 762
969 199
809 326
188 718
253 1000
797 951
244 620
156 364
698 686
618 937
542 107
204 356
845 532
687 438
549 172
733 968
1021 566
1103 653
342 496
356 423
350 271
318 598
350 823
123 30
180 355
930 780
1011 821
575 840
702 701
587 417
287 253
848 423
143 695
199 121
529 596
852 612
34 9
431 492
593 789
371 114
767 458
224 712
1013 923
116 848
682 318
827 583
620 35
319 549
327 535
610 305
735 570
378 1097
502 286
316 794
858 495
573 1072
357 407
117 423
161 520
1061 347
377 729
503 447
659 913
116 363
396 294
710 861
845 103
551 156
159 749
1 390
770 940
463 1097
558 554
51 173
288 626
185 985
639 923
563 912
435 528
854 924
339 996
213 423
189 999
260 783
744 1021
243 217
554 683
1010 410
703 202
612 164
245 450
640 901
1098 253
472 527
402 437
397 239
798 985
885 694
729 576
255 382
885 790
288 4
1101 71
1007 579
965 72
335 564
1033 495
674 884
972 1083
992 567
377 904
1121 695
506 295
636 130
810 571
553 890
751 1088
113 212
768 327
652 448
675 449
623 260
761 865
519 84
686 106
993 913
603 349
410 370
195 554
481 961
824 798
331 7
863 344
231 725
108 417
531 867
196 616
626 190
710 543
215 985
764 966
605 279
191 304
768 882
738 841
728 799
808 883
812 79
394 966
765 435
773 102
155 415
944 508
687 777