497 959
258 821
617 512
785 338
498 850
992 826
928 156
497 896
72 121
609 583
253 263
939 100
570 758
470 1078
1044 937
175 633
702 578
171 211
126 815
587 817
295 729
338 117
264 877
148 737
139 148
903 142
980 237
1067 1039
744 669
925 668
760 643
220 891
413 817
279 590
911 1002
266 267
494 608
32 213
1001 555
693 829
678 659
788 991
506 750
430 442
747 712
804 619
129 254
771 157
531 887
694 754
589 715
357 760
208 151
1075 946
753 317
156 335
858 794
624 354
55 382
30 146
206 389
181 320
171 702
808 584
938 1017
809 477
535 611
1108 951
597 869
404 266
256 511
657 1068
119 49
827 574
594 888
186 930
790 149
999 293
790 629
767 994
490 304
166 963
642 368
750 241
772 179
905 20
455 849
220 575
956 419
357 925
241 764
94 1017
1102 154
146 351
711 577
484 311
1114 342
943 804
137 389
813 597
655 864
315 670
806 560
617 80
343 149
598 677
956 839
82 198
22 834
750 760
713 874
791 269
789 80
778 29
112 607
420 541
1026 260
211 208
460 771
344 531
625 1074
262 898
704 447
490 169
674 645
259 460
546 1
897 875
95 312
553 866
990 181
983 16
353 736
984 589
467 563
373 293
780 159
413 1014
958 985
374 613
731 627
489 5
986 710
868 410
1055 741
354 15
626 273
270 965
1034 257
273 203
485 39
773 475
565 70
563 395
291 731
734 702
471 756
409 820
762 515
781 66
723 720
735 68
811 709
146 62
134 732
232 927
789 532
822 687
243 910
48 648
214 1103
226 662
757 1009
89 833
276 701
1049 10
782 47
159 216
921 274
425 1095
486 949
580 325
198 508
946 519
206 608
909 188
223 401
415 951
870 337
850 320
401 451
250 411
184 365
562 241
446 519
924 534
895 662
461 22
550 685
855 107
814 162
112 132
837 1033
519 21
995 883
29 312
792 121
886 348
814 878
448 952
86 285
436 302
131 453
1003 1050
879 962
403 580
442 62
1010 596
755 778
811 642
911 218
768 369
784 970
68 279
547 654
321 616
983 910
823 481
377 333
710 739
836 419
685 92
600 795
1060 392
842 135
736 677
242 11
709 467
452 662
955 916
272 148
853 674
74 501
498 1016
224 524
390 184
147 185
748 358
375 931
460 915
249 882
620 1055
659 105
178 711
249 528
405 120
894 85
620 944
439 511
262 1040
349 578
1011 728
631 1016
182 15
598 570
436 723
103 553
749 689
762 177
1089 1118
718 1108
949 814
245 205
598 689
119 786
350 220
913 254
1045 331
511 590
510 235
70 75
155 119
825 819
737 801
247 205
680 85
949 404
815 316
252 963
571 66
526 152
285 548
876 59
756 163
50 324
352 132
902 415
865 392
152 729
242 848
675 493
449 535
631 244
1023 298
1033 364
260 151
38 504
761 548
653 166
793 386
179 315
264 962
615 1017
109 901
653 355
803 893
553 31
803 223
1028 220
849 322
732 1076
215 287
456 667
1001 496
996 994
522 279
374 380
318 879
266 871
1 1121
862 184
684 850
762 941
198 1013
200 948
137 75
242 881
413 404
141 675
321 183
530 172
912 121
290 838
198 382
344 621
444 445
630 214
1073 702
827 413
274 631
360 360
59 300
684 810
127 288
877 839
1093 26
775 783
884 677
333 631
976 330
287 1013
1038 223
1086 198
922 144
370 882
959 1048
685 982
739 590
815 714
611 310
684 923
449 470
876 232
380 148
626 367
1029 925
416 742
711 537
217 782
755 329
301 498
165 650
949 51
45 281
592 1048
203 453
1011 951
725 566
1066 376
370 590
115 324
607 1034
806 1097
911 967
1074 546
404 690
777 981
220 20
934 153
370 758
413 762
798 468
224 482
1065 217
956 680
605 932
253 816
119 1102
824 101
463 1117
1104 181
745 768
302 35
604 833
383 572
360 586
328 888
1011 948
996 411
685 325
417 607
676 922
807 597
490 862
863 321
1069 537
698 354
410 230
501 628
606 459
72 161
617 384
845 558
372 919
680 109
837 181
609 645
1073 600
490 911
414 276
800 744
1114 580
766 500
823 897
1045 937
296 540
776 972
555 222
319 639
64 1006
489 285
313 753
749 259
43 1030
1007 338
169 277
1064 288
958 620
219 998
341 1068
437 938
643 572
402 260
788 301
684 343
327 370
808 258
978 142
730 359
570 561
876 479
645 1003
477 817
722 726
576 546
314 358
592 605
520 113
143 794
202 372
266 283
665 843
372 403
506 277
825 164
582 919
1082 965
960 15
872 803
788 170
916 739
67 727
406 940
541 337
624 810
347 830
993 261
1078 496
864 735
147 794
146 407
183 100
258 352
161 87
363 510
278 787
986 915
113 1063
864 894
220 833
382 294
414 592
696 733
918 161
710 296
1091 415
901 130
853 828
793 932
396 331
952 908
815 466
353 410
574 253
662 453
956 138
610 150
203 305
279 138
921 620
941 641
128 343
140 844
936 497
736 383
880 597
524 531
710 560
362 607
756 258
848 589
500 74
1026 759
186 973
647 420
775 666
428 305
320 524
975 357
1081 134
646 122
1015 876
536 506
701 798
836 277
1094 7
235 281
334 894
391 511
855 264
656 787
169 1036
910 369
157 1017
729 1055
1038 199
518 1123
576 872
258 554
379 888
722 1006
568 194
154 753
913 1016
836 524
394 206
427 447
837 605
956 473
114 364
154 62
816 495
705 815
307 1119
332 397
680 305
382 819
853 187
698 908
645 811
1088 906
35 67
349 657
428 707
39 175
359 128
945 846
168 275
448 907
581 396
71 968
564 1002
365 1004
583 84
894 538
1010 863
922 224
438 497
397 95
375 235
992 628
364 695
740 276
636 183
273 193
144 951
1075 390
391 233
1102 992
989 636
1092 187
416 381
525 147
139 97
986 660
660 30
633 1074
741 1119
851 1051
566 259
399 81
765 661
221 1004
1121 640
96 856
1035 450
60 176
455 236
216 113
746 601
437 759
805 74
409 339
282 628
388 864
60 542
675 395
572 209
878 258
146 174
1012 689
237 358
455 136
47 191
332 864
796 609
857 637
1121 119
396 318
851 188
511 453
184 1074
256 649
1014 912
137 595
898 254
171 115
335 641
789 843
48 797
1022 202
871 835
1052 513
431 244
842 859
764 149
333 440
785 682
713 128
101 126
569 69
745 436
176 197
906 733
901 145
914 559
406 1038
713 966
27 844
673 961
618 787
1013 715
1013 908
814 133
875 479
547 447
517 705
752 799
523 892
968 165
974 827
1070 882
185 97
364 241
584 131
310 999
499 973
715 1122
234 703
217 976
259 44
1034 1023
404 429
749 549
707 531
262 742
535 817
922 783
520 1
682 398
607 430
214 533
906 241
708 908
374 177
537 334
761 76
260 609
532 755
73 686
224 372
141 429
21 89
976 834
882 1078
333 578
1075 248
281 511
190 3
809 19
350 337
1014 656
198 388
831 834
358 603
613 767
874 38
931 642
176 358
646 158
930 754
883 183
613 887
239 116
995 148
835 178
203 115
248 992
256 324
101 695
370 172
424 1122
364 176
914 767
707 589
534 907
831 976
783 663
357 531
800 187
819 236
756 438
16 218
679 757
784 928
113 873
741 270
953 1022
169 614
416 386
156 1056
1094 593
390 481
1009 453
283 422
628 515
34 261
946 163
480 825
652 615
848 723
1015 1024
933 936
2 764
653 688
611 125
127 797
592 121
629 174
813 525
774 213
1099 853
957 1050
372 587
707 600
813 1081
886 461
159 500
314 934
2 673
896 469
317 358
451 551
523 959
275 760
779 567
184 729
862 541
280 836
1101 632
438 693
275 55
744 257
581 428
44 940
992 958
773 158
744 453
545 834
1023 310
105 714
679 360
266 970
787 831
475 688
551 325
991 930
967 924
739 574
413 945
256 355
398 687
426 275
187 244
100 699
804 412
840 361
461 459
179 769
707 450
338 642
353 639
297 1000
719 994
789 205
715 619
260 626
171 999
500 102
162 186
791 405
322 24
347 167
1109 902
944 758
151 884
484 267
839 35
934 354
692 547
600 782
535 674
632 676
951 294
494 1023
601 997
986 339
145 296
263 898
171 834
642 942
581 215
707 527
801 441
723 517
767 908
624 861
969 446
812 448
890 183
443 924
808 513
999 341
793 799
949 390
267 776
824 806
143 243
1024 244
467 1082
599 153
567 68
808 316
42 1094
483 845
164 962
260 421
387 338
495 386
498 931
568 281
958 861
851 65
572 503
283 746
653 879
923 1074
1059 144
313 562
388 931
618 274
334 300
52 641
890 100
210 451
740 713
314 418
886 301
995 474
635 406
945 519
823 693
50 851
45 69
128 1070
825 717
896 506
734 229
948 633
1121 932
933 510
951 590
628 658
645 859
871 393
550 545
153 772
685 728
164 203
444 989
944 933
47 108
888 489
149 334
680 1065
757 290
145 541
564 836
848 388
701 755
1022 518
868 734
908 1064
648 220
376 786
344 869
865 881
536 952
370 204
92 941
183 657
1056 158
687 912
1057 615
728 812
860 125
765 567
621 879
847 817
1086 141
749 665
713 416
571 777
666 424
854 582
601 916
845 790
391 562
1014 421
759 461
17 681
992 575
1005 549
681 643
393 141
197 743
616 328
695 1055
213 249
627 661