423 436
846 213
130 312
392 591
281 812
678 896
796 573
791 501
71 618
197 399
620 499
838 800
576 639
516 287
792 217
516 613
542 865
833 981
237 465
251 471
939 649
445 297
72 811
7 1017
829 615
957 303
530 225
490 698
211 491
10 1023
699 683
917 803
516 553
840 301
703 786
814 448
800 631
866 650
804 327
104 409
758 821
980 99
916 773
291 484
434 25
816 407
20 557
549 656
182 391
922 256
883 697
129 469
586 267
860 479
1002 540
352 910
222 861
347 220
666 455
215 614
116 612
431 498
648 455
706 920
565 51
439 662
286 817
833 277
252 845
659 1012
315 457
822 593
634 198
808 575
977 656
692 182
658 403
1104 202
440 709
994 799
382 788
303 669
397 607
692 774
553 272
367 715
1055 171
561 519
338 601
677 439
668 711
924 613
751 307
490 309
873 552
1056 784
442 355
626 1052
246 789
548 604
110 594
792 252
415 809
127 348
594 1054
777 773
674 202
933 945
19 391
660 493
260 219
1084 337
1050 278
672 566
864 921
148 155
1096 755
1014 859
707 984
447 372
217 1115
123 181
592 800
1045 638
203 856
328 668
285 327
946 427
432 519
290 51
212 363
535 661
1076 220
658 159
147 615
217 1019
152 378
213 1007
526 583
970 528
718 914
1085 329
91 466
790 743
11 717
206 961
491 279
807 20
187 500
882 271
379 93
641 788
693 610
966 856
349 488
451 1011
507 1026
203 765
101 1060
460 10
789 290
973 1000
938 609
631 307
975 106
127 486
410 617
47 876
660 507
534 928
141 137
168 340
771 43
345 842
420 968
268 735
1114 890
608 713
138 90
555 294
771 337
546 569
1110 173
1015 1063
224 492
141 677
735 499
957 3
512 729
753 856
683 709
410 12
769 304
469 705
148 613
394 956
106 871
33 652
803 176
897 241
801 512
1011 857
419 634
589 937
472 656
698 762
641 898
234 570
271 1036
1110 758
976 623
354 502
139 1100
582 775
171 961
298 494
734 510
584 665
792 792
770 229
874 797
700 1112
1071 683
324 18
620 996
1 574
787 631
723 880
1007 943
87 978
833 469
520 457
830 844
196 182
399 280
556 529
220 268
1040 409
626 989
241 58
931 931
704 455
681 201
455 503
595 548
542 276
674 583
276 423
684 596
647 696
170 150
945 245
739 1038
124 231
305 1099
459 346
426 574
850 773
251 205
391 776
670 743
866 59
749 728
835 355
593 734
89 765
16 763
446 990
768 1036
217 104
662 893
864 28
1034 1007
287 290
333 231
347 772
624 537
1003 69
301 894
503 148
848 688
587 250
173 217
183 974
956 237
447 922
498 371
134 581
587 972
278 836
248 909
139 858
184 234
897 314
174 658
222 627
372 116
843 267
746 535
132 677
324 665
759 166
388 922
631 289
454 192
225 519
563 211
924 605
1046 275
427 849
972 678
150 1012
130 208
506 932
363 414
882 1035
757 249
199 434
967 90
265 181
576 145
207 1101
650 502
544 528
635 348
979 675
1014 504
429 197
842 367
641 33
217 503
451 936
758 811
505 915
282 310
938 138
928 935
776 349
594 398
789 320
903 348
608 823
564 767
934 264
137 631
374 499
829 83
865 291
387 265
979 836
133 833
405 230
549 602
260 122
453 840
801 753
1087 538
1019 421
455 405
277 345
687 495
299 545
348 251
694 1062
879 859
975 623
271 570
926 918
847 403
420 190
680 968
442 982
258 592
906 705
356 924
241 271
740 865
615 814
261 779
668 288
298 495
292 336
298 362
105 252
763 680
790 331
675 95
506 951
600 589
214 834
946 144
816 930
11 52
498 610
121 270
734 392
316 1040
938 368
417 827
558 901
81 3
491 1014
129 336
139 681
200 1043
935 458
296 216
377 377
1037 850
75 654
865 307
548 623
934 172
760 299
868 849
241 629
151 877
75 999
683 936
192 878
68 318
870 643
863 1001
72 797
888 928
428 14
683 964
445 892
989 713
728 682
220 94
1114 407
132 346
551 69
786 806
1041 942
609 859
249 504
256 261
822 487
205 7
572 853
376 457
403 89
515 452
577 257
668 127
489 240
931 310
421 57
199 81
114 792
817 556
778 232
679 442
697 892
500 1105
811 960
881 265
869 172
900 610
603 799
417 255
646 780
377 662
583 748
860 321
1095 998
827 422
447 859
673 867
874 263
605 835
417 707
163 375
475 789
319 667
302 847
744 1004
277 848
401 387
539 899
120 649
728 294
1054 145
258 744
503 617
421 302
325 774
390 698
719 113
537 599
128 374
466 569
399 868
835 294
881 727
723 297
104 288
177 130
800 513
377 1122
432 819
1111 27
511 194
259 537
196 789
395 767
976 845
528 899
263 922
502 242
623 904
206 664
403 1001
882 928
10 768
494 385
591 553
162 371
200 320
766 571
453 1001
366 660
438 233
190 374
794 938
1076 290
682 924
524 625
939 338
711 770
590 712
552 488
621 948
504 98
1011 840
344 662
378 502
916 946
187 831
101 1115
185 262
947 1017
802 703
540 1021
784 600
505 509
629 358
495 447
315 1095
511 395
160 448
1082 935
976 655
930 31
960 224
558 238
644 821
217 65
916 697
808 221
552 899
906 436
701 196
267 147
281 978
213 796
183 914
186 378
8 433
849 457
1088 139
79 856
384 566
844 674
887 29
807 941
887 294
271 724
651 714
836 290
572 810
748 8
263 391
65 979
881 942
759 531
490 420
34 416
790 446
794 195
595 40
185 673
166 392
901 497
906 247
1122 408
1037 969
810 393
1104 226
400 2
76 48
334 708
666 47
573 78
602 171
282 493
942 593
678 852
499 167
914 456
673 618
1069 665
325 734
470 566
609 849
142 106
422 647
472 875
309 630
538 247
1011 1093
132 809
787 879
575 777
815 977
616 250
535 686
45 503
314 1034
824 234
573 631
866 564
1000 29
127 969
979 895
832 1087
199 478
156 285
1032 554
690 198
116 519
494 303
779 904
906 437
732 214
920 329
459 257
542 648
117 654
513 423
366 332
22 892
631 144
854 243
296 442
680 507
460 990
3 14
238 386
365 506
817 419
830 1101
1018 403
113 654
758 675
264 955
237 445
566 810
73 719
762 464
196 567
393 904
138 923
337 833
842 284
444 752
1019 172
214 302
236 470
955 145
663 612
567 117
1005 184
919 550
932 765
464 287
621 763
758 4
1021 254
459 981
80 859
928 189
21 775
380 901
648 882
764 591
959 771
838 822
150 551
497 633
541 263
308 326
212 618
597 661
651 142
13 317
863 564
738 847
943 788
328 807
1018 272
196 90
723 157
889 127
960 443
668 394
91 174
562 687
628 191
952 1047
870 990
191 856
124 899
584 164
40 815
1014 399
1001 472
635 954
890 124
696 798
158 361
176 621
389 826
418 191
1122 963
158 748
877 783
949 429
178 649
636 840
375 730
851 115
575 975
345 654
481 539
835 772
104 834
501 680
59 826
701 545
381 618
742 335
264 395
939 1013
232 342
869 869
937 924
933 237
927 129
126 842
623 995
886 528
193 645
227 133
108 53
857 412
503 912
346 212
954 1055
365 128
5 348
202 289
321 151
18 594
498 949
178 1068
7 92
1029 1051
406 278
675 619
1090 907
100 760
969 251
705 299
300 515
67 463
51 479
629 165
728 275
1100 669
804 817
702 638
633 142
1013 613
708 224
1083 919
785 171
152 924
137 211
483 647
539 718
886 824
601 307
717 532
485 1087
305 517
91 254
976 972
388 460
124 151
626 238
20 925
788 799
575 496
407 657
391 17
8 131
904 1090
1011 543
442 421
463 335
1067 817
380 933
890 92
505 1022
627 599
597 448
391 163
714 230
907 351
752 795
119 260
514 623
14 354
256 889
740 171
18 863
992 28
435 781
954 184
921 950
1043 845
340 476
202 894
920 434
770 974
807 859
378 79
138 76
897 371
520 994
371 895
321 464
191 377
167 928
186 993
525 433
1086 803
71 269
71 596
363 612
687 37
172 1081
857 677
894 1110
1044 439
914 522
591 615
652 861
111 501
991 962
1000 457
896 344
734 744
395 225
373 899
945 486
238 782
185 170
218 803
755 159
942 701
497 170
480 994
341 155
658 37
228 734
878 590
1115 531
625 523
850 95
411 148
1012 673
1031 303
727 875
46 893
754 512
497 254
591 18
175 61
1039 364
1075 353
317 604
347 610
513 1065
417 150
662 106
403 834
733 153
578 176
654 607
45 770
898 187
904 107
145 578
450 927
509 555
86 1058
627 291
790 225
957 1080
1021 982
574 774
884 248
1042 668
487 987
869 1011
768 250
350 57
726 682
223 656
290 562
365 204
783 929
751 956
217 158
919 574
1049 341
999 128
310 956
50 272
318 1078
229 379
741 1029
631 294
1037 1021
389 349
664 951
916 684
342 500
598 44
715 671
918 653
369 372
127 475
353 961
324 478
655 780
483 767
813 705
478 795
276 58
326 146
490 961
332 190
836 500
656 800
452 808
961 279
689 802
652 100
605 847
175 232
1058 800
1022 922
513 941
805 335
203 744
76 534
738 664
600 881
659 151
778 444
1012 895
1061 464
945 997
153 29
434 260
862 796
235 766
167 177
728 895
1011 486
986 444
513 920
294 756
960 526
556 410