382 161
1079 813
330 406
242 245
162 664
1023 806
989 982
766 626
489 494
837 245
269 290
496 675
993 775
650 861
1026 525
1003 1106
810 631
531 911
230 382
886 690
380 1006
682 399
776 246
10 260
232 595
603 838
135 23
463 498
354 170
56 818
752 473
539 619
322 676
398 815
420 90
387 884
452 934
670 442
529 879
888 364
571 837
893 729
989 1027
695 477
788 643
68 1
944 88
973 800
1008 981
864 640
212 497
96 959
797 835
1059 493
435 424
384 535
245 862
313 759
101 548
1111 890
652 644
884 466
797 1016
741 761
857 302
233 604
727 651
865 855
443 908
817 241
855 77
422 459
879 626
425 910
344 296
563 265
305 885
178 62
869 117
940 159
357 184
729 788
854 146
426 223
863 46
736 388
903 764
915 270
736 877
755 179
634 689
727 538
886 109
100 1021
402 566
108 219
705 1019
840 879
701 514
756 543
657 501
264 589
562 742
965 170
454 324
1041 398
230 530
996 672
803 1004
1044 278
681 419
135 770
942 352
455 148
241 301
257 653
833 943
625 341
386 915
805 1000
178 1073
106 326
164 401
512 504
426 193
73 897
949 402
807 576
122 975
980 813
668 273
582 57
962 98
612 846
202 323
580 878
383 842
790 772
521 393
896 995
916 544
491 919
444 803
150 970
106 719
936 1021
675 769
607 716
119 948
167 971
786 169
201 997
482 377
837 867
1076 182
161 624
287 588
98 709
454 946
662 1063
712 424
996 76
912 741
921 677
852 678
388 244
865 228
543 918
296 886
959 325
37 143
521 529
902 337
886 306
726 51
253 643
983 610
334 907
616 259
566 327
641 445
961 240
192 829
876 582
632 552
844 1010
857 414
493 420
754 115
239 738
6 771
134 243
999 517
120 152
280 764
300 126
569 855
168 489
567 896
1111 383
535 631
180 343
6 473
838 177
972 191
437 744
75 21
1020 49
921 314
720 189
1031 586
449 468
300 861
431 570
717 917
44 1098
318 332
567 138
135 853
299 242
699 849
560 677
692 664
165 178
536 745
640 966
376 1111
1011 298
1011 863
528 257
544 481
47 845
580 799
205 179
608 744
695 559
998 939
744 646
72 520
980 33
235 1113
623 700
187 650
237 453
785 403
418 829
375 817
83 817
71 549
990 557
824 730
148 164
98 948
742 486
682 569
897 212
411 338
381 416
527 587
530 305
915 490
237 704
412 390
738 157
824 505
859 1114
540 133
305 670
129 340
656 442
276 1114
608 741
205 987
618 223
452 910
844 666
790 452
281 688
256 332
548 1083
768 100
234 642
674 675
630 929
384 794
143 486
603 158
661 521
494 127
510 415
765 772
26 467
961 163
862 55
706 234
371 850
234 780
245 805
208 715
607 768
454 1
460 659
487 290
781 443
550 548
257 266
354 245
568 217
111 268
132 466
423 712
988 169
31 503
34 608
177 49
384 810
1020 720
429 779
237 839
486 978
408 563
259 323
222 171
762 839
80 864
723 425
250 334
739 713
624 290
987 660
893 250
349 639
267 420
1020 655
533 201
749 213
655 1074
116 124
474 428
688 741
669 105
867 483
941 578
561 123
284 880
1086 470
249 141
642 151
568 1034
128 778
698 828
615 557
658 1003
380 723
1018 171
322 489
574 925
860 1045
199 500
176 68
843 444
181 845
716 594
655 113
846 830
769 353
581 1102
166 210
810 1093
771 402
359 581
368 474
849 2
790 36
848 227
185 559
1006 463
535 1110
341 434
556 950
309 353
966 740
847 392
931 669
476 807
745 648
1065 580
483 340
1019 116
458 805
593 539
985 513
790 462
652 382
1093 532
457 13
18 1116
121 988
265 139
631 162
55 637
343 565
585 547
489 541
435 562
158 468
210 480
491 709
20 449
340 1018
279 293
651 800
645 534
1089 609
467 242
537 271
957 490
987 164
463 183
363 547
863 587
459 580
240 640
802 835
721 979
191 121
978 895
952 661
640 119
422 369
482 805
672 727
503 538
799 765
194 123
42 882
53 302
538 51
360 161
1028 320
600 282
957 578
109 221
798 21
928 463
432 771
159 909
6 820
110 434
905 612
299 835
960 470
528 573
1122 691
632 682
156 679
608 207
278 664
806 760
987 399
728 720
903 800
253 657
866 189
327 605
707 361
273 918
419 728
946 56
186 588
625 771
326 799
451 232
914 648
974 601
733 982
655 958
467 922
1023 710
176 732
49 447
52 274
637 296
662 403
930 774
540 433
637 1045
437 591
530 720
145 347
14 182
582 750
944 556
1117 185
684 987
764 601
141 548
643 674
1012 405
100 420
105 655
719 778
899 1095
1007 224
989 107
715 191
835 808
712 930
959 227
747 982
883 855
654 921
1092 851
610 484
517 379
43 61
276 420
747 723
321 708
427 889
279 853
425 956
544 567
870 760
220 824
326 236
809 490
942 182
769 466
312 1023
1074 728
990 339
832 1020
55 1078
648 206
590 708
122 340
633 115
588 1083
812 1057
377 564
119 720
47 774
288 88
493 937
381 541
1028 1022
705 697
474 711
973 1114
237 305
618 199
397 1041
381 321
852 711
698 741
179 968
164 185
443 572
788 214
236 900
433 356
900 223
32 108
645 549
500 786
289 596
636 524
985 322
595 921
653 408
60 92
755 314
247 458
820 742
818 538
485 6
356 506
663 879
151 519
635 343
276 603
3 1117
900 857
742 465
965 874
818 870
762 710
884 918
566 176
399 365
631 235
901 732
262 1040
362 778
666 745
401 483
934 222
793 472
735 1015
571 677
154 200
949 638
572 970
907 799
811 488
717 357
633 703
177 362
703 897
100 825
1005 698
495 149
704 726
130 845
723 141
814 166
1 112
293 584
330 920
522 104
669 380
1015 431
433 881
276 793
376 323
746 836
348 586
497 1080
443 728
36 644
757 453
990 189
724 207
917 557
876 874
99 800
468 188
532 59
628 969
465 721
271 48
164 668
771 455
708 982
607 32
191 897
426 356
317 512
826 456
1118 239
1003 776
799 488
23 1004
115 1104
772 732
209 891
325 26
895 801
555 1109
805 785
629 578
546 907
285 629
260 857
363 609
439 928
841 775
636 126
432 152
330 47
939 740
896 1022
107 521
414 238
26 954
52 535
883 890
250 371
565 543
266 384
231 380
300 137
283 490
991 750
454 699
114 615
596 171
355 865
343 1087
680 653
538 451
121 184
1043 464
682 598
888 523
492 348
118 611
786 743
986 343
755 634
385 682
147 340
603 917
1026 1072
315 3
940 303
125 1013
131 115
299 845
371 870
753 62
171 981
736 770
931 615
796 759
137 247
618 809
202 349
243 1067
231 654
1014 136
617 551
873 22
750 108
213 664
421 706
763 771
389 468
885 624
164 940
159 857
298 300
583 837
127 746
966 471
407 486
263 235
590 371
328 605
1063 934
8 965
618 664
480 768
929 64
717 979
1071 622
46 758
435 631
385 700
940 561
1075 143
925 927
640 1112
576 752
196 1106
695 548
764 144
1076 1039
487 222
3 1
345 903
587 961
268 408
427 354
1024 827
255 50
290 765
126 675
456 884
1002 295
480 655
293 174
264 609
970 81
644 325
903 209
183 282
769 570
427 346
668 109
461 233
859 189
679 856
453 887
791 460
1072 392
808 1011
852 114
198 247
470 382
635 220
434 917
800 450
600 1059
1010 521
183 157
558 1007
404 107
318 406
442 36
661 679
697 1117
375 1061
957 18
685 867
702 582
645 77
527 85
1021 25
1113 505
129 425
133 238
621 688
24 934
975 355
928 340
282 910
818 132
535 719
247 653
117 152
1068 590
760 62
36 556
804 673
268 202
1024 773
653 398
336 894
267 194
203 738
966 427
14 129
514 131
603 919
1072 821
1014 734
752 1022
909 503
889 639
871 527
838 1020
991 476
110 158
417 673
350 1006
472 944
364 725
657 372
204 718
659 550
1007 191
1096 733
971 447
412 386
837 1081
1029 638
677 820
194 461
163 860
38 689
278 689
147 147
996 631
11 579
509 23
680 547
700 563
820 210
55 763
370 901
979 1103
1013 61
925 297
21 129
171 90
425 359
312 250
1009 737
909 987
764 254
892 455
344 609
955 812
912 850
413 785
1013 170
77 251
673 895
869 498
440 928
920 327
497 612
719 939
408 454
594 714
581 686
849 325
192 267
931 648
1013 407
870 310
395 407
1026 804
760 993
520 190
596 665
595 709
358 982
737 75
774 119
447 807
276 1045
899 1017
468 302
807 47
44 1002
770 389
606 822
645 578
922 663
954 688
1047 446
258 656
496 981
630 956
846 891
854 735
130 318
765 843
421 398
805 10
555 1109
381 943
364 269
901 910
519 573
519 24
839 14
975 180
311 351
663 505
115 846
162 985
672 494
1058 601
25 910
845 201
940 969
647 1114
252 165
639 750
263 84
856 832
810 360
193 629
611 1094
1100 600
703 197
937 124
621 886
667 363
818 246
378 505
629 141
1022 304
854 1092
761 206
778 995
894 769
778 885
737 935
316 770
156 774
633 104
278 303
800 49
981 1022
362 187
110 487
80 587
287 720
705 951
123 16
992 538
697 848
557 989
596 786
970 246
566 952
237 274
720 860
219 337
627 889
11 102
688 830
468 426
850 364
391 129