875 1007
665 728
251 172
191 317
103 275
437 968
571 551
384 936
528 456
40 320
400 202
486 902
252 455
5 913
670 145
247 1110
830 303
279 603
224 1083
1034 258
935 678
849 358
128 180
526 818
104 781
655 261
167 156
478 195
647 877
131 183
474 593
938 894
442 1009
529 640
872 1007
828 207
860 327
450 92
303 128
441 1009
939 875
1109 976
578 737
734 764
948 756
26 200
8 358
599 799
614 403
941 589
153 309
63 497
346 257
945 781
990 638
926 1116
449 458
738 679
521 631
794 662
484 424
290 493
655 734
890 513
349 41
365 434
361 752
622 580
402 433
1092 752
774 266
677 206
535 274
302 141
1033 487
278 343
845 759
307 589
602 510
1043 682
226 494
183 355
791 499
253 338
419 152
581 601
336 422
1122 730
1006 10
865 109
515 930
1034 973
316 753
709 1042
728 303
895 293
222 711
309 367
291 192
144 748
1033 927
635 734
369 774
974 686
661 510
915 878
711 1008
282 186
570 382
400 503
660 987
624 536
463 845
334 176
156 549
660 791
235 308
1038 200
708 402
767 1004
589 529
813 698
788 379
410 703
360 647
1116 103
566 353
1004 942
582 105
937 592
3 857
743 966
861 145
933 625
394 435
1007 656
357 367
877 500
698 105
582 11
897 10
882 668
1123 819
425 747
556 817
984 373
949 154
562 648
1096 127
42 461
786 975
80 865
286 222
572 683
1084 653
607 172
218 938
360 223
444 216
769 665
222 1024
1026 469
585 508
873 260
296 698
196 807
914 1105
460 342
712 613
59 804
1060 868
447 302
924 917
871 847
838 210
170 959
605 315
543 241
440 724
553 477
548 341
1019 119
233 926
706 25
162 974
400 135
375 973
924 894
442 722
952 157
618 845
458 488
422 28
207 741
1095 364
792 974
327 895
727 1043
967 544
537 128
764 226
269 1020
836 591
132 301
541 420
338 338
273 877
436 728
482 26
730 100
926 450
268 804
406 1114
128 703
269 1086
103 787
280 806
1113 333
842 861
97 482
827 399
508 309
866 355
548 730
916 527
776 638
520 289
892 124
826 546
350 392
619 608
163 828
769 162
739 765
1114 829
433 637
1011 864
896 484
709 460
774 371
678 783
394 123
892 755
255 861
348 619
1018 487
1083 239
229 451
482 33
533 567
694 463
178 769
502 227
949 390
515 602
254 558
51 774
310 9
147 666
19 771
877 483
218 690
957 1106
617 781
221 362
998 1059
935 411
1079 699
291 289
803 1008
525 172
736 978
829 345
861 1072
928 1001
67 820
909 555
903 51
508 241
635 308
474 259
278 488
309 17
400 819
555 188
753 658
844 371
744 679
852 130
192 670
608 295
275 647
737 512
906 897
292 821
355 736
776 565
621 237
361 379
165 642
494 184
425 672
617 845
898 980
119 568
341 777
74 722
278 132
402 630
361 980
465 901
873 697
329 264
179 417
585 183
545 625
26 609
546 578
1065 1034
262 3
311 276
190 395
632 370
74 702
435 596
174 1103
877 604
214 950
644 133
176 484
482 672
478 941
396 805
148 885
471 240
128 633
262 1085
105 646
237 1023
443 1080
1069 1008
447 282
431 1002
780 128
968 117
788 673
567 683
788 834
298 276
200 534
100 776
845 833
971 954
808 258
337 140
175 703
69 83
902 604
752 207
768 480
790 285
239 701
338 1054
153 957
849 1046
996 1071
111 211
31 257
4 181
34 845
931 240
1099 976
796 886
202 1086
283 659
1103 811
599 133
233 325
184 334
678 678
910 1044
65 944
1086 5
1020 996
1074 247
575 413
611 623
67 972
34 1057
723 397
213 921
547 909
886 440
363 834
341 310
415 662
106 245
791 397
922 507
154 525
627 677
934 908
928 112
883 1058
480 754
233 642
528 807
354 938
442 731
435 851
914 298
364 342
108 673
607 1006
812 1023
95 680
494 313
329 220
685 672
328 805
318 795
787 153
846 897
506 444
108 537
98 492
531 294
910 540
541 257
991 250
1113 226
753 732
182 409
335 130
292 921
356 728
889 868
315 294
408 128
405 653
370 150
233 460
385 383
683 281
1028 819
353 80
706 446
606 82
346 175
880 421
780 790
509 943
185 459
968 127
502 391
910 720
51 1022
990 574
195 987
73 1003
677 890
171 951
557 969
297 174
219 785
788 879
59 208
521 370
359 859
131 749
821 29
281 801
215 1048
683 966
516 398
370 87
663 858
903 492
1025 287
762 925
201 667
524 249
336 1045
162 439
500 305
306 750
268 548
217 72
268 617
711 374
429 659
900 799
524 928
956 771
872 498
445 997
803 944
894 403
331 487
446 127
810 718
926 207
858 741
316 153
563 828
1114 653
289 715
1074 1063
510 207
258 451
841 352
22 204
121 572
155 369
443 728
883 920
496 539
271 786
54 864
353 784
565 602
691 83
939 187
896 430
340 180
848 1054
268 985
429 573
191 117
907 47
339 304
708 54
364 838
302 720
77 625
148 229
190 1097
380 377
401 471
1017 859
427 346
624 498
186 230
78 351
986 610
655 768
442 873
761 118
905 522
801 731
386 570
922 190
757 592
164 413
574 337
635 216
299 460
761 862
90 388
701 184
793 574
245 129
879 473
510 992
303 301
114 560
329 66
325 324
190 857
403 619
539 145
313 459
684 618
451 615
339 362
110 724
417 1005
231 820
516 580
691 519
345 942
551 163
867 491
398 719
1027 970
1033 267
331 340
695 477
103 826
150 663
186 1073
937 792
327 988
475 542
1106 17
548 679
326 665
586 48
415 638
397 7
975 493
1006 677
887 1017
557 287
130 647
138 182
823 1004
695 238
921 991
947 369
784 621
597 330
382 560
737 426
690 443
59 483
39 970
99 1121
266 776
191 455
760 853
376 715
687 799
370 186
713 1023
926 736
1083 369
1078 993
648 129
246 526
503 177
942 827
752 72
398 870
1003 678
598 348
376 241
790 713
194 405
360 234
722 164
628 697
485 730
431 970
886 489
16 981
943 572
1060 761
537 849
264 222
546 681
1008 634
995 350
973 760
609 398
411 736
828 967
644 280
440 992
225 709
925 551
855 775
297 706
487 851
712 200
58 460
120 535
1078 254
654 351
406 54
44 410
705 9
910 592
912 434
254 848
822 227
997 805
179 630
193 602
189 755
673 731
802 255
402 313
1081 145
872 147
951 672
808 321
800 713
849 1078
911 520
45 686
1015 149
947 715
172 618
484 613
632 464
815 143
681 894
279 235
459 219
274 428
906 232
436 582
258 139
525 304
489 566
846 395
1001 608
680 767
458 187
411 318
470 672
506 875
1016 589
534 269
298 387
456 55
565 918
1026 307
770 437
982 426
782 924
617 266
634 727
435 114
117 870
237 358
446 1022
137 312
758 341
590 772
704 563
1117 638
978 628
229 205
480 178
653 134
679 324
471 148
404 450
831 477
405 831
828 101
800 690
291 383
458 447
814 1082
179 346
833 903
984 796
623 614
280 518
1072 417
794 270
796 911
214 503
1075 400
1106 322
766 299
932 785
1011 1033
862 208
411 481
745 111
252 669
878 708
937 280
754 1082
574 913
784 579
994 358
747 214
534 906
725 834
371 43
618 533
546 155
145 857
320 512
496 643
911 453
414 626
497 855
438 408
236 1040
497 419
484 291
1081 9
114 804
804 317
745 1089
190 758
788 222
547 729
769 353
799 596
789 329
207 441
386 901
952 422
661 1027
358 76
677 646
179 310
376 700
584 517
957 399
356 333
882 955
356 1114
645 416
98 510
132 559
521 449
475 399
796 270
252 899
701 733
307 534
757 524
135 323
1098 151
855 412
140 239
196 311
388 261
889 368
373 839
744 506
516 210
515 851
26 118
1034 455
1056 684
800 358
299 199
154 242
176 199
746 458
26 855
147 224
227 255
34 601
428 733
204 8
1048 437
813 517
566 488
764 203
942 820
533 700
1081 302
474 145
516 144
601 469
827 332
103 248
937 121
649 942
43 867
182 842
349 496
557 613
281 682
851 882
846 407
944 787
659 726
730 823
1037 200
849 548
909 693
455 842
742 847
791 875
170 216
303 822
1051 312
938 189
429 323
543 152
450 687
610 423
1073 705
131 491
658 292
233 492
1018 1050
1050 701
322 628
175 996
237 739
856 286
283 424
352 886
920 704
479 515
809 422
980 144
551 663
209 768
989 840
640 923
1008 101
846 824
110 198
127 1046
873 301
102 255
931 735
185 246
172 131
675 475
587 418
195 86
122 967
897 1012
1077 865
839 186
281 94
161 6
568 532
750 340
356 840
832 639
892 410
188 900
1063 440
1005 921
759 89
688 523
624 163
283 1063
802 392
413 983
399 249
358 685
874 676
959 902
859 287
381 456
159 0
860 366
371 902
202 786
223 332
184 18
758 817
594 392
300 499
954 820
364 484
987 533
546 768
1089 755
271 533
662 685
706 59
54 570
438 661
847 1123
482 842
818 468
617 571
826 490
219 236
233 88
363 833
81 295
858 1068
471 484
294 1012
879 277
575 412
573 425
151 1005
866 321
961 749
550 697
96 639
164 843
951 943
564 485
115 957
519 714
824 1041
40 981
966 1095
179 233
301 662
345 622
726 726
225 434
322 875
411 236
1106 158
847 690
904 298
253 758
634 124