345 74
934 223
19 574
134 113
685 228
1001 396
0 966
1023 550
679 463
455 645
884 326
958 708
520 192
849 774
806 695
677 217
106 776
374 684
331 540
769 639
1047 795
452 726
528 270
46 224
739 414
787 946
440 733
366 757
82 356
954 248
719 835
562 460
631 930
688 703
975 710
828 941
1059 881
141 598
482 836
207 1014
677 926
318 820
538 246
454 316
771 230
980 260
1035 1086
893 304
785 770
253 460
400 81
798 968
858 583
170 904
541 671
254 529
596 505
920 381
673 66
178 548
162 73
23 593
741 1042
682 141
567 416
942 598
173 1016
165 212
580 139
581 58
861 312
211 473
26 692
849 590
342 265
1006 752
952 784
571 690
4 294
1061 618
634 818
233 119
909 341
100 412
114 119
388 148
267 609
70 1092
26 600
401 749
64 660
206 813
467 516
136 1103
101 483
1067 880
217 849
208 228
566 276
67 479
57 211
561 189
225 920
908 271
159 940
576 1001
360 107
118 392
104 721
198 336
368 338
258 71
741 998
210 940
415 669
931 291
330 182
338 223
142 615
71 348
750 508
902 585
725 833
670 849
600 922
62 113
846 1012
863 885
670 552
790 937
96 499
334 483
46 295
753 288
877 495
704 775
308 972
115 622
274 945
778 50
338 223
438 17
623 893
403 7
129 305
1110 1029
837 425
141 999
739 352
533 260
37 377
388 935
150 804
624 583
673 390
559 977
433 647
375 568
1012 842
880 64
950 806
1017 998
181 1030
196 1100
804 1066
870 674
141 1074
881 484
639 847
947 733
271 571
339 471
604 122
842 600
643 165
564 746
1009 384
1103 770
931 131
232 325
720 833
268 51
223 930
1013 101
147 979
221 239
994 698
755 492
688 970
197 164
899 476
350 173
142 535
152 730
799 1117
147 665
152 184
719 446
962 1003
855 467
185 920
863 881
1061 393
188 783
212 227
962 696
831 629
469 816
181 773
60 905
954 1068
754 863
145 855
119 919
19 1110
478 215
863 391
975 830
730 989
912 730
771 808
519 307
167 884
383 29
171 1023
851 453
796 413
1002 799
930 885
172 516
313 784
496 39
808 135
919 425
593 262
857 788
1043 344
942 541
420 545
775 346
1111 270
653 168
914 852
238 915
584 537
86 900
489 418
384 428
318 896
46 629
968 771
661 1012
555 860
910 573
734 968
489 688
518 347
178 487
274 673
501 522
768 439
829 1055
202 761
810 190
809 444
444 686
658 433
1006 299
166 283
622 284
924 912
109 744
224 686
1091 721
1077 463
789 1067
989 402
426 715
441 908
470 4
877 768
984 979
143 877
755 216
313 638
920 193
680 163
219 295
552 302
438 129
846 985
849 216
563 253
483 990
1053 564
308 551
441 340
852 692
298 555
1080 597
525 876
723 597
169 801
391 919
153 850
116 542
26 142
437 526
745 359
1009 210
427 788
360 222
113 322
247 1115
618 433
261 873
923 973
279 255
1030 316
385 258
264 500
534 958
528 112
737 288
316 946
733 705
517 946
862 339
286 659
993 677
599 264
674 739
404 905
796 712
94 502
113 44
788 123
194 16
312 274
257 470
339 371
941 728
792 352
311 78
327 907
466 775
763 270
599 77
472 649
682 354
162 660
856 926
956 177
1010 538
409 186
861 972
387 946
107 697
827 924
189 116
214 471
666 989
604 309
364 492
1084 957
1081 788
882 422
912 866
145 394
781 11
142 552
317 695
691 810
990 541
551 1008
569 192
559 731
930 343
642 815
297 587
1071 667
337 253
189 944
866 575
453 481
1090 921
410 841
453 605
970 297
205 411
1023 381
208 519
31 159
672 924
374 836
726 176
1080 117
91 283
685 794
279 1021
831 895
571 785
613 900
169 1020
753 919
130 993
458 287
1076 100
873 558
117 853
669 1043
955 677
346 329
493 404
492 589
289 802
702 137
1119 143
1021 577
197 479
379 278
580 279
727 829
323 270
475 429
594 325
998 152
885 88
264 817
464 144
179 944
594 697
961 264
86 827
200 744
706 908
1008 955
539 1024
348 63
359 125
759 774
333 692
145 551
898 849
555 758
1021 57
109 558
1105 394
345 1077
648 554
842 225
654 852
727 135
1007 242
824 141
838 519
166 544
375 944
493 614
671 275
504 973
410 321
865 906
297 91
1029 167
925 189
830 917
399 679
697 355
40 1000
257 144
1043 919
342 484
921 320
349 638
533 354
592 807
33 857
344 590
864 435
470 694
253 143
172 620
779 230
1075 1078
366 232
544 316
810 996
424 1114
914 808
648 1004
343 992
1033 236
425 202
952 226
669 863
1100 843
456 214
923 519
144 654
962 527
681 453
329 339
883 406
901 968
225 686
987 388
808 598
330 860
649 178
427 940
204 449
836 956
510 556
929 954
664 626
398 865
258 642
291 738
29 852
792 151
624 708
60 567
854 529
264 16
635 280
930 795
145 197
486 627
104 198
908 967
829 89
682 881
31 838
549 307
722 1017
394 431
870 582
340 589
252 157
554 977
374 176
701 206
704 338
133 313
972 63
271 407
886 410
872 330
1001 832
815 615
14 408
349 90
787 4
581 432
353 295
935 595
786 448
107 595
917 1039
689 243
763 461
775 470
91 446
81 650
713 391
790 984
995 877
992 1118
359 837
1023 1115
923 310
606 673
807 338
205 945
892 583
283 425
910 10
260 258
996 565
493 55
613 851
322 636
342 576
851 738
810 402
743 674
121 421
230 283
493 685
73 847
665 701
62 709
371 299
662 1064
677 223
195 141
231 236
463 706
175 453
7 144
292 494
804 386
1007 60
109 455
476 580
1093 984
148 1021
816 528
716 716
240 689
646 508
348 539
949 266
688 1008
794 921
316 271
1053 417
669 78
837 392
84 487
12 372
846 911
1070 526
718 126
88 1057
442 63
419 819
63 160
185 811
501 457
568 130
511 265
469 632
861 258
963 1100
336 579
981 197
232 955
589 952
280 747
742 345
383 906
112 557
843 1012
954 486
1056 347
1043 423
855 546
4 666
874 296
326 807
738 786
768 500
1010 107
503 834
653 797
160 443
790 420
213 146
124 287
128 489
357 495
245 705
718 391
395 813
204 539
204 73
793 859
851 533
1053 293
226 949
611 828
37 777
1080 38
271 10
1017 665
722 860
107 677
292 632
455 346
408 381
396 721
254 960
490 193
663 484
627 301
616 921
1011 848
101 466
938 344
564 163
343 723
634 770
910 217
102 883
492 969
325 268
946 1038
749 536
1078 369
229 884
1020 78
339 918
848 385
368 881
787 465
573 985
381 948
543 620
573 383
142 778
292 504
504 802
325 552
639 149
428 116
275 643
542 523
653 853
777 744
326 782
1106 335
323 281
360 702
233 959
384 7
403 808
989 785
171 269
812 538
706 697
1069 420
107 547
1005 564
933 634
913 109
351 976
871 101
572 453
853 1094
1121 801
606 299
683 147
342 826
668 305
724 824
780 590
655 958
179 732
530 173
1091 690
34 758
667 749
225 976
66 1113
973 340
1101 187
480 897
381 305
414 670
149 506
736 895
791 191
761 684
1077 865
371 994
83 707
273 877
962 211
563 904
844 426
257 995
278 180
269 232
837 396
698 98
133 199
760 322
934 1008
96 597
936 719
825 561
557 116
106 697
925 138
260 21
877 934
6 160
164 822
238 446
667 652
563 433
956 268
937 894
556 425
427 395
644 110
438 718
905 558
343 660
26 929
97 239
939 1012
814 302
160 364
836 260
247 873
400 1104
481 1095
117 901
1011 246
977 1026
97 327
1012 761
959 152
647 370
146 728
479 365
785 214
768 74
1072 726
746 237
109 715
284 584
230 962
261 341
578 613
747 749
583 928
248 1016
667 92
1115 703
22 313
121 538
411 546
5 774
797 831
790 406
513 858
537 865
986 1004
263 1015
609 737
252 564
238 216
973 732
825 1055
505 1040
420 612
115 133
865 863
708 1066
48 427
815 1102
448 958
214 741
189 677
698 1094
408 1011
402 84
942 715
335 810
653 653
421 366
182 418
884 211
859 66
966 524
16 432
752 148
164 431
758 953
176 309
111 439
3 1013
34 618
591 622
698 131
616 394
840 435
179 33
456 1072
161 102
712 398
676 9
1032 1010
1094 676
608 136
1057 362
870 912
546 742
583 315
777 390
781 1047
732 481
813 324
50 232
614 538
847 852
519 798
950 513
600 1110
1091 71
867 246
121 1099
620 38
817 406
386 254
932 680
474 366
563 728
126 1035
349 616
342 1055
274 799
426 502
781 961
245 565
897 189
702 559
248 88
489 628
121 189
92 188
985 955
138 200
691 280
636 831
683 851
594 422
304 203
262 38
113 369
840 106
790 1056
578 600
903 355
194 974
236 481
770 655
926 775
964 728
922 329
274 744
900 198
586 466
754 138
259 494
938 825
261 1046
636 841
943 924
708 942
385 27
411 102
209 829
573 661
517 570
82 1043
315 302
896 610
95 246
509 550
774 555
128 320
211 705
577 222
980 768
729 100
557 932
623 57
1008 309
780 171
598 675
309 542
890 987
911 814
229 468
1023 179
698 464
699 906
398 974
488 569
370 653
1116 687
429 1030
114 737
154 1090
821 190
958 942
1102 115
107 1045
633 571
1046 980
382 371
240 934
547 298
102 644
33 495