420 713
788 913
848 1061
438 845
697 103
1053 120
553 645
946 344
279 711
295 797
79 575
409 130
284 178
116 403
443 263
992 1055
613 388
841 880
773 261
703 690
30 810
351 1098
492 107
920 560
727 495
475 568
132 413
361 981
714 565
966 899
247 301
146 299
744 242
221 298
344 516
923 999
886 1072
242 278
111 419
945 887
146 795
393 410
119 750
416 149
34 184
556 842
861 613
350 395
278 505
152 546
562 504
1024 106
439 640
366 483
676 439
579 922
345 421
835 485
69 686
40 191
429 545
720 214
917 1014
840 455
1051 385
410 715
502 861
585 997
494 126
315 1017
469 104
407 380
957 421
463 546
598 999
604 987
744 1114
472 549
634 353
664 457
668 626
419 1023
81 602
130 510
675 917
881 458
710 766
329 263
816 850
1015 176
893 515
980 411
890 786
206 451
571 899
919 600
546 403
155 435
428 377
815 605
607 472
472 693
738 1032
1050 739
921 419
129 218
1098 105
844 900
1026 769
312 1013
991 975
143 859
1076 1072
170 962
840 619
568 172
612 815
744 982
81 781
752 951
324 516
463 269
814 284
401 227
967 376
320 144
111 1057
957 812
603 717
185 802
1012 68
970 146
933 896
969 812
900 208
28 45
328 649
992 1104
868 687
229 275
753 888
653 361
242 858
954 112
542 627
1006 560
374 320
443 438
267 716
884 733
410 602
839 235
287 826
68 307
243 873
441 924
105 597
903 636
625 272
352 321
744 362
154 565
663 72
920 938
561 181
431 273
826 533
560 1113
634 626
555 887
530 264
501 723
597 370
22 2
462 426
921 505
605 124
430 706
507 344
1034 603
774 576
452 989
459 486
446 482
696 935
93 529
1086 1018
58 186
180 695
194 199
130 68
568 1083
6 205
328 819
844 122
499 981
44 184
121 1073
162 217
119 875
878 736
418 41
1016 934
302 453
1038 625
19 245
803 63
505 643
363 394
1066 251
917 906
257 484
476 650
24 386
102 632
102 988
407 280
794 230
286 884
1091 444
235 853
913 178
737 227
451 409
21 726
570 795
475 252
430 530
710 703
615 555
414 772
999 1054
439 308
133 882
535 8
864 565
977 422
196 322
193 241
648 867
396 28
922 540
452 128
324 64
459 345
384 331
468 457
173 249
949 158
947 390
104 691
768 817
245 248
212 822
462 582
971 104
566 708
329 324
894 43
266 988
155 549
970 990
431 715
702 693
687 317
716 658
440 445
313 638
361 1041
106 728
936 341
792 404
767 438
1111 868
842 826
583 622
143 43
221 14
299 216
977 506
423 378
881 329
454 1060
782 336
383 145
844 863
1091 250
335 941
524 376
540 1018
376 404
581 848
490 902
177 588
434 1110
331 879
42 684
392 713
529 950
395 452
631 168
515 585
584 170
344 410
323 18
647 531
327 546
587 73
820 253
429 480
235 814
446 958
749 218
851 433
184 986
683 347
906 551
536 685
333 499
868 995
114 560
698 725
517 300
141 551
474 454
796 862
329 292
883 910
469 800
624 266
1058 1017
648 100
226 398
145 953
971 560
853 34
733 629
429 873
1018 505
911 877
946 1107
547 2
490 896
1030 901
433 1073
593 822
802 853
125 145
489 250
888 404
106 855
372 253
617 654
414 852
878 1031
649 483
1015 898
475 148
574 370
964 783
423 24
844 893
758 512
307 872
1093 543
212 104
482 597
521 670
455 30
854 166
931 41
83 1014
587 941
700 798
208 918
751 655
1097 141
499 991
517 733
956 51
371 75
428 91
16 178
349 170
308 624
965 189
1002 935
293 434
309 413
766 901
210 928
304 115
535 886
965 173
2 1114
917 80
133 639
266 241
423 208
950 589
771 75
827 779
130 712
868 218
830 94
122 734
331 240
692 541
566 830
866 512
330 884
358 839
208 530
757 65
389 491
350 1067
84 825
353 1040
763 629
674 658
749 1084
502 304
634 752
721 250
44 201
178 769
116 760
36 977
828 11
885 132
384 106
668 111
783 574
925 276
728 683
1064 857
657 869
475 194
964 389
1109 878
915 900
757 197
890 106
873 439
260 356
114 646
263 1027
859 527
3 37
497 549
293 369
319 896
352 224
226 244
202 958
347 740
1121 850
403 1018
159 224
611 16
1095 229
596 1100
290 822
957 581
370 310
131 1098
1030 337
545 179
313 240
338 972
123 479
1067 547
353 590
252 935
395 531
244 610
396 741
963 230
728 735
141 933
323 88
429 839
613 701
828 0
204 282
242 957
194 592
920 690
443 577
592 252
221 336
146 615
348 837
999 952
818 671
271 412
995 820
734 421
584 359
691 553
692 639
268 890
583 892
1096 379
770 464
247 282
405 411
307 1001
488 1003
969 814
823 460
115 241
633 208
949 141
442 695
729 827
371 490
119 299
1103 38
550 484
692 259
897 982
176 902
749 291
69 168
623 163
1008 864
1121 984
42 310
116 295
287 21
248 250
1046 590
842 332
1018 601
538 598
1016 388
23 555
485 434
195 99
709 430
994 17
613 1034
853 766
734 941
618 154
931 746
427 392
916 693
847 701
752 856
244 1079
385 683
671 570
525 718
509 452
165 321
363 691
925 1004
231 391
512 189
903 77
974 157
1086 687
7 161
589 900
662 246
841 851
606 368
859 845
699 855
647 200
588 878
560 143
160 218
563 718
1046 1072
147 588
933 662
265 739
1110 662
524 660
57 1102
863 624
784 649
433 451
895 602
321 790
99 376
859 1015
631 847
545 923
299 203
598 928
853 574
708 694
349 760
484 564
711 1105
211 1076
422 784
955 908
906 832
311 927
979 563
338 309
554 1006
1094 898
419 150
408 523
703 752
199 871
619 901
750 580
224 485
613 11
929 205
295 739
132 368
621 52
993 140
575 225
1050 510
920 689
869 284
801 280
398 56
714 528
520 37
928 202
629 628
146 600
991 102
191 348
621 750
467 595
430 998
905 689
188 96
268 202
158 195
954 494
238 346
657 120
341 193
51 942
294 705
416 520
885 533
330 729
962 586
337 605
1056 214
792 1097
696 259
587 968
630 373
225 563
961 459
656 718
391 320
127 345
482 981
517 481
989 240
872 759
740 462
775 449
862 101
179 465
40 291
563 117
592 438
311 885
432 754
1040 1075
389 787
29 648
330 26
143 42
157 850
89 373
569 824
610 721
690 76
1060 881
119 724
562 950
532 912
941 505
777 589
1111 807
742 392
851 355
333 373
212 875
410 177
133 329
83 755
772 915
13 851
82 336
285 376
655 355
145 174
1105 586
651 185
194 849
778 490
603 668
396 981
1103 1070
885 276
460 410
689 228
803 120
783 273
421 956
689 874
913 372
135 946
37 871
741 1043
850 1115
806 61
923 487
460 27
940 314
812 374
494 402
905 770
793 329
190 653
38 1012
608 299
386 676
453 809
608 323
828 718
686 852
354 717
221 394
886 910
718 534
591 188
947 1098
308 863
468 924
374 641
923 510
307 67
421 535
334 538
809 766
409 818
741 939
697 159
840 782
286 893
351 940
17 1105
331 274
196 313
667 881
364 316
301 689
49 469
810 167
555 460
1114 963
390 914
1101 362
833 254
563 49
875 879
926 225
1114 537
398 747
971 936
177 626
434 192
132 995
253 296
953 798
227 519
930 55
1062 277
161 598
289 728
472 603
516 675
327 960
245 128
677 266
70 218
648 581
666 1122
297 649
394 874
974 911
515 627
97 779
739 655
289 657
628 308
814 915
392 683
162 784
1081 107
718 662
502 753
1091 506
174 299
674 749
347 209
893 310
14 696
271 538
967 359
116 412
560 876
333 801
1000 781
1016 952
607 820
347 696
591 292
974 267
115 780
921 459
638 887
458 219
398 895
468 1014
725 773
640 797
636 127
525 409
195 938
347 545
364 676
570 1099
345 647
133 487
627 844
820 811
744 683
766 995
904 879
128 423
1054 210
496 701
658 959
694 610
778 438
92 435
327 480
909 862
1103 306
412 565
1100 699
1117 166
692 1007
863 1001
169 1073
699 844
929 53
364 141
291 728
272 963
348 844
163 471
637 240
651 562
757 876
251 951
836 1059
890 782
137 503
822 802
536 300
757 790
363 662
773 707
271 662
868 583
938 160
285 753
1028 254
667 60
100 179
66 835
804 992
1045 1052
382 94
496 394
186 968
702 809
898 146
1037 527
875 967
360 435
916 206
876 879
373 418
847 726
275 400
1049 1121
862 357
565 22
242 390
615 325
632 492
407 175
844 499
461 913
486 859
405 251
351 779
870 179
547 916
678 867
959 633
213 779
123 890
738 310
534 184
949 110
219 739
1054 241
502 1077
397 653
865 314
132 764
628 405
849 42
459 442
8 299
489 898
1004 777
185 989
484 402
292 564
720 972
425 563
836 882
774 1087
150 782
343 36
315 958
614 55
907 1080
918 814
781 924
174 3
1107 560
339 666
771 372
189 471
46 1078
525 165
114 732
901 592
1070 837
888 890
228 906
232 346
31 329
1013 38
477 267
631 579
1011 98
626 243
519 691
975 532
690 726
942 768
158 86
118 634
415 732
931 940
757 166
983 869
485 705
249 332
408 1010
790 283
490 839
105 1014
696 844
375 314
136 593
885 843
266 620
230 548
559 528
136 456
312 241
442 192
904 586