850 886
624 291
762 18
567 658
1008 123
1111 339
309 481
1012 773
488 436
699 375
447 298
560 126
644 916
934 79
776 629
1067 1117
606 174
484 277
1076 1081
507 72
723 412
583 618
860 85
941 847
785 653
428 729
869 987
965 831
738 308
340 372
1100 502
1042 720
1030 1075
588 537
949 604
343 830
1059 372
549 464
357 894
275 38
318 952
908 175
966 332
186 71
582 511
931 753
28 520
330 916
905 765
615 1104
806 773
55 322
7 492
120 970
503 1023
627 769
505 989
380 364
236 998
599 372
825 308
155 783
615 274
648 881
477 500
156 491
644 747
483 975
170 612
615 744
687 556
814 953
233 1026
378 622
224 870
484 971
1090 622
117 1080
205 380
541 686
155 513
1101 611
79 1062
159 839
241 882
796 206
858 1
622 485
821 559
79 932
775 309
169 270
612 651
247 1105
1088 370
943 309
776 570
225 225
665 995
219 280
155 543
478 420
257 799
281 1071
707 431
708 1012
142 581
411 74
786 764
794 418
349 1042
256 300
733 251
680 794
178 394
128 1022
122 637
693 402
172 289
797 303
255 585
807 329
763 329
252 1091
309 568
791 566
813 781
759 700
931 439
738 143
66 131
648 959
1079 80
393 900
866 956
548 778
786 1027
425 642
85 648
281 1116
1000 1039
68 1107
523 492
227 653
225 809
559 1039
296 1079
649 882
313 549
194 890
555 882
393 585
414 615
939 274
677 928
155 605
858 512
971 875
258 432
622 229
544 487
855 225
868 233
617 88
935 504
264 767
528 145
612 423
114 1116
340 855
1010 526
465 978
1005 814
883 423
792 324
739 976
406 476
426 552
901 878
326 768
22 426
899 572
25 565
689 584
145 9
179 963
423 827
494 639
666 670
627 303
853 270
1050 532
398 207
448 785
253 860
658 996
792 803
316 345
967 145
891 471
994 56
330 947
934 601
464 1027
888 82
165 1066
194 381
75 759
1054 245
450 741
1032 105
55 715
308 51
313 728
693 1045
268 683
594 178
760 536
540 410
118 911
820 42
656 279
529 1072
890 132
207 490
550 145
1017 825
368 268
904 339
899 978
345 585
840 219
265 92
645 1017
369 978
135 560
1111 524
348 722
843 693
859 386
809 373
589 172
31 120
401 201
219 499
867 793
576 186
29 784
744 352
185 279
617 616
841 113
674 483
577 633
609 275
842 889
691 316
256 879
736 164
990 935
1101 242
543 485
364 683
308 1010
1053 228
604 100
79 889
519 919
240 916
919 564
755 433
595 240
758 248
261 125
366 69
803 504
1091 335
897 345
1043 913
745 552
335 914
54 448
910 676
861 549
375 777
646 43
965 759
334 815
1004 402
294 798
986 46
1052 366
230 1046
847 412
1044 581
368 843
1030 306
247 627
453 624
959 483
606 306
550 849
578 1009
884 576
966 256
1066 128
246 737
157 933
511 866
339 189
287 683
622 308
523 74
695 141
455 143
753 318
90 389
751 876
658 544
667 234
866 109
216 939
617 967
106 1062
213 950
948 120
208 829
333 857
1057 36
734 1103
82 533
300 66
594 852
794 785
668 48
433 757
471 415
834 269
146 331
715 1067
400 762
666 214
245 209
815 578
150 904
357 767
148 829
70 827
157 157
125 380
797 135
368 968
685 702
599 859
368 109
777 323
899 91
780 1006
661 647
1118 554
145 348
626 556
52 872
376 946
922 771
177 758
797 399
1058 971
317 978
183 804
916 437
302 277
481 405
212 148
696 443
160 37
438 138
799 27
314 283
411 449
832 906
1023 390
656 813
505 105
410 771
458 451
1021 856
567 580
305 886
217 451
609 686
548 525
400 475
210 500
429 1023
741 816
412 182
301 544
200 109
583 391
595 539
672 429
572 497
953 996
1010 896
899 374
196 470
973 474
549 531
133 223
918 487
572 427
311 742
245 778
919 406
179 428
105 576
953 207
593 519
1078 311
201 520
731 947
194 922
485 1076
898 1117
606 515
1086 346
902 576
153 1033
717 547
518 178
509 165
538 888
125 562
203 626
760 996
545 22
679 818
868 566
439 483
170 223
623 972
330 673
325 122
515 494
847 264
435 324
781 724
859 640
388 952
171 810
838 405
651 1054
688 395
311 714
163 830
678 709
567 892
610 409
544 11
208 992
978 236
601 147
51 549
948 108
319 169
750 188
619 1009
656 354
830 621
536 160
213 879
767 690
918 222
1043 160
422 786
559 996
926 725
352 365
67 352
417 534
628 454
843 748
137 870
334 752
1082 510
180 230
661 795
828 177
699 1014
479 423
961 232
475 443
171 526
212 859
377 393
977 500
484 157
457 202
583 328
576 780
202 515
238 290
167 110
230 842
704 343
879 119
956 782
699 559
177 434
674 733
341 398
343 48
112 120
355 161
569 916
101 712
183 524
832 888
827 349
739 1092
268 702
113 1049
495 298
492 630
376 1002
621 318
755 82
323 658
710 438
605 295
91 465
1092 83
714 317
319 835
1018 624
672 487
863 631
326 360
274 741
406 406
824 733
249 652
839 1118
893 240
440 583
606 154
341 251
848 405
458 957
282 118
706 592
862 955
394 426
473 985
125 592
850 172
441 181
942 904
34 637
146 565
13 102
434 722
923 216
28 119
830 438
984 1025
636 854
554 457
243 828
1074 285
924 984
337 125
547 259
183 124
406 787
937 710
140 826
848 87
805 575
913 736
336 147
1020 875
381 505
523 1113
379 570
470 381
427 607
754 320
718 442
1018 109
161 139
968 604
695 493
832 193
524 401
52 696
423 851
543 900
443 879
136 305
210 42
595 705
1011 943
358 487
771 290
52 1066
877 811
212 240
813 933
316 840
810 1085
1062 488
683 510
370 575
748 978
810 602
201 565
556 496
358 467
870 209
440 356
312 791
340 379
604 874
734 536
564 185
808 149
471 599
68 203
1071 248
694 1019
889 158
158 384
1003 850
585 527
987 854
343 167
943 31
800 325
901 688
986 199
329 152
411 920
102 486
762 978
253 496
471 656
764 258
435 665
149 17
233 555
480 375
806 957
256 1058
239 1104
86 940
545 640
225 507
249 805
314 1067
853 796
696 688
34 235
828 784
110 126
313 467
224 988
926 388
447 208
872 83
692 836
181 919
211 653
718 374
220 229
122 559
445 444
202 473
859 417
802 431
633 802
918 225
888 533
905 43
744 571
826 718
63 712
128 1109
472 1037
335 966
186 359
699 683
858 275
484 647
969 877
1041 774
827 610
795 450
836 124
136 142
107 797
778 453
312 901
746 385
241 560
716 126
813 413
229 495
660 329
177 288
438 790
950 480
347 818
1072 703
423 698
594 885
15 381
895 190
555 164
987 1026
388 369
502 346
172 998
755 482
596 45
267 379
685 260
568 516
907 110
86 587
975 238
198 749
684 1039
1087 446
496 299
528 193
170 248
222 659
490 769
419 549
608 246
928 198
910 334
512 1016
818 1034
539 460
1123 346
149 186
217 281
492 301
947 226
266 165
140 377
982 503
781 510
382 718
641 189
377 820
710 669
691 452
336 420
518 684
627 708
984 419
400 421
649 373
92 115
806 150
288 99
375 749
860 592
780 230
640 515
664 738
155 921
569 1044
629 645
1057 776
723 822
658 735
504 367
897 253
315 131
763 380
464 191
457 89
419 123
724 678
547 21
790 799
342 745
1023 395
209 254
143 636
703 629
593 733
1050 352
486 490
676 446
130 751
1034 237
213 817
670 202
351 726
308 430
1059 362
319 823
838 949
836 270
315 914
931 397
138 391
780 692
170 715
736 201
576 457
1008 53
675 393
1057 194
820 692
570 585
545 845
159 696
861 600
326 1021
1069 1020
675 267
216 709
151 768
620 807
53 1068
1053 623
233 154
456 824
496 944
902 210
188 126
830 182
956 407
167 795
728 216
234 203
275 415
700 637
643 1076
232 961
237 368
566 666
972 617
785 647
600 1045
735 1016
324 1110
730 538
156 156
269 810
192 806
256 873
1083 754
1093 688
648 153
389 479
846 862
908 1044
707 235
819 462
887 519
46 708
857 483
1062 596
237 220
566 841
967 1072
754 317
440 173
360 257
367 269
334 308
418 60
988 82
517 590
567 388
698 333
94 705
643 365
859 216
469 130
398 384
182 182
842 944
776 630
832 626
526 919
328 735
559 563
669 703
250 903
534 525
454 707
640 428
106 433
796 386
830 308
154 378
83 939
269 40
233 1013
180 392
415 299
978 777
831 491
854 830
378 113
277 1109
205 221
275 142
1078 696
113 711
330 28
100 348
872 493
552 356
161 212
161 673
920 826
1011 217
877 427
258 1005
341 538
220 821
557 938
700 1049
719 794
39 386
736 1008
850 815
419 878
770 450
934 185
341 422
19 1005
1022 220
889 892
210 672
851 453
1032 676
720 210
1052 145
733 142
1013 341
240 311
841 637
790 11
320 969
698 133
343 551
359 364
647 667
75 262
983 466
213 485
1036 235
220 509
290 905
201 796
954 403
290 238
922 780
320 184
1035 619
939 528
816 602
332 479
53 215
563 753
931 233
217 419
655 1096
256 210
249 433
633 445
909 313
850 311
259 675
513 724
970 539
288 409
225 1072
441 877
261 411
5 454
1053 188
496 38
336 321
292 51
137 169
406 195
540 1001
52 303