529 201
714 483
453 377
90 387
530 231
308 176
663 787
706 508
719 481
119 214
798 145
355 321
400 1092
1083 251
735 264
193 779
862 571
815 369
950 452
949 467
208 776
482 801
561 971
195 121
614 96
452 327
903 487
423 593
724 144
691 480
572 189
112 428
610 1074
942 150
327 453
840 647
702 735
566 708
275 458
303 169
893 968
920 77
549 875
847 210
994 53
388 982
753 414
169 533
680 1029
609 436
643 552
151 685
387 544
535 625
29 1061
428 1062
629 770
475 752
835 657
471 776
876 79
470 901
1030 654
948 785
868 670
366 735
640 656
746 8
446 269
236 23
932 536
983 840
313 693
941 434
644 267
648 895
265 765
866 299
24 762
366 805
226 229
567 833
327 591
941 1011
182 436
735 151
785 709
457 183
498 137
310 474
531 1002
1044 163
61 110
238 858
877 577
865 216
587 400
235 1075
626 942
704 827
659 114
919 489
254 261
956 588
459 166
711 315
1016 877
896 647
790 945
707 335
807 917
103 342
739 1050
946 793
261 261
204 284
680 589
892 614
224 322
154 284
580 53
1030 47
888 124
516 744
304 274
890 670
489 311
438 132
611 728
708 684
678 715
195 697
477 257
118 534
543 995
81 353
173 606
604 104
511 255
121 810
119 700
489 386
286 754
808 331
84 228
393 1
726 356
158 191
921 348
781 650
54 158
139 997
839 326
626 394
245 903
277 144
912 953
841 657
269 1097
552 146
172 805
473 968
531 444
498 873
892 224
457 487
443 498
359 859
610 1050
174 191
607 724
190 680
179 994
787 773
895 268
1009 68
423 643
476 263
109 684
833 710
629 994
274 984
533 189
461 607
317 765
698 813
906 76
858 948
695 503
782 680
474 288
717 5
26 1013
202 738
357 241
25 126
293 874
1040 732
415 160
685 441
809 539
1021 510
536 493
695 578
1033 392
849 791
328 747
623 895
797 678
163 159
921 130
25 569
892 370
971 319
648 802
394 445
903 249
502 571
307 522
920 404
715 898
582 634
689 215
219 858
807 1118
119 800
222 495
492 887
163 682
843 811
49 530
498 871
1088 929
647 355
740 927
880 822
563 712
388 760
890 331
969 1117
245 112
567 512
1007 157
504 399
748 249
1081 961
457 868
608 495
994 345
479 73
369 1
733 87
295 922
211 774
431 688
669 723
730 345
385 629
400 1014
48 163
736 584
763 981
139 968
621 1019
1068 1005
790 1011
69 22
298 711
259 479
299 1001
342 876
491 960
189 224
215 556
872 865
816 607
989 886
955 1000
799 644
655 1075
494 865
916 165
967 1062
687 557
214 384
948 566
983 973
560 942
573 364
767 110
597 583
928 256
222 540
415 327
378 777
923 242
1001 445
593 933
1056 976
24 809
808 972
630 808
580 143
790 837
715 771
707 297
394 1038
752 77
290 376
369 173
439 617
85 460
907 876
909 292
309 411
737 1045
640 891
985 1109
402 453
502 813
162 131
746 869
1025 1056
776 987
507 884
312 432
471 270
262 123
953 468
281 256
685 825
158 240
32 1086
437 866
199 758
285 14
280 222
675 772
591 128
356 819
572 503
603 850
361 863
500 1015
508 764
715 841
309 242
287 353
253 507
211 664
748 228
1061 782
1080 1103
896 896
723 196
29 911
717 745
324 97
584 453
941 744
988 751
340 387
309 144
77 410
1023 179
617 1088
94 216
900 120
298 957
384 1026
908 1061
1065 126
363 1075
570 278
547 167
271 134
735 371
380 762
206 910
358 914
194 640
112 609
1059 1119
764 789
884 1040
11 946
779 880
673 832
500 354
133 749
514 109
904 441
594 464
644 621
494 214
583 23
365 255
257 835
327 769
839 616
173 288
697 440
591 526
382 429
239 883
365 510
230 50
863 775
23 526
458 877
1021 676
57 1067
1012 227
242 579
378 641
188 252
718 86
946 316
233 869
214 843
751 914
186 631
489 857
23 268
535 182
896 254
1058 779
130 880
832 952
765 363
154 1062
786 635
531 890
534 357
779 736
931 206
71 937
564 129
573 156
98 620
253 494
501 237
1092 370
664 402
493 971
153 811
484 545
931 137
334 115
85 361
174 996
251 953
426 415
419 66
665 145
739 482
176 481
1000 631
9 686
318 1050
104 31
1117 459
704 271
442 431
104 729
1023 1097
475 886
1020 858
1013 470
368 413
424 740
994 54
985 533
275 174
541 826
63 226
313 1024
419 427
1015 1087
575 375
365 916
989 33
7 551
333 525
805 714
385 998
990 288
935 412
155 145
413 22
839 191
581 553
100 370
162 295
719 121
662 200
900 187
693 933
753 576
65 857
1016 903
383 1118
725 740
634 816
995 1088
734 252
399 827
159 640
1025 569
642 177
744 1058
491 395
864 938
848 1009
24 894
594 1017
757 593
467 916
310 890
163 442
730 1032
574 224
734 768
821 796
774 755
123 913
839 420
570 325
16 708
119 933
411 617
23 949
165 572
131 580
925 398
618 783
356 495
1053 268
406 0
967 391
642 337
853 603
257 870
408 639
533 1014
808 535
719 147
908 930
153 527
793 923
87 152
475 91
490 257
227 204
871 644
253 345
503 842
344 587
296 20
743 484
894 163
901 194
239 1093
345 3
572 999
507 830
108 253
727 338
501 229
568 297
629 756
807 91
254 238
924 244
686 494
352 344
460 951
885 200
109 1084
174 638
509 376
19 254
576 506
68 750
780 130
652 676
298 844
557 249
455 893
841 660
156 833
732 934
477 406
543 259
230 102
883 323
935 528
552 477
580 893
632 1030
696 704
879 362
747 481
571 833
947 728
935 946
506 629
401 532
728 1020
949 157
195 1065
393 396
1058 176
897 681
803 616
873 693
638 647
426 673
863 728
437 894
888 750
799 428
293 496
1113 557
1040 223
646 700
775 74
918 232
297 687
360 411
759 1103
561 927
1035 353
515 882
630 636
132 290
740 591
631 501
90 28
106 500
276 664
594 790
347 475
971 254
154 365
548 201
296 493
1098 239
197 594
323 261
877 232
754 981
184 228
729 211
22 865
414 181
485 206
273 812
829 317
17 888
766 722
221 125
299 689
158 1099
469 518
1075 799
148 603
837 831
744 660
795 732
620 549
352 566
274 1081
355 972
318 863
326 508
743 199
187 654
962 1021
608 556
351 802
922 784
595 743
623 767
87 734
1015 330
623 722
235 386
782 880
440 64
262 793
1044 563
702 306
550 373
442 856
748 859
333 849
343 822
653 1011
398 878
909 742
227 434
200 1068
649 477
960 606
480 423
226 296
425 453
298 510
519 375
202 677
557 589
330 760
740 515
235 596
800 908
785 343
937 80
605 901
493 753
374 313
259 158
200 287
1007 210
169 151
900 597
209 298
73 476
409 32
832 183
25 592
463 769
363 316
528 952
205 1016
283 358
1091 233
594 345
191 186
197 409
844 1106
70 1046
486 855
687 161
136 722
378 154
732 1072
926 766
293 597
480 805
264 1014
671 515
675 807
1011 884
208 654
951 299
615 498
565 203
881 692
775 322
569 214
748 313
766 336
281 889
363 177
785 481
944 776
853 275
840 617
1055 1058
468 528
12 696
739 771
442 600
75 545
1010 857
149 370
389 926
835 847
231 578
723 384
219 500
690 1067
625 249
655 538
575 276
350 395
270 1000
1020 579
667 170
164 155
86 699
712 175
101 1033
246 224
986 857
472 225
1030 197
443 790
324 546
271 543
609 835
492 949
128 611
473 185
162 154
247 631
676 147
505 406
644 963
608 307
997 601
92 536
106 317
369 421
544 1010
194 739
175 389
691 167
978 976
485 537
918 36
1004 84
416 664
1067 463
1034 765
456 669
592 263
230 433
799 665
858 965
846 276
473 1083
152 1018
955 227
237 1009
144 677
830 0
568 611
403 961
173 1025
784 981
725 1050
100 979
510 692
541 107
407 218
683 1071
356 559
171 211
270 310
367 925
931 754
964 381
310 1003
707 230
482 979
252 917
431 905
1019 415
915 773
428 166
152 242
961 363
1014 298
946 905
689 218
513 601
1030 687
975 193
807 238
378 241
433 880
271 524
444 881
162 937
385 144
229 1085
380 918
918 751
375 290
116 115
1121 1034
787 91
886 962
743 496
858 570
354 169
455 509
410 442
41 836
945 410
496 998
398 344
436 996
464 549
836 624
177 816
782 730
654 191
539 21
148 320
1029 362
153 261
393 612
3 170
350 821
737 794
1113 240
368 543
351 16
497 370
784 938
609 623
470 647
784 517
968 392
350 716
257 742
821 431
35 909
428 1028
958 173
628 634
594 917
964 185
750 538
1044 321
194 10
236 378
272 425
322 470
358 537
461 703
273 791
304 381
564 479
707 240
754 104
596 870
1034 340
145 548
170 140
640 248
807 263
706 912
246 200
505 474
922 723
585 957
316 753
929 247
556 961
410 149
293 197
235 748
1033 327
494 1033
134 462
895 1088
1045 379
771 975
249 188
172 672
773 1018
1018 637
561 310
132 248
307 158
759 1052
862 735
275 462
656 654
421 676
544 73
196 482
787 122
279 1001
553 893
206 162
918 289
1000 595
517 1011
705 501
557 475
932 173
933 491
663 25
659 1113
381 894
307 611
671 932
187 496
983 507
410 403
73 974
632 273
667 1046
25 773
268 117