667 827
181 340
765 737
539 996
408 792
382 911
151 268
220 575
197 33
31 949
1044 439
578 8
665 783
545 436
834 1000
1078 134
828 368
594 22
916 1001
710 319
288 291
291 499
710 276
879 803
287 897
328 893
671 501
329 151
756 346
124 263
6 678
795 429
448 354
850 558
163 489
996 894
176 85
101 347
186 539
700 966
686 801
329 942
533 837
180 1093
672 951
983 517
419 107
246 211
334 122
877 707
1013 808
115 71
997 1072
780 455
449 113
1014 219
762 170
184 370
99 46
888 723
470 919
876 787
599 210
794 995
185 128
523 594
960 127
281 323
968 265
1024 829
741 150
635 271
236 998
255 495
496 291
175 999
838 217
257 581
629 236
325 132
1086 859
388 1019
13 683
332 25
127 1000
489 912
299 1088
1078 759
809 795
917 401
255 618
1063 810
907 472
240 451
294 65
502 93
468 274
873 775
342 319
38 506
734 320
655 707
1048 8
843 1003
920 688
377 410
223 430
163 1092
397 18
256 948
732 817
533 23
259 15
640 292
588 1010
593 504
856 111
443 253
323 82
622 612
808 399
885 850
465 22
523 614
161 1113
521 663
1118 557
774 633
580 538
402 391
256 268
572 79
779 636
915 365
293 345
891 522
1019 671
592 583
1061 488
414 669
296 985
163 915
1056 408
1013 461
586 1050
864 458
753 1100
463 136
188 635
704 810
586 899
222 181
186 392
346 445
794 324
518 811
536 350
966 229
320 863
458 121
36 534
712 721
574 798
426 541
693 46
587 876
181 391
59 269
587 531
451 733
511 178
1042 474
126 309
554 918
122 864
522 742
1107 810
636 994
335 102
629 892
480 907
826 854
127 723
3 441
29 1032
179 467
281 866
938 606
738 615
407 430
821 652
107 989
231 522
330 236
757 281
416 776
992 855
919 783
728 634
248 628
368 749
530 699
625 414
570 576
973 790
981 927
581 108
978 164
945 431
628 3
111 846
275 1084
34 682
361 705
380 953
871 689
403 203
1032 1036
112 131
666 665
641 582
684 944
701 641
596 962
153 769
241 81
1060 729
1098 613
566 651
1047 658
784 433
689 29
199 460
422 516
635 666
259 522
855 763
996 64
283 887
747 68
958 184
40 815
454 516
601 1031
1050 845
11 848
371 939
1024 13
345 660
82 490
220 745
843 706
896 508
326 684
858 436
409 908
18 590
779 513
871 460
325 309
907 436
748 820
1035 199
570 409
114 47
173 368
728 708
767 207
859 374
152 103
25 930
568 710
334 536
833 13
645 697
280 1053
615 756
546 954
178 692
465 378
1012 547
936 309
702 19
712 884
735 1078
499 931
841 294
254 281
763 816
794 193
560 771
719 617
309 469
1109 762
921 186
739 41
174 313
849 641
591 796
904 976
52 904
928 679
1087 47
314 558
160 460
190 807
763 834
643 536
648 594
173 254
1082 1096
795 636
353 695
114 673
308 42
1017 395
403 628
6 530
930 926
575 425
596 662
421 77
654 1022
810 968
691 64
178 214
316 741
221 251
634 807
233 670
218 697
925 949
428 541
236 1004
175 186
599 760
501 855
311 870
820 841
990 556
671 614
1068 715
508 628
540 784
480 912
568 251
996 924
606 645
794 392
172 252
206 213
969 637
386 692
13 418
853 876
442 658
648 546
900 667
359 571
374 387
282 731
838 766
379 794
251 899
197 695
253 203
594 877
221 548
395 998
149 380
933 672
873 125
267 486
32 1101
800 317
466 648
433 1007
827 757
936 422
539 841
136 627
983 352
909 458
175 212
4 982
408 539
561 378
337 321
26 193
297 761
283 329
324 716
300 436
871 199
177 1054
784 694
140 112
721 996
905 891
767 820
210 249
983 566
334 767
869 103
1024 155
392 372
217 421
197 371
982 786
442 410
483 394
961 442
331 953
965 617
331 643
181 494
324 892
48 825
404 379
925 354
685 861
483 755
616 180
107 553
403 467
764 251
511 102
218 716
858 741
234 172
990 815
342 424
127 883
909 634
505 556
529 182
960 750
100 666
677 210
47 195
1098 188
1013 490
724 220
563 638
487 341
1096 405
30 129
492 779
202 456
876 801
444 960
441 686
832 879
753 144
958 497
581 456
266 470
365 432
547 370
772 524
597 752
760 99
839 611
864 896
93 866
431 86
93 985
617 744
138 1015
564 255
698 879
594 276
914 618
804 538
699 370
625 659
344 926
752 167
88 1082
343 363
704 297
389 321
747 458
485 237
209 397
756 338
540 780
156 28
145 768
722 1074
479 1122
974 474
471 840
121 1109
739 532
187 826
362 1079
126 265
999 985
885 500
809 875
889 483
637 190
365 872
812 158
344 629
823 204
100 1037
943 469
187 1118
81 890
630 304
1063 689
665 426
430 609
610 456
121 1114
1034 686
782 236
111 307
236 397
892 728
1006 662
377 1104
685 182
847 746
329 941
342 470
1100 1040
832 467
681 985
182 357
647 22
49 647
559 1022
960 161
283 663
911 1018
395 170
1110 290
916 609
43 547
72 1013
241 151
788 317
546 312
347 674
275 534
159 683
917 420
533 271
886 349
1018 224
106 646
533 324
600 212
88 479
121 420
353 865
706 599
753 799
287 1013
877 550
163 697
934 759
862 1066
527 898
1103 573
1111 532
883 931
694 631
137 283
474 371
431 525
935 376
884 257
127 589
503 701
747 461
688 726
1115 313
853 575
350 529
278 969
506 505
996 984
18 938
579 897
674 680
487 409
963 636
749 572
407 690
883 160
572 962
1084 1063
740 860
832 1036
605 293
531 732
938 535
988 564
405 434
497 798
313 136
376 220
305 440
212 142
753 644
961 890
741 800
861 507
21 837
744 509
827 241
910 1002
812 279
843 20
549 725
462 402
653 1013
1049 967
974 818
437 898
402 988
882 317
287 418
138 505
215 734
533 877
1011 632
139 893
718 928
456 236
877 859
804 645
121 989
452 1103
589 122
404 1023
595 16
902 218
65 477
118 458
230 597
1072 86
812 393
286 317
178 346
549 279
593 814
826 136
294 838
576 154
183 208
1049 684
1002 1034
870 741
918 652
839 790
105 189
735 910
541 701
575 499
899 493
297 840
632 308
292 208
782 437
213 721
253 254
708 1075
87 561
168 920
391 552
1092 901
522 724
652 586
678 638
1030 453
1063 290
1012 34
911 256
434 230
198 887
587 401
200 876
638 314
1048 110
374 739
838 313
693 191
827 417
157 429
374 801
1071 314
393 64
382 206
509 1019
204 100
892 915
234 888
193 575
553 459
203 39
326 378
226 183
582 292
1049 671
796 481
878 210
647 766
111 592
7 1047
869 897
178 274
441 1068
634 450
547 1030
882 107
409 342
1018 633
475 693
275 1075
589 148
719 781
227 283
852 870
677 472
864 638
564 283
448 294
703 751
532 665
599 837
834 517
276 451
1113 0
834 778
436 445
509 991
128 344
452 797
956 236
269 546
863 1072
81 528
318 551
897 741
270 35
807 613
999 383
971 164
627 742
919 1023
934 395
573 1011
886 235
178 545
813 502
401 501
365 595
102 681
256 689
744 207
289 308
216 399
311 482
176 100
351 804
824 657
883 185
608 918
409 494
418 340
493 413
442 58
962 528
342 975
171 673
143 957
1094 499
211 7
376 503
895 488
591 362
139 397
100 789
750 135
849 137
278 491
198 151
783 984
767 460
713 380
501 745
613 989
451 648
683 408
264 324
957 154
546 364
37 1116
450 922
580 721
422 227
1045 1102
630 864
888 952
146 760
367 443
803 854
780 281
610 114
777 168
1010 593
245 273
344 837
386 613
723 466
873 850
800 330
397 230
208 540
990 704
277 623
901 787
30 874
183 751
105 258
232 1118
697 712
685 421
257 88
216 784
893 110
636 785
39 765
155 397
379 887
521 251
215 388
862 747
337 239
552 122
418 683
615 234
403 143
283 831
838 939
642 257
306 11
548 200
995 743
589 38
1049 6
897 493
159 1018
568 685
223 25
558 728
548 1056
1016 748
347 879
446 710
645 801
402 393
272 684
649 831
860 747
1061 554
913 802
461 1091
15 762
867 277
286 625
741 497
1094 905
1006 939
157 432
552 497
495 514
919 752
958 1054
190 756
411 605
443 368
151 321
630 160
286 559
194 950
853 538
628 150
466 781
156 501
561 1018
306 828
724 828
658 1076
940 918
789 754
1094 387
578 806
775 526
772 688
140 823
509 888
204 64
80 501
607 213
265 1071
835 756
613 507
501 470
275 291
705 303
535 727
646 376
24 210
457 352
960 856
801 648
639 814
766 621
667 217
581 778
1086 581
975 840
328 583
840 692
778 575
415 107
588 938
68 369
877 229
270 479
142 898
845 892
687 340
941 377
988 967
76 978
312 533
1002 925
722 855
623 719
546 928
625 920
817 933
230 438
419 448
636 484
474 404
224 904
148 532
884 1060
667 288
44 298
244 657
118 665
576 807
216 253
613 1022
539 619
899 855
630 391
999 118
500 259
297 985
410 171
633 490
923 534
647 677
781 445
217 832
288 936
275 154
341 350
234 993
973 127
873 130
955 235
667 369
607 873
452 536
155 624
415 169
363 192
694 62
679 453
380 420
721 846
91 285
677 547
298 1024
368 349
270 386
988 627
1007 587
527 652