958 241
218 623
136 140
443 853
1063 611
466 139
1082 1022
682 176
727 524
879 703
307 543
95 135
955 914
548 699
820 761
489 993
1058 392
270 443
110 247
404 491
524 270
141 446
477 188
287 529
690 830
263 978
650 918
21 601
750 381
741 206
540 992
352 4
9 59
917 235
889 916
185 765
304 250
358 1041
550 422
594 943
836 399
263 651
173 319
935 172
851 228
776 620
839 837
430 902
612 934
982 376
936 721
375 595
259 239
900 82
738 805
72 527
432 556
869 52
298 842
165 326
539 919
1107 890
128 500
633 241
850 765
235 652
866 262
492 266
526 904
207 183
212 416
175 367
991 472
482 601
960 909
759 542
651 963
863 576
623 340
387 845
552 954
251 845
410 240
705 750
313 595
879 703
470 466
305 739
767 669
327 515
94 386
746 517
809 1076
389 222
121 973
455 450
545 946
998 208
351 518
395 763
961 780
812 957
535 810
1069 67
335 581
602 371
105 521
704 163
637 568
251 207
575 965
396 247
832 258
860 120
836 210
192 186
964 597
974 519
760 778
138 56
799 150
485 499
490 937
611 416
784 320
43 61
689 745
796 406
366 863
389 991
241 37
150 734
458 220
1021 609
424 761
734 345
945 503
918 527
554 969
529 314
874 306
652 334
110 471
330 1093
823 704
33 571
259 584
687 516
35 1076
737 243
225 218
804 784
594 978
895 721
364 979
116 652
600 504
357 555
508 193
550 718
962 638
769 185
236 83
597 436
508 667
226 42
967 550
68 548
615 496
799 405
767 590
859 309
401 889
912 1030
314 715
344 630
19 1075
147 674
744 1026
211 295
707 816
744 259
864 839
942 204
470 1046
670 847
804 322
685 221
110 692
292 403
730 605
12 809
1043 1045
928 739
75 1002
868 749
514 989
188 904
1018 434
778 946
813 76
852 995
617 374
1112 533
472 964
537 280
175 771
410 203
32 156
753 134
307 709
862 327
163 305
868 137
498 678
248 748
1069 1118
681 120
309 137
307 457
810 327
247 692
332 317
462 583
747 688
332 344
673 271
680 1042
777 549
746 138
176 436
96 770
422 1103
765 155
1003 301
886 519
883 806
38 111
952 56
964 130
751 392
435 475
786 466
34 538
480 232
468 947
589 548
947 989
217 554
184 585
1114 661
761 410
315 327
302 976
764 604
453 360
948 800
924 279
239 120
116 610
528 866
428 556
1018 1058
151 822
943 599
410 374
67 787
756 116
777 916
647 927
470 877
535 733
623 844
233 1070
1020 104
530 159
735 853
1017 1
534 101
173 548
147 573
459 1091
629 420
575 572
543 501
457 486
449 444
771 461
414 533
1121 616
338 933
280 151
534 797
834 753
344 135
1026 462
652 324
763 1015
1075 1063
423 371
217 665
333 138
923 101
722 283
962 995
203 933
250 194
819 904
157 45
17 425
295 344
732 1005
291 596
1106 1122
967 291
978 314
100 655
1113 501
280 730
970 468
761 640
241 597
841 518
937 900
155 149
845 81
376 728
389 664
987 949
953 1028
630 127
613 470
291 547
694 1071
319 127
833 702
618 353
162 819
862 234
451 85
250 149
1054 785
204 655
448 568
578 561
974 232
143 292
793 138
836 599
93 382
515 956
602 447
474 735
886 340
568 683
202 975
673 778
1004 844
1069 159
444 918
383 748
531 211
467 411
560 798
1063 121
260 632
769 989
332 577
706 531
605 1049
342 481
4 980
653 231
799 376
160 1105
607 872
564 914
846 789
491 618
672 319
259 757
629 386
812 160
241 782
825 997
31 285
800 569
343 524
229 245
895 1002
245 837
1008 583
720 201
305 687
770 742
899 655
550 212
630 176
620 185
500 937
797 315
764 917
345 87
497 31
574 1097
660 542
136 171
443 906
123 570
459 1066
543 628
167 215
977 111
929 959
361 711
465 478
109 656
853 29
540 1009
956 828
809 1004
742 941
704 1020
764 475
537 748
963 175
715 350
206 356
863 654
333 1048
992 1043
796 500
953 841
1040 438
734 1056
151 629
165 279
894 579
312 418
587 992
400 229
459 226
555 621
994 450
511 551
706 161
825 875
825 147
1027 576
854 917
684 785
298 719
622 658
194 773
102 517
388 979
655 787
330 886
999 422
462 286
1042 204
968 931
893 85
864 932
1030 1116
272 226
283 744
420 23
171 282
156 707
945 1080
911 154
572 1112
832 1032
844 574
874 255
141 571
855 552
691 853
873 1035
749 645
892 196
564 502
1007 583
519 963
562 454
403 747
832 270
985 702
149 994
285 413
514 576
409 271
663 1001
56 434
908 564
697 498
1084 535
273 511
870 234
1009 699
942 524
419 934
595 550
952 334
425 339
257 297
1086 681
624 677
912 466
789 314
162 231
967 671
702 234
131 617
929 434
372 1059
630 34
841 150
944 924
278 977
188 1115
805 588
834 711
231 1008
170 490
156 211
1109 681
331 879
860 113
282 671
348 546
887 786
116 586
824 817
588 662
772 651
414 577
1008 514
710 349
620 445
445 1015
352 740
290 102
913 463
1085 218
842 518
868 526
737 1032
975 791
25 133
961 237
645 743
0 533
69 554
290 266
393 781
641 654
148 470
338 257
433 466
865 367
1098 8
255 613
338 980
174 556
968 987
317 1081
294 716
776 221
850 331
783 373
195 170
367 406
149 1039
855 104
802 898
1071 1007
627 689
374 776
847 938
891 945
428 83
774 801
103 1059
775 825
382 727
483 48
677 1098
797 855
927 540
515 637
874 457
329 375
736 378
846 140
256 461
29 974
377 924
226 1103
470 723
238 730
139 258
855 808
495 243
661 986
562 1020
253 557
547 860
1070 936
134 416
25 884
1040 80
732 682
472 254
256 617
762 228
219 869
459 743
432 960
149 522
253 869
852 353
80 860
835 293
110 393
285 566
592 269
495 508
896 660
421 488
263 1048
221 862
400 513
891 550
212 950
384 914
463 876
525 489
130 148
263 605
633 894
173 83
396 1106
167 493
465 323
13 993
729 1028
640 234
476 984
172 327
305 692
844 463
289 76
358 164
314 414
65 247
880 704
832 575
392 498
286 214
984 335
537 204
349 213
1010 112
806 528
98 144
233 1120
102 392
333 291
102 280
612 736
218 609
697 485
219 377
747 916
317 262
507 187
208 546
963 3
602 214
592 437
165 650
998 652
855 938
1034 1017
417 428
600 707
222 126
813 667
392 648
615 187
44 102
291 851
315 77
111 965
221 262
1033 713
288 402
295 613
544 513
848 469
382 395
930 686
130 443
540 535
669 228
767 386
61 150
280 855
283 949
937 197
69 904
441 950
757 785
852 525
54 155
182 586
421 212
810 12
847 364
1095 1011
870 160
959 438
176 84
739 205
843 365
829 552
855 98
608 422
755 110
381 846
954 168
358 917
894 444
788 320
204 938
420 512
586 760
163 859
488 177
682 840
769 984
907 841
319 1087
142 447
987 92
630 156
1051 583
311 191
83 350
920 182
130 940
413 189
909 389
1087 316
145 990
919 491
138 338
832 239
164 580
427 298
346 526
379 649
565 188
370 933
787 239
59 311
106 878
928 819
216 757
123 607
403 963
624 221
553 346
958 450
368 121
751 271
985 458
504 596
341 394
653 313
606 650
163 6
183 467
463 912
969 234
183 629
874 582
511 45
145 378
506 584
70 105
890 661
763 796
785 279
701 381
753 836
549 611
337 975
1095 1096
809 503
721 1052
447 327
573 714
363 1106
997 211
401 684
305 475
572 742
747 637
1050 880
867 867
982 1112
146 918
482 313
1071 224
630 366
299 674
731 1042
150 485
860 292
300 65
361 645
951 661
390 808
783 963
975 265
556 579
389 946
588 405
156 235
1015 375
637 857
812 427
851 233
252 342
186 747
949 568
664 123
387 321
254 609
340 105
797 369
695 55
964 230
400 964
725 333
809 754
520 113
1011 159
940 915
919 174
236 448
438 249
532 821
957 645
525 863
250 836
730 150
810 520
556 559
965 139
431 458
765 298
990 971
127 767
980 751
58 230
956 158
270 1120
595 174
680 1036
348 967
851 794
339 475
377 546
806 408
822 822
356 838
887 1081
711 202
591 996
305 455
974 814
754 859
595 975
252 409
274 123
794 707
446 222
549 254
141 1105
568 295
936 899
119 843
498 387
819 264
921 994
109 800
782 166
84 1009
693 205
1007 163
34 604
174 884
998 237
194 786
770 547
220 900
314 38
284 162
501 1012
891 968
100 947
166 941
601 395
491 538
915 362
532 751
637 182
410 265
53 977
316 75
325 670
217 195
606 958
559 978
777 1009
301 381
299 749
334 821
566 1002
191 547
868 152
190 555
522 211
1005 139
787 517
998 603
889 863
487 938
359 916
60 482
932 358
202 643
159 843
79 464
696 798
344 654
360 840
487 121
952 632
342 508
515 306
520 234
209 299
1021 643
765 629
539 890
643 949
1010 571
209 263
228 772
307 490
831 116
679 194
167 758
424 941
671 675
341 993
233 182
400 305
741 629
296 199
760 324
1017 972
662 610
832 168
37 908
472 733
762 679
848 754
376 887
645 1085
143 848
1066 707
7 987
771 531
486 445
1007 241
955 837
1005 14
732 267
523 357
1034 311
518 240
531 607
761 431
835 164