120 395
253 896
298 424
1019 589
392 288
855 590
668 456
1059 282
729 587
867 162
767 523
505 671
519 256
104 237
181 969
362 531
897 1122
709 454
858 655
863 453
850 163
299 185
135 677
974 985
593 1051
678 106
1065 920
963 306
40 385
711 848
896 560
656 1058
294 578
101 641
604 304
686 299
493 155
215 105
531 73
522 706
134 599
315 202
136 2
1001 422
684 159
563 749
449 236
1037 845
210 627
779 81
639 18
893 905
444 533
1012 935
586 251
17 474
821 120
596 203
219 91
119 967
465 22
500 664
736 289
728 574
615 638
584 936
772 488
585 749
749 835
1019 146
52 777
422 620
981 871
184 847
920 775
14 408
722 685
850 332
86 84
776 923
692 331
29 994
314 836
720 223
736 835
930 987
45 278
624 575
493 346
103 592
728 753
852 486
462 610
21 772
723 489
151 190
507 833
177 114
644 398
176 257
716 1112
307 11
317 396
797 604
262 844
729 248
109 1050
443 949
822 263
517 966
824 154
156 1084
904 488
371 606
971 558
859 770
217 6
629 745
621 723
260 583
506 34
751 634
662 460
298 209
981 139
746 357
821 207
275 577
224 1033
141 230
792 290
739 305
954 369
383 638
558 340
733 972
396 438
727 837
955 881
320 438
1008 726
141 995
292 702
228 833
620 553
230 254
240 583
923 782
1010 352
683 699
332 979
844 818
933 159
802 302
287 619
679 494
944 490
692 874
939 724
383 1015
1046 597
349 517
994 506
830 307
8 714
176 405
266 919
805 770
528 454
208 861
285 1074
178 881
255 284
296 1056
419 665
140 777
548 1105
180 323
942 47
442 359
299 831
598 306
264 1071
176 897
803 529
834 249
234 542
669 879
588 373
754 559
580 925
171 1071
737 359
946 328
321 684
998 226
182 679
885 955
1080 414
565 986
616 619
38 299
261 412
947 393
696 494
56 898
816 723
196 740
399 925
799 369
260 453
1018 723
952 234
1093 973
484 562
560 179
869 953
854 719
256 399
830 380
168 335
1060 536
87 663
839 252
637 509
963 818
794 631
474 739
435 497
718 561
251 234
418 693
418 1078
760 1093
948 714
134 730
347 437
380 637
524 734
477 769
235 1103
1102 650
366 1034
366 186
794 154
376 621
29 947
369 648
168 214
1094 456
471 916
397 339
34 685
266 758
524 771
548 716
43 730
729 193
519 155
386 0
725 1000
587 566
827 244
430 212
1023 628
1087 642
1015 7
836 521
296 506
501 344
764 506
773 1026
157 933
202 228
750 403
474 92
258 96
895 423
1013 789
334 576
832 168
755 870
121 477
143 784
989 783
101 888
699 1055
565 463
43 955
538 634
393 387
747 376
966 973
733 266
656 700
663 660
431 1066
849 566
178 593
154 1008
202 181
193 845
175 884
298 215
124 994
754 681
453 597
591 762
1086 435
555 102
117 374
979 283
822 623
1019 14
816 1072
770 254
215 257
179 287
690 301
762 837
763 610
224 349
739 239
1107 139
606 223
387 1005
77 715
841 1081
720 979
624 162
243 736
93 309
322 756
546 742
251 614
424 16
209 547
998 215
562 987
336 466
78 980
955 457
137 126
116 345
256 541
576 14
396 459
425 119
1062 118
374 762
216 640
1088 958
160 653
610 612
789 74
1020 633
1097 501
541 1056
370 982
598 835
980 34
900 773
251 819
908 108
526 880
343 543
906 195
701 779
725 1001
1030 135
307 399
989 701
255 1034
1055 848
763 353
330 316
204 222
746 165
893 496
892 931
330 457
238 352
364 1053
697 794
343 511
232 783
761 275
1062 442
265 906
43 738
706 165
920 461
455 135
827 525
890 506
367 271
686 241
321 566
173 996
719 409
207 885
626 801
332 61
542 781
848 892
120 146
130 1032
904 128
493 5
831 787
422 990
379 819
803 545
217 890
174 127
299 170
98 374
667 104
565 1099
387 999
431 932
334 371
1017 696
866 29
911 274
447 177
1038 864
391 803
613 104
319 370
997 329
945 251
218 550
395 422
894 804
916 64
757 1038
629 653
49 500
366 233
876 545
385 152
53 725
1071 167
155 775
569 313
441 466
81 430
252 624
602 34
458 198
761 488
227 491
645 276
47 774
224 15
505 656
102 634
567 697
359 924
623 988
912 516
676 781
179 542
662 541
1048 1102
196 1082
406 134
878 346
1110 419
776 763
316 565
703 1060
1007 1063
124 534
791 718
1097 217
269 758
61 873
820 789
106 1010
197 1034
627 6
547 963
120 415
32 771
462 792
571 4
325 517
43 231
777 561
607 1017
590 653
151 1081
178 674
518 823
581 1049
385 1086
224 670
1016 222
942 61
1115 701
297 105
307 355
870 299
201 219
216 224
811 192
587 737
917 500
266 287
206 383
555 440
700 978
944 1097
717 697
364 343
591 791
662 364
221 317
998 1005
1067 562
496 796
159 713
900 956
145 403
590 533
249 706
516 762
478 467
912 433
250 451
322 877
196 635
893 982
222 502
684 694
592 102
200 366
363 740
407 774
18 533
389 389
865 796
446 131
736 965
232 465
823 898
47 614
531 720
327 260
220 535
901 845
200 973
541 588
404 267
375 865
416 898
370 588
956 816
122 512
488 721
473 509
137 337
938 554
978 606
357 611
421 171
966 296
442 1032
880 527
1120 364
622 738
131 529
457 394
301 300
1056 788
1040 31
81 561
418 431
211 674
890 835
1014 603
784 726
170 672
800 966
976 293
188 432
577 657
515 474
305 200
415 515
477 107
702 1082
952 631
972 749
562 125
596 902
875 623
340 580
162 383
409 258
464 757
905 896
281 1090
488 779
673 1108
308 239
343 170
692 1059
309 342
1101 184
1110 948
391 431
525 946
759 153
447 746
406 400
842 962
721 571
841 497
1018 461
306 34
695 152
1045 380
984 454
687 566
111 27
949 844
730 851
463 482
928 320
384 746
365 159
499 415
478 606
388 166
1025 864
909 865
624 934
226 326
588 588
972 489
44 475
814 842
391 790
441 75
463 158
964 1081
839 311
88 110
1015 702
81 212
101 1113
967 346
643 193
383 528
783 248
824 237
178 516
728 49
357 835
210 340
544 287
673 492
36 1018
224 919
99 801
175 448
270 858
321 634
96 607
827 485
817 24
442 790
868 602
218 974
764 290
546 162
731 1063
414 12
149 1027
144 1063
392 223
602 188
517 138
112 73
331 956
830 140
1033 182
346 105
726 768
169 1068
835 366
179 231
584 802
1092 1011
712 518
271 152
345 894
559 145
848 1042
995 1111
396 749
299 844
769 1106
1025 27
1103 884
300 126
4 572
907 189
687 276
538 5
390 134
490 320
462 114
183 531
1017 538
924 919
1039 122
746 44
120 153
18 1097
281 864
896 739
374 723
936 987
600 135
827 558
464 925
393 995
891 1086
633 229
262 495
206 632
304 510
1002 183
414 942
860 58
635 618
461 308
529 379
519 474
56 547
377 292
797 1024
1007 1037
72 631
1022 751
129 719
546 694
291 813
973 273
988 963
482 887
657 1083
134 816
926 529
453 205
145 656
611 991
332 203
708 183
593 739
461 535
817 193
589 184
397 257
188 359
680 179
843 584
476 122
659 872
867 820
491 59
944 630
43 695
807 945
661 285
522 736
111 206
477 601
304 435
692 593
64 220
515 884
68 852
406 506
172 458
1065 778
1035 899
818 251
698 532
189 720
568 596
347 1121
758 590
79 824
378 936
226 519
992 157
693 736
309 409
776 742
808 1057
568 103
910 474
349 843
462 1007
254 7
436 151
641 814
587 349
750 903
454 372
449 602
323 365
1007 201
257 618
806 1122
242 497
345 701
795 859
123 331
184 304
402 748
274 575
462 579
222 954
930 722
187 650
499 497
407 342
831 884
1074 943
53 54
356 221
210 83
1049 570
191 579
865 462
201 186
90 981
903 501
1019 368
755 788
247 711
1027 886
795 1027
167 9
210 430
107 559
652 430
509 276
723 631
684 509
102 561
403 786
933 623
757 433
135 861
873 674
965 907
372 399
544 919
1101 946
964 178
930 473
755 1009
512 570
270 345
508 897
200 178
696 145
247 966
863 729
833 961
364 576
617 606
732 741
327 540
419 912
823 834
272 224
251 496
245 346
1075 878
1030 532
709 567
120 1117
505 98
80 771
645 427
484 763
919 847
818 401
443 795
720 533
913 272
731 205
855 689
595 795
364 62
534 352
388 938
971 268
937 406
1094 438
731 790
1018 588
502 800
142 184
259 605
995 158
692 900
854 419
138 54
834 452
414 652
276 396
759 498
25 76
280 426
852 558
598 175
468 687
355 197
1068 788
168 935
582 28
113 6
572 687
929 94
441 160
136 99
912 226
1085 295
851 850
1007 922
865 760
224 96
379 119
326 166
244 445
561 162
408 406
1098 884
207 377
403 786
850 180
251 41
318 745
428 163
279 325
1100 821
719 445
232 17
1016 700
120 639
214 12
101 758
969 656
486 214
438 99
831 610
308 73
140 709
890 1096
382 731
207 1121
813 994
581 1061
696 425
337 513
809 113
378 933
624 619
577 80
242 680
725 178
86 901
935 584
994 807
848 424
437 392
593 1097
787 645
759 984
68 937
272 915
469 452
257 438
759 716
704 549
469 276
216 745
696 746
675 1048
548 235
409 945