855 558
584 622
681 311
165 1061
845 110
223 148
811 438
821 269
595 484
647 277
832 26
314 602
915 678
739 995
883 299
674 74
1011 871
368 178
826 732
762 778
496 676
910 309
110 304
245 52
136 565
683 1058
233 799
108 340
846 835
488 815
548 507
217 721
415 636
90 831
1017 371
1114 114
294 161
666 1019
278 1009
308 854
653 264
1078 825
219 802
462 915
762 27
1118 740
399 975
306 57
995 471
303 1002
503 100
1039 477
492 78
491 1086
1010 473
381 813
691 550
143 898
837 796
796 675
1104 512
956 159
968 485
201 297
585 112
399 475
911 791
352 162
1022 331
394 759
195 893
688 721
570 533
1008 549
717 99
1089 432
679 541
412 30
832 242
862 266
1110 814
355 684
502 570
345 1097
1083 86
381 1031
318 326
950 170
625 540
1016 1097
348 477
995 580
39 792
773 906
790 787
749 932
405 266
745 832
185 586
154 581
597 128
686 348
11 923
189 385
408 293
367 791
341 797
725 736
194 438
287 264
5 403
394 960
395 185
395 659
576 976
847 794
95 147
131 244
799 247
878 699
895 918
485 951
135 395
595 841
867 134
610 707
886 573
537 357
963 343
695 375
654 962
192 602
834 684
710 860
661 906
937 499
233 953
970 849
179 645
157 1058
164 202
150 941
573 1016
979 474
21 442
535 528
844 52
753 975
68 124
1021 726
622 500
1115 463
865 343
327 714
168 916
1115 874
686 842
260 908
257 299
142 455
275 715
530 249
631 1122
246 212
814 340
946 501
57 445
678 295
142 532
362 303
937 509
350 1009
474 1012
626 245
1032 1086
644 470
846 368
336 50
655 353
839 566
882 796
620 257
875 328
508 534
405 540
412 906
512 821
1048 623
735 147
313 975
285 922
139 460
440 659
824 708
422 876
893 248
815 954
947 56
741 987
1027 976
1122 309
22 667
436 163
550 106
996 1076
962 610
946 969
989 245
1080 796
620 209
268 663
978 847
555 369
783 775
125 358
349 208
541 614
374 939
206 453
981 509
670 776
275 716
484 202
572 437
539 1009
595 417
1115 1055
239 1032
431 286
264 209
922 881
240 956
171 122
645 1066
341 887
379 1095
500 248
742 788
378 879
850 120
649 685
1021 482
924 791
777 293
174 331
1062 12
343 349
498 652
500 823
468 249
48 68
198 751
190 492
913 962
702 831
458 770
452 118
914 328
727 443
122 764
453 190
497 781
739 997
986 507
517 1061
442 513
906 155
1116 415
307 458
814 619
417 217
904 989
777 338
387 240
449 544
492 46
827 41
561 107
760 414
1088 813
993 1036
926 107
972 198
1103 710
503 211
1028 840
961 111
1076 242
478 109
350 698
344 896
590 611
559 476
334 553
186 567
412 253
145 372
826 380
727 162
753 434
402 489
714 240
219 391
602 294
460 93
420 290
176 754
903 834
136 470
305 110
661 823
646 513
668 103
181 517
730 652
0 1007
785 506
490 1097
173 355
210 132
872 732
501 847
1056 175
725 828
622 951
480 105
165 333
118 226
144 777
511 610
123 120
359 448
875 149
43 997
574 913
212 467
1087 606
570 107
947 205
395 930
1066 943
164 406
595 1006
772 1096
750 582
696 774
449 791
1022 947
698 420
869 770
641 923
568 1018
198 591
921 924
125 418
237 625
643 399
198 1022
25 757
680 812
926 484
776 846
181 689
509 778
766 271
352 137
713 863
874 867
792 1092
708 600
586 375
455 652
150 830
780 499
908 214
54 756
397 43
703 174
862 741
328 1097
706 340
372 438
959 462
338 212
774 70
138 141
899 35
725 410
982 676
608 956
731 737
627 1063
483 163
901 293
1031 570
755 312
434 662
873 1052
671 974
565 725
545 303
946 323
666 159
815 809
524 426
809 500
615 304
937 673
769 853
194 507
1009 1015
1018 13
1067 130
423 1017
614 713
201 80
155 868
774 1115
300 307
753 813
639 944
750 1104
299 43
534 518
406 808
286 573
491 933
649 888
84 545
119 980
678 1055
180 940
109 719
517 338
418 540
967 1066
205 332
953 793
572 58
12 386
200 772
770 882
605 162
773 802
232 587
751 779
203 770
968 592
287 167
807 123
845 994
250 1075
381 1088
145 653
259 454
821 441
1023 627
428 704
872 992
340 715
662 459
728 966
376 912
79 229
105 101
203 5
748 988
780 783
279 627
382 25
307 310
427 214
800 186
326 531
477 1063
759 651
121 1003
507 1047
536 890
163 626
838 478
419 760
742 899
402 662
1060 461
392 287
880 1088
484 127
761 962
510 73
381 383
663 385
376 304
542 242
508 582
722 130
569 638
190 758
878 741
773 167
822 1078
823 536
165 868
195 478
587 243
254 213
275 624
438 352
619 1016
923 157
249 248
947 632
848 1037
157 153
98 362
764 747
694 919
1043 342
1008 894
627 920
229 951
556 189
356 876
910 947
905 44
1081 247
203 215
1010 1025
349 638
1054 791
1065 947
238 497
789 471
420 881
185 514
914 104
970 434
946 834
1087 188
1089 575
374 860
607 1032
238 818
119 995
379 831
370 734
1096 377
1105 683
371 614
275 177
761 205
19 277
515 816
119 342
997 573
953 714
288 958
583 182
321 912
326 356
544 356
297 758
248 468
776 927
437 637
774 531
353 959
90 470
281 1015
930 600
1023 631
245 129
476 90
56 1047
118 1011
747 655
521 246
1092 705
578 754
1114 990
3 811
742 678
721 877
275 853
433 144
797 693
379 733
669 905
1035 331
970 741
1120 420
590 555
183 847
545 390
347 757
341 152
499 600
604 555
542 403
222 183
1018 577
135 915
920 673
501 863
675 856
549 821
402 239
915 448
313 723
113 181
706 276
1012 366
916 493
462 1077
950 671
328 424
564 1012
96 540
935 811
309 941
970 952
289 195
787 380
754 981
1040 445
325 852
759 99
203 885
368 618
934 268
162 754
211 587
1068 144
1080 115
1033 484
53 290
701 369
630 675
962 432
323 275
729 470
1052 966
521 799
450 567
293 549
746 1005
490 418
48 334
779 766
104 201
103 1064
557 181
336 415
844 913
805 1013
1075 865
107 18
213 339
888 800
245 389
1017 1024
164 226
149 489
264 68
818 99
350 764
300 789
1089 950
242 609
299 53
859 690
572 937
128 478
570 616
740 239
728 221
779 482
219 635
294 950
697 950
882 236
995 1023
63 105
601 463
1066 998
364 664
212 1103
423 594
521 284
786 988
800 796
592 672
459 154
791 257
567 893
44 447
138 317
887 1072
1098 394
373 678
507 317
453 876
178 821
189 482
279 106
589 424
489 332
647 118
196 348
479 178
829 1051
786 771
75 257
187 251
366 995
1086 1019
894 690
767 249
408 1006
453 356
297 28
571 1007
512 743
990 7
222 708
701 251
928 259
142 956
55 1053
277 197
921 708
246 488
170 624
579 840
7 633
774 928
336 1069
539 1036
272 312
766 762
852 474
56 515
725 530
231 866
565 153
303 924
821 470
470 565
908 897
471 671
773 651
406 603
523 258
144 115
245 895
25 760
581 729
856 1012
900 443
103 157
817 895
367 644
321 1089
963 655
680 446
37 114
708 770
772 287
363 244
1119 615
993 579
397 425
568 136
550 756
258 218
313 550
243 887
895 330
206 386
675 1
149 496
164 286
719 201
900 694
239 250
1105 258
976 919
1024 181
950 292
680 812
522 227
765 483
66 554
717 299
578 770
1092 848
971 483
875 961
427 585
1009 643
425 464
150 358
199 450
612 842
240 697
327 196
323 486
191 813
5 668
195 825
769 499
765 136
728 922
740 856
312 488
141 626
534 346
958 667
574 770
156 164
763 140
747 995
292 445
899 171
546 727
856 123
1110 136
506 758
1091 244
918 522
549 529
787 362
584 514
1010 1027
499 901
212 137
41 495
861 942
326 208
761 885
295 36
692 658
1097 914
994 1058
661 611
681 588
584 297
460 1042
447 799
800 229
358 689
363 247
951 82
931 245
812 904
837 742
407 588
495 496
225 123
1019 549
1110 563
677 355
1075 1047
766 788
216 201
90 451
180 268
779 826
524 148
967 1
740 665
339 162
346 852
625 1110
37 171
124 800
1037 488
498 601
750 459
702 790
700 1001
670 698
581 682
743 815
977 1101
847 427
329 369
895 469
477 324
506 1037
512 392
841 697
1090 223
536 821
853 481
156 546
431 357
358 40
748 582
1015 1117
729 133
197 1006
452 409
738 51
195 135
1114 574
665 124
374 152
894 523
1087 107
753 107
973 189
408 310
656 280
487 103
339 152
737 500
175 901
264 543
626 1093
1011 643
1025 461
601 131
1099 103
1097 57
543 428
992 493
555 978
707 134
334 363
413 452
792 350
550 491
55 118
446 196
804 566
956 672
912 685
35 583
273 461
964 106
400 290
659 208
503 456
89 284
631 104
961 882
752 565
208 594
260 1044
449 381
673 410
735 966
765 827
967 195
270 250
804 872
427 243
723 890
26 6
414 845
1075 766
688 428
36 848
456 271
382 679
122 678
967 284
837 222
625 192
260 331
395 997
938 351
54 839
329 120
867 244
633 1029
962 706
211 134
824 1077
820 12
397 429
451 288
1028 852
28 207
381 522
456 966
773 1046
421 499
763 605
112 457
889 604
567 425
396 732
173 344
961 558
275 305
441 1010
977 1076
507 790