496 480
157 395
112 258
127 400
365 300
531 288
1027 821
120 659
857 182
456 690
505 471
1013 173
1010 104
725 337
255 718
416 378
150 1007
800 965
872 815
617 394
1093 76
402 777
937 1097
515 19
1053 823
127 327
570 280
496 891
698 183
449 833
833 22
329 675
541 619
246 261
263 387
688 335
1065 708
30 229
912 716
704 223
807 168
510 764
732 388
512 1072
578 209
1055 192
387 264
344 1019
524 205
335 768
108 444
470 478
321 635
510 720
532 928
846 382
415 820
619 429
1092 804
215 628
179 158
869 981
716 853
332 110
414 746
779 311
662 1096
880 392
867 345
380 965
670 192
1083 109
362 992
503 235
982 192
959 495
1 7
221 745
549 646
527 481
836 558
170 633
260 265
503 446
894 326
608 919
1122 898
462 127
498 181
515 445
64 671
242 585
269 348
429 270
661 924
304 731
925 16
916 864
542 721
257 1062
541 43
912 67
1089 390
1102 573
190 285
694 999
168 43
178 809
607 331
927 204
475 386
599 296
126 871
745 789
935 1001
588 616
966 1008
949 669
836 553
1029 641
855 700
1063 1010
630 201
421 1080
640 758
490 107
733 673
879 301
368 842
529 558
839 462
419 679
343 635
151 929
1016 93
790 241
836 1087
744 775
785 655
413 327
1016 988
102 340
826 351
722 340
781 627
413 598
606 264
589 247
717 438
510 291
724 275
753 134
268 586
960 590
543 183
1037 387
980 997
682 706
57 39
267 226
422 683
651 664
924 361
916 27
230 904
19 798
369 134
218 522
1115 741
527 971
143 812
573 271
945 387
128 1099
375 350
247 609
1018 102
1084 277
891 1013
191 800
1065 306
380 103
632 457
281 97
600 475
725 78
386 489
937 434
125 258
223 276
509 1003
968 409
304 255
377 276
274 19
626 890
286 907
803 1018
383 908
667 612
581 81
674 221
674 322
528 484
473 943
239 753
732 219
771 340
845 653
720 324
830 433
993 428
857 563
110 427
255 855
442 268
1009 370
934 376
471 563
1052 52
767 396
696 478
255 950
608 565
683 505
603 173
818 716
104 331
299 729
295 753
731 458
911 18
132 388
681 531
842 17
541 993
454 231
163 646
981 703
824 231
721 795
457 894
488 945
499 516
585 1041
980 558
704 258
786 156
161 1102
115 649
870 216
581 464
924 877
182 142
490 829
65 531
839 521
993 874
501 968
970 384
825 791
1023 907
587 563
604 84
561 186
460 976
779 527
477 324
776 109
298 1098
995 319
980 608
900 125
549 655
38 634
310 359
505 524
431 981
841 972
867 351
799 432
565 581
521 576
417 968
781 977
967 823
104 648
894 629
838 1087
820 927
738 814
381 410
1094 729
492 325
637 852
989 104
148 886
588 852
739 220
209 906
286 385
902 563
739 933
794 828
524 1077
510 951
284 775
1000 686
1022 869
126 343
923 429
369 646
114 150
891 1061
321 23
534 859
94 58
669 838
229 792
731 59
821 889
659 651
484 600
540 294
978 408
589 351
324 722
638 400
998 759
616 480
718 780
1086 739
827 865
614 726
621 551
531 763
488 754
955 54
440 483
75 680
983 859
961 947
614 812
178 894
25 259
893 428
1011 519
819 457
138 866
1031 1017
929 162
105 35
760 311
150 539
633 272
211 292
244 661
738 156
543 802
1108 250
878 797
1120 179
849 129
819 1102
645 335
330 361
800 528
668 667
1013 562
1116 832
653 840
158 596
368 597
440 435
378 330
428 716
784 691
123 1051
953 997
924 394
975 358
150 719
880 497
1066 79
528 539
629 392
263 1110
758 902
20 270
331 431
386 899
222 26
134 906
333 269
365 698
1057 285
854 321
1058 565
624 504
858 162
67 474
442 59
886 630
286 612
851 1054
164 306
829 190
858 924
345 873
181 177
438 775
710 687
623 424
56 161
808 132
628 540
805 597
1105 1050
653 481
105 461
949 140
969 363
109 822
712 1019
1070 602
741 779
730 406
22 488
213 594
159 422
159 1
960 266
1090 743
635 576
197 685
593 88
119 876
3 881
1005 849
68 750
820 741
620 235
71 1027
699 623
368 582
1007 620
968 725
627 974
1040 292
393 611
551 816
877 397
512 128
155 636
493 377
834 496
845 722
1010 855
610 257
900 918
347 31
144 710
502 875
527 726
533 328
929 157
425 435
565 933
249 445
344 431
972 534
362 293
608 102
991 79
816 963
101 522
702 826
10 220
508 40
929 388
78 281
741 336
854 525
577 618
587 946
1057 306
698 283
953 824
794 812
1011 967
254 144
378 110
820 897
213 10
664 886
133 836
747 910
316 144
68 252
777 368
315 70
608 273
627 888
449 334
1120 812
847 990
271 753
835 705
563 389
138 731
943 185
772 157
764 898
357 794
1007 532
769 441
916 730
572 779
791 692
7 834
955 174
225 702
559 866
253 170
482 378
623 788
875 866
688 1046
276 700
714 859
408 522
18 1044
712 235
348 461
532 306
792 476
180 631
578 400
548 653
1006 604
252 618
765 425
629 270
495 504
781 401
130 1033
746 644
630 123
756 389
554 383
391 569
466 1073
176 1076
219 380
953 878
779 482
48 622
205 194
777 624
503 268
668 380
181 945
302 743
130 694
404 749
1101 585
253 439
799 123
857 392
682 938
688 857
665 128
665 806
741 667
654 548
674 216
782 821
347 430
719 641
31 417
680 310
269 398
383 308
302 1075
148 799
833 479
854 1012
206 341
799 322
623 287
847 991
39 996
906 596
788 298
1021 268
423 432
693 806
562 964
1071 19
226 511
333 287
6 361
532 616
388 529
663 591
225 392
1084 127
862 377
739 1023
592 1017
200 196
848 242
582 277
612 832
454 270
617 136
332 399
283 684
205 317
1009 1091
865 145
1029 416
318 332
894 97
681 63
359 315
178 955
188 552
427 227
203 153
923 187
606 629
856 1017
1006 721
810 38
1083 629
500 806
497 879
615 408
609 288
525 461
489 397
200 303
309 943
440 121
112 23
277 710
181 624
600 1062
489 768
345 874
584 21
120 319
767 743
310 125
498 192
522 961
671 291
542 563
1026 594
736 445
473 695
975 1062
466 848
1074 475
331 97
921 935
282 683
544 466
246 506
423 623
493 519
309 544
295 920
604 351
107 790
577 666
143 904
63 323
609 812
146 800
1020 831
570 219
856 400
815 625
366 721
855 755
154 513
492 583
963 943
206 949
891 814
672 245
283 688
460 643
382 46
991 127
924 856
125 109
582 1093
557 771
703 682
335 778
1090 723
227 665
729 859
987 157
468 610
583 447
739 659
490 515
833 1018
929 224
171 929
946 965
1052 25
135 423
945 619
160 615
759 295
512 338
787 453
181 1028
929 456
544 458
337 387
1116 786
931 958
351 810
185 1017
570 1015
178 195
19 56
396 851
607 166
926 260
641 1080
471 104
877 964
42 416
974 986
1067 967
752 418
726 814
771 615
566 424
958 884
20 52
12 893
712 554
382 124
995 240
57 67
839 102
899 211
696 891
1012 892
507 1018
1115 996
643 834
307 283
66 636
170 644
670 587
858 748
925 247
260 644
175 470
834 732
714 263
518 378
657 465
640 492
584 790
1016 82
743 722
469 657
734 153
357 977
772 522
536 398
468 930
1017 115
80 29
785 489
1007 1067
375 752
766 107
924 331
410 917
111 962
664 200
725 657
1048 683
113 597
727 960
623 572
803 831
359 422
668 587
882 4
224 578
997 371
839 101
1073 201
729 383
916 353
116 491
348 930
841 338
861 871
509 243
466 565
387 138
1107 394
473 940
911 757
388 519
721 279
693 397
5 632
876 779
420 612
997 803
781 971
474 573
431 768
195 775
810 651
61 940
968 1028
81 676
887 850
283 674
856 790
746 485
97 1045
509 396
319 998
401 583
371 695
641 273
366 811
898 1000
429 938
167 684
961 771
383 927
555 774
581 827
977 646
27 58
56 681
435 384
340 330
171 512
660 652
360 760
163 964
996 288
820 245
859 317
103 360
15 512
863 454
882 761
68 418
321 912
17 428
1047 190
312 471
655 229
795 626
229 955
341 318
103 624
641 300
544 423
930 29
484 309
667 923
762 261
266 836
303 666
683 1001
687 847
332 591
809 608
49 656
610 154
397 844
413 871
611 53
397 883
538 392
20 705
666 942
774 136
936 1011
460 288
1089 698
1028 10
959 140
705 104
185 432
406 649
851 565
344 395
246 836
764 93
908 25
230 430
96 967
660 372
453 1094
758 350
882 148
286 103
1010 625
603 420
668 923
681 743
174 664
267 375
97 611
164 376
352 559
674 675
710 1036
269 698
288 631
864 417
198 1086
1030 112
276 659
423 590
390 215
906 1055
872 763
338 1033
191 480
941 898
361 566
900 586
643 134
530 750
824 780
302 366
526 462
130 245
1120 171
589 332
670 171
987 856
580 807
429 235
774 231
847 418
80 273
269 329
226 350
265 1098
44 90
76 533
287 589
604 634
376 810
173 887
456 513
963 443
656 548
196 876
579 585
994 86
720 976
35 74
268 1117
460 190
611 545
534 865
1002 141
90 588
585 113
883 966
238 960
475 877
179 208
795 835
1016 495
654 497
594 952
87 1011
324 168
641 254
689 971
548 935
526 851
326 936
1008 403
743 1011