712 880
534 505
593 987
505 1024
362 205
339 294
1021 640
404 869
225 638
763 530
640 1068
838 835
1055 386
800 347
774 730
59 1065
481 1103
175 1115
245 144
994 559
302 222
184 621
397 729
433 129
215 542
985 319
448 832
736 142
253 152
771 955
723 759
466 1022
794 619
947 879
193 354
358 128
149 646
779 815
787 532
184 872
339 848
518 197
667 896
206 1024
424 259
439 915
937 936
27 515
508 572
203 639
559 681
1035 1060
220 941
306 574
360 398
277 374
701 477
802 913
186 307
248 905
263 865
980 258
819 365
626 738
526 1003
1117 759
326 504
448 746
320 821
470 663
450 135
108 1103
828 969
941 483
969 823
522 1015
337 922
562 645
992 401
996 833
583 321
787 45
764 647
109 981
488 691
1056 819
906 135
753 877
758 416
311 260
13 20
1000 974
352 256
777 580
251 546
327 810
997 355
595 329
862 669
306 129
297 815
727 1049
948 958
257 922
53 550
1048 805
465 573
422 106
1051 584
545 615
374 481
468 290
102 842
575 371
212 248
507 697
1002 356
706 770
577 204
390 186
128 168
440 101
87 613
140 319
478 292
163 128
1112 533
464 1012
221 845
982 979
737 544
528 642
104 1049
171 645
1082 518
422 807
352 73
1016 238
108 498
118 450
1081 378
741 642
543 47
45 615
968 1032
480 451
814 168
438 168
715 996
89 683
269 872
787 600
92 308
646 489
632 291
612 515
433 331
32 693
371 911
777 386
312 175
844 979
710 727
347 559
614 135
404 902
724 658
839 1015
765 145
307 91
670 224
339 962
209 688
381 503
443 380
302 14
172 699
372 823
1042 38
548 738
1057 1001
484 350
250 802
340 730
715 392
200 786
430 294
341 98
89 626
898 101
140 1092
98 691
387 4
639 158
405 1005
858 199
868 505
689 555
759 381
832 764
333 574
523 435
361 583
315 295
547 966
153 177
481 880
1099 537
740 499
549 1027
248 750
1091 591
972 651
1123 1094
380 525
338 784
12 607
454 361
376 322
506 403
358 436
72 867
483 1
1003 135
418 1023
1062 314
71 145
909 835
1122 410
706 1013
360 966
437 451
301 145
472 501
6 605
173 880
74 352
953 527
634 738
41 1030
1019 785
467 357
489 260
662 313
898 778
854 722
108 406
775 1080
95 637
952 160
26 34
799 754
386 460
626 348
440 633
789 574
484 417
602 288
241 451
812 561
436 192
167 473
615 723
863 29
259 810
912 603
830 386
938 971
913 254
733 914
678 309
1111 983
503 996
100 364
604 857
150 981
897 166
830 642
522 631
1017 453
258 158
247 514
661 709
773 1050
388 955
385 590
674 376
283 346
647 885
641 894
481 405
824 658
731 234
673 476
750 305
957 843
1031 967
341 102
393 469
647 33
82 306
902 922
487 426
197 780
804 541
730 753
903 892
833 956
1035 671
601 13
662 630
543 853
121 70
938 715
547 685
1002 678
218 517
884 187
1012 53
765 536
973 385
357 166
855 117
503 343
983 394
751 318
272 468
920 139
642 713
222 189
619 417
901 522
717 764
1059 187
986 413
207 291
129 859
396 998
618 1001
37 558
351 1078
745 407
593 659
250 486
581 499
537 59
104 345
516 22
773 526
459 374
686 945
448 376
104 321
701 159
403 318
135 327
296 360
433 698
116 341
266 526
427 881
811 313
481 39
527 448
835 331
740 993
280 852
374 286
947 526
794 742
16 990
565 108
957 170
814 123
544 373
17 860
353 229
644 470
419 883
362 144
527 155
134 449
765 499
114 222
882 183
418 482
1096 150
296 930
420 962
903 800
242 180
597 118
424 253
708 1084
241 474
226 1119
499 999
282 428
510 80
593 125
56 374
285 240
1006 931
626 949
869 35
742 424
1105 155
31 310
207 93
996 529
533 507
797 622
762 790
310 391
96 945
901 357
991 865
1106 368
273 562
1020 425
393 986
434 32
632 215
440 321
1047 687
418 228
596 722
876 588
797 528
979 922
907 457
980 62
494 211
787 683
306 939
550 433
152 209
979 688
829 223
871 274
782 921
591 248
509 435
440 816
826 190
858 496
43 308
1013 432
494 322
271 1058
865 887
317 155
323 232
913 698
519 140
791 1022
731 998
540 728
209 143
447 331
231 775
641 718
932 420
267 354
870 870
750 496
559 375
135 617
917 541
692 146
496 596
38 673
1056 860
616 904
633 89
799 571
589 211
914 126
862 695
108 767
109 1063
536 888
836 128
490 881
147 578
548 761
1065 645
967 927
333 98
626 241
288 633
330 965
480 513
164 220
228 382
95 43
911 637
430 960
831 727
661 84
156 838
649 536
364 58
930 435
903 611
772 1084
303 749
1106 683
647 661
734 902
1061 383
812 879
705 290
430 171
402 919
111 697
1079 394
940 603
97 937
279 211
147 708
229 657
1033 402
30 721
1017 603
906 675
1101 382
719 726
396 811
809 692
996 123
342 113
887 908
339 797
380 466
782 986
445 111
220 280
249 709
941 511
911 92
271 93
513 706
328 964
105 882
823 304
322 24
737 884
1094 1111
935 88
928 644
311 108
45 1004
947 249
519 1007
425 42
396 826
565 293
841 218
895 611
1034 733
1025 703
321 996
76 242
457 560
337 327
635 264
438 786
904 642
185 859
314 631
853 732
119 1017
1060 302
69 969
408 381
897 70
101 510
220 322
574 140
255 290
343 496
743 446
887 246
438 793
286 260
155 784
509 749
729 540
180 704
347 477
971 982
990 709
789 290
1111 922
105 511
377 266
451 971
168 277
726 302
418 153
322 322
561 237
61 285
826 620
301 121
1010 466
753 1015
265 273
567 453
345 634
1105 221
396 752
411 299
393 598
8 885
116 490
869 890
451 1109
649 381
33 661
1031 917
660 606
576 490
993 546
773 795
896 159
316 214
543 911
489 398
745 622
175 830
722 52
80 212
956 721
165 579
22 186
378 425
200 287
509 119
664 736
230 450
832 503
627 780
25 565
276 907
1069 946
1080 566
674 929
241 631
133 222
349 31
265 420
846 165
364 861
465 867
295 1076
874 492
574 739
830 403
932 202
900 811
396 650
964 641
466 470
409 784
672 590
858 1074
723 95
828 722
903 487
486 536
790 773
144 1033
393 311
741 1011
17 1008
896 645
358 863
569 203
419 220
905 863
604 555
574 445
927 311
826 1113
546 68
674 253
1053 714
186 865
949 827
373 232
926 355
594 978
195 664
905 552
930 893
863 173
988 186
962 901
229 305
658 885
302 246
408 476
823 191
151 866
700 390
1000 831
435 303
833 793
172 158
439 802
248 733
653 775
457 294
555 917
571 719
522 188
1024 41
271 124
231 376
311 609
209 593
980 250
1015 152
533 722
15 472
975 417
1095 553
993 887
556 106
351 444
458 729
124 147
105 68
849 998
969 253
795 728
978 702
799 694
853 882
662 338
577 33
944 605
508 677
541 445
780 719
460 896
556 1020
78 782
552 943
677 863
773 810
425 1003
468 566
811 575
529 132
141 302
931 347
68 1021
832 601
351 101
272 883
585 1021
470 860
1114 597
547 208
339 657
864 98
378 371
735 32
450 530
757 421
96 686
612 207
222 299
980 16
625 180
739 957
161 720
753 119
343 389
505 534
419 419
980 145
254 870
765 1001
1066 911
746 988
1016 722
485 381
886 141
775 400
1122 891
844 321
498 298
310 822
429 571
240 483
477 704
1000 796
982 644
563 144
210 806
428 860
254 416
342 577
192 606
799 449
138 278
1045 228
899 538
342 896
36 565
114 380
73 268
1107 237
1080 1118
350 667
418 401
536 962
664 1004
496 829
224 145
101 907
217 504
1023 145
616 555
1072 317
484 647
38 692
815 785
608 107
165 58
256 836
662 671
480 272
175 567
603 504
30 641
701 184
535 382
1115 389
881 672
603 85
709 150
639 678
215 855
312 462
998 199
705 1057
966 1016
528 301
684 169
884 980
647 327
659 1037
580 26
872 721
646 774
511 538
1039 886
197 646
906 838
798 911
874 186
686 993
1066 835
683 513
662 876
873 1050
1017 666
778 915
640 721
887 222
487 417
181 321
570 176
928 113
514 71
589 902
512 558
815 491
730 67
988 373
820 679
667 951
353 610
656 211
827 552
455 532
1008 252
173 379
942 650
759 154
300 191
589 968
722 882
85 423
974 972
971 368
848 966
383 768
776 293
589 564
1029 870
295 561
489 1117
329 104
179 867
244 385
865 793
677 17
15 134
543 377
286 359
488 986
689 803
700 1008
240 462
869 415
423 728
511 668
282 197
950 202
98 664
232 47
599 186
734 87
519 115
834 818
423 327
1108 483
959 181
553 567
1071 147
417 250
231 391
818 72
120 1044
689 942
945 924
274 747
116 783
173 244
633 488
409 213
211 751
383 925
546 196
512 757
444 15
199 624
655 757
842 508
273 315
288 29
809 182
727 1027
351 121
863 123
839 153
935 432
491 179
178 197
802 525
232 947
430 614
516 805
869 973
1105 13
719 176
57 687
675 633
472 538
803 102
539 218
344 853
789 256
948 604
726 612
135 153
446 191
195 722
254 582
1075 310
298 886
700 1019
477 454
342 546
474 922
70 316
294 884
813 694
545 626
412 62
144 1011
249 891
1001 666
482 1019