922 20
580 183
1003 253
514 77
645 605
466 834
423 496
836 301
899 726
755 722
279 1008
460 939
112 896
255 9
7 88
983 320
866 975
765 963
825 34
386 542
966 64
1013 809
403 628
814 425
710 607
421 539
159 991
45 124
263 1012
477 426
406 995
299 320
898 721
34 671
189 358
279 730
481 939
350 334
882 167
419 715
936 242
302 216
765 647
967 1027
899 501
899 1106
8 1082
530 651
898 366
986 385
552 455
7 1008
351 501
468 424
519 636
229 56
425 373
598 972
568 315
480 923
294 587
650 552
3 193
182 839
748 146
869 260
757 530
411 1049
712 637
287 794
300 930
962 619
540 145
486 258
826 1016
961 448
573 874
971 320
7 99
513 505
325 674
787 1034
825 432
376 1062
633 814
775 144
790 532
757 10
225 1009
508 418
105 785
671 198
484 293
636 992
794 227
322 47
536 728
980 142
193 1031
332 445
377 84
340 484
787 571
789 269
355 567
858 208
140 898
1020 1113
1098 250
679 82
878 203
544 429
605 764
712 439
451 349
769 64
999 164
686 275
557 267
924 542
967 496
487 447
430 916
230 388
1015 516
611 1085
654 224
1001 250
326 772
943 686
152 646
1013 324
618 314
573 751
451 326
545 660
444 739
450 73
627 101
1028 268
882 865
679 989
256 116
116 514
996 1115
241 667
595 792
210 204
383 408
778 1071
466 198
284 279
897 1047
789 355
391 295
697 765
733 249
941 456
1067 260
505 937
457 534
311 883
497 206
583 166
431 908
411 285
110 879
481 1102
613 915
375 107
851 12
563 283
366 692
204 228
633 987
124 1018
974 61
999 1015
297 994
571 715
898 329
281 1013
255 467
436 627
685 1090
592 683
761 349
281 905
869 772
156 888
914 935
433 445
170 955
674 950
724 219
332 772
895 108
813 294
96 431
221 891
676 457
24 690
358 823
635 453
528 565
917 654
219 774
244 470
602 599
489 503
645 752
17 814
559 510
61 785
705 880
932 193
396 1009
847 1089
770 215
577 290
934 403
879 365
939 427
338 178
351 711
130 284
185 309
134 532
1049 56
691 1032
667 397
593 781
818 644
389 929
977 934
119 1099
519 291
514 605
210 819
77 278
854 374
311 705
985 450
851 885
176 482
437 976
464 223
301 1011
191 231
786 507
545 278
929 996
776 816
614 315
856 429
794 75
872 1081
719 295
87 734
936 727
957 531
493 656
16 732
130 928
726 388
102 51
916 729
499 436
209 703
611 166
582 928
406 216
89 792
633 853
464 1032
877 558
305 331
546 948
756 351
946 440
898 194
545 345
979 515
841 307
87 794
961 207
538 215
511 455
528 638
967 1007
795 203
895 727
684 370
539 571
487 221
419 566
74 393
388 627
107 1018
303 999
130 1072
1097 617
377 338
275 126
76 97
224 571
63 492
400 659
179 113
258 50
289 1073
363 849
725 355
117 1092
992 553
170 276
328 264
145 775
260 126
280 550
606 794
428 987
279 706
905 777
292 1071
126 448
632 636
0 417
81 852
797 727
697 1034
416 199
904 765
499 741
448 195
1112 487
993 592
363 875
1063 708
11 483
690 660
919 783
347 326
380 509
765 1032
613 852
768 200
447 136
728 726
677 494
278 420
282 873
92 522
901 619
808 636
956 110
369 393
853 544
236 1010
470 222
809 421
884 735
411 9
489 497
353 32
273 135
239 564
337 180
856 754
106 997
1008 480
526 350
50 756
448 519
996 826
550 764
1047 562
561 8
1015 533
564 713
407 296
173 249
188 142
207 527
266 736
314 262
204 970
163 336
894 192
673 777
410 436
355 624
466 1018
198 658
183 523
154 126
539 153
403 610
1031 231
827 35
754 699
1013 752
434 193
1001 580
563 210
446 231
251 319
423 910
611 643
834 934
899 626
477 796
475 382
554 714
887 602
801 920
909 668
940 171
681 343
447 484
1100 276
736 845
426 569
233 851
848 979
780 751
232 338
164 496
693 174
762 823
776 856
857 278
1019 681
589 966
954 48
717 470
497 948
879 610
411 931
577 244
545 216
966 523
104 882
403 875
719 618
763 755
1060 874
283 325
146 747
889 372
236 1015
774 963
877 453
596 591
885 771
1068 794
801 307
727 429
911 625
661 747
675 194
1013 1030
1116 397
299 204
907 907
433 870
314 584
100 339
688 780
53 828
980 714
564 109
914 689
831 731
96 258
872 331
482 236
944 983
91 376
254 84
1113 594
955 661
982 87
766 46
857 532
1084 337
545 345
222 837
963 281
294 152
714 170
863 331
620 858
1012 335
837 708
730 804
268 788
1121 554
207 585
460 507
601 418
336 182
848 963
958 825
757 465
228 975
752 191
414 656
752 234
313 939
954 39
264 326
803 972
618 332
933 330
163 99
1104 359
984 402
520 837
977 115
119 259
234 423
733 423
402 197
264 502
311 637
833 572
357 353
942 945
157 805
504 216
361 918
131 1069
350 714
352 461
289 105
138 469
510 615
281 630
629 913
925 254
454 941
834 695
559 925
832 940
452 680
155 380
763 420
794 650
1001 430
183 573
948 931
891 371
417 478
200 147
400 667
261 466
1039 420
976 760
80 258
449 629
718 197
843 263
269 916
768 388
993 642
830 1065
156 91
627 511
524 652
597 358
471 396
1018 159
728 287
606 1094
906 599
700 897
275 783
202 449
708 408
677 304
302 722
815 1017
211 424
339 870
477 636
230 599
1115 1036
413 265
138 1073
777 239
151 676
346 573
699 193
690 580
870 887
338 330
760 350
299 200
715 865
843 368
134 883
550 132
258 451
118 983
990 320
142 921
974 626
414 317
582 895
762 710
704 72
1018 731
103 593
545 505
874 47
1022 225
725 194
860 565
462 600
276 255
427 566
1108 683
826 139
227 218
284 994
942 399
1011 332
804 348
259 468
300 723
731 169
246 740
628 196
655 1010
357 734
531 905
88 283
998 141
965 51
351 509
605 289
227 862
490 43
857 700
148 15
347 581
442 426
253 609
713 494
298 876
653 704
410 889
191 182
970 936
1042 1011
349 508
521 936
673 799
200 532
288 227
738 229
949 418
543 935
469 574
854 412
783 1090
273 482
259 155
935 923
989 610
525 470
5 833
745 333
900 1082
319 537
376 442
309 333
323 487
838 807
460 356
1018 834
1037 786
920 643
1030 737
1111 176
808 806
370 289
427 195
963 311
141 114
1106 120
903 808
726 159
454 451
123 981
775 284
381 827
996 611
884 1099
879 937
713 138
636 1113
661 1116
266 988
872 259
569 1055
781 185
492 623
843 841
755 168
642 904
46 494
815 509
899 1019
600 737
454 630
692 100
900 1000
410 848
333 561
881 401
142 212
528 79
664 100
798 371
620 628
395 825
551 705
576 837
336 49
396 919
404 917
480 296
677 404
749 197
995 892
972 477
916 457
515 279
298 527
981 1056
312 411
378 669
992 637
984 92
884 937
600 547
353 376
533 573
286 677
887 355
735 164
667 271
546 288
1110 664
937 291
506 231
294 362
892 846
540 10
455 883
914 685
516 118
948 765
284 693
1088 589
890 147
17 928
157 591
982 577
429 167
882 958
340 155
913 1022
303 533
680 593
373 102
24 710
472 568
975 126
747 185
160 554
836 698
865 555
1081 306
943 148
336 703
270 608
842 245
994 446
380 1095
613 57
194 1064
747 313
432 784
679 635
699 103
368 901
955 194
221 1115
721 357
940 647
395 105
911 753
838 406
588 787
980 272
832 170
535 406
693 891
793 1055
926 708
228 518
269 237
325 148
938 567
932 286
564 279
154 414
990 161
975 679
376 100
478 933
703 302
282 641
921 755
789 701
316 783
975 594
436 640
1036 726
846 1050
130 901
570 785
722 552
545 385
173 1103
412 537
949 639
618 266
821 1009
389 799
397 179
520 910
210 865
994 1007
250 978
867 890
259 962
717 505
537 987
641 849
136 893
151 154
463 756
970 1063
270 1064
224 219
1070 462
112 1064
695 238
672 477
145 332
991 271
23 253
110 741
849 666
776 687
648 520
255 829
783 751
229 366
783 113
975 690
986 400
849 92
708 524
543 503
735 306
909 449
134 432
251 910
800 11
700 389
789 616
515 418
416 824
614 966
734 848
315 520
167 451
249 836
707 376
308 219
1087 358
405 633
656 779
649 322
696 470
451 442
343 1024
171 806
292 437
374 854
997 148
459 1096
988 978
937 425
251 838
497 699
101 436
700 653
149 559
289 770
1023 812
244 311
438 760
633 136
130 446
248 745
203 354
43 1017
84 970
700 119
547 305
979 798
341 228
508 103
454 548
348 355
215 286
703 483
283 888
773 191
110 509
725 582
1016 357
194 802
273 248
865 379
437 676
129 6
411 539
1002 464
881 588
397 773
203 178
940 422
428 423
200 1075
608 280
697 594
275 572
116 653
186 227
505 193
376 346
154 700
531 709
531 940
600 610
1091 850
803 434
763 616
1043 430
808 842
496 440
459 1016
526 1114
204 193
607 423
889 337
820 892
527 908
497 998
236 535
625 397
369 150
807 547
997 793
854 949
921 622
919 645
333 769
504 796
976 101
212 266
752 398
177 189
127 513
185 520
656 502
806 758
977 1040
667 375
394 651
895 996
197 538
1003 629