1053 636
294 281
463 906
827 515
745 949
949 594
727 23
651 700
153 434
549 1008
296 712
804 952
153 573
601 342
1059 921
236 935
953 196
422 944
946 975
144 1000
172 434
68 216
340 798
843 353
140 452
1121 672
301 568
566 233
852 890
910 877
1012 873
175 239
101 202
912 976
287 673
240 1104
684 687
656 884
252 274
650 1059
723 311
452 724
259 976
888 794
102 242
996 813
363 61
8 726
425 805
869 539
907 146
933 187
626 373
225 764
882 455
467 922
247 755
141 893
235 245
958 257
976 654
290 733
132 22
671 327
1 911
413 428
693 581
1014 640
750 345
896 181
681 862
518 512
128 483
678 640
309 785
1111 782
263 427
274 935
678 864
576 1064
238 636
417 426
750 104
299 295
523 868
435 197
548 820
400 569
951 425
430 260
258 907
761 235
755 422
715 968
358 129
707 611
1115 327
263 318
479 888
304 1066
987 654
676 282
747 572
531 799
640 530
549 50
509 971
235 574
686 836
37 70
885 513
148 223
849 519
505 913
614 1022
865 849
229 776
889 946
235 229
964 424
709 100
211 306
557 398
873 688
611 276
616 257
988 494
1007 546
251 421
149 968
436 752
754 1080
434 698
188 282
123 632
539 401
815 903
104 719
923 318
991 489
426 88
860 235
857 777
797 248
987 1017
589 27
196 551
459 148
714 906
563 377
506 693
689 109
233 612
1013 395
1102 322
293 968
692 472
890 970
871 924
100 452
985 281
944 759
555 555
396 178
180 866
328 435
921 888
800 662
178 994
504 685
973 480
520 1062
378 386
248 552
740 527
526 756
276 702
902 304
693 148
733 571
1016 323
354 794
183 419
594 899
219 746
666 1032
934 739
162 580
351 289
415 525
217 203
653 715
652 737
150 495
204 666
559 271
693 641
265 1009
203 713
857 221
650 610
716 502
920 454
488 945
234 962
824 747
792 567
179 978
976 987
674 975
864 778
164 454
177 127
5 965
355 935
947 381
867 373
692 236
116 350
31 932
676 109
905 778
74 187
1062 884
147 575
393 927
385 333
809 998
821 293
542 340
902 940
582 346
335 1065
827 69
249 624
913 78
276 957
972 594
982 704
244 661
189 842
563 736
944 202
1051 3
810 704
796 165
61 331
584 810
314 1029
962 372
760 1010
476 333
708 529
1031 299
506 874
1012 800
792 627
200 326
509 964
784 289
331 517
999 203
143 723
816 409
75 722
392 383
48 841
70 614
569 344
676 478
445 746
978 763
893 145
441 507
999 78
966 268
449 528
231 297
388 351
662 459
485 730
348 745
882 479
25 804
579 865
938 902
913 477
1034 784
164 1100
812 37
638 174
8 577
949 1123
164 44
38 344
754 667
437 931
280 762
381 283
263 825
254 558
80 1070
459 402
304 709
128 220
986 749
68 800
797 1095
664 203
935 721
379 805
732 208
228 309
547 0
546 613
674 196
145 927
880 220
701 209
680 162
800 810
811 845
838 989
363 595
500 965
374 290
837 1083
560 128
726 632
1053 771
227 667
381 798
113 922
465 216
366 511
414 432
1029 1053
624 758
473 576
741 128
1018 1046
1114 596
825 476
982 742
52 597
246 388
359 986
736 17
704 521
299 832
765 902
526 536
908 157
719 647
419 437
551 598
307 925
188 956
1023 918
162 121
646 209
958 815
859 170
295 529
746 669
838 967
37 432
12 129
222 402
250 265
624 800
985 362
284 76
514 177
396 196
1104 914
853 378
317 41
806 659
606 432
462 482
90 1012
37 895
124 242
574 997
448 139
681 849
363 191
626 690
566 757
507 463
457 965
455 658
571 163
173 733
777 1069
696 795
47 346
591 572
779 692
487 908
1000 334
192 717
197 544
146 184
31 690
845 587
1019 718
649 484
896 700
919 16
860 674
1073 784
29 55
204 55
159 622
865 434
468 198
594 252
867 402
175 446
740 1038
651 998
144 932
1022 599
468 158
275 1107
159 726
192 504
493 797
1036 141
574 202
1057 1004
899 592
456 586
861 776
339 602
303 471
290 661
166 239
528 723
512 1008
353 1104
1051 247
360 729
373 1012
987 624
414 909
485 804
1117 844
627 949
428 529
365 1102
647 75
745 180
651 488
581 416
98 1121
14 654
362 1065
924 976
382 591
424 545
293 450
513 947
521 118
740 453
870 1005
925 385
564 215
537 804
645 884
552 327
372 974
387 469
525 745
581 418
113 1109
404 363
121 144
524 44
217 246
1036 204
552 628
468 987
158 930
348 302
222 541
831 400
348 455
801 632
173 904
126 702
260 1072
600 692
220 416
401 972
444 1012
916 910
667 300
946 324
1069 214
933 1087
281 636
787 834
236 854
697 371
472 437
631 751
1041 1030
351 102
393 662
22 1115
891 151
904 371
402 784
572 933
521 788
1040 479
485 327
457 901
458 1083
522 538
376 634
143 963
1023 512
49 837
852 799
977 957
220 533
591 166
644 1000
411 229
666 788
415 1053
488 119
272 128
864 448
997 618
855 870
962 490
213 1094
702 160
77 513
783 508
320 220
252 66
11 649
761 749
617 111
735 443
909 482
585 863
301 241
265 182
571 511
1062 332
957 255
1073 1022
104 642
248 690
423 705
652 514
670 637
571 932
124 209
1095 64
500 628
95 198
784 595
421 1018
407 735
616 232
958 682
306 158
193 685
477 1045
674 748
182 123
752 245
905 242
316 351
183 846
105 866
1015 1118
827 563
95 395
691 976
273 217
832 35
966 1042
280 329
335 669
599 132
595 291
295 374
121 191
850 846
990 897
944 853
320 271
197 78
830 356
267 518
681 445
155 648
1016 605
597 990
1023 818
935 691
1000 578
138 851
496 244
932 440
662 320
1018 245
796 450
190 922
589 985
607 779
438 893
663 908
121 490
456 243
470 779
323 1106
559 145
997 250
502 223
412 165
904 736
297 745
1012 350
806 1012
397 487
331 896
195 360
748 225
40 286
793 305
17 211
506 964
303 589
88 1045
171 506
224 427
976 771
902 987
337 683
798 676
847 737
791 426
816 566
706 410
65 611
661 320
131 593
147 81
414 334
651 586
949 309
90 901
725 260
858 625
120 817
12 445
210 195
855 1099
434 920
929 115
449 291
126 934
838 923
984 102
380 541
878 322
827 1008
209 382
268 983
235 340
952 857
113 381
359 279
475 301
970 372
738 971
570 544
969 880
975 618
328 218
728 842
234 382
967 424
397 959
285 875
710 812
976 780
813 811
496 611
791 260
903 948
587 426
280 675
659 737
477 184
859 211
271 122
313 1051
74 689
981 624
221 777
616 306
657 558
881 121
214 657
1108 345
222 576
933 567
968 1081
667 195
239 219
377 749
1062 277
372 229
430 377
499 441
134 670
872 75
443 682
595 518
1057 647
728 582
234 981
617 411
621 618
200 541
100 635
337 1015
1064 614
312 728
772 1000
46 252
699 768
481 256
635 1096
485 282
729 207
1004 234
658 984
845 338
107 761
416 634
867 415
710 548
265 552
299 470
715 896
590 690
132 425
189 315
505 77
749 770
743 1007
217 237
180 693
299 688
810 813
302 317
561 322
317 786
213 369
35 974
936 150
316 178
744 968
683 435
825 102
845 549
372 827
697 351
373 885
1050 604
383 916
90 468
181 1081
135 0
420 453
474 634
572 50
350 773
752 721
79 272
392 248
131 236
134 27
14 942
907 1050
785 106
379 951
307 161
111 1054
972 868
493 752
762 417
630 78
317 573
297 724
497 203
297 9
673 183
423 673
895 445
478 625
1098 662
552 499
867 912
988 680
500 102
612 811
1074 347
503 947
481 673
1034 792
797 792
360 422
782 630
90 54
156 340
585 386
12 72
225 188
21 392
782 383
512 1025
281 782
134 615
581 509
947 625
812 203
179 787
877 1010
514 528
301 437
844 384
757 497
543 831
484 628
674 816
389 1020
854 1110
1118 410
769 469
573 864
153 435
1042 374
799 388
733 282
933 110
677 318
785 643
918 193
283 140
175 776
960 306
592 791
912 174
474 287
929 799
616 674
989 959
714 903
517 657
416 577
207 468
715 1038
934 551
787 831
984 802
1108 1110
968 565
130 902
212 363
619 83
637 525
87 194
325 398
841 370
921 627
291 530
432 139
934 310
1119 32
584 365
1054 371
955 335
626 223
629 435
668 121
530 372
241 244
373 716
155 807
938 1044
568 977
167 1109
808 537
897 810
396 95
862 409
261 734
525 380
163 156
944 373
710 1046
13 661
745 374
359 219
229 1118
494 224
716 739
313 400
175 654
925 561
789 197
1103 711
101 490
176 859
621 463
955 357
132 470
849 397
906 963
940 1017
45 1076
798 434
414 421
2 781
622 840
843 1066
955 596
1072 504
774 1120
879 318
537 742
1037 569
173 409
999 165
646 275
342 864
378 375
167 363
691 568
549 148
507 953
715 924
548 856
298 13
1073 817
825 744
964 323
612 364
361 463
392 53
698 302
440 470
212 1120
166 404
953 331
395 11
191 62
620 110
417 346
598 237
940 133
377 742
57 595
17 851
752 448
295 761
206 172
442 794
643 619
643 782
602 513
928 925
819 331
1104 393
539 116
427 938
449 667
448 823
827 122
687 264
194 237
467 619
179 787
665 824
431 944
951 290
849 180