496 403
908 7
339 100
472 745
561 824
939 907
832 897
498 1119
583 197
692 977
679 937
563 394
78 826
258 644
421 874
567 565
192 269
560 349
1022 55
951 666
845 442
897 709
785 705
231 83
388 461
593 560
250 924
983 130
678 14
1106 445
607 840
962 445
444 334
400 323
891 165
110 452
708 555
157 582
865 406
479 715
477 350
846 388
930 563
192 570
675 1006
491 721
550 560
204 1008
9 123
195 73
387 277
513 121
285 628
326 567
865 116
293 736
252 960
465 655
874 715
144 65
993 25
102 1000
109 870
787 721
813 1037
249 48
265 239
953 234
298 123
260 858
843 841
636 329
1095 892
756 665
532 1005
564 462
1101 417
665 812
849 693
897 333
706 237
786 493
284 924
220 189
704 1060
383 835
448 746
954 640
233 1114
197 432
239 318
1109 105
623 242
590 569
399 928
664 840
702 849
910 347
573 520
824 412
209 258
479 568
430 960
922 682
388 801
582 217
572 490
897 427
208 472
475 215
868 503
18 429
350 995
981 731
124 780
491 230
507 344
492 499
562 933
743 115
487 761
685 990
264 118
974 1013
504 992
346 451
985 414
326 290
1058 123
263 937
938 672
415 49
696 781
942 267
90 681
231 255
277 9
548 322
90 150
643 438
40 444
786 273
864 254
896 592
233 913
292 749
368 778
614 775
819 1034
909 968
424 958
201 505
245 284
346 589
444 604
231 101
597 851
954 124
194 638
936 479
731 139
829 975
299 646
186 633
756 29
498 899
436 469
1077 952
372 1016
303 976
175 773
696 394
736 142
716 879
838 134
78 119
827 882
320 375
220 333
562 909
235 960
643 55
759 809
1035 83
216 901
610 842
449 123
481 359
248 340
527 1008
1107 674
294 704
196 927
215 666
576 885
10 372
954 98
106 798
215 205
183 627
874 683
445 514
889 932
774 706
306 868
843 839
382 338
120 704
1099 906
616 165
206 852
910 1015
334 741
781 5
974 369
478 192
620 820
431 106
993 200
251 1020
9 289
1096 125
888 481
704 259
367 824
669 673
142 819
642 43
329 222
982 495
142 650
494 481
941 997
208 862
796 902
264 981
101 656
318 410
330 93
255 590
303 341
732 752
391 745
598 83
155 853
651 115
302 126
940 128
85 232
137 722
277 1114
841 501
737 508
501 784
433 391
143 297
714 936
327 973
961 367
242 533
996 773
758 100
89 138
357 210
263 354
80 674
370 172
62 973
747 617
918 806
149 678
37 1118
822 70
325 1119
837 936
1014 794
617 316
126 379
936 463
631 211
462 897
1102 734
222 175
655 937
423 219
359 1094
915 968
198 692
506 747
941 925
27 511
1034 1073
968 994
1034 1022
646 918
459 679
560 743
539 269
961 150
320 654
70 537
465 1111
243 118
508 594
144 909
681 326
586 207
899 397
244 409
1092 1063
229 268
118 617
983 575
904 597
62 51
990 578
13 985
413 417
339 1009
177 609
638 788
888 1002
475 724
983 586
311 118
403 524
365 953
879 239
1006 559
347 991
67 260
271 508
898 292
417 578
954 897
500 1033
937 890
618 740
726 389
415 498
640 378
767 818
699 268
297 226
87 1122
438 565
821 49
953 835
787 859
279 1089
817 565
568 1009
800 292
423 347
852 241
852 189
112 245
272 959
29 890
650 924
763 893
399 603
797 694
658 444
919 238
1029 550
704 593
539 804
9 26
679 633
295 128
140 628
1014 408
846 988
212 990
985 943
487 522
40 570
836 732
244 937
878 235
213 389
696 992
232 230
744 71
210 356
224 211
773 916
435 131
322 945
827 986
350 330
542 784
584 952
335 449
661 920
781 403
910 261
579 612
995 960
216 993
345 325
383 419
870 751
406 308
882 870
775 244
865 1040
391 375
182 454
616 663
463 203
771 127
343 750
466 806
768 445
353 257
738 324
513 3
610 118
320 405
231 200
775 765
878 812
273 40
132 963
150 357
857 206
849 632
314 221
559 244
859 546
10 253
214 182
29 1072
471 463
929 909
521 532
765 758
613 724
733 522
417 759
481 245
139 999
876 818
462 220
459 1073
704 184
906 192
214 571
684 573
620 828
674 261
385 851
156 274
814 641
406 327
1077 47
1106 974
337 1112
885 480
219 560
943 839
1011 550
478 191
584 113
321 870
181 147
812 746
597 1047
652 443
505 650
546 771
208 116
497 663
870 575
501 618
441 366
216 128
668 788
25 179
830 394
90 836
686 347
1082 529
655 168
708 876
682 138
1006 618
218 965
197 890
20 325
372 334
496 508
621 734
956 45
546 389
822 374
606 645
355 656
501 375
310 959
548 1106
394 804
571 928
395 534
149 254
975 274
927 934
680 751
344 77
685 853
134 299
530 892
786 144
28 991
752 546
849 215
257 483
735 532
1046 273
3 835
460 213
165 278
396 913
361 770
682 820
36 855
571 352
665 524
29 360
1021 618
702 14
234 837
842 506
754 547
646 644
267 1087
593 840
1003 416
669 321
908 672
363 508
806 377
730 9
914 1068
478 677
699 71
487 234
392 390
928 377
1104 436
786 191
361 363
44 30
745 433
901 427
711 430
164 779
361 838
438 960
967 621
596 383
332 823
648 341
947 496
574 487
115 338
805 203
1102 1072
356 609
743 786
533 983
995 447
147 203
583 705
652 221
263 654
1040 196
1029 841
541 782
819 142
724 979
757 358
99 561
843 756
228 65
610 944
269 287
441 253
157 420
631 727
211 855
746 388
515 501
811 502
207 39
688 753
833 894
77 358
179 442
774 807
271 808
280 407
583 899
527 398
877 281
284 876
1042 918
96 633
470 555
516 775
690 976
338 827
540 350
274 172
257 1066
1001 426
398 466
167 148
250 852
831 625
725 762
480 778
978 1011
49 147
967 505
986 793
664 1008
897 282
658 845
190 990
789 907
922 963
140 424
641 407
884 829
784 386
658 811
526 378
749 355
293 239
853 343
1011 1016
263 623
549 780
427 814
996 757
116 551
387 322
626 167
696 384
1084 1036
1001 95
544 24
894 801
756 786
157 365
400 652
701 424
224 310
102 862
235 634
8 455
459 803
803 841
163 343
307 553
373 909
1028 1082
744 130
540 619
119 918
407 342
396 982
535 795
541 1092
1004 658
1002 776
370 320
572 425
602 390
712 577
637 346
594 945
936 540
340 433
720 157
361 984
676 362
239 355
680 26
230 824
672 700
286 249
106 550
657 480
856 698
13 1098
1008 777
278 984
669 332
723 87
606 896
434 191
1013 826
773 665
102 827
391 581
936 34
278 423
312 623
83 1010
309 44
759 584
887 262
72 388
891 979
902 782
382 955
335 836
80 287
837 739
328 1023
493 313
622 958
218 597
36 455
616 483
769 591
401 1
954 763
625 826
282 163
476 396
596 1014
193 28
639 578
438 422
358 14
442 508
856 231
139 120
315 1105
955 446
388 509
476 446
317 389
537 859
322 559
800 877
821 732
536 99
672 459
609 588
540 598
244 175
784 997
996 118
1115 426
787 458
390 810
553 988
524 360
749 689
779 670
1092 193
731 593
293 480
885 738
334 1084
1042 172
963 144
381 309
148 908
109 664
503 528
975 1015
537 227
207 871
3 9
125 1050
1103 272
563 833
2 681
973 175
502 734
92 786
1104 561
710 549
1014 219
674 625
496 375
767 427
341 763
491 615
189 100
465 201
447 441
918 16
568 631
463 601
926 150
119 380
385 321
789 1080
1099 940
92 816
647 743
598 1046
201 503
906 933
974 140
205 724
658 558
186 840
349 323
1013 777
1005 821
265 945
895 1122
721 901
668 287
329 268
289 329
957 917
26 851
1109 691
263 174
618 1123
867 502
249 562
718 1013
158 487
48 190
775 688
478 848
482 736
1008 227
520 684
934 453
466 156
337 483
145 894
296 916
817 925
551 915
286 819
62 883
658 520
732 154
106 202
431 535
880 640
855 576
804 697
833 128
535 490
887 111
648 18
549 964
392 684
293 305
324 694
806 856
865 717
1018 437
196 456
891 916
675 647
964 677
231 988
282 167
282 198
399 1001
228 1075
743 672
249 950
38 1012
353 130
413 121
803 465
964 232
511 512
991 208
995 163
537 921
948 187
918 382
309 1123
166 442
967 899
522 241
762 281
144 525
696 734
559 448
1024 585
1021 752
377 531
856 349
24 109
1030 767
895 367
479 269
975 155
451 477
415 770
1019 643
341 1118
247 1048
1 627
3 915
753 209
704 453
988 937
525 768
266 737
362 80
228 288
1115 543
967 611
111 509
166 641
221 674
961 833
516 359
992 360
29 172
860 413
1044 1012
475 105
275 555
258 466
92 1014
1039 133
756 122
975 281
557 278
434 182
995 850
326 725
947 703
509 519
857 724
602 1052
1026 832
338 707
338 422
70 318
1092 601
228 583
499 167
334 298
395 122
870 530
336 224
124 546
417 425
36 471
316 639
532 918
959 700
744 523
581 558
736 92
507 652
215 541
928 171
324 505
782 1063
890 572
625 79
811 881
705 806
557 544
159 793
640 376
728 175
819 1090
235 976
438 250
433 242
96 898
991 82
153 505
705 294
818 820
381 748
171 936
102 745
132 425
797 1079
776 280
949 600
46 734
213 975
306 832
199 506
1047 666