547 92
143 1012
467 1016
229 425
192 87
747 149
309 183
992 1062
236 350
854 678
792 636
592 615
873 535
1059 1061
765 201
1055 494
290 132
854 408
1110 1015
541 576
109 141
761 378
733 516
893 573
608 1071
329 659
891 375
213 632
964 395
279 283
165 927
674 215
366 120
640 933
144 356
834 128
140 568
933 416
838 504
632 480
939 193
108 612
909 836
619 338
713 1123
829 559
859 339
1063 703
406 290
141 957
572 976
922 1010
422 588
695 301
999 1010
280 57
753 124
445 908
951 105
88 696
601 661
955 63
554 111
161 304
667 955
741 295
354 606
623 329
66 912
501 709
874 381
935 510
537 937
350 104
476 815
998 952
292 818
171 318
1048 859
342 755
524 551
305 786
521 827
195 802
233 577
808 799
389 120
872 295
400 335
694 42
421 543
936 276
963 547
900 1011
1069 128
401 143
491 112
319 134
967 385
172 260
121 107
376 399
535 96
907 94
637 87
109 984
446 42
365 688
287 847
366 754
370 994
494 138
709 255
312 242
1020 231
673 555
749 339
141 145
823 412
116 585
771 936
234 753
654 409
287 715
787 438
608 375
837 786
481 783
924 413
700 778
343 947
57 605
109 587
80 893
403 148
719 402
1040 971
983 875
823 968
681 1013
622 1018
548 789
481 335
570 1028
814 702
436 604
1109 421
178 408
836 707
999 705
780 433
316 223
715 709
667 227
169 598
739 870
439 799
1 756
687 869
397 434
1008 445
838 562
10 836
179 815
354 162
220 192
278 346
675 728
792 323
566 163
327 501
793 676
145 113
191 860
770 955
599 738
509 177
548 312
66 680
1004 401
368 105
309 753
884 1015
373 118
866 488
520 503
829 472
499 330
566 862
566 747
941 119
406 1082
807 131
284 631
870 99
993 798
833 53
1020 936
1012 894
856 370
207 609
193 488
623 593
961 288
123 1014
894 733
366 1061
679 611
171 267
760 542
488 307
286 878
146 442
567 123
1009 942
493 754
458 80
122 180
743 200
695 92
207 888
144 348
554 332
979 37
433 607
1047 480
869 172
800 384
586 959
1008 623
724 409
29 672
858 770
665 849
684 475
689 942
595 456
162 142
523 951
864 328
300 568
633 526
582 136
1021 765
521 449
1070 591
209 23
342 673
777 575
1119 540
966 338
175 704
450 233
1021 839
443 420
920 307
826 655
389 705
398 514
174 396
702 717
921 597
1097 927
478 271
569 139
541 641
1086 564
942 312
881 414
618 430
883 967
705 143
770 445
989 943
696 418
587 727
778 293
1113 1020
580 113
639 692
663 1073
313 741
540 201
244 374
393 176
383 470
948 188
273 4
73 870
232 70
459 413
113 907
220 735
854 351
977 618
503 1123
519 1049
109 185
871 59
459 595
509 340
790 1032
388 340
471 58
758 916
638 730
702 654
586 60
478 807
248 644
972 745
537 664
374 936
535 219
262 48
133 409
950 658
101 437
277 280
102 887
328 322
623 661
925 546
800 935
228 999
839 515
354 888
141 522
523 810
769 149
292 241
884 723
298 397
230 827
498 167
776 392
17 850
252 669
719 762
501 109
628 774
1099 405
412 1062
242 353
809 615
1009 246
712 410
458 454
242 243
480 952
1034 1072
664 719
618 818
795 539
871 719
735 445
790 621
268 322
385 998
562 534
125 1123
433 859
892 181
613 56
503 971
554 552
255 730
418 441
201 502
53 55
756 692
597 720
457 540
19 1
180 788
444 605
1070 808
264 181
705 1097
464 223
532 752
750 608
446 975
766 906
1006 935
355 25
553 833
779 879
947 432
134 810
296 932
724 338
963 1023
702 232
231 424
527 558
882 671
243 389
745 82
984 525
854 927
203 232
895 701
744 560
883 693
1038 299
390 582
451 716
903 689
923 286
785 443
725 899
452 236
497 705
134 426
280 488
866 66
614 224
767 705
654 667
463 240
788 615
868 577
719 452
188 323
527 224
233 533
640 439
1011 778
944 1052
1021 229
15 452
165 460
413 932
177 132
676 746
753 748
254 304
33 790
517 1007
945 445
490 817
118 625
795 659
731 3
1016 797
55 840
783 745
682 515
135 205
156 42
154 741
1089 422
502 841
238 417
837 231
521 138
212 252
895 314
1022 164
163 1017
145 653
164 828
97 32
841 990
723 899
374 282
789 545
559 551
419 190
388 644
892 772
427 847
565 293
210 726
226 173
838 496
836 115
463 555
590 1006
326 568
843 752
830 700
347 1063
476 104
877 522
518 839
460 238
196 854
181 927
302 601
29 117
115 309
231 706
96 372
464 221
669 679
366 570
116 121
953 561
557 24
699 770
891 183
491 638
123 103
701 836
1123 298
616 179
1035 971
3 621
252 76
277 821
723 996
476 138
807 605
79 7
737 800
23 1007
306 202
179 713
1107 104
1011 521
756 294
711 729
701 510
449 412
68 753
639 894
370 213
124 264
682 481
650 677
128 871
840 590
353 219
914 1018
412 388
841 653
137 599
495 835
362 210
679 652
1063 683
440 1
514 660
632 713
165 93
524 857
955 718
246 553
993 479
298 776
661 223
549 536
975 898
314 206
961 404
654 805
336 876
203 131
633 855
895 635
739 1048
266 254
157 236
1097 976
858 560
493 121
524 37
385 1018
775 412
438 321
931 689
831 463
102 207
143 654
788 968
866 805
972 491
993 797
21 512
425 519
292 593
926 777
299 1020
155 657
128 525
697 552
960 815
641 210
166 392
434 299
339 431
231 1003
293 974
824 136
708 1013
510 987
502 970
393 988
659 844
61 268
221 209
689 327
759 362
331 844
14 564
431 256
277 947
727 678
150 419
510 325
154 567
113 266
123 956
746 157
1071 863
302 116
966 913
985 102
761 736
487 570
815 134
794 694
386 476
434 332
892 722
541 542
822 539
168 833
295 367
601 930
489 1018
54 72
968 884
888 690
933 1123
620 963
1053 538
855 756
989 466
497 714
984 708
948 850
392 541
556 679
730 529
434 261
233 805
540 856
163 846
728 823
428 798
162 1116
898 129
402 933
225 238
754 554
360 223
303 768
561 670
326 869
107 472
865 876
212 362
938 235
838 134
832 184
493 479
593 1077
471 961
691 428
867 23
894 825
416 142
818 721
801 142
1084 990
584 299
942 383
52 433
423 650
1049 132
504 922
767 243
945 407
637 577
11 374
258 999
606 121
925 310
365 787
769 550
984 612
376 114
737 488
1038 737
219 53
797 262
1108 419
778 865
826 330
122 685
492 616
815 561
769 671
865 577
356 379
698 502
192 831
771 1045
95 846
783 1028
1015 61
675 616
888 970
423 844
692 524
288 674
275 299
467 755
446 454
661 790
607 907
199 957
542 748
1011 848
790 999
606 926
273 938
1100 714
208 863
1101 952
311 1007
260 339
513 135
314 865
191 464
822 642
934 279
679 986
601 186
200 325
396 990
702 250
442 730
579 92
773 227
291 937
1052 700
206 584
412 707
139 101
515 1079
855 196
129 782
226 448
473 1066
438 314
7 202
638 992
698 959
494 850
793 750
350 997
297 356
633 958
118 744
778 695
282 1060
593 264
28 337
617 380
742 852
358 594
721 995
735 727
218 830
826 382
581 841
997 668
247 527
164 619
565 894
115 972
1068 191
1069 113
728 117
135 248
711 267
1037 488
692 529
305 1063
344 322
586 606
353 298
1045 663
223 252
598 878
71 206
153 0
793 304
768 311
347 1028
769 539
486 77
902 241
530 299
947 215
918 682
709 282
678 537
1019 604
935 530
418 752
463 926
651 105
913 1004
169 621
987 143
511 615
170 236
147 730
978 809
693 371
450 231
954 686
490 953
544 438
665 655
411 1048
628 629
367 495
956 563
296 298
334 283
1005 248
572 229
1 96
675 198
376 831
326 256
744 622
571 950
268 554
300 570
564 884
900 863
631 364
346 277
268 754
206 1115
313 346
770 497
301 491
1071 663
844 67
921 53
800 450
756 921
838 218
151 796
267 135
66 290
898 388
723 986
455 812
594 925
173 337
389 605
772 431
433 292
915 841
226 919
163 188
968 869
855 654
676 539
475 443
674 260
166 371
647 48
259 325
493 612
818 849
589 684
655 685
637 903
1075 1050
627 427
188 196
1097 222
832 851
282 1101
98 375
236 784
362 542
991 287
124 150
677 516
494 545
835 500
214 961
1083 1014
957 827
139 920
433 696
266 551
796 886
449 620
884 839
348 525
343 111
1065 85
434 151
961 671
896 472
909 367
736 96
395 761
1007 693
714 587
749 181
903 190
794 1018
609 930
163 940
606 899
1012 316
935 392
196 911
301 477
472 893
661 234
437 24
342 523
409 593
504 929
215 323
108 1100
949 611
194 503
151 1006
1098 1017
202 1008
447 210
775 56
1093 358
152 483
193 872
376 561
522 336
893 471
421 271
374 917
413 122
719 887
684 754
77 30
729 24
466 594
139 744
950 679
161 1064
174 519
219 128
797 844
336 1122
774 684
577 148
789 1010
770 854
1045 741
823 1062
226 601
865 136
831 1096
953 473
323 866
441 478
900 242
937 234
331 921
709 10
351 253
236 888
343 483
283 793
996 208
107 465
351 722
155 496
1007 107
531 639
189 819
549 593
685 1046
405 500
415 915
859 925