733 160
771 183
616 408
114 493
913 426
684 1048
771 912
244 462
696 898
1044 182
463 547
552 337
543 253
347 216
60 356
165 289
335 158
487 736
650 1106
755 27
307 320
863 574
288 917
124 262
323 527
563 251
913 448
460 1103
253 183
370 431
82 287
226 1073
497 244
618 975
851 235
648 965
579 544
523 229
369 825
874 825
730 314
604 873
1057 596
512 290
673 785
389 134
820 499
572 878
421 876
748 353
712 203
473 848
100 686
232 363
603 378
783 298
526 874
801 496
1023 664
808 935
685 570
190 682
489 808
252 384
596 974
981 8
755 344
362 377
970 748
510 429
797 929
785 198
990 165
664 239
8 676
752 869
292 26
515 856
691 237
646 31
682 416
717 204
542 1020
839 82
860 296
950 978
703 733
445 178
905 728
747 878
676 191
372 1048
359 666
446 639
584 1014
975 819
396 747
1092 1070
395 137
536 1095
886 102
998 879
72 972
236 918
517 968
889 958
999 103
332 390
1020 282
374 768
199 171
845 275
677 120
418 1115
137 1010
429 358
936 1008
1095 628
842 191
724 540
235 221
625 478
350 810
1012 237
363 1072
435 211
827 264
922 104
279 528
551 758
506 425
495 369
631 460
337 810
304 316
591 521
896 1007
509 516
190 970
533 152
573 229
860 81
682 186
400 985
207 406
956 945
391 790
968 908
200 189
413 623
672 100
147 616
427 629
596 857
382 857
161 1037
762 241
411 743
66 229
25 528
307 759
255 299
894 417
221 566
77 393
49 586
535 107
358 513
697 939
734 258
951 1056
401 413
1065 806
247 188
154 782
775 610
366 538
882 1039
670 616
259 960
1006 872
199 292
936 846
111 410
465 549
371 221
837 348
254 273
605 770
632 506
300 902
596 363
932 485
987 897
406 776
628 480
130 970
293 527
829 599
601 955
454 491
483 503
40 698
479 703
511 420
838 322
159 717
791 992
444 1123
772 529
907 522
926 541
579 664
789 915
763 532
126 621
39 744
622 902
160 931
843 840
896 446
970 103
592 664
72 954
1059 792
436 386
488 799
855 91
1048 953
94 611
224 523
405 121
39 850
885 548
786 894
96 84
1023 928
138 876
422 848
475 928
734 592
986 224
143 90
473 7
440 972
183 166
1013 669
66 933
430 17
990 518
562 942
457 945
867 305
527 29
214 348
52 523
120 465
200 938
847 803
251 562
124 148
26 134
834 1082
1069 90
647 525
170 711
862 426
717 859
618 530
994 437
648 292
923 675
882 131
701 979
938 600
841 923
167 1055
590 1065
462 619
802 510
265 672
322 810
556 716
694 127
229 601
585 430
791 785
988 561
1116 335
857 252
329 1046
415 164
192 413
667 440
674 557
249 254
187 350
1108 565
917 923
551 702
383 1032
429 802
491 906
343 650
91 795
868 206
984 922
325 658
566 246
857 859
719 852
491 572
294 131
650 907
203 426
208 816
669 262
119 318
799 759
756 808
917 851
110 367
958 588
899 242
735 531
544 271
832 290
890 1092
466 133
330 628
173 795
1077 533
104 770
430 41
169 52
584 964
84 345
719 877
670 405
205 517
282 219
184 893
869 676
731 478
663 317
182 273
593 854
226 251
371 695
601 13
496 1103
585 885
989 347
759 976
840 840
231 90
791 311
234 736
349 1112
599 400
572 849
461 1022
446 296
119 605
679 883
226 459
1007 572
273 913
1117 477
391 473
635 85
669 605
210 781
124 461
782 1010
52 866
167 251
855 315
655 459
925 810
512 798
432 694
956 600
150 836
763 231
957 1108
1031 561
151 30
304 94
311 1067
482 210
700 796
407 802
67 766
533 725
678 835
315 602
619 790
189 674
1010 451
284 452
490 105
623 579
634 861
976 835
532 909
736 1087
809 9
93 317
491 994
783 654
779 420
224 739
571 105
207 1106
159 390
106 1083
255 832
347 1033
508 381
728 133
921 539
785 778
253 141
226 136
94 182
996 885
961 674
377 197
936 694
1056 973
391 998
620 625
282 513
376 682
886 962
60 144
48 508
986 307
594 531
561 230
612 763
729 529
686 426
405 325
954 118
17 656
793 892
297 915
253 465
553 464
149 439
741 711
1007 558
808 1025
370 867
1025 114
709 440
406 308
756 101
395 52
409 896
465 828
764 766
174 229
887 317
599 448
1024 267
329 490
592 602
105 933
304 513
474 260
74 541
696 807
313 123
11 1117
429 989
449 281
974 755
1022 111
495 11
681 261
634 525
583 392
137 807
807 188
924 730
629 899
1105 331
946 358
111 524
413 915
798 543
528 982
898 391
256 349
31 867
459 1050
1085 573
912 986
100 488
917 149
682 210
964 1032
403 791
701 129
121 304
320 736
277 653
543 250
124 896
675 594
558 752
1060 723
800 565
125 997
664 196
785 699
374 1012
472 488
1104 124
994 989
899 365
688 630
472 610
285 308
360 245
264 250
372 81
664 824
1114 723
849 453
493 485
470 109
972 775
1073 927
849 924
808 740
1004 23
532 153
368 792
1093 1017
866 799
218 1082
993 1017
690 635
145 10
659 24
907 134
867 120
388 915
812 756
580 721
152 536
606 818
320 605
710 516
825 292
643 629
255 764
573 936
634 516
940 78
204 710
842 913
703 323
726 543
864 157
315 324
807 401
12 560
286 496
576 930
998 809
705 338
740 1063
336 425
469 401
951 296
394 801
226 65
755 756
839 499
711 261
436 541
738 1030
594 219
103 884
136 202
873 856
593 602
44 131
506 804
306 383
310 242
360 990
379 1068
775 1047
637 793
996 1025
401 132
223 513
472 711
838 548
197 390
297 459
216 136
256 408
947 321
464 86
17 372
980 5
717 247
514 307
249 1080
209 1066
921 928
151 724
911 246
141 661
350 102
411 746
668 642
199 816
675 295
638 1085
777 250
856 378
929 236
887 176
600 376
279 568
476 667
957 198
349 1079
292 118
1085 435
870 395
1066 753
364 785
283 1023
258 265
196 274
243 576
589 935
889 183
780 992
62 468
881 155
1120 48
355 132
818 429
649 422
609 717
1123 1003
24 833
601 754
1061 960
147 487
540 282
106 485
890 140
487 504
1019 341
642 201
1 974
781 524
417 36
42 443
198 610
178 461
623 588
646 806
652 150
811 258
441 721
961 443
644 506
636 394
333 420
238 570
432 282
512 367
386 443
1096 522
316 911
954 569
600 1018
123 451
990 167
466 317
742 666
536 398
925 871
582 1117
179 936
613 1102
1022 154
1002 452
862 521
523 706
671 727
689 939
191 910
415 496
520 401
710 95
972 486
681 116
461 506
1095 793
716 154
271 502
197 291
693 659
978 533
251 644
542 277
270 747
364 917
529 732
369 476
581 352
735 148
827 242
723 996
358 550
366 112
173 619
444 565
960 406
805 153
224 520
193 957
105 110
484 983
835 935
958 976
761 454
774 255
245 956
554 447
1095 523
338 149
781 214
481 415
946 660
630 484
35 161
522 172
350 479
212 856
452 409
150 1013
689 917
606 165
289 494
316 321
802 977
893 1054
160 812
947 414
833 421
310 1016
42 205
913 962
725 356
350 34
531 768
742 211
340 145
404 1112
310 211
624 1029
207 32
200 788
774 91
323 699
868 392
239 554
126 734
463 647
226 1046
588 287
466 228
790 338
36 965
817 973
716 293
824 704
122 927
1001 720
128 247
738 7
879 998
466 220
424 1005
1066 651
125 973
295 309
616 198
457 346
1020 576
444 565
1083 249
948 1036
1055 760
736 441
92 41
811 970
329 615
104 501
302 64
1046 193
446 817
887 844
213 1007
680 1064
784 392
216 888
699 11
74 928
466 721
701 519
196 205
550 834
1104 691
312 861
1050 689
343 901
609 233
707 971
321 429
448 805
996 577
959 895
180 367
567 344
292 979
986 51
470 323
680 797
28 625
203 707
114 182
242 1113
335 927
1073 252
540 357
210 963
432 687
1094 296
670 992
717 638
839 678
366 292
380 211
253 706
359 817
936 226
768 665
1010 196
374 618
625 680
647 130
685 841
844 350
149 205
449 884
567 866
644 465
965 595
733 493
541 565
218 743
942 264
139 534
994 181
347 625
483 468
640 866
18 833
240 401
264 823
501 485
603 800
292 733
518 758
553 919
415 6
293 750
355 566
219 987
673 269
907 1084
113 136
720 379
47 262
257 214
594 347
83 1096
160 237
365 147
899 423
391 820
216 986
1100 718
336 778
951 16
987 866
384 6
932 527
680 842
169 515
869 879
580 577
673 857
219 228
425 248
974 1070
57 12
644 862
604 323
679 182
681 888
152 110
724 242
259 495
918 536
107 392
413 489
926 836
681 832
947 694
563 760
740 801
142 928
793 809
499 282
498 9
792 932
481 929
1022 349
535 784
580 853
472 830
594 391
84 610
417 519
997 777
790 887
856 954
374 524
672 372
575 1020
428 644
364 696
728 603
406 525
104 91
224 991
153 248
530 462
841 899
915 51
430 903
216 97
552 961
530 1027
289 134
646 842
126 837
77 98
566 177
787 920
381 183
956 936
539 317
243 132
773 152
149 398
865 114
940 346
402 285
408 163
757 286
530 385
208 471
740 798
428 222
267 553
735 461
926 976
927 1110
240 481
527 792
625 1056
552 787
474 524