633 166
217 947
927 237
444 169
810 1022
732 694
633 411
146 641
384 247
993 103
768 425
598 480
617 829
921 293
639 911
739 498
933 779
617 829
896 533
284 728
730 957
794 316
770 458
120 278
525 1090
65 867
1027 325
959 872
339 136
168 802
761 708
891 469
822 181
212 686
163 259
636 138
84 181
525 544
532 811
596 898
296 773
441 253
937 1119
1064 734
896 230
368 960
346 939
941 562
1034 652
785 956
783 575
644 432
33 52
636 473
332 261
623 186
564 522
343 866
541 810
341 707
745 503
970 350
308 149
450 368
328 377
322 180
716 90
996 424
574 34
49 740
1041 858
339 151
290 281
972 952
708 686
442 568
241 637
716 855
669 267
0 246
565 1076
558 946
918 247
132 1017
104 801
755 410
600 261
638 705
816 536
377 808
715 179
244 363
453 508
879 979
772 78
421 812
138 563
157 990
1071 963
197 760
711 237
650 872
713 378
770 959
1004 241
724 730
666 983
129 301
764 833
492 231
372 934
560 893
542 463
831 77
561 828
333 928
260 402
702 117
505 149
741 523
733 395
350 147
914 460
778 637
15 408
777 900
242 773
444 717
508 545
292 429
421 1003
82 378
144 1006
855 235
328 440
622 458
395 719
480 416
98 964
288 254
481 626
928 497
137 841
659 775
475 16
204 773
659 162
202 313
394 264
29 240
487 618
457 919
381 709
521 779
47 519
682 92
762 430
456 472
831 442
764 466
323 630
279 902
258 226
907 1121
99 922
280 456
54 187
402 58
382 947
1000 852
258 287
551 745
481 848
840 480
178 426
171 436
237 103
205 591
136 634
635 453
571 1011
337 74
612 874
444 519
847 514
551 423
613 391
577 77
287 804
1018 80
159 563
1008 568
203 158
695 617
645 935
888 300
641 1045
974 1006
978 1
685 44
1087 154
885 812
473 787
763 167
449 51
885 627
110 652
415 1093
238 228
707 866
424 242
25 180
703 412
152 963
944 546
273 843
148 614
674 487
492 459
396 849
702 286
433 846
498 497
0 130
214 542
74 1021
622 364
470 42
808 700
760 1007
93 614
902 401
469 585
118 680
806 502
718 969
559 789
614 298
446 303
623 921
736 613
93 557
221 632
675 399
68 322
52 155
783 311
921 162
394 814
441 629
908 626
12 440
765 742
236 240
208 685
1016 560
565 673
450 206
491 1027
228 946
912 433
790 495
534 234
974 1016
316 1020
819 1105
331 541
994 463
516 123
603 519
1100 211
543 81
281 955
667 578
727 1036
993 406
691 607
644 909
631 427
441 93
627 890
428 388
1092 617
708 260
145 690
299 898
287 522
537 129
965 937
935 465
801 794
38 262
278 555
744 814
662 561
83 437
694 819
492 987
132 157
118 223
487 142
964 29
1007 185
556 939
399 918
437 380
614 997
851 519
588 767
969 873
743 534
434 137
910 750
187 1120
1041 579
965 314
607 733
623 1090
633 841
342 181
662 791
55 862
893 895
528 652
1107 707
303 1095
940 957
532 963
643 881
738 275
81 481
715 988
810 655
578 984
378 605
917 680
460 790
460 345
621 897
178 1060
230 164
1057 991
562 608
95 43
284 453
703 864
307 353
637 211
257 908
566 114
708 901
467 1036
792 123
684 629
785 1006
371 527
46 695
681 106
213 615
133 181
225 371
1108 111
729 425
1004 171
717 147
132 1079
493 585
286 298
455 829
1111 404
506 529
672 549
980 696
462 495
766 58
137 957
859 836
303 5
1004 760
766 337
963 264
498 337
923 105
1004 712
366 964
605 689
679 933
254 1004
831 432
24 194
993 66
886 347
530 1020
698 883
629 693
705 1100
446 239
346 699
714 815
216 877
264 105
214 243
334 448
1019 536
172 1105
784 420
607 371
330 70
495 421
43 951
313 584
695 353
896 658
290 596
409 715
162 742
455 530
490 899
584 486
317 556
164 735
636 419
295 143
664 755
597 649
428 538
1031 645
714 27
912 160
1060 548
122 986
50 405
392 24
657 393
794 995
303 886
344 750
709 567
980 419
228 1087
753 461
1004 909
801 658
549 44
221 544
791 786
448 15
396 487
883 228
492 762
509 496
940 121
595 836
467 569
463 652
118 703
490 156
531 748
976 580
1067 947
322 726
99 561
531 457
828 320
206 575
489 151
72 165
874 583
645 825
335 234
81 191
1018 284
937 187
368 554
90 789
198 754
744 580
256 138
433 884
554 458
382 270
985 891
536 584
592 169
141 981
415 217
49 552
140 510
979 51
1013 805
526 987
885 175
386 271
54 846
511 499
358 942
388 345
1021 73
110 117
1114 885
306 778
748 765
989 81
580 94
754 429
617 207
940 786
1012 843
1017 1023
717 795
1108 58
612 914
350 650
443 84
456 741
416 562
913 693
863 979
92 156
223 497
1035 1105
404 5
771 652
407 390
809 264
781 697
342 37
876 896
796 793
813 709
141 1107
894 149
1075 535
703 430
1009 706
551 354
459 1093
599 187
468 978
174 776
607 574
14 230
577 417
711 190
1087 222
634 439
129 779
668 569
105 793
1043 1063
1013 602
97 584
791 178
304 717
751 406
365 889
734 733
760 73
126 789
699 468
470 495
665 888
845 272
14 32
776 553
453 575
665 273
482 297
376 609
816 814
787 321
432 640
409 201
547 747
983 745
1094 972
117 566
756 11
847 506
1101 793
247 410
444 708
828 733
160 545
119 537
447 187
528 58
632 967
377 496
712 382
657 902
402 748
499 746
674 630
569 92
239 798
1011 561
288 495
853 536
81 467
377 707
790 838
105 1118
191 733
537 739
525 586
331 851
505 444
1033 19
971 732
433 685
561 1014
986 377
921 983
626 337
23 636
614 838
859 785
168 438
666 761
872 904
124 877
780 184
561 935
512 234
79 152
824 849
96 889
349 822
47 195
916 713
480 226
523 619
360 327
212 778
750 419
1005 768
123 750
733 315
660 658
369 1030
278 30
844 308
706 301
135 500
1002 178
469 9
263 443
171 249
619 274
758 161
357 637
43 292
404 129
965 169
729 358
482 448
584 862
509 1108
161 1037
583 120
1010 941
45 1087
676 418
1069 247
814 400
979 485
637 310
188 692
237 620
205 231
1112 265
45 269
597 350
716 1023
767 993
776 589
175 617
513 269
430 351
576 495
624 499
472 571
893 852
975 919
528 569
253 609
457 359
279 281
718 366
599 311
1010 773
860 312
329 127
456 1017
1087 838
69 938
784 835
1003 493
428 731
197 949
868 686
230 372
388 356
410 634
1073 655
773 659
1009 622
1088 427
617 505
552 359
78 645
1061 493
960 255
949 964
480 280
205 758
129 448
668 660
321 779
317 537
31 969
297 1100
147 482
218 181
885 231
829 402
243 958
395 704
847 283
88 314
700 635
1096 972
302 405
713 547
1112 994
905 334
641 202
129 747
278 351
789 919
342 403
918 224
807 557
222 494
645 821
707 570
504 101
555 684
437 875
486 651
897 308
851 942
405 52
884 422
545 561
985 808
149 185
59 520
92 1097
72 156
554 150
348 332
216 343
159 671
221 160
852 534
788 453
570 805
765 349
582 1047
868 565
299 111
952 609
563 651
571 618
874 884
774 911
588 416
836 543
984 381
1007 828
537 899
713 895
431 280
551 875
672 709
711 427
534 287
41 927
646 438
960 824
533 542
1017 1055
376 896
680 174
919 775
177 741
903 228
1017 1097
493 385
997 633
206 450
938 572
897 381
271 186
574 422
640 825
74 896
899 910
746 1034
476 227
427 805
364 70
1075 448
750 749
636 408
246 619
823 854
217 401
937 916
625 1066
609 911
253 617
20 485
181 972
169 249
280 448
559 445
744 858
197 375
146 562
721 116
889 647
398 187
665 335
694 961
857 108
1015 480
897 748
760 787
245 951
189 951
704 266
844 162
93 586
824 376
327 574
697 108
608 956
48 903
344 232
1019 454
974 468
963 544
594 733
675 273
228 321
303 822
617 997
629 513
756 649
555 810
315 1084
347 251
770 415
390 957
571 789
1121 906
536 633
926 305
574 771
61 617
371 583
1031 1086
345 23
717 164
227 584
165 245
340 851
714 1000
367 856
1043 198
139 676
845 757
351 674
953 603
419 1077
425 739
176 444
844 214
218 365
705 785
756 977
185 34
536 1067
405 231
111 15
402 910
530 407
618 496
203 1065
372 32
559 748
207 837
869 126
997 904
562 876
302 275
1021 960
80 437
830 876
559 534
802 747
523 750
498 139
137 610
196 390
510 859
1065 1009
605 408
880 988
1021 443
639 113
60 47
1048 1054
913 664
682 894
977 329
192 790
307 733
209 332
563 858
114 538
1042 942
985 297
888 1063
587 924
667 66
907 751
740 391
268 541
634 308
1028 967
722 251
178 950
1033 420
709 990
581 843
1086 525
721 108
355 798
775 532
1053 230
328 868
944 561
829 483
161 5
18 909
472 562
80 146
390 1012
414 385
585 819
188 378
270 302
170 146
567 696
498 141
126 869
297 916
537 570
878 1081
158 286
866 308
554 391
572 20
573 202
923 671
745 788
448 313
683 180
627 207
409 193
735 437
214 475
486 432
194 212
748 1051
717 624
827 873
174 523
127 734
576 1116
541 104
1064 535
410 1016
222 951
357 322
977 812