100 507
705 627
498 949
442 390
667 383
536 825
294 570
737 587
618 125
773 548
481 827
785 638
277 630
96 155
53 649
289 417
360 194
382 431
385 307
741 199
33 640
760 122
523 669
504 917
968 906
820 356
8 767
496 242
361 533
155 619
779 483
756 474
259 529
514 986
199 726
137 592
459 823
689 515
788 971
485 359
584 3
1015 132
1003 479
874 570
182 587
451 805
214 506
689 514
264 401
652 351
168 536
1005 1001
642 431
11 324
432 775
912 107
577 723
884 183
479 1076
261 1020
995 424
65 723
625 135
833 524
821 555
838 869
206 740
601 711
219 284
734 369
490 283
521 488
378 449
141 430
124 913
852 993
343 804
539 261
274 507
210 420
91 484
263 789
740 962
41 541
849 355
242 295
105 111
248 166
985 899
1064 610
970 814
83 567
955 752
475 735
774 202
269 240
955 969
511 407
301 994
349 136
204 622
15 772
596 875
521 811
668 819
455 508
672 300
270 1018
738 756
263 269
342 65
978 393
927 927
271 1043
948 910
157 1123
705 795
509 271
586 120
661 385
918 936
208 931
330 245
905 215
137 278
617 15
265 938
1038 57
335 430
181 945
740 995
1017 885
202 621
596 785
1084 509
338 626
736 458
373 750
189 342
728 631
749 697
616 816
674 178
739 595
790 862
1026 408
543 671
857 310
465 306
365 924
458 610
998 1090
4 642
277 905
148 903
884 347
940 115
108 665
186 335
519 772
441 919
94 367
269 596
1097 812
553 625
638 493
825 16
503 732
661 695
792 126
544 964
755 217
439 515
925 109
712 475
1108 384
768 322
618 229
925 628
974 155
565 973
384 408
808 843
327 614
499 194
462 493
32 102
718 120
600 339
482 739
1076 824
312 593
177 838
788 471
497 839
462 1095
489 884
60 216
158 609
208 360
542 313
119 798
251 987
506 436
343 1099
965 19
119 353
249 159
1017 682
966 469
944 428
522 60
851 108
1000 952
676 219
732 877
422 519
435 372
758 393
985 1018
729 209
973 555
1089 940
285 130
638 121
374 489
711 42
543 71
246 658
142 1086
65 954
350 984
394 737
1010 476
953 219
793 172
821 918
899 340
116 441
567 179
455 857
1102 467
925 1065
896 495
326 683
149 221
968 1094
38 535
1032 961
396 928
481 310
280 352
848 556
685 436
701 741
1091 792
671 243
101 1056
629 784
752 792
810 559
724 989
611 974
72 941
279 1021
169 959
111 516
932 22
873 600
436 883
889 546
589 1081
199 1102
802 501
797 874
169 774
191 37
1029 167
129 473
12 932
1087 511
1025 905
242 684
1024 159
934 164
640 699
999 609
157 816
656 369
199 125
508 827
642 444
178 360
927 630
835 934
654 706
1017 702
765 581
363 754
896 243
347 400
698 685
88 477
279 563
28 839
675 223
1014 985
262 1049
396 565
314 223
78 489
910 531
458 803
747 35
919 300
923 219
370 890
392 642
1024 425
427 699
850 884
678 1090
662 554
787 452
468 159
478 266
801 194
776 93
409 1062
245 278
749 467
1095 45
804 1100
692 849
442 40
1025 799
862 452
1008 365
996 961
496 614
1043 476
691 317
717 376
272 104
773 637
457 506
885 1012
875 625
402 493
260 583
839 949
629 762
743 381
1089 940
487 518
241 176
721 243
449 22
573 474
650 186
781 659
569 305
310 760
551 857
555 12
290 910
431 69
544 0
471 937
873 1031
680 610
102 408
149 766
368 927
151 716
803 350
240 844
267 246
56 129
103 643
700 829
756 872
508 518
1020 698
209 203
984 191
461 573
56 111
999 197
968 413
834 441
961 283
420 532
265 113
1014 994
336 887
649 323
580 427
307 1088
1047 850
446 913
47 711
131 1074
805 221
491 639
257 154
520 1024
361 1080
706 257
250 713
948 865
912 879
304 913
1113 721
197 757
627 351
140 159
100 250
428 524
982 649
344 818
740 1011
474 214
468 958
911 26
934 807
203 1022
812 563
826 240
795 743
134 256
194 26
92 766
160 810
435 326
1007 307
737 644
823 464
856 1110
869 630
1010 585
717 832
370 646
877 192
303 885
690 533
688 898
550 104
790 55
116 607
958 202
297 245
414 159
964 1092
113 1073
451 998
234 70
79 661
807 634
829 360
918 40
518 130
998 336
745 548
487 787
478 376
376 798
966 238
657 141
593 437
464 1008
764 919
136 760
988 1013
617 755
761 411
760 835
895 599
304 723
850 323
503 725
264 997
40 204
944 197
585 144
824 14
839 848
999 463
39 920
324 679
790 937
570 769
966 911
293 957
347 114
936 624
425 299
1096 525
791 293
849 397
866 566
1087 341
659 264
304 154
846 540
711 474
919 1002
699 91
715 328
192 501
1054 661
53 627
40 953
264 278
136 914
719 689
3 559
160 700
816 433
959 702
390 94
349 150
368 184
71 1030
1100 2
376 470
344 472
320 113
763 297
551 553
585 1114
637 62
391 1123
546 920
253 769
919 514
599 757
110 586
584 170
552 717
232 619
374 310
954 668
1109 292
939 545
525 621
287 1051
930 897
931 977
653 528
770 342
326 718
328 713
1003 471
478 597
705 437
145 1060
192 15
548 1066
496 932
959 171
1122 559
786 723
904 513
128 797
937 512
528 284
436 460
272 195
378 581
434 814
578 497
218 323
799 411
875 110
549 601
1022 335
654 300
555 212
426 474
663 842
494 903
956 186
1007 769
762 988
389 117
992 155
659 841
684 970
636 483
1021 831
1017 954
54 981
401 602
114 528
180 809
409 988
164 290
695 693
928 249
413 632
746 867
723 646
660 723
12 775
317 603
227 260
946 625
936 771
203 659
1006 635
126 672
870 409
243 804
480 286
627 634
128 498
107 996
653 751
749 207
283 116
652 479
607 153
409 566
1085 225
260 41
680 881
1088 309
685 560
675 307
189 693
845 522
894 817
86 806
183 546
718 743
894 257
464 602
292 479
507 637
162 187
524 992
778 528
286 57
590 964
28 1018
471 193
64 148
297 652
733 157
476 903
507 840
180 526
817 177
987 1054
1078 290
314 436
955 738
501 1045
108 1066
1019 795
150 383
1120 179
917 639
528 671
679 422
101 898
956 518
325 1073
598 729
505 453
819 749
1004 1015
889 984
663 745
883 557
11 301
90 458
865 1064
917 818
308 670
796 718
419 996
857 1060
34 812
777 295
537 104
519 899
583 845
895 866
663 382
889 644
451 139
814 292
482 979
647 854
594 657
484 471
1063 757
1051 368
661 230
721 433
739 111
557 878
461 763
107 500
1021 156
455 115
879 1010
683 404
746 592
198 1010
225 163
871 457
240 820
328 229
656 839
54 193
754 578
560 807
7 746
943 1101
208 587
442 450
69 1022
170 1038
386 852
608 400
104 667
901 1093
911 296
554 613
944 159
64 595
431 861
602 723
638 515
481 948
1083 275
336 38
550 374
610 728
178 445
984 150
112 846
422 1000
566 200
519 991
254 103
535 624
467 609
270 286
697 813
107 348
223 358
819 145
1000 776
410 977
897 723
354 430
129 440
34 984
734 238
1065 781
671 654
547 975
693 105
828 669
767 655
204 287
397 909
882 684
946 383
172 150
909 997
985 671
1058 928
289 830
798 646
250 318
960 252
749 9
956 939
652 984
669 756
491 15
646 869
1120 541
121 351
351 602
147 122
895 304
493 315
859 527
595 248
1112 498
581 410
379 715
797 148
730 1001
596 546
170 177
883 886
443 260
158 116
651 547
1019 660
315 969
807 246
785 268
638 7
246 328
598 520
566 60
895 173
830 262
273 769
456 335
896 307
366 931
848 579
711 902
974 891
478 788
952 947
777 451
348 523
188 778
393 605
455 544
319 899
176 951
315 121
525 938
306 462
1053 265
292 407
781 938
509 257
270 279
925 225
757 894
342 892
934 316
195 664
788 974
715 601
840 375
1114 371
577 692
660 687
432 700
661 190
20 215
561 548
984 604
855 530
683 233
413 227
1096 684
13 10
903 282
298 694
766 539
1013 343
812 842
423 319
1075 864
651 702
932 470
829 1069
788 937
644 848
765 186
784 310
138 278
110 45
198 379
671 202
235 315
405 395
382 352
188 741
1066 313
123 179
902 355
991 424
507 71
505 885
690 267
709 649
136 1025
721 495
443 312
989 309
521 384
705 570
847 209
884 670
457 723
511 869
384 550
402 797
719 221
880 374
1065 45
195 1048
694 865
368 177
397 204
909 1100
613 402
258 648
520 659
376 276
600 881
155 191
1099 541
446 596
645 660
494 397
868 594
275 1021
1016 442
115 265
740 1036
906 632
516 25
479 929
415 259
598 108
799 1047
1114 678
735 880
121 849
870 149
347 720
498 792
956 703
379 287
709 184
679 833
387 531
660 957
195 938
573 909
655 124
955 654
219 88
469 71
616 859
173 262
788 41
507 945
665 368
925 343
726 423
1024 1000
602 428
827 820
850 206
883 662
174 681
630 522
68 446
595 714
522 192
453 623
794 865
351 697
1070 601
775 58
1007 453
1110 208
386 567
484 426
277 49
831 556
698 93
938 1043
623 904
307 939
196 550
980 603
618 556
974 947
546 183
494 935
771 330
17 543
445 529
491 308
916 895
515 339
922 596
525 581
653 835
955 370
643 499
45 142