512 710
418 510
521 252
51 1105
877 820
617 318
822 457
636 970
982 744
693 501
816 420
508 473
399 994
761 265
728 154
358 176
782 410
474 292
921 216
996 326
805 548
288 189
623 947
170 693
942 1030
970 657
513 563
1038 161
281 217
695 307
796 429
929 734
478 971
853 128
896 193
325 459
601 1052
1013 860
788 764
121 510
503 67
325 857
98 28
293 383
607 332
981 17
281 829
971 236
391 351
19 825
650 320
574 685
403 491
655 488
556 628
335 621
162 204
799 206
537 937
715 678
1098 825
1052 971
398 988
714 483
387 467
931 331
367 715
268 239
346 521
342 159
192 1050
214 278
237 963
385 191
1007 1079
601 1057
719 1091
341 649
899 456
880 1099
341 892
823 728
1031 374
513 95
470 743
1010 750
984 293
944 566
40 789
385 1077
935 79
700 308
777 663
326 1118
745 204
847 109
230 608
942 808
740 153
354 1016
176 621
715 1080
117 688
195 322
54 169
304 369
910 481
666 766
1017 1031
441 571
11 849
177 783
724 156
192 745
389 635
252 924
335 641
585 206
460 777
837 227
641 869
343 445
1037 995
645 294
41 123
996 617
175 958
477 696
911 916
469 463
594 794
137 314
496 269
404 372
644 177
145 978
302 563
981 933
775 954
655 703
542 464
401 711
754 123
283 821
770 562
702 772
782 964
803 652
230 1016
852 594
505 304
147 132
1004 699
553 1074
37 720
1026 1021
98 523
999 346
476 1009
179 521
887 621
313 430
353 890
193 858
346 299
1009 912
795 425
915 165
762 1028
829 166
530 652
1060 146
483 760
61 780
1024 1059
749 574
23 893
175 1065
25 721
374 953
307 652
340 341
394 1014
661 600
423 534
568 204
917 1067
1087 669
1014 649
477 837
456 165
529 124
549 378
568 470
411 1038
812 108
815 518
899 971
826 127
941 185
569 56
258 460
632 268
410 608
598 164
702 1036
217 691
1115 362
92 958
517 511
476 753
126 793
287 727
647 381
430 941
343 927
249 1078
827 205
862 950
433 673
1003 307
152 681
178 282
55 785
913 173
500 528
1002 1
516 360
942 471
361 869
494 564
799 515
459 531
867 149
498 27
580 449
233 1054
307 944
100 577
969 1017
209 563
959 863
343 209
954 426
833 13
303 511
257 898
333 410
664 986
266 114
537 47
507 393
557 332
599 136
730 589
697 747
835 262
1061 359
972 935
584 216
1 300
995 926
694 288
326 510
110 978
160 457
1090 345
1018 751
375 165
460 579
900 973
968 108
794 542
493 330
917 382
222 160
129 377
76 960
104 540
504 391
780 516
1101 450
1038 257
941 891
662 360
394 779
747 584
988 326
358 979
73 994
793 45
320 36
596 767
305 764
6 362
269 733
801 696
289 388
424 143
80 774
421 816
474 262
439 641
327 67
166 702
16 38
11 507
694 378
514 258
604 347
663 249
863 473
469 948
133 569
118 577
812 720
205 730
466 946
144 446
475 902
234 1046
874 770
200 833
137 99
936 470
564 756
292 1042
164 400
680 769
279 263
419 372
391 619
807 81
619 312
221 434
994 571
902 852
654 895
487 630
195 749
194 1090
161 0
180 245
642 1084
749 808
65 986
408 177
170 450
228 675
990 979
841 249
418 810
1119 350
254 108
879 509
609 660
377 796
555 134
1099 562
439 854
644 16
681 400
438 414
458 1080
867 264
385 398
919 837
357 536
22 798
73 330
891 319
380 197
471 876
858 255
768 784
730 388
854 547
185 412
974 356
373 919
988 647
126 111
234 1076
370 240
283 299
136 973
989 713
623 809
737 173
950 322
517 445
354 367
526 742
1047 97
737 651
449 362
116 580
668 798
688 633
17 345
854 877
993 798
292 855
37 129
192 205
711 344
532 1006
745 447
659 97
45 588
664 198
680 886
551 834
786 431
627 180
1054 473
582 942
845 613
707 883
708 930
158 437
950 536
1102 575
1034 492
620 351
122 698
800 551
344 856
267 205
442 477
220 1068
473 507
107 339
564 202
243 942
763 1046
490 332
809 341
290 273
241 606
802 422
221 156
1116 491
936 184
461 233
795 190
401 626
254 135
226 822
135 373
779 172
461 981
558 378
137 1032
172 940
386 812
572 447
904 252
950 369
36 553
758 995
1117 343
763 710
981 450
724 574
1004 909
808 468
72 680
414 896
191 530
595 1023
941 767
323 752
266 919
851 1109
936 223
72 702
696 732
451 497
914 215
850 322
204 847
829 654
779 620
191 1077
625 353
907 913
283 558
609 1059
523 768
736 842
104 612
437 711
756 1002
174 635
389 620
1115 861
520 1115
1028 578
578 147
273 825
457 1011
765 964
550 162
311 1087
755 1085
674 472
232 857
802 873
857 799
775 559
342 969
164 837
775 506
388 126
309 231
58 628
685 463
255 596
999 805
308 524
363 272
162 839
1120 515
789 942
431 643
374 1012
850 248
8 1010
152 589
115 1023
812 764
730 502
455 174
496 213
347 411
895 211
993 774
841 543
424 292
23 665
830 327
480 820
335 192
281 444
485 386
351 179
331 468
224 440
478 994
135 245
360 94
253 954
998 838
890 851
908 861
175 172
991 959
111 177
390 745
1108 267
469 278
795 763
327 1086
630 873
826 323
658 169
451 741
917 1005
578 372
261 84
40 1108
870 460
184 1043
631 887
764 730
226 985
656 860
868 171
1046 564
133 242
898 281
280 1114
329 363
214 560
958 799
619 653
197 411
707 824
866 107
51 493
612 251
582 124
1022 643
251 1035
721 485
723 58
480 226
763 111
869 260
578 204
288 335
1078 867
373 287
277 214
470 751
268 1016
517 790
105 907
838 896
893 434
277 497
681 809
219 165
950 516
186 906
354 681
818 227
112 64
265 236
375 656
458 315
938 167
349 1011
488 753
539 378
734 350
524 278
240 936
379 182
479 122
126 933
958 814
698 843
1020 651
874 207
537 182
408 1006
479 897
875 407
964 18
586 750
298 199
412 999
611 926
457 470
221 140
552 1004
736 678
130 401
265 940
214 440
346 1023
343 837
874 200
279 77
1082 489
668 764
203 118
243 787
811 243
395 275
869 207
588 969
267 217
336 565
667 417
1015 135
496 882
846 360
304 456
112 922
834 575
473 237
834 444
215 698
27 399
138 998
30 242
658 4
400 106
494 611
698 1095
48 319
707 169
71 906
1117 231
876 777
1121 329
641 418
569 732
143 283
934 859
782 293
383 1001
726 258
47 134
803 834
273 508
569 813
430 387
905 1116
832 144
294 385
531 160
269 650
188 831
867 128
234 1015
864 282
801 540
560 221
434 339
591 217
706 177
1045 194
218 489
220 552
281 808
363 937
778 925
731 748
307 400
94 110
172 545
390 833
941 1012
408 573
930 442
490 951
698 1071
430 348
1019 450
312 1013
1102 406
253 555
931 807
925 55
303 875
34 568
823 483
106 931
959 395
294 889
903 899
540 413
354 895
195 384
274 192
453 384
127 714
337 429
117 39
809 961
1088 516
218 589
370 284
114 439
702 67
210 123
102 243
381 212
187 295
496 240
941 878
763 476
624 608
515 57
890 899
937 258
615 933
874 596
772 781
584 976
415 984
437 522
846 950
349 738
724 923
637 591
105 1050
1010 967
908 106
352 596
821 790
595 556
738 326
770 1014
342 451
274 391
611 177
709 412
1022 369
380 983
434 802
1022 871
366 456
514 851
101 111
318 233
448 245
657 863
1048 190
359 597
337 314
826 477
531 822
539 222
805 878
443 500
992 411
580 941
943 962
995 585
420 975
650 734
146 218
314 879
334 849
739 684
241 289
295 928
540 975
432 802
1000 373
968 514
130 397
309 168
143 1015
142 410
324 505
1025 29
361 700
118 1112
43 102
407 782
1011 862
129 777
597 741
310 243
976 525
268 775
1025 618
18 924
1083 759
969 878
996 631
758 716
406 899
125 201
508 869
239 837
735 475
112 404
286 652
599 683
101 382
904 148
101 122
184 662
74 386
222 495
139 840
140 788
692 297
207 99
296 951
144 556
616 633
380 857
172 883
462 318
208 688
34 360
952 156
109 455
540 49
803 184
578 30
1073 156
74 1043
764 891
1012 1096
552 1079
674 819
173 135
77 1038
879 309
821 140
1028 714
221 343
123 214
742 355
306 404
16 151
716 685
481 73
796 651
8 497
573 885
95 279
11 324
837 56
225 826
381 505
1020 1005
515 798
552 516
758 266
129 776
584 451
45 17
769 438
991 196
943 682
1046 398
37 321
414 724
1003 467
706 21
1044 286
892 1006
46 930
1034 306
213 155
154 861
20 811
1019 555
817 544
165 325
338 597
762 1066
639 819
974 456
114 91
261 538
34 198
35 505
744 642
1008 462
779 798
996 1019
483 912
708 872
505 959
1062 791
930 90
563 240
105 211
388 618
210 932
338 119
201 184
1001 691
948 647
449 233
409 365
503 971
213 765
863 781
497 252
459 456
176 454
264 393
415 1036
646 1009
621 463
37 974
1012 985
398 425
738 299
363 834
1012 456
715 275
604 184
773 929
162 701
226 654
507 600
133 566
769 707
477 886
588 396
402 588
463 276
1121 546
945 601
965 315
574 22
535 221
661 269
396 401
311 109
941 3
660 892
677 717
62 489
402 319
637 981
158 998