916 308
191 651
437 719
827 389
72 139
774 524
862 83
478 958
820 337
7 437
357 893
888 1045
484 70
740 484
342 227
527 438
654 257
842 946
659 843
444 231
656 661
714 801
113 840
868 520
291 900
577 725
973 452
384 679
439 792
848 440
816 257
861 186
505 466
948 991
482 642
441 979
949 881
703 1012
595 261
980 338
175 811
797 679
661 769
1088 733
580 697
160 335
451 559
858 821
930 586
93 350
1030 189
474 523
147 913
237 878
483 291
1083 581
727 479
1029 1073
662 553
828 780
1044 842
990 176
870 94
1120 731
177 501
389 343
165 601
323 156
119 732
620 203
167 600
499 393
300 634
160 149
647 791
256 702
942 9
1041 916
978 748
344 679
460 217
1013 241
43 478
940 1097
164 145
260 927
808 319
837 998
430 1009
957 797
613 595
812 107
581 392
928 333
432 921
883 878
216 831
115 342
639 62
729 288
525 660
398 477
664 908
966 292
236 638
902 885
578 622
616 988
748 655
757 88
731 603
19 1050
964 1004
784 41
424 237
690 227
533 721
160 118
855 732
472 682
487 776
154 166
968 267
804 102
758 956
599 270
700 396
742 373
950 653
701 284
113 338
632 694
835 473
307 402
926 994
937 736
604 632
1001 722
65 402
841 300
673 65
270 887
301 955
138 100
594 709
536 718
382 726
5 280
32 917
432 859
216 314
564 305
962 436
899 321
547 875
465 980
850 742
1122 1001
605 476
1001 191
385 351
674 490
376 736
162 602
281 803
861 1016
598 438
140 898
416 757
872 161
375 511
594 519
170 834
1051 570
940 588
566 638
945 163
236 919
838 557
408 50
773 93
868 400
1005 221
663 1114
241 821
272 1017
631 182
690 948
942 405
1025 735
17 395
717 587
1057 888
845 92
597 38
602 1063
542 2
988 641
857 753
908 390
231 345
859 634
148 443
527 661
135 750
988 545
666 335
150 893
546 198
812 5
998 712
759 340
773 507
780 489
22 315
323 872
351 827
121 835
222 654
987 505
9 327
533 889
712 561
228 187
789 470
875 440
841 102
965 385
67 376
942 463
515 42
424 109
385 675
251 349
105 443
508 903
795 873
658 957
720 1026
433 175
227 623
625 800
1119 551
639 868
741 368
825 231
978 349
119 986
416 231
479 86
218 683
157 232
377 169
252 823
346 182
533 400
824 153
638 766
720 1108
784 878
482 233
885 962
396 610
1016 1078
122 641
646 356
1106 896
1114 606
844 361
444 254
705 423
650 581
633 220
306 1119
522 1013
594 326
851 832
218 137
312 707
627 494
310 313
161 801
975 652
807 956
616 662
248 586
883 536
157 423
208 545
853 105
112 721
636 149
545 314
288 356
564 577
508 485
473 964
6 962
737 402
872 141
948 620
730 867
404 913
722 605
610 464
631 322
13 220
882 1018
34 358
543 123
944 615
375 676
701 318
735 227
699 1056
201 643
215 947
840 902
731 1087
473 512
377 846
264 283
296 893
284 568
949 262
575 811
643 251
657 758
873 125
611 197
261 302
358 801
314 383
748 162
928 408
855 617
924 263
304 975
872 945
582 1043
779 226
904 657
851 589
964 351
819 763
505 733
956 1017
983 436
112 1107
557 733
977 375
694 829
596 865
471 881
245 34
693 407
541 232
51 182
989 733
858 490
570 1003
307 594
243 403
148 921
119 535
115 608
118 81
280 936
807 325
222 263
821 245
731 135
78 250
518 588
392 436
921 317
880 443
528 800
593 917
310 1112
372 504
69 334
592 244
711 1102
930 1082
3 305
535 0
85 1008
37 480
1018 230
1064 316
715 1
700 704
1016 502
291 1095
1015 682
520 523
813 633
275 680
905 858
327 904
16 416
445 680
880 991
43 528
72 683
337 989
822 734
797 768
155 648
976 549
804 352
34 531
658 552
872 718
305 962
417 792
627 860
208 1036
622 476
743 147
950 453
255 282
804 636
274 152
161 421
139 830
898 633
365 157
732 91
581 214
634 527
568 591
966 868
55 116
313 905
738 323
142 1114
558 195
220 289
826 829
282 660
868 468
995 659
186 421
980 157
649 378
1074 762
305 666
367 776
351 860
15 661
676 230
150 147
583 607
818 666
189 757
694 631
1068 191
5 1120
658 563
320 562
485 848
672 935
761 412
240 849
747 409
590 847
250 244
280 152
990 366
714 841
812 125
725 637
140 914
435 938
466 66
745 1008
178 55
488 452
405 514
600 414
131 881
317 352
923 445
235 657
922 832
912 411
1029 233
120 494
993 1033
52 685
1 127
151 941
409 141
702 420
654 111
783 736
274 344
943 743
614 810
39 762
801 666
832 756
626 66
557 952
734 185
722 948
169 141
115 1118
367 851
254 353
589 238
692 763
318 180
586 829
690 289
708 254
735 485
1058 191
290 881
541 623
1020 1116
212 580
177 809
99 589
367 527
276 690
119 840
825 732
784 516
709 995
876 355
1018 450
889 266
362 354
808 1086
1089 1104
82 137
222 944
128 357
912 625
65 741
840 705
406 672
517 707
144 369
100 127
797 595
145 282
440 491
104 327
916 862
1079 840
190 249
672 102
949 521
547 327
704 285
995 598
175 420
216 252
965 1013
283 963
1101 348
1121 301
740 441
880 308
192 493
881 953
319 578
414 528
599 875
419 935
795 227
811 261
111 504
899 780
696 230
262 1084
387 146
466 346
1007 309
203 945
565 193
190 171
275 858
100 596
141 621
727 384
435 961
361 764
509 646
876 705
881 170
241 118
328 986
700 1064
994 422
703 904
890 852
837 108
817 292
110 731
130 246
553 435
387 216
450 989
574 565
588 290
1015 597
820 948
189 212
999 852
453 794
586 1023
519 778
312 767
929 1038
721 550
421 238
128 56
416 260
1000 725
283 750
1099 1074
594 1059
508 763
669 580
652 327
501 282
874 447
421 446
190 151
541 277
911 907
641 1086
484 355
953 172
341 280
29 824
90 861
139 253
1007 1064
317 942
977 1033
687 743
1021 368
383 1112
791 464
359 262
181 554
1022 628
605 688
176 56
795 816
778 282
671 968
170 223
542 557
710 988
1008 481
346 588
585 954
342 958
147 396
796 869
228 180
855 138
243 55
510 16
320 918
175 575
684 670
182 979
114 727
299 340
943 866
331 434
356 582
277 553
546 786
304 963
194 865
181 328
174 550
57 157
207 623
335 332
431 262
474 96
1013 936
853 376
1000 757
595 573
305 697
248 148
228 82
481 104
293 1089
107 261
406 166
715 723
936 1110
721 1004
114 900
183 761
1 257
992 264
689 736
561 542
232 189
639 978
153 95
770 531
967 252
866 200
947 989
11 417
950 531
418 132
956 487
1054 996
769 648
243 1003
260 578
971 1013
609 795
699 894
786 245
685 944
338 946
470 652
525 942
946 602
799 715
745 285
300 852
207 204
924 998
1001 338
792 802
192 875
904 280
318 846
629 694
233 674
629 162
100 280
301 274
140 360
850 825
459 960
700 243
759 173
472 76
119 1075
309 1076
512 1064
325 191
737 237
827 234
447 699
279 733
916 962
1081 864
929 38
503 626
1071 1077
811 783
766 590
748 943
876 544
802 958
503 439
604 215
813 546
197 561
311 255
470 556
1007 914
26 674
506 1057
431 737
580 129
833 358
423 57
380 482
847 727
377 479
330 1055
153 583
425 147
473 571
856 213
329 613
295 124
345 616
921 156
1028 765
748 112
966 749
576 608
368 226
681 243
673 159
706 455
280 376
478 1017
321 1028
280 555
364 784
581 963
380 762
151 799
319 798
144 969
386 128
304 265
712 339
252 465
947 432
423 346
717 466
737 1004
619 690
950 766
743 479
58 570
269 787
746 471
424 219
185 531
317 112
26 159
1068 482
699 347
805 1060
673 120
905 1021
401 597
433 365
690 923
558 112
933 209
659 558
162 871
392 1005
172 340
711 898
462 798
940 992
719 546
864 549
919 852
754 161
32 253
314 863
425 874
825 453
461 367
821 739
575 547
513 332
696 600
505 448
397 728
668 756
493 17
924 473
179 622
662 101
629 791
773 379
772 719
33 899
1104 789
541 315
1013 519
201 721
926 998
385 302
929 715
580 1086
112 246
1073 361
838 780
375 1010
79 785
636 387
20 576
476 853
949 97
306 845
109 180
186 401
327 229
960 821
849 74
65 770
409 85
904 946
911 702
75 49
255 832
326 1030
874 465
191 738
719 734
220 1005
514 370
190 454
287 61
303 254
747 850
221 843
951 248
167 188
9 649
344 168
110 939
971 76
517 218
271 977
839 592
547 534
35 418
679 58
171 695
500 944
302 53
606 842
485 1070
328 69
787 950
1052 736
423 443
491 950
886 418
530 971
654 427
911 962
498 929
307 928
245 408
225 117
1003 668
170 681
594 254
961 351
222 841
918 897
979 827
782 991
495 1063
786 191
685 950
392 127
610 866
301 660
99 653
924 464
225 719
3 421
864 140
44 711
245 649
1058 369
1059 541
772 1021
791 241
921 896
141 391
822 910
28 1090
473 620
218 826
399 912
383 854
963 858
962 475
208 145
840 709
372 379
118 574
910 170
1005 440
549 651
531 159
418 385
821 768
651 163
427 488
57 701
682 173
308 398
609 750
613 900
256 801
988 615