1011 149
604 413
449 569
1071 712
799 993
53 743
987 826
605 452
663 130
181 698
279 483
226 683
304 781
187 311
518 680
400 394
686 501
38 1077
665 210
169 921
184 349
470 447
426 110
274 227
627 794
984 496
588 915
1086 420
920 413
797 218
828 862
978 614
781 893
1091 423
1092 303
868 492
336 554
555 51
579 1088
309 984
862 939
953 267
169 621
809 507
131 879
472 1011
558 336
91 1020
239 289
627 610
980 777
263 328
466 12
605 444
321 421
222 456
59 59
450 816
150 919
369 913
849 133
195 140
123 220
814 305
618 1050
542 366
731 376
581 194
450 912
404 819
525 395
517 878
1013 726
1074 522
916 741
561 166
305 424
888 342
788 310
515 497
773 639
93 557
1032 682
252 348
832 377
953 222
992 826
862 991
19 418
601 312
499 468
349 225
644 653
446 152
1122 635
574 543
585 315
862 601
984 193
919 1098
372 1019
306 472
619 161
657 119
348 713
1063 874
757 1100
516 565
890 613
989 860
248 858
628 169
111 4
491 283
351 756
350 859
345 227
553 283
910 404
1022 730
926 878
700 326
999 394
16 790
652 280
157 350
467 890
235 626
746 884
258 488
105 220
533 400
643 181
708 416
734 142
1106 642
538 704
272 759
814 759
908 534
674 806
438 434
1008 323
832 515
855 688
197 174
557 770
812 318
1116 395
717 881
138 562
751 808
697 257
843 156
111 517
976 733
1113 424
928 787
620 959
1075 551
141 177
795 117
691 375
651 519
852 755
522 67
409 455
714 882
998 59
901 169
123 1019
149 275
473 358
500 407
186 112
173 354
532 607
195 287
514 643
466 403
138 553
677 876
788 251
384 521
714 152
846 121
16 610
49 310
891 663
1016 760
814 158
764 959
901 163
991 1062
35 613
173 394
878 53
325 705
924 451
1083 198
136 700
551 898
766 664
721 106
624 66
1061 1099
623 280
714 259
1075 100
822 179
285 1097
641 916
545 586
370 651
876 136
837 847
777 596
174 577
262 912
797 756
881 1034
1092 407
186 357
469 122
987 650
400 494
249 338
576 960
201 685
692 226
564 516
740 555
891 836
76 511
534 1018
858 1045
417 1053
971 291
886 388
795 41
500 237
437 236
958 467
903 128
909 362
691 196
461 602
866 471
959 916
258 713
661 619
978 236
878 897
884 591
504 298
943 409
407 246
821 603
373 1043
767 601
120 963
151 40
761 484
578 629
320 976
758 425
168 415
547 291
947 636
533 1014
231 821
373 785
777 109
552 322
550 747
890 407
121 397
328 668
705 266
564 690
547 316
130 956
824 1012
959 1120
190 152
536 524
896 237
792 91
388 328
830 197
554 792
114 958
507 399
878 867
557 52
988 945
724 161
789 564
748 1011
184 277
210 136
595 451
449 928
386 476
349 242
983 189
774 45
126 26
485 416
721 340
459 971
897 800
125 135
887 566
498 141
865 655
841 563
912 355
571 628
258 512
160 335
684 287
755 993
537 775
1076 224
698 579
373 419
177 338
830 759
623 234
137 522
885 209
338 386
6 1076
771 147
320 524
630 1018
803 686
506 216
209 1038
934 311
719 555
150 746
488 720
231 953
199 155
769 457
566 186
680 466
685 830
138 541
520 968
99 75
149 760
1058 632
1005 130
524 820
889 582
518 470
312 516
507 1043
702 714
637 593
587 497
563 640
157 201
473 962
819 317
256 826
531 324
372 784
529 615
315 203
129 609
251 718
1098 869
1122 526
692 803
679 585
408 969
40 136
430 958
493 266
247 243
982 814
667 500
504 990
113 137
538 984
429 383
453 570
318 332
393 308
985 459
390 475
725 502
353 980
408 345
1005 692
1069 435
507 895
79 676
437 361
517 164
870 355
711 823
675 246
764 606
177 426
893 755
291 910
646 513
929 852
387 814
632 210
129 1026
1018 36
278 917
865 963
485 91
124 551
918 65
242 739
633 805
743 922
617 186
292 276
147 716
368 638
759 739
790 747
732 204
251 216
23 974
905 308
1033 340
655 882
993 167
357 841
847 410
818 907
827 103
564 694
956 198
699 676
93 716
812 607
396 756
497 896
1084 448
771 246
390 312
1065 812
882 441
871 553
172 994
283 901
308 586
187 785
682 373
863 941
587 273
38 669
1083 615
748 182
388 1053
470 671
606 430
975 1015
176 955
304 83
726 680
519 721
677 873
732 173
767 564
387 1016
954 986
884 815
167 330
875 578
591 373
477 50
158 199
351 1000
899 57
624 270
535 274
416 311
244 839
645 572
628 203
162 223
867 335
1055 663
954 966
639 698
333 291
426 253
743 756
354 7
115 814
264 265
694 889
971 701
730 811
1053 82
354 775
108 811
412 919
720 539
1015 643
569 1033
398 923
204 1085
611 788
1120 552
1032 239
398 696
54 678
758 749
128 616
457 86
883 619
186 105
127 219
643 395
873 553
1012 915
402 717
835 415
248 172
715 1094
682 453
303 643
329 302
964 396
1085 856
114 678
849 853
116 739
467 835
159 110
762 863
486 1093
193 460
846 140
980 377
363 876
321 46
334 210
146 829
1053 744
888 302
703 969
267 567
945 415
783 652
78 1092
185 718
602 531
947 596
739 107
225 201
137 401
758 119
484 526
601 118
335 546
275 780
222 520
244 135
465 159
349 1055
513 704
154 669
870 261
145 980
155 671
506 28
193 358
879 291
418 817
1066 982
1048 104
885 672
782 427
1110 973
649 963
964 738
728 65
229 278
148 710
977 256
201 159
978 401
667 651
661 840
872 989
641 547
587 989
222 904
989 1038
120 588
2 753
220 874
632 306
994 256
361 171
220 755
811 965
655 242
673 445
913 544
523 174
246 580
422 877
374 116
948 955
214 272
182 572
621 989
608 121
985 995
546 432
331 355
551 152
376 572
344 777
457 888
243 1112
677 193
761 735
621 523
759 345
816 418
826 273
975 612
929 803
839 1093
1070 135
268 1053
754 171
981 249
596 587
167 888
341 585
1083 820
392 632
35 371
333 698
546 166
438 826
650 764
806 185
810 881
416 77
577 189
410 580
338 731
255 140
977 584
275 10
510 340
824 963
216 375
739 860
544 198
159 574
966 386
1119 729
735 366
1014 713
545 376
242 1059
335 382
767 1117
561 15
308 380
1079 24
698 200
340 600
959 18
750 854
733 742
267 1023
363 180
795 740
1038 161
19 1102
673 720
117 996
123 900
750 434
705 487
815 600
1099 110
607 550
105 345
196 212
139 439
945 603
698 466
556 122
274 1039
937 860
884 993
118 220
509 653
560 294
295 844
812 766
572 670
194 101
870 473
378 985
856 661
385 424
365 566
1000 954
579 506
738 343
32 143
587 665
1036 570
254 197
573 136
788 722
465 479
939 574
260 26
585 1093
549 584
785 674
42 807
661 746
907 473
542 716
128 935
584 158
134 1049
354 1019
99 187
725 697
146 56
1076 217
132 227
7 777
621 836
443 372
878 374
125 146
1000 471
525 772
791 146
598 832
1010 1005
1123 754
968 187
117 829
1032 340
107 705
51 574
238 1010
966 860
69 1061
332 291
283 61
986 778
135 684
416 306
207 581
729 1091
137 939
461 514
59 759
443 857
850 244
122 690
480 651
1117 631
873 827
942 885
878 944
368 602
860 379
1059 382
489 516
940 990
860 190
871 818
623 140
818 78
31 872
828 935
755 282
698 126
669 640
515 157
96 370
554 176
340 138
597 906
906 517
310 881
613 767
1023 358
856 39
502 957
756 826
388 645
365 553
358 431
939 913
981 311
512 590
793 132
975 297
308 558
1072 314
444 452
1066 293
398 724
868 366
910 270
448 435
345 521
44 253
745 932
1098 928
461 760
1014 268
701 316
390 908
834 945
498 2
359 853
436 888
709 1001
434 907
133 808
1050 288
802 966
955 409
458 805
898 950
401 891
878 178
563 737
695 847
987 877
456 483
1057 815
876 816
829 557
910 804
349 243
876 651
523 303
542 453
1004 864
491 794
906 885
960 776
164 205
555 421
149 1053
202 49
783 919
824 869
121 131
957 611
163 343
693 945
153 886
828 694
457 247
333 234
97 385
184 184
979 356
683 299
107 570
239 240
304 415
1089 154
647 562
621 748
895 829
733 904
213 696
963 501
784 179
768 217
209 880
831 616
571 658
765 610
654 209
205 747
779 886
688 759
578 680
387 572
534 525
268 746
744 659
406 549
155 799
540 110
579 202
1079 193
867 444
147 1023
783 843
999 993
531 317
492 676
473 763
1067 281
592 813
299 553
695 901
158 394
45 649
105 626
321 303
729 107
724 461
572 1053
366 271
202 856
1041 523
476 968
595 101
1030 250
664 775
88 9
1001 353
345 231
404 501
95 897
442 463
254 493
22 442
799 670
840 33
276 324
246 1120
682 978
185 520
286 440
23 355
148 663
941 279
624 515
901 612
806 452
472 719
220 720
688 445
366 713
372 785
626 258
610 779
125 446
428 191
889 747
495 1031
679 80
579 540
371 406
91 183
455 526
239 603
333 477
1080 701
376 1120
939 900
584 595
836 320
605 404
871 768
197 826
1037 252
962 262
1018 471
1014 271
765 214
472 646
314 913
903 793
526 419
517 498
736 295
395 735
572 922
82 552
409 779
684 320