834 641
395 156
93 187
237 1012
390 273
857 1064
480 405
488 613
561 438
56 982
610 732
757 392
622 628
817 535
813 331
762 201
393 703
513 760
459 371
262 848
450 163
394 850
606 567
1033 59
135 330
32 711
728 846
173 920
301 801
989 725
529 344
1042 1006
875 5
334 964
778 122
163 574
871 815
100 750
318 613
703 857
651 364
156 234
245 579
422 116
847 1112
407 638
496 686
149 961
658 478
979 687
937 823
193 233
206 719
432 952
1000 352
1000 297
1063 996
747 110
984 734
574 177
348 92
1062 995
978 744
758 310
41 334
910 601
302 766
882 35
29 291
820 964
495 243
459 433
598 1113
861 1115
129 340
798 722
945 832
626 137
710 622
940 1018
530 800
1041 876
674 373
904 234
840 730
1066 344
262 903
687 888
411 387
1050 927
639 1088
635 548
843 973
739 187
450 425
849 1074
952 797
650 786
554 965
1013 218
818 388
152 701
267 576
650 555
658 1017
66 752
516 847
175 859
81 599
673 1075
421 256
348 135
320 714
963 462
175 875
515 441
611 865
664 412
643 428
671 940
785 407
581 347
779 487
168 1019
910 194
597 621
1056 220
97 913
89 47
635 690
216 464
760 758
424 315
801 156
760 848
422 455
673 593
1100 188
298 882
429 726
241 634
453 701
274 419
520 471
612 534
617 253
723 1115
1054 155
184 327
618 517
787 1016
579 836
476 864
269 1083
446 855
769 989
539 187
186 506
812 812
45 115
588 71
951 634
641 671
700 1013
882 654
189 799
634 739
1054 328
275 732
1009 813
890 858
790 182
508 147
764 107
334 920
488 1034
182 425
596 302
332 900
366 654
301 296
481 168
460 195
259 319
773 543
81 447
5 977
527 778
637 1003
916 399
807 1089
949 983
271 293
992 486
317 754
948 200
726 479
286 967
762 1078
202 396
551 909
1107 488
748 821
472 129
135 418
680 819
401 541
124 593
989 418
219 427
602 1062
841 998
16 489
828 762
419 239
939 667
514 353
433 641
901 526
461 27
543 848
866 383
1103 904
685 977
809 137
725 124
176 52
375 620
1045 77
643 659
184 717
811 820
541 19
977 493
471 340
390 887
870 509
137 155
303 116
781 491
856 319
62 589
512 397
902 546
404 549
11 774
729 956
752 157
513 138
781 102
491 735
123 1094
203 609
740 713
396 786
482 1115
659 1009
54 829
281 121
700 317
877 400
252 665
907 288
891 350
310 942
1012 278
968 668
800 728
537 973
829 481
207 681
665 1002
611 803
702 147
318 930
98 327
850 631
431 940
1078 107
617 129
853 153
333 240
777 1012
1114 942
706 41
219 952
811 424
595 763
1101 222
484 671
535 813
588 865
288 193
362 1093
239 250
556 876
945 368
442 439
255 937
879 997
227 347
422 578
841 419
1014 537
480 779
665 580
207 240
970 976
304 86
1014 139
606 1047
138 905
519 572
370 1016
105 275
108 841
504 333
518 458
901 853
1016 429
220 401
262 878
237 592
913 800
424 286
844 660
1000 659
1102 734
462 1078
501 270
942 452
1102 214
1024 486
35 1096
844 557
628 638
622 1113
529 763
120 620
251 830
124 459
146 538
302 392
607 755
543 1013
723 880
257 1013
811 1045
899 271
805 1042
449 160
593 834
1084 585
284 609
377 737
790 443
143 595
978 776
288 745
79 529
831 978
124 266
576 200
1021 953
755 175
724 492
471 252
1061 677
976 587
589 669
313 812
312 725
143 444
883 868
605 573
593 1
104 194
664 230
466 934
474 95
280 391
312 739
144 650
743 316
497 133
438 572
349 33
795 112
657 610
892 1014
213 775
685 296
495 497
912 228
713 1115
188 8
1083 366
697 693
636 246
139 607
390 1059
214 640
396 177
790 464
502 963
295 849
435 654
939 1010
242 501
450 77
695 293
182 91
760 362
1087 361
885 823
697 647
117 456
981 1085
597 336
84 129
1005 455
571 606
415 928
915 420
114 648
151 993
922 562
943 769
833 432
403 536
553 437
593 749
618 288
1035 974
826 868
211 199
49 224
128 942
212 454
173 7
301 542
352 305
816 744
9 418
354 132
635 916
635 41
959 694
142 464
736 483
994 87
474 740
227 858
270 362
187 384
1109 289
920 1059
323 662
994 973
619 486
542 497
737 277
229 260
679 317
1059 417
268 902
1018 400
177 162
140 697
1069 47
679 507
459 382
828 556
242 825
499 245
645 540
149 827
555 739
534 679
318 920
758 989
695 692
455 120
672 437
436 963
69 710
363 415
504 130
531 66
659 578
574 758
987 829
569 366
131 60
1065 549
762 898
974 873
1081 958
916 107
239 527
738 551
286 693
1039 723
682 409
672 78
232 998
889 198
437 762
414 207
592 268
287 1000
880 622
628 752
762 942
674 647
306 343
996 689
992 945
816 252
1014 328
765 392
600 1062
559 173
859 761
939 873
185 380
513 1111
805 1080
973 887
730 453
448 341
974 526
216 483
740 992
138 1064
729 534
691 214
578 336
201 746
282 227
742 921
360 783
982 987
607 424
962 774
393 717
342 262
377 853
995 395
864 704
733 1053
381 816
330 243
488 685
664 4
272 664
474 616
708 471
935 731
360 612
988 232
112 1007
901 482
908 346
1058 694
845 634
302 869
828 120
119 197
281 619
557 338
682 176
367 399
117 183
635 447
779 755
993 675
397 595
286 1010
960 238
451 915
116 329
648 130
205 826
903 355
877 895
135 1102
397 689
736 982
739 668
348 930
3 640
670 768
114 958
224 435
599 441
550 835
155 963
496 416
647 316
1039 262
780 964
311 383
1003 214
598 211
630 862
335 212
234 468
723 325
589 381
378 248
827 867
642 415
1052 802
411 995
632 808
778 88
790 923
61 951
546 743
1082 200
598 250
292 328
311 403
81 797
768 1015
851 318
214 1066
255 871
269 251
1115 380
763 357
938 814
507 589
982 634
216 634
253 195
299 809
55 46
894 581
26 556
522 82
1040 855
514 1010
80 130
440 394
578 266
452 345
460 626
332 72
619 303
767 912
360 703
189 568
885 255
835 743
1046 287
594 951
218 396
649 511
248 1057
740 867
207 982
727 368
902 779
391 865
685 830
634 976
494 362
597 169
999 37
206 411
305 153
770 845
954 1061
393 1108
382 81
201 449
1022 174
704 239
340 482
77 659
507 15
657 227
941 101
313 144
335 520
103 782
174 677
873 62
696 777
73 464
785 726
143 1081
310 792
1115 927
183 990
399 1024
1002 779
651 473
544 966
243 563
352 782
598 341
987 779
887 944
987 289
17 538
780 119
878 499
524 920
496 390
588 1016
603 751
373 126
86 34
582 399
521 593
444 929
391 841
248 753
76 816
810 693
789 644
638 162
558 191
807 856
403 303
408 229
379 527
974 290
845 414
166 935
773 23
876 41
598 914
87 386
224 699
144 865
997 443
1007 952
791 712
430 125
553 354
436 449
437 533
466 780
676 468
179 1014
333 941
62 268
247 215
407 772
347 582
564 420
405 203
486 378
1009 362
65 569
744 164
810 1107
587 553
663 135
767 150
256 652
1035 314
397 692
787 450
741 381
205 495
639 741
801 120
933 121
980 301
613 554
21 993
290 177
564 370
551 270
935 354
630 731
422 231
840 392
1032 296
420 441
479 768
214 344
841 206
546 160
296 974
761 764
345 508
674 709
216 794
1049 1072
742 960
785 39
517 732
631 606
260 293
965 639
1087 453
387 1027
182 912
1090 957
630 609
260 338
690 514
911 501
294 794
884 687
761 938
142 381
82 316
33 86
233 604
646 693
342 804
653 687
778 482
510 340
948 418
600 700
1022 697
887 444
448 546
431 994
1077 231
447 377
116 729
808 204
937 763
823 390
293 69
282 997
306 1091
110 774
684 933
417 1087
368 936
464 992
1061 998
227 350
128 335
633 796
403 821
775 1025
747 164
1049 760
146 947
474 405
1003 603
660 413
148 37
333 804
599 854
546 24
997 308
748 345
567 193
430 182
727 634
110 894
718 132
380 146
767 620
1068 1033
391 986
761 270
374 780
124 300
605 880
1012 127
280 342
508 539
399 230
998 761
168 83
118 113
572 336
671 318
427 451
955 170
1112 952
1099 98
952 151
853 266
577 472
544 746
487 363
957 925
1067 870
423 553
1007 602
1058 636
808 769
723 291
349 702
753 371
912 891
159 411
564 857
469 862
383 892
569 67
176 528
298 284
338 879
892 985
114 838
121 805
10 62
599 777
1031 701
692 184
525 254
854 646
417 836
774 466
171 958
207 162
164 70
343 939
1102 1085
491 722
506 953
644 1085
890 384
892 185
320 308
687 416
1114 128
549 276
375 1099
493 718
597 266
979 1070
1003 789
158 994
842 1117
380 688
495 226
842 952
752 0
898 187
472 929
966 116
123 424
821 302
333 74
404 186
561 198
512 351
710 43
565 195
226 376
367 935
506 984
980 752
516 980
952 1110
663 846
416 60
600 105
569 699
557 587
749 511
411 348
1067 285
643 43
423 155
266 303
551 388
609 979
298 808
302 469
256 114
1093 583
1004 191
669 910
538 474
318 522
844 801
415 434
499 671
276 539
74 547
426 151
80 714
494 283
313 469
263 170
965 886
226 146
779 1009
814 676
686 463
761 667
386 50
790 434