580 369
223 902
572 340
120 944
952 717
959 61
412 597
180 229
661 1114
275 963
469 452
238 909
541 409
356 763
845 18
1055 203
345 191
501 182
952 839
1113 595
970 975
321 344
265 104
944 1032
951 1088
964 234
717 785
751 955
876 719
641 421
187 328
424 175
168 631
435 116
780 958
659 40
614 125
428 389
122 1053
1119 535
76 963
593 675
780 667
271 533
21 1014
683 478
778 155
707 336
577 480
447 336
159 565
577 218
572 416
711 725
532 645
876 244
216 475
896 1067
817 943
312 611
199 981
202 975
407 672
532 342
803 258
387 269
692 534
814 499
557 772
684 881
831 809
595 396
322 433
538 533
686 849
997 890
611 1091
518 996
335 772
519 873
603 677
934 695
793 1053
1056 331
1001 172
434 384
592 202
936 707
168 269
231 834
810 1048
809 189
109 608
519 376
827 700
444 609
367 659
655 592
659 990
138 170
847 864
656 812
921 883
507 133
766 324
984 848
946 150
1034 978
111 603
1110 384
99 803
27 1108
261 944
488 1090
810 713
775 287
272 78
16 80
545 617
768 694
1065 722
571 882
686 580
915 610
669 1006
121 993
462 457
788 878
138 232
416 439
743 296
229 236
838 536
857 267
263 507
531 65
376 894
313 579
161 644
960 1052
1106 482
762 646
894 494
1103 339
132 288
799 981
468 472
871 1071
498 391
179 869
262 432
628 523
383 431
899 581
581 190
169 146
919 819
607 1097
398 282
40 815
634 452
349 194
1010 951
641 657
924 143
646 272
861 1096
1120 512
56 364
832 45
931 128
426 714
883 237
1074 672
302 380
951 182
1012 566
131 268
336 1068
79 35
499 835
331 83
788 117
937 516
982 912
423 803
195 194
875 142
923 853
506 1008
701 137
501 625
702 227
679 442
500 266
926 794
339 738
1048 590
818 984
96 771
311 127
954 481
58 193
732 483
149 253
990 932
242 1053
248 92
919 402
306 813
615 836
1072 256
841 845
342 263
703 284
558 353
880 1062
1088 779
615 148
737 188
745 916
392 1046
820 279
698 969
210 521
356 215
461 801
494 758
728 650
925 134
197 229
273 137
521 441
553 487
763 197
707 225
800 259
863 829
376 257
593 323
941 81
294 789
975 394
24 810
281 348
694 276
73 740
231 289
94 689
716 164
927 171
456 335
888 817
843 508
614 188
315 307
438 820
158 920
699 635
651 804
515 864
743 184
86 437
1014 978
560 230
1107 55
976 472
221 600
854 511
468 122
147 68
607 783
22 439
350 872
336 1022
653 446
958 841
618 987
1009 553
136 578
874 626
629 967
1057 645
227 965
101 363
386 261
352 748
240 561
241 483
204 899
351 495
360 192
125 163
1077 612
847 969
228 957
584 778
155 638
108 250
484 563
374 640
701 220
508 87
588 831
400 1
546 316
1001 194
98 950
770 946
98 604
504 727
990 328
1098 680
283 373
184 302
810 878
328 386
621 234
290 993
346 562
1082 280
390 86
505 39
1041 612
540 317
456 138
626 153
538 173
847 563
902 655
270 607
728 890
1046 125
90 786
377 125
366 736
282 17
210 506
532 51
580 105
897 561
302 898
550 898
900 946
877 866
604 1095
227 416
413 329
127 207
205 589
734 282
964 102
599 979
949 467
202 590
738 365
784 369
478 639
382 301
260 192
797 177
534 453
836 905
639 875
117 824
524 749
184 1011
836 247
377 838
759 383
472 990
985 280
378 829
927 278
489 300
874 127
996 770
538 560
454 796
137 33
1089 417
353 1035
188 542
866 525
713 659
864 433
528 354
460 858
729 421
873 388
370 774
842 245
425 435
1 415
114 961
951 833
170 496
530 493
402 507
314 592
905 224
440 879
1076 771
163 770
302 479
500 1115
202 154
748 686
11 216
500 113
1121 869
669 940
471 374
233 657
815 486
889 182
392 215
711 444
525 870
94 145
769 756
664 770
208 217
152 623
1033 172
530 150
408 482
191 1104
541 429
684 513
628 352
897 1003
494 577
877 480
354 725
933 871
1025 262
285 963
704 169
663 704
820 35
970 342
785 558
169 233
813 386
549 1011
438 498
67 181
350 417
1066 1004
256 216
60 811
138 963
1004 293
407 625
707 652
446 536
326 286
211 657
983 964
400 1112
635 954
740 702
872 59
449 68
527 315
554 492
751 176
707 122
843 229
93 153
170 182
910 1108
645 708
743 581
862 867
324 940
981 979
671 157
526 773
259 498
642 447
810 484
987 1057
993 812
1123 364
540 333
334 300
611 252
751 369
418 389
832 795
110 463
669 151
802 518
643 701
75 143
956 93
519 455
70 139
715 498
509 194
473 974
869 976
444 24
44 446
593 170
394 630
430 818
698 526
67 742
649 1081
891 583
94 573
488 456
581 1019
280 405
719 302
671 356
329 494
760 228
652 653
874 61
221 485
758 437
628 142
361 198
502 546
450 62
982 1002
378 773
189 674
578 330
819 184
126 286
1084 589
318 835
767 475
774 852
611 70
1005 854
915 17
456 1011
389 801
710 32
758 99
766 795
856 40
304 25
687 62
650 320
293 660
865 929
677 380
809 643
358 730
382 288
991 160
579 240
30 1005
1038 435
868 923
195 147
660 715
126 285
701 489
364 1074
980 620
752 724
182 157
974 647
744 560
1004 855
289 752
904 370
688 620
803 832
658 367
10 798
260 422
155 883
500 990
1033 1117
1009 158
492 227
306 948
253 755
255 706
4 399
639 597
941 480
741 1017
686 716
271 723
672 207
11 600
1039 591
939 72
3 651
520 111
229 361
737 796
43 894
38 126
566 654
930 333
528 674
664 777
210 612
931 675
238 782
215 137
353 955
28 249
583 507
241 459
972 668
436 611
101 625
260 70
929 1012
114 815
810 275
225 728
636 460
430 944
534 185
527 993
794 1029
110 866
887 865
984 471
650 243
257 76
1042 579
399 177
778 1009
1048 1028
609 22
573 650
213 781
1071 769
743 728
707 592
962 48
473 460
387 346
933 955
618 840
754 714
951 845
958 829
699 335
506 292
559 754
1078 459
799 721
16 217
1060 818
731 164
762 392
693 288
11 921
424 1055
661 179
773 262
252 983
937 1084
926 419
386 608
556 277
789 191
295 573
433 640
372 528
611 352
1020 18
154 197
467 510
565 942
334 1003
676 123
286 478
1096 167
854 558
599 439
445 404
574 529
22 857
312 132
772 974
991 588
159 272
512 770
1094 626
521 1100
720 1000
493 344
925 431
879 69
646 768
864 1019
63 216
162 856
143 944
438 1005
315 759
387 469
779 330
671 1122
1014 863
14 196
625 257
482 337
25 690
775 116
284 18
359 554
101 636
999 235
123 777
427 281
894 122
811 7
921 174
592 170
1046 458
490 604
78 466
658 641
247 1104
750 512
834 1068
51 699
410 333
747 577
453 810
319 894
535 460
611 677
768 263
569 718
771 66
835 671
872 399
789 925
908 843
945 38
75 492
1068 956
22 833
196 919
406 540
355 886
781 713
1072 188
871 473
291 246
761 741
475 912
892 65
155 449
660 762
980 6
629 733
250 495
905 518
752 513
464 616
573 691
105 379
120 272
585 497
967 329
354 356
664 28
1025 801
1028 161
119 242
236 842
763 707
485 941
468 229
85 518
928 982
183 217
304 680
765 429
828 978
1003 358
646 1122
204 39
126 533
264 89
890 238
367 831
518 145
693 200
935 330
1065 578
47 813
503 786
847 323
613 598
103 840
713 276
341 585
970 156
1006 392
783 412
325 167
247 736
511 784
530 829
539 191
967 345
480 917
207 644
1003 692
214 176
62 471
984 219
954 385
474 545
725 95
113 904
35 363
762 500
855 853
228 992
985 851
795 1030
668 309
678 411
269 100
698 952
426 1100
815 878
605 115
984 351
76 1029
854 828
636 673
530 218
215 617
755 360
124 1017
585 1087
432 825
819 409
1086 954
699 791
711 810
808 1002
131 384
516 637
987 399
630 960
260 945
186 644
872 926
7 29
211 416
705 174
989 1093
88 966
675 542
104 1022
578 341
122 1004
844 987
538 934
537 262
314 677
790 1027
922 384
48 881
393 311
672 643
555 1017
754 514
580 211
934 110
937 610
510 916
493 306
96 929
610 1023
146 851
240 286
797 955
737 16
792 1091
607 563
188 952
807 442
176 856
903 667
334 199
969 973
629 605
169 207
292 386
292 527
955 557
706 454
681 1039
981 529
563 260
787 42
605 927
321 454
837 79
201 432
418 433
290 192
854 184
246 42
741 803
168 610
431 1069
862 722
56 20
445 590
520 1005
811 73
748 148
193 407
342 1008
626 794
141 607
619 9
379 489
716 556
615 748
822 1116
576 297
918 478
769 991
581 646
566 397
785 1075
861 651
496 503
718 516
554 155
566 291
1064 816
973 636
323 221
200 489
791 680
171 1036
168 542
780 1013
394 575
312 934
236 926
433 225
276 1113
526 783
1121 446
774 250
578 280
680 377
611 515
273 411
657 1005
24 314
502 45
96 291
510 365
653 148
451 805
753 650
631 618
487 92
168 711
610 653
739 557
51 196
853 1075
586 842
1006 210
908 160
431 1089
774 673
134 660
701 458
800 718
138 992
607 590
792 690
125 6
660 4
996 1017
809 585
287 681
890 965
372 513