162 909
213 1086
581 963
428 649
708 517
226 1090
1075 344
659 798
636 410
613 1010
505 1064
843 591
28 152
454 843
912 979
473 368
604 216
1060 761
786 895
90 138
611 479
1022 565
786 474
602 378
665 97
802 150
191 109
916 406
1037 577
961 486
638 702
1072 206
959 1012
913 811
504 369
8 499
1090 772
522 822
1019 426
1032 454
206 511
562 231
203 615
510 10
317 963
785 381
393 781
542 867
588 106
997 613
967 769
202 618
650 646
640 335
875 528
263 555
22 775
485 506
797 397
211 167
715 998
894 208
1051 296
1001 514
1004 771
321 358
579 408
901 238
815 921
534 229
885 536
125 849
244 182
1123 127
836 617
217 758
552 677
208 522
843 376
475 472
269 131
611 376
273 669
483 795
274 433
790 483
514 521
529 894
516 643
804 42
320 973
226 426
349 270
1007 463
1099 100
599 410
238 1045
541 289
418 889
654 695
699 682
406 591
825 1099
783 189
622 325
776 34
336 826
104 352
797 573
323 726
891 130
849 321
926 161
470 371
662 402
405 1018
691 224
1008 753
130 836
335 182
759 932
727 1059
874 26
221 416
581 948
1013 115
778 945
833 163
580 269
326 968
917 541
735 659
1000 282
1003 604
166 350
188 144
665 423
346 207
1063 468
551 892
722 320
811 290
601 592
191 733
5 1091
148 916
302 844
366 161
1077 591
847 974
150 451
789 880
489 249
127 832
474 886
625 1017
898 791
302 310
152 592
935 546
427 298
434 309
739 496
829 617
617 1038
531 654
187 438
683 899
628 865
927 672
787 376
27 586
220 211
839 967
38 98
737 1004
189 362
63 346
573 648
404 758
268 577
881 442
446 637
655 911
175 645
459 770
962 278
973 567
147 631
188 344
57 972
833 658
707 203
1123 269
322 1010
167 891
677 263
1072 261
90 297
53 1115
1059 621
513 200
402 356
311 381
944 490
343 529
288 18
131 430
708 663
182 846
514 777
250 926
182 569
665 545
504 764
485 977
713 452
955 481
959 159
989 430
570 731
222 159
995 640
400 998
876 980
672 358
637 311
453 776
218 918
450 853
801 608
604 150
806 352
216 405
458 218
587 660
910 478
795 383
227 819
858 356
482 265
674 290
603 995
556 919
647 262
724 812
348 191
644 341
852 554
135 997
336 337
509 906
223 559
1077 186
149 658
90 461
233 896
930 681
715 118
387 295
330 187
279 875
391 888
182 693
730 264
1114 799
186 1054
1031 132
183 214
724 931
315 262
741 796
721 0
201 676
12 898
646 245
550 961
755 603
339 509
127 636
847 740
1104 351
779 456
110 272
517 263
640 639
546 259
162 392
217 370
0 470
430 238
118 682
654 612
305 549
149 946
710 949
1086 166
977 461
958 934
316 728
873 862
640 362
422 202
560 937
81 701
997 391
308 931
301 311
363 209
247 260
734 898
154 903
208 1093
629 913
744 845
366 898
683 220
830 863
816 746
633 935
890 682
161 453
426 554
501 274
473 529
143 910
823 816
421 923
264 888
300 467
598 120
285 785
1008 873
802 1073
500 684
688 520
290 127
717 404
530 265
800 460
511 102
607 765
381 1027
658 502
207 683
702 954
62 736
831 473
933 437
850 477
153 432
588 887
624 487
184 705
890 917
212 780
631 350
993 230
567 44
185 226
688 689
499 111
167 467
170 866
568 851
55 311
726 851
995 187
521 327
809 972
584 968
379 123
952 425
604 1008
901 587
721 487
162 805
555 136
1035 595
1057 161
201 126
601 827
772 647
760 1067
468 168
746 993
995 558
851 449
1002 303
152 878
76 521
896 782
831 238
103 739
944 242
235 1009
713 576
192 866
972 61
279 192
446 532
194 933
1009 801
931 765
576 751
732 391
501 465
621 924
728 245
309 799
494 595
594 21
450 715
981 184
329 957
700 947
751 943
17 677
415 662
607 626
765 772
194 538
137 8
857 860
556 944
710 623
717 479
353 1050
485 99
574 769
740 755
895 938
266 100
471 491
370 595
663 300
169 565
881 558
505 917
810 756
944 858
251 129
598 765
696 891
144 540
229 463
791 438
985 414
503 1020
764 340
884 865
50 606
177 1008
817 384
1006 389
869 782
895 904
850 1105
144 278
643 511
193 36
48 581
375 641
668 759
163 316
992 597
937 72
830 165
235 150
618 248
827 352
962 80
989 67
989 692
82 913
934 325
669 156
201 272
563 897
369 332
566 557
707 842
540 880
575 708
952 241
229 469
743 361
410 161
259 613
195 459
314 411
337 791
187 194
470 200
594 857
504 839
785 536
885 611
726 322
283 385
840 462
504 424
402 1002
931 238
633 740
867 561
583 845
364 755
683 673
865 618
733 912
574 957
483 900
422 455
607 68
1023 231
916 558
604 89
245 489
1078 1050
950 1016
679 489
376 612
212 1121
245 662
113 970
629 649
69 409
979 378
127 668
825 170
195 322
901 731
793 593
464 1074
224 303
134 649
142 806
898 371
315 404
34 426
270 735
271 907
803 785
582 64
486 558
755 699
159 516
694 395
664 589
811 1068
648 693
16 526
376 273
110 241
966 936
186 495
896 1009
339 644
1107 719
742 673
637 316
275 662
824 725
848 621
991 1120
13 1087
1105 340
615 963
1069 229
68 807
958 800
282 290
15 446
470 1097
700 889
826 449
450 698
674 118
608 861
839 674
168 379
895 436
937 181
538 907
885 1091
796 461
105 418
575 997
643 626
1016 598
404 952
329 332
127 899
163 113
597 835
386 515
841 1000
435 399
459 124
924 897
448 456
765 506
273 215
614 1055
964 689
177 473
566 581
288 999
890 909
357 758
897 712
119 345
396 846
380 186
394 597
551 365
358 679
479 503
320 615
536 223
58 1101
268 628
906 262
450 830
893 690
907 954
1034 260
705 624
168 1001
898 411
908 1000
322 613
143 994
345 731
152 384
476 152
781 329
532 890
192 852
278 596
631 516
575 1113
983 960
840 148
612 1103
898 674
956 604
355 597
572 712
54 613
960 823
965 168
870 460
207 341
60 982
523 308
1023 8
904 369
488 434
999 178
890 955
314 363
770 183
1111 159
251 116
557 806
295 142
295 463
907 773
581 109
170 309
194 804
383 776
428 256
56 331
877 467
689 373
945 392
546 196
628 561
253 1037
837 151
755 185
745 157
901 523
601 296
806 296
486 496
502 136
507 344
989 562
924 377
481 902
496 252
233 136
834 366
267 189
903 538
107 896
1096 771
605 534
639 931
968 217
1117 699
588 462
818 619
422 103
333 498
722 224
776 21
61 655
583 658
1003 426
763 792
215 671
363 583
26 585
120 320
588 351
786 48
937 812
804 130
379 653
944 580
220 971
1038 466
943 1086
782 867
447 509
218 759
483 939
167 885
451 716
18 325
411 353
204 1014
501 673
910 517
412 744
294 907
967 751
426 893
743 573
879 969
326 221
232 289
939 618
941 681
802 939
517 162
163 505
786 246
593 373
835 859
177 4
293 655
508 650
343 1123
722 310
558 605
335 372
207 254
199 947
604 235
1022 352
937 222
1001 636
399 535
227 693
769 204
651 292
826 900
177 291
1011 169
786 337
820 1030
844 693
344 761
692 782
826 142
30 615
934 713
1018 229
868 577
836 999
664 247
412 982
104 349
47 536
135 635
849 915
63 987
988 400
316 878
1020 117
208 598
492 793
25 611
80 363
128 254
733 1110
651 728
813 1116
968 1025
271 913
539 282
89 198
672 198
823 920
594 278
1000 944
1030 375
335 894
143 308
513 693
523 850
428 705
642 984
955 1018
395 857
39 949
950 462
516 1009
576 144
197 1032
801 363
449 660
538 185
719 1005
1035 171
272 877
488 520
155 540
298 425
772 463
785 844
177 825
363 137
957 414
956 237
918 132
865 246
205 170
817 944
244 94
449 1066
648 234
511 872
208 835
196 210
166 907
399 962
691 461
590 553
620 1075
391 585
554 83
744 649
754 677
952 671
326 218
88 453
103 450
766 378
565 553
605 924
487 701
813 164
151 389
1104 1014
480 1114
905 905
865 661
4 106
930 802
29 877
397 536
813 440
320 544
200 451
752 494
764 144
349 495
230 48
819 542
633 322
303 697
319 535
363 634
168 436
507 425
384 1027
914 876
813 240
699 635
232 143
275 986
169 212
214 143
106 841
849 1014
584 295
596 1017
572 267
801 125
880 541
676 371
850 583
795 428
507 995
1016 857
228 421
589 702
269 529
968 942
408 1011
1080 276
867 1049
847 674
615 106
681 1010
174 1006
1037 585
797 1060
1009 290
395 608
1091 1015
806 1002
510 537
268 720
890 1034
289 635
432 160
617 413
264 443
844 401
581 265
32 740
601 705
456 895
285 330
132 256
96 887
657 394
670 245
79 962
308 959
997 1037
1025 964
331 567
932 909
867 244
323 437
1069 903
886 92
655 578
709 557
898 45
127 389
851 139
173 24
132 303
574 746
403 945
499 250
434 785
857 737
562 589
917 287
519 1006
703 194
412 596
1043 541
212 572
585 1016
529 756
243 467
1036 609
980 308
261 683
318 152
71 592
256 958
833 642
1 623
141 174
972 410
320 356
973 353
188 857
184 855
1107 784
56 549
210 723
54 686
292 638
602 783
582 643
581 875