1016 839
111 1028
569 149
982 113
569 821
504 732
27 43
694 855
116 527
75 703
81 223
802 692
446 784
836 280
904 1059
933 750
155 773
127 1014
418 491
250 8
753 903
1021 934
166 106
1097 52
266 483
644 934
316 88
619 795
438 597
924 169
820 666
846 506
194 793
18 790
511 551
251 258
266 167
600 748
308 371
753 486
136 209
171 844
1007 752
381 529
17 613
476 742
743 44
968 446
894 537
520 121
454 436
203 478
363 673
848 169
200 469
760 742
959 766
754 604
717 526
394 149
72 784
190 875
692 668
569 194
736 496
537 896
254 119
463 70
273 695
685 306
662 217
165 857
367 534
639 1018
383 794
804 586
324 1086
280 1026
430 817
1012 592
67 1107
517 793
993 103
180 1063
35 503
55 208
325 31
1087 491
359 703
1060 856
882 892
561 732
417 472
260 871
456 28
833 303
815 827
148 640
1076 603
149 827
822 164
1015 796
140 772
780 960
170 993
328 918
487 157
639 980
902 539
377 835
672 1020
764 486
811 913
143 221
927 733
9 211
818 594
595 205
708 122
607 434
577 101
418 989
683 996
721 780
488 676
686 147
1009 637
944 382
685 573
188 344
237 131
910 622
924 430
948 134
662 223
48 1114
949 819
276 210
645 142
666 707
296 1080
237 298
890 836
356 702
898 1061
996 793
647 482
175 356
510 604
867 622
29 551
919 606
428 816
461 517
893 1018
120 673
629 655
1021 633
66 477
457 687
210 563
216 327
304 112
692 315
833 278
422 686
706 428
272 615
913 648
93 697
892 175
1002 150
100 217
118 948
316 591
808 890
96 829
302 505
657 400
229 871
673 241
198 819
255 100
900 366
490 833
452 123
229 671
920 369
368 766
192 771
955 740
1021 453
533 686
784 987
630 303
774 107
315 539
140 507
899 171
353 217
576 866
354 840
357 531
530 947
379 382
611 654
104 603
500 410
815 251
500 931
532 332
747 149
920 636
191 915
815 1024
1104 303
637 310
1023 788
803 883
620 187
562 370
647 945
712 873
614 382
301 512
444 364
197 622
336 359
265 1021
294 34
434 282
498 76
770 707
363 1024
136 187
930 1020
172 930
229 759
252 940
9 605
237 608
919 279
157 999
733 558
99 133
811 978
615 1120
1105 468
672 594
343 566
631 64
116 450
226 1020
1091 1061
884 464
130 794
408 1110
788 494
809 1024
326 366
654 789
565 713
399 571
370 450
535 168
745 733
30 551
907 271
567 1099
250 559
847 59
934 930
640 248
565 221
1054 950
387 371
325 587
364 304
1075 773
106 589
852 721
10 798
802 70
137 451
728 19
675 829
820 343
688 985
820 816
97 237
244 470
1001 448
615 946
696 814
859 845
560 540
957 83
347 1057
622 535
603 207
546 248
772 374
928 265
779 683
871 438
840 256
961 457
186 931
635 263
673 237
1038 7
823 985
125 22
602 782
101 122
446 681
572 248
119 633
678 605
273 1021
658 546
914 272
612 758
832 1015
522 850
943 110
314 912
613 731
1078 132
977 265
466 502
1016 216
347 1019
642 738
560 221
205 184
62 841
591 244
221 928
705 510
411 839
586 196
567 104
1 952
695 802
647 162
188 1010
639 952
615 1010
591 186
611 295
807 387
161 39
48 459
873 474
715 1095
439 297
858 338
444 581
343 667
771 504
835 735
812 835
534 582
955 596
148 200
167 877
194 775
518 241
1019 50
112 1003
472 452
143 773
519 133
628 960
967 810
769 976
1015 259
935 47
756 596
998 881
1051 660
849 723
396 363
918 658
121 1117
166 12
1022 251
824 30
1018 859
57 317
569 143
416 115
1082 86
282 809
755 271
367 73
571 637
179 644
620 761
930 495
330 955
870 634
804 54
666 967
793 736
627 247
705 257
1055 103
372 392
43 410
842 154
735 245
908 681
980 962
1063 633
744 1010
167 403
795 652
426 762
890 879
653 216
1021 1025
987 262
269 434
541 631
195 233
209 627
701 20
646 321
467 982
647 368
146 403
270 615
341 204
1080 666
249 255
479 154
13 190
275 537
402 32
181 946
837 638
724 579
914 398
625 109
885 973
629 104
674 313
273 596
420 337
2 901
892 606
533 799
752 394
749 17
847 888
204 319
384 535
495 946
998 693
117 597
987 816
897 680
882 572
1054 523
827 723
1024 866
578 941
857 756
430 484
254 884
947 287
698 1001
375 540
150 209
282 574
426 289
629 413
340 1082
651 147
479 171
962 927
842 986
668 1027
338 64
171 854
572 430
419 322
999 1073
307 137
141 525
995 986
136 1123
972 840
108 998
885 360
291 999
822 440
508 14
863 103
967 488
734 974
192 436
680 772
1075 865
701 232
672 585
450 882
568 526
274 845
434 496
439 644
1042 525
24 182
190 532
508 19
258 993
762 558
711 864
1097 914
335 328
1053 448
375 707
710 260
960 789
678 225
439 581
217 59
291 614
197 977
1025 429
764 279
682 645
407 522
823 454
497 431
265 579
858 643
1123 804
228 682
905 85
910 1055
814 202
101 8
960 800
468 982
427 232
669 346
39 475
311 970
134 803
898 869
674 515
922 868
842 605
253 301
156 983
723 827
94 711
992 948
896 816
844 1070
93 55
580 701
545 572
233 982
811 236
459 638
891 400
651 460
474 228
166 761
687 342
286 53
709 775
725 243
339 113
310 187
192 632
412 830
448 927
905 663
762 123
909 319
962 491
146 631
1001 1088
520 369
908 999
363 407
354 911
202 992
1 836
972 884
578 236
396 175
140 914
126 116
410 630
151 435
457 94
596 207
645 205
919 340
250 529
983 457
285 742
1013 83
459 755
639 622
717 1058
603 255
1101 856
637 470
685 214
492 543
79 181
829 57
1108 81
1082 651
192 135
874 819
153 471
981 708
935 637
608 228
512 269
211 534
716 899
45 803
830 579
661 140
564 1017
563 255
700 67
526 253
664 369
813 475
452 169
1020 360
254 1023
128 495
134 521
475 477
335 694
363 197
593 307
27 772
479 425
319 959
744 436
448 147
633 843
466 142
1113 485
323 683
448 556
648 535
425 472
303 1012
895 29
415 804
918 226
5 332
762 149
617 767
212 354
819 957
1019 245
300 946
673 465
819 882
918 546
963 111
176 546
942 281
965 722
636 678
305 116
988 365
372 4
922 136
455 946
538 753
1094 117
462 430
462 756
161 808
462 915
424 830
575 662
266 342
967 465
420 949
527 917
134 815
605 383
311 174
779 486
350 311
306 307
181 205
817 985
812 434
658 668
849 830
518 366
1100 497
175 238
774 697
650 26
368 605
437 262
777 107
499 642
475 106
119 23
776 974
626 999
69 554
344 1009
911 644
393 440
891 957
739 549
958 1048
727 650
573 601
668 653
215 789
932 741
440 337
653 811
871 195
593 647
39 600
394 686
928 859
340 311
703 385
653 585
473 783
154 1104
212 400
899 562
780 679
980 695
426 866
316 415
449 819
331 1054
602 593
447 134
123 473
775 326
576 922
180 599
608 908
28 611
900 969
504 1058
911 171
220 200
152 495
316 968
950 638
422 406
613 514
359 458
552 956
842 985
743 660
1119 201
1012 516
419 668
782 714
708 387
104 936
744 464
729 758
902 972
568 1043
472 215
991 159
841 448
174 919
654 183
218 819
408 937
650 325
733 161
317 829
72 894
608 784
160 318
294 1050
688 979
484 345
175 650
595 929
559 663
1000 481
501 735
356 772
678 957
202 234
997 249
983 1033
642 120
1051 278
789 699
616 608
404 28
173 184
469 757
234 1009
760 324
602 766
201 923
628 459
977 859
335 347
302 33
937 565
603 127
323 216
1049 494
468 73
360 3
314 889
341 737
1045 453
548 239
427 597
212 969
939 633
225 598
898 494
1122 571
883 589
252 152
227 1011
246 641
331 567
422 402
54 861
1031 822
485 455
283 1042
537 846
468 753
1038 984
414 683
598 208
864 500
775 116
588 490
1024 240
754 26
931 15
1044 825
219 791
150 730
811 463
254 989
805 337
667 717
508 765
465 531
116 439
272 993
546 533
114 414
930 896
855 611
841 443
204 833
145 836
1004 664
770 708
971 369
877 1068
1007 805
934 241
160 150
375 265
162 137
919 664
896 220
591 1003
256 258
710 107
565 274
547 407
1036 312
242 191
147 982
198 540
795 565
151 261
948 299
200 816
958 776
1060 741
221 204
756 719
120 928
161 790
487 405
215 111
686 448
400 998
327 622
491 847
346 586
959 953
662 1061
1114 148
836 404
409 898
1065 952
567 693
793 251
867 331
474 859
586 276
810 696
315 66
909 243
927 812
1026 898
263 530
908 769
726 238
928 420
439 631
852 865
543 867
718 888
403 756
118 418
389 344
333 1001
676 508
974 655
637 283
1110 347
642 517
735 728
216 687
282 480
334 624
966 697
182 994
851 2
212 1017
259 456
399 57
1073 539
436 733
691 616
653 132
802 384
183 366
1112 946
685 1080
54 321
797 528
119 669
0 698
1020 1058
346 1089
793 469
369 323
203 502
823 697
419 935
982 208
802 408
837 910
414 673
350 668
421 385
756 772
423 862
587 1107
281 155
524 171
816 879
125 733
235 1058
595 124
701 372
271 929
878 842
369 590
408 1031
332 792
781 564