968 804
856 669
633 943
1023 378
626 121
212 425
229 819
384 107
575 1027
515 770
762 950
660 936
943 285
774 552
486 31
557 343
655 469
2 1017
440 850
663 473
585 1085
287 259
289 924
241 896
638 967
908 509
417 1003
219 197
475 491
921 525
997 363
694 567
876 552
707 545
805 776
279 966
177 220
171 327
994 75
164 980
838 675
927 809
789 229
466 429
247 790
464 292
811 18
489 876
645 997
363 542
199 597
855 201
228 726
208 945
465 220
566 1010
962 843
606 398
871 823
645 1031
492 369
341 582
979 865
707 174
447 658
418 15
167 143
355 828
401 836
167 468
627 865
101 674
546 455
312 347
361 984
572 381
821 492
271 863
478 373
726 371
971 505
472 549
107 29
483 231
594 69
166 856
1107 865
431 618
886 978
188 177
1076 427
63 814
593 487
453 340
731 693
167 871
264 257
885 359
190 528
167 534
528 450
774 646
675 1084
1114 465
576 386
620 100
63 798
982 817
594 504
705 373
165 1015
127 991
867 401
954 597
358 679
408 462
167 395
399 762
106 292
688 516
667 734
231 925
1095 649
73 269
1057 808
330 11
747 104
677 867
128 756
141 704
814 319
928 1004
997 461
522 700
177 90
3 741
991 1089
1045 388
461 99
1053 894
558 815
360 814
693 317
996 605
397 176
656 944
186 630
612 354
593 44
141 1024
639 425
357 865
404 16
822 321
992 272
832 337
922 735
259 476
266 734
762 1091
109 429
489 871
179 509
461 509
627 367
1010 269
467 148
636 1115
724 901
234 508
787 380
280 1072
971 950
131 999
754 436
442 111
776 212
818 813
290 265
985 328
724 396
239 427
722 46
502 352
994 535
1017 732
270 128
79 378
745 211
656 967
432 550
999 903
363 268
697 399
1038 991
818 393
508 404
174 610
29 565
298 885
1016 160
811 253
110 729
515 709
390 744
18 223
1016 157
459 531
855 317
320 918
542 266
155 330
556 455
998 485
58 1013
356 835
877 52
328 430
678 126
202 532
141 190
1073 855
236 946
977 269
923 177
934 644
510 208
479 976
601 958
350 603
262 882
320 499
1101 191
353 291
495 506
286 269
1016 721
278 764
402 310
281 667
760 300
83 548
627 932
424 679
228 345
352 67
820 890
774 651
447 422
140 203
928 705
150 1057
645 116
807 523
757 797
751 871
1116 602
750 926
327 751
325 763
86 776
387 708
151 918
254 915
328 979
763 1006
772 558
170 161
520 790
78 754
539 705
411 662
238 991
225 1049
799 813
158 598
1020 321
927 774
962 70
368 212
385 446
652 780
914 941
498 139
808 160
945 532
1036 280
358 980
496 616
299 603
933 828
371 400
243 725
492 849
946 725
676 279
499 285
193 1013
612 679
742 703
855 914
634 744
696 126
722 836
305 152
1012 693
702 1018
96 873
617 941
226 622
910 849
739 769
947 905
768 580
893 93
798 558
927 578
815 583
114 229
656 131
985 507
429 899
217 718
685 905
741 944
921 484
501 635
115 317
846 988
243 289
471 227
342 169
434 441
410 1080
413 427
69 486
1097 662
124 825
408 288
494 865
937 710
874 357
111 410
521 659
442 267
257 544
521 641
566 942
535 873
290 148
748 144
55 999
816 693
370 1045
162 1112
647 317
427 655
539 794
983 188
170 839
144 799
649 292
625 110
370 709
342 662
686 301
48 394
687 236
438 1051
503 865
739 266
676 683
586 484
373 640
823 935
524 102
788 914
245 154
192 744
487 545
910 589
232 512
623 256
1014 526
317 371
172 204
196 796
834 982
17 397
833 448
407 229
149 182
770 697
412 971
113 584
1083 325
571 209
55 480
689 858
727 500
944 420
759 758
233 355
423 400
844 216
325 790
510 629
1004 541
991 430
678 568
410 788
3 646
388 558
707 971
1017 256
13 1014
569 949
386 806
1019 677
777 215
791 70
699 138
885 809
336 262
310 344
971 687
518 224
952 849
382 937
436 915
353 366
1074 511
127 177
123 175
225 810
234 839
929 162
281 762
260 648
427 312
283 590
115 461
1003 719
752 335
784 588
210 821
1048 837
701 212
1033 1119
564 491
776 336
644 317
332 671
633 142
764 212
576 250
538 123
758 709
420 71
293 833
695 606
1062 901
127 462
578 606
930 261
884 524
945 928
685 812
273 327
1026 473
135 344
603 468
554 533
381 518
67 791
238 899
240 879
1046 314
587 181
105 804
267 171
258 55
170 832
415 607
775 563
267 450
534 1050
740 848
211 309
702 664
709 887
706 739
462 1097
907 759
75 388
1106 64
403 349
936 404
696 473
189 98
987 323
222 348
115 1000
619 54
412 514
250 989
737 420
59 611
677 1089
589 1000
577 746
329 599
383 735
1069 622
421 500
1007 379
880 230
834 944
69 293
676 204
224 244
762 911
880 758
720 823
934 953
869 807
480 774
918 917
794 826
209 643
534 66
129 565
377 363
127 772
521 446
747 921
98 755
900 965
5 1013
117 295
560 151
761 491
464 431
221 414
422 567
500 200
437 267
950 979
223 1054
861 183
284 401
640 809
1035 231
354 734
286 563
910 1007
72 197
1075 124
1032 845
910 1005
240 285
198 537
649 921
376 217
638 258
292 165
177 399
416 577
280 953
2 202
290 1017
867 989
527 555
506 536
360 1094
110 841
545 724
151 618
667 871
819 783
125 346
924 451
412 158
657 554
266 1104
1078 208
132 1028
128 627
298 214
501 171
927 260
963 921
476 581
807 474
1010 222
957 170
726 494
829 982
132 293
924 363
191 771
701 243
737 577
133 901
792 1083
1006 281
654 494
250 358
556 440
599 147
151 647
847 820
673 684
576 372
805 752
598 782
862 622
438 845
674 537
799 1026
1121 183
44 346
228 877
308 712
150 499
141 959
658 871
961 974
515 351
619 471
574 1084
801 121
1082 453
1003 660
280 755
916 402
1014 848
87 447
316 475
187 102
681 672
370 132
1002 842
587 701
627 395
391 147
215 447
555 725
738 273
811 994
212 499
105 477
363 450
919 967
574 538
985 107
487 934
623 1035
454 714
658 141
727 211
941 998
503 152
91 330
777 395
294 747
199 873
819 650
979 219
116 197
639 882
725 459
985 781
1066 891
465 412
124 811
587 1024
803 983
167 240
564 896
40 970
444 128
684 415
236 322
428 541
1014 783
864 101
818 271
645 350
781 1019
850 241
523 40
760 671
739 837
281 305
964 895
598 982
173 826
651 877
418 941
946 477
37 873
470 462
390 754
665 703
470 23
914 28
441 811
850 241
772 86
726 962
498 973
881 407
193 80
107 203
1111 652
1089 291
201 736
751 847
460 9
314 154
175 918
1078 134
208 989
576 23
605 307
100 780
354 598
376 326
193 193
482 1024
289 181
398 490
266 306
949 622
748 940
557 599
367 925
103 918
151 957
377 321
440 782
930 374
512 639
251 970
883 477
592 842
635 904
171 760
656 523
302 911
598 133
960 733
966 343
140 650
993 238
220 124
844 752
322 165
180 720
1005 524
712 190
613 818
268 174
640 933
228 405
98 506
434 937
819 276
276 782
915 841
1024 948
282 396
1089 32
791 331
590 916
566 868
537 27
969 712
262 310
981 594
588 1014
308 923
540 116
471 997
1113 579
187 465
167 1105
588 312
799 167
458 901
866 814
979 359
116 115
251 370
80 154
241 493
818 343
30 585
940 219
492 566
637 675
339 629
50 230
629 183
702 492
534 157
568 1034
325 80
219 918
634 282
458 841
702 329
508 480
693 620
603 357
319 754
168 81
450 562
673 281
291 783
854 771
356 164
621 240
554 488
364 204
293 960
540 419
226 355
468 820
1122 221
831 190
249 254
706 894
493 592
368 147
459 348
175 370
136 88
703 806
855 532
409 323
868 944
954 295
199 836
33 265
638 173
337 315
891 773
491 8
379 343
487 763
519 957
33 899
659 257
939 308
1108 221
905 624
328 1106
668 287
1022 741
778 692
448 207
390 854
372 524
35 738
411 367
335 292
859 1121
885 925
515 685
890 163
170 683
827 890
720 271
219 1040
645 1013
57 689
399 416
388 373
11 796
562 743
303 832
890 962
76 87
641 253
896 290
670 61
467 887
577 906
611 169
877 69
537 278
885 345
480 800
1069 1056
165 286
329 1001
160 455
953 71
267 1003
222 492
935 746
1001 1029
850 922
970 827
710 119
167 324
664 516
134 25
346 132
748 945
298 184
246 752
503 599
705 786
242 840
725 134
385 516
750 327
706 423
694 348
416 499
718 87
137 715
1044 793
149 231
100 286
103 948
827 574
569 664
492 765
553 376
156 384
627 322
296 457
536 219
701 1057
190 297
428 92
117 584
839 640
264 153
459 240
670 475
1086 285
629 93
828 464
741 596
813 138
618 744
837 565
403 685
839 632
648 604
767 660
717 189
935 242
919 1050
664 975
440 178
601 183
106 46
811 640
526 668
158 952
212 350
296 817
691 500
684 938
623 612
921 910
1116 824
764 1089
240 288
351 643
867 770
251 562
745 956
771 662
953 567
457 306
827 271
485 135
341 455
637 37
388 212
356 964
273 948
430 181
174 68
968 867
257 339
235 212
1075 113
118 21
225 1110
357 800
978 603
888 1021