308 920
1004 551
868 227
103 981
924 920
814 902
264 1012
834 322
852 771
497 473
781 918
941 605
305 659
341 586
189 532
412 621
766 982
488 862
465 280
957 863
332 772
315 402
990 900
56 223
245 619
539 428
288 979
548 509
1006 485
760 485
243 734
92 699
681 463
344 721
1099 415
511 1030
771 741
965 477
635 20
753 89
846 499
731 965
546 523
88 554
877 129
411 811
577 196
1107 331
462 751
731 847
357 481
630 823
107 46
500 145
1092 498
276 743
674 293
1115 881
278 646
483 649
230 562
408 854
958 918
128 961
357 254
738 31
761 326
773 84
597 623
48 468
501 274
128 289
216 967
241 307
777 930
15 709
638 134
262 48
528 312
459 395
498 1007
963 1123
270 820
219 243
330 911
865 463
318 208
803 994
927 355
519 1054
258 1000
366 104
305 644
348 961
179 534
580 556
862 415
783 842
941 789
702 276
552 375
336 101
510 33
800 926
822 865
852 879
650 585
870 371
277 271
964 239
902 654
479 1069
949 676
326 28
75 80
1017 609
116 526
1091 652
588 864
811 223
236 169
255 110
198 312
802 819
727 788
53 293
401 785
440 472
542 999
9 410
501 1011
967 640
440 828
131 927
726 129
288 845
262 32
762 683
288 915
158 539
256 924
631 617
933 808
923 179
30 704
838 850
64 443
382 794
552 578
345 932
381 564
875 945
463 1010
740 361
445 610
750 904
850 553
466 238
877 851
864 521
412 708
294 417
821 560
773 471
799 766
491 1011
187 371
945 992
649 324
229 466
586 876
502 1110
165 777
782 647
334 221
319 157
933 479
298 941
494 740
952 773
923 354
99 901
39 147
96 261
899 192
917 268
780 677
110 322
44 322
1027 817
647 401
700 604
238 374
353 588
828 507
715 89
218 1021
583 609
1007 566
801 454
96 559
93 482
1102 361
218 606
287 496
969 917
544 249
896 1003
338 387
1010 927
93 732
226 878
558 657
609 1115
628 138
405 589
775 20
443 216
337 321
366 479
615 818
1064 857
906 150
1033 498
917 830
575 980
585 240
325 838
960 378
888 441
177 727
674 575
455 444
664 536
358 682
882 335
185 238
1017 198
793 432
500 922
944 446
815 565
261 925
829 393
630 324
340 378
956 907
441 200
351 494
212 326
367 1099
1070 838
1014 782
450 890
375 729
906 524
314 859
234 942
156 242
528 991
633 692
956 427
834 47
131 285
928 562
560 1044
275 175
235 932
115 259
380 562
221 1068
786 366
912 909
608 840
275 685
459 1008
861 764
186 783
75 337
927 438
524 462
762 94
672 645
751 858
89 24
240 257
694 346
191 1001
691 1054
440 466
103 825
271 618
521 228
341 823
992 998
408 1003
556 714
356 280
216 98
407 565
385 722
484 216
842 492
995 549
416 194
685 383
218 123
774 993
890 106
21 1096
291 860
696 599
518 433
660 800
392 258
740 961
803 399
546 0
95 928
1061 201
896 485
164 1005
582 617
762 786
493 352
643 616
717 763
354 926
584 680
628 611
627 707
336 426
906 577
289 87
20 391
721 127
388 604
878 603
181 989
49 901
491 949
549 677
53 433
906 1004
213 794
810 708
615 46
369 66
250 692
616 997
368 807
446 204
396 560
563 978
442 350
209 435
1019 458
388 189
72 263
972 438
602 717
928 309
422 52
682 817
717 235
1105 668
893 841
806 444
701 971
35 244
181 894
909 358
560 29
424 183
15 350
272 387
759 393
765 145
379 841
39 543
696 430
163 707
746 815
480 148
875 34
655 265
600 225
349 1010
116 512
154 167
331 241
774 143
410 246
809 718
44 584
995 180
740 43
758 901
397 615
805 987
806 31
565 177
285 237
916 377
310 572
544 622
727 41
466 751
170 700
964 393
774 849
756 590
971 260
930 796
14 123
951 510
493 186
783 649
537 498
28 938
193 421
516 565
1001 877
608 380
81 389
846 111
204 929
829 969
284 313
479 146
819 300
267 991
593 1114
131 787
280 678
468 191
262 325
1036 329
1000 786
780 734
178 1013
343 166
293 585
886 994
183 176
421 494
538 450
701 875
964 773
515 257
131 802
356 127
654 662
482 1122
655 954
523 444
950 407
567 855
128 445
1059 170
627 851
524 217
1078 204
910 839
557 920
821 894
716 429
508 104
480 133
428 766
397 403
259 590
968 627
854 425
28 175
300 656
446 435
284 357
527 718
1016 506
472 631
643 433
400 453
353 590
901 252
116 436
195 280
853 656
1007 721
621 995
712 445
338 118
287 443
1021 347
216 404
580 272
988 909
844 756
422 248
989 503
5 252
321 818
736 286
1070 468
434 119
90 593
236 687
175 922
409 336
952 769
238 286
187 847
435 1039
720 170
789 520
913 697
999 473
699 923
127 212
980 310
124 527
590 985
169 140
568 910
159 313
691 128
142 694
420 189
270 5
223 539
486 519
1001 951
947 758
330 449
72 878
13 876
497 63
986 614
1005 924
562 1087
282 196
1016 22
287 170
818 677
844 410
273 712
530 830
138 663
1010 578
1014 806
720 341
776 752
1016 209
420 215
544 265
743 272
550 115
829 597
502 413
1003 975
916 661
86 717
972 357
802 258
300 398
327 25
375 752
621 999
893 910
990 668
105 462
1013 968
490 677
220 422
954 316
902 576
185 1052
374 733
804 915
1079 160
1001 928
933 470
367 167
1051 748
1095 507
214 191
175 1077
674 863
256 844
667 1050
754 968
487 130
761 1065
825 521
921 332
784 793
229 810
568 102
879 693
512 199
288 737
342 448
664 345
388 347
409 564
740 986
446 141
693 638
379 930
103 919
458 503
756 412
9 124
360 1114
546 573
1123 157
970 297
765 203
594 676
510 919
789 864
1022 781
141 498
638 793
323 882
968 617
1054 769
813 827
637 405
1054 508
354 646
908 760
401 954
1035 645
30 937
315 987
297 687
1 989
127 924
1049 1118
813 126
765 538
922 451
770 251
297 462
640 904
151 190
963 896
702 987
976 414
650 845
485 820
164 10
229 112
774 282
191 276
492 831
1084 365
183 250
895 1039
725 389
823 365
374 283
460 1037
409 343
947 1012
509 379
319 557
328 897
993 751
1065 623
818 707
719 495
1031 597
652 569
323 63
670 427
332 977
679 439
124 839
518 564
110 121
217 187
385 948
776 129
848 503
669 488
743 1010
105 1060
748 942
228 184
248 673
748 786
709 952
261 481
969 390
625 121
553 781
206 146
655 602
204 727
199 593
318 647
378 330
695 821
605 391
246 702
113 700
253 183
684 563
190 795
204 1121
1021 658
314 667
0 1099
81 455
11 6
703 899
328 403
824 178
1001 1037
512 788
540 836
807 101
35 931
200 908
1078 748
637 2
347 546
778 7
119 514
839 419
933 561
240 983
1060 602
99 243
271 768
1087 131
985 390
944 791
817 840
832 383
100 118
757 1038
712 628
377 609
702 1003
173 621
329 545
546 425
924 769
164 215
171 683
961 286
872 414
393 308
783 1027
574 1045
1019 660
42 945
663 848
751 300
342 567
460 702
338 738
670 770
159 948
1020 354
714 625
22 676
798 19
318 100
996 406
553 864
403 444
978 911
488 156
173 401
463 302
1002 95
769 192
554 852
664 948
581 285
750 830
870 562
72 503
340 590
666 488
169 936
430 558
916 467
613 131
849 891
142 239
796 317
223 192
607 721
558 716
457 466
39 887
401 361
860 403
861 155
1048 737
934 938
347 122
463 371
501 41
933 300
247 0
71 868
372 1069
278 931
296 869
207 585
647 86
71 849
115 159
87 244
347 617
904 405
400 999
1073 937
262 699
623 1006
952 917
277 663
839 884
1046 197
677 163
331 135
501 338
344 248
863 343
232 255
160 304
1047 399
870 675
285 777
569 381
865 584
503 769
1072 123
224 935
886 481
534 695
640 215
79 852
908 928
95 463
578 612
624 201
283 961
390 566
647 768
697 631
650 6
796 1088
423 726
200 259
832 819
411 573
444 702
918 212
1091 593
475 324
587 717
252 879
765 82
907 400
779 85
235 115
361 561
268 816
973 799
391 293
155 847
537 234
998 455
90 312
637 429
278 207
741 519
975 556
803 967
222 292
213 877
188 313
1064 584
917 601
608 103
420 210
382 795
248 285
910 186
140 345
203 252
619 246
183 526
111 377
182 1072
697 705
1069 610
852 945
182 574
631 675
671 597
936 825
899 225
68 319
1116 988
743 544
339 222
481 205
1009 527
771 1054
351 882
203 259
347 988
86 705
827 1009
644 737
818 147
539 252
977 936
490 954
977 439
1088 116
247 772
143 667
635 940
352 1017
356 376
244 158
167 643
76 339
583 595
635 730
233 798
106 739
576 184
407 274
723 724
54 909
157 692
577 926
433 161
109 764
143 795
203 256
661 334
191 590
834 577
519 130
440 154
881 380
1048 600
1009 344
243 664
968 532
111 989
556 95
299 316
743 1008
134 980
638 831
982 742
823 699
844 12
403 319
443 436
345 9
802 819
638 332
473 111
135 224
987 660
88 692
933 767
245 528
51 1002
788 149
12 420
761 737
461 188
196 636
446 445
1052 681
420 899
457 312
518 188
115 874
267 915
207 919
455 311
364 874
605 282
918 36
164 511