207 675
153 1069
639 744
10 475
876 871
502 61
807 655
453 735
852 648
364 716
749 626
656 668
140 401
533 779
121 321
1077 848
795 194
980 883
704 402
300 218
114 153
484 998
229 838
142 461
651 782
386 742
70 538
1058 574
529 920
494 109
370 268
490 893
389 681
183 298
436 777
146 782
541 303
716 256
452 833
514 614
583 576
723 389
156 352
919 833
782 119
757 649
486 992
906 681
370 609
912 635
843 813
481 955
99 391
468 286
719 970
103 685
519 121
39 466
368 785
616 368
841 533
849 919
733 510
259 488
140 627
456 459
706 4
3 750
93 764
310 615
501 815
519 399
298 815
606 226
992 659
302 970
483 1107
714 102
352 834
91 789
184 679
704 808
617 1036
418 559
243 908
440 773
727 531
297 752
727 617
304 1045
577 459
607 469
578 712
296 284
93 270
473 1061
738 964
167 921
680 280
844 801
258 799
564 286
100 736
104 955
851 290
5 1116
155 906
405 652
141 634
563 483
809 886
937 451
52 977
972 63
544 431
235 880
690 414
704 731
317 1021
134 725
645 560
685 752
841 537
650 670
911 255
436 736
127 739
362 183
847 600
241 908
576 389
1097 165
182 751
598 505
338 982
254 554
493 410
744 615
975 656
488 946
824 24
881 62
774 494
554 341
320 802
973 733
1006 566
960 707
502 765
829 726
460 300
1048 158
794 251
983 930
102 683
610 882
295 570
691 639
667 616
560 715
139 1010
575 422
305 1121
1031 910
1104 150
397 462
851 522
1052 572
232 136
872 1040
279 255
980 900
76 627
194 948
492 581
452 443
220 119
121 66
17 513
630 297
490 882
318 341
495 950
862 651
735 699
244 875
489 1094
681 401
146 1028
295 38
218 562
303 865
154 82
402 868
122 363
248 274
632 193
392 690
935 636
238 211
468 106
676 221
1011 535
391 833
737 203
104 206
991 300
19 133
333 336
154 431
717 657
843 754
1021 162
819 633
294 1028
117 987
358 689
502 473
1043 555
1053 572
564 851
527 552
146 923
165 731
124 695
601 76
215 441
194 626
257 240
135 486
870 246
413 555
263 580
1108 673
378 280
83 738
692 154
163 269
289 485
321 512
944 880
943 99
157 835
429 823
305 873
156 962
975 243
447 973
158 1052
989 592
464 921
582 202
555 383
1003 361
659 116
724 1097
112 546
21 795
456 438
577 236
233 1013
154 169
758 299
808 905
681 656
912 265
419 679
104 893
136 627
849 870
497 636
420 1119
615 628
945 414
388 826
88 824
952 198
729 719
387 451
702 292
425 523
383 466
856 976
926 267
1013 688
572 810
66 1023
439 234
696 402
1052 274
691 119
243 450
1062 721
674 59
369 231
275 521
956 1108
193 527
580 470
816 692
347 252
308 217
655 459
187 290
302 414
807 195
254 106
698 28
187 286
955 129
1065 437
461 157
9 1105
894 633
245 528
299 1023
566 879
961 836
480 808
1114 510
398 198
408 880
465 102
702 380
1022 264
541 456
596 478
110 683
597 796
918 568
1117 504
137 350
643 777
619 1008
828 887
334 808
262 1039
1081 1037
403 531
209 531
657 854
385 599
611 235
273 762
647 412
497 118
1079 533
355 431
715 435
570 771
940 40
877 886
187 768
8 886
839 836
817 392
681 405
942 1016
885 989
509 914
876 185
271 774
89 313
22 122
895 340
1110 166
625 1013
122 880
433 354
63 414
1018 129
1096 901
264 520
619 306
251 415
380 698
44 875
88 280
352 744
909 889
308 980
359 257
486 839
189 1009
502 703
260 421
1045 528
1084 944
53 975
1106 696
277 663
321 506
394 219
252 434
588 649
783 628
123 162
981 129
448 593
126 157
400 733
1073 694
252 412
864 393
286 721
186 423
680 820
412 861
878 721
420 68
541 393
482 384
595 274
904 639
206 534
329 159
775 387
885 374
598 545
879 307
417 992
986 924
883 984
865 552
152 674
734 942
824 321
629 1062
482 487
1065 1009
721 370
922 45
450 187
560 370
273 242
1111 754
996 40
732 86
637 456
716 227
133 315
723 135
914 110
236 800
455 174
734 187
164 983
777 975
105 269
730 497
110 522
751 264
609 588
1095 742
697 215
349 855
406 255
380 501
327 163
819 1085
1011 298
401 261
631 726
14 768
132 352
499 124
955 629
367 318
943 788
243 575
378 515
1072 77
752 987
575 801
941 413
42 293
783 487
424 247
425 439
381 484
795 797
67 1046
829 184
943 577
252 119
680 724
873 727
398 106
616 818
654 390
1023 1044
221 895
750 425
333 318
49 793
255 533
727 425
122 519
831 828
443 285
425 380
815 716
449 281
957 1113
314 767
648 339
513 144
848 245
333 548
551 599
28 602
1074 1003
227 305
424 29
869 618
571 662
618 637
1102 1104
385 1046
883 738
654 121
812 169
204 456
115 813
787 543
1021 913
627 826
511 526
544 1081
589 124
854 1021
915 695
706 1091
974 393
433 855
946 585
344 137
140 655
105 982
810 976
480 279
793 109
61 943
471 599
123 458
330 77
160 351
496 463
313 474
887 1010
344 281
564 636
435 999
407 104
223 486
673 702
569 537
290 771
573 19
353 475
408 556
869 184
772 386
1016 356
87 910
994 105
895 530
859 861
713 377
1013 239
613 864
825 143
508 871
896 550
1063 328
184 710
677 1000
360 424
624 793
700 730
675 612
21 781
1047 865
721 985
94 328
1038 313
120 456
828 201
434 791
507 1039
156 841
82 12
483 710
25 351
73 181
1041 30
677 222
314 517
629 588
468 980
492 189
450 679
921 564
880 1
483 85
91 735
164 639
786 743
930 12
522 293
954 961
317 695
742 859
711 888
832 675
334 472
762 416
121 724
422 605
679 242
791 267
616 580
270 849
803 511
643 68
681 903
868 418
906 618
494 972
214 858
255 1098
270 1005
784 472
1027 245
180 913
1115 573
468 800
554 188
310 1109
803 139
111 117
24 398
182 1111
243 1017
580 936
446 626
466 426
552 220
439 765
544 569
830 310
802 787
79 125
169 591
10 874
297 180
179 904
342 124
150 904
567 881
625 502
838 72
670 298
740 490
869 710
497 488
501 690
378 684
922 290
238 591
298 238
625 275
1040 100
371 1052
685 604
116 662
252 913
824 315
802 306
394 771
485 734
572 195
746 980
750 210
519 101
767 1022
467 725
1095 1102
372 402
454 115
991 423
413 906
276 320
859 881
559 334
98 1035
398 267
979 998
924 742
710 896
726 167
742 901
729 633
755 511
518 791
953 529
981 720
194 974
1044 336
199 275
880 123
436 332
487 758
868 1009
42 101
74 1034
320 216
937 268
682 208
538 588
776 416
3 694
573 831
183 776
37 269
852 468
330 141
508 910
267 164
409 570
490 218
318 567
367 970
594 187
592 1078
42 365
585 976
716 938
342 93
184 1002
379 124
1098 827
764 265
231 889
715 1042
640 572
227 277
786 422
439 634
775 698
720 157
716 524
655 307
109 286
815 390
773 874
471 488
1057 17
909 400
855 437
614 276
459 550
285 864
106 33
970 458
370 816
143 566
929 719
353 399
852 750
462 579
582 217
263 85
322 242
113 597
353 779
772 579
473 939
531 825
142 429
47 552
346 583
1022 1096
691 142
618 493
546 298
826 475
587 693
809 199
227 1042
367 628
334 959
936 87
681 233
375 294
970 573
878 718
646 714
968 322
1099 563
718 851
207 345
379 151
764 35
610 1029
845 888
889 351
824 222
556 202
933 146
344 763
603 352
422 460
192 248
519 683
334 134
115 10
796 708
666 468
922 334
41 572
1097 696
815 634
1005 302
1096 128
628 310
823 699
659 86
157 866
15 573
547 357
1071 108
200 667
855 43
159 1072
715 776
414 569
797 14
640 1069
816 661
325 742
870 560
548 972
603 510
882 614
667 1022
913 875
777 622
243 718
434 286
659 274
885 248
815 839
803 386
535 452
168 382
700 991
163 1012
176 408
660 713
908 993
908 651
249 531
394 119
407 362
851 679
667 653
322 191
435 113
753 1010
454 765
259 335
421 983
931 114
181 684
996 640
296 644
170 168
944 765
1017 844
643 919
36 995
416 1032
732 30
356 206
1025 337
842 233
36 370
644 932
974 688
572 964
449 697
207 879
958 354
113 345
922 214
888 1085
588 4
427 237
773 987
297 296
474 721
393 269
435 588
322 734
597 145
219 975
838 884
776 935
1006 1074
1117 160
449 412
547 995
986 559
196 963
395 983
799 948
211 698
548 466
572 585
1003 316
918 656
495 564
286 642
1116 104
227 916
125 169
426 647
941 149
640 908
336 700
393 593
365 100
934 681
523 99
151 717
180 826
762 2
1067 183
659 276
189 121
645 987
799 917
573 207
663 118
773 102
1085 172
71 755
558 149
330 605
935 733
508 324
1016 556
986 276
1032 942
748 687
628 1009
829 543
158 702
362 796
880 626
561 123
174 762
781 356
1111 931
599 231
929 1011
303 1041
890 538
836 957
399 402
717 159
1096 207
721 227
360 359
217 615
702 367
204 704
587 963
802 756
529 141
309 314
190 812
420 928
949 543
2 803
438 747
486 192
854 612
1035 1103
646 280
230 22
650 726
726 17
289 678
476 858
662 826
876 968
585 839
248 697