836 541
541 958
280 1018
1038 880
550 603
874 345
280 1051
582 548
899 348
672 326
500 827
539 238
154 130
1113 1071
761 590
701 364
962 288
755 528
993 796
688 166
1014 843
685 110
221 533
374 1064
487 326
654 237
1069 821
682 173
538 939
174 571
435 158
1000 254
877 616
299 150
474 392
794 799
390 832
678 224
159 295
472 882
917 806
707 822
1033 834
237 136
477 232
685 487
810 230
148 649
631 733
807 1003
170 321
748 986
959 836
796 108
967 832
597 935
220 73
8 328
305 12
908 141
476 1055
652 402
144 398
763 819
199 872
414 1092
688 479
979 128
295 426
342 795
648 210
671 1011
636 119
803 76
819 953
396 775
256 314
532 153
581 255
31 840
554 240
1016 318
491 666
277 639
989 1005
158 260
325 686
48 395
1122 565
221 909
656 657
1059 383
318 1056
782 623
642 451
694 845
1013 974
645 664
236 1018
823 147
519 791
315 251
300 622
670 231
500 460
511 458
467 157
42 856
887 401
912 326
968 604
282 396
867 937
645 839
165 567
462 905
975 33
597 822
216 123
611 351
605 579
847 503
771 165
986 470
859 751
484 496
285 1043
345 714
741 825
864 629
207 1001
980 266
316 59
276 1022
919 552
850 222
961 550
407 240
263 923
777 636
195 679
768 662
179 693
1098 401
794 870
302 841
320 189
855 702
855 332
992 146
626 421
815 42
361 184
413 517
844 744
709 785
113 971
174 353
351 458
665 1001
809 281
535 234
663 343
345 589
635 533
482 989
625 122
577 297
924 197
43 764
629 1011
437 972
238 577
181 523
818 213
450 378
983 313
635 641
980 776
204 472
819 109
544 450
790 917
758 310
645 721
304 736
553 601
316 565
194 683
220 245
310 896
1037 365
268 174
906 822
1012 1048
919 411
399 371
931 405
659 874
809 710
845 233
1020 304
341 227
648 623
250 713
989 1062
710 51
238 231
389 1121
149 560
174 902
473 170
890 786
627 151
589 725
498 388
117 304
1079 992
671 270
1088 935
141 170
175 271
32 563
309 1043
405 199
1114 268
521 472
1084 1077
1049 815
665 854
624 1016
974 568
652 658
840 654
1008 429
372 429
405 853
666 505
706 463
138 440
291 525
443 919
256 583
851 481
106 948
795 657
658 679
931 264
536 214
473 643
429 135
760 42
761 356
1014 973
436 654
505 157
316 504
870 1030
709 999
282 857
247 1007
515 370
303 842
422 636
160 706
82 528
927 485
532 445
405 55
491 967
1020 883
602 683
263 944
901 1013
871 206
569 765
581 403
632 927
1062 188
563 590
15 639
1113 913
397 547
1040 192
914 190
913 890
165 615
858 457
695 557
726 664
440 895
804 98
937 702
289 717
808 736
51 420
198 758
343 311
994 865
1000 818
234 623
816 804
799 209
883 193
810 454
963 1054
212 866
980 650
1013 1008
200 407
840 49
212 599
406 782
500 294
775 772
92 187
844 156
401 343
309 703
239 602
373 742
939 513
192 992
607 797
1041 785
308 168
387 386
892 510
832 174
480 523
544 929
1044 907
787 812
506 336
812 500
576 699
289 899
462 663
391 773
958 394
36 849
397 548
127 515
113 468
941 801
236 166
918 169
693 409
806 519
52 856
930 765
300 846
437 134
1020 14
861 74
1093 547
718 706
891 65
114 744
1021 205
1097 558
990 259
144 613
809 109
796 278
568 907
651 473
617 632
698 486
461 859
448 775
477 999
510 296
518 282
823 154
614 323
665 1018
896 1097
443 434
1050 906
1109 1088
444 19
825 855
593 164
951 1035
561 934
305 1022
736 693
863 271
566 730
400 895
1014 1023
936 49
720 930
634 280
266 700
518 877
282 577
894 769
239 921
935 764
1008 22
448 956
744 54
450 629
531 549
132 1025
244 423
631 666
1008 401
438 510
263 909
599 124
537 701
793 374
811 926
782 661
466 981
748 571
363 760
998 609
933 434
284 648
424 564
599 379
583 808
22 462
695 990
1091 456
496 304
390 741
425 348
261 825
311 521
453 694
991 887
518 718
852 213
997 891
602 77
681 733
124 451
69 783
1004 756
480 719
617 151
162 728
1109 250
514 212
215 269
351 582
551 378
75 106
392 522
854 469
662 107
342 201
249 214
266 968
141 210
341 611
331 793
885 653
235 163
708 715
27 1093
529 371
907 598
671 214
906 681
591 312
828 967
235 870
869 189
109 334
474 598
701 1081
558 810
265 697
435 1083
413 920
1105 760
998 848
850 557
551 1064
224 699
127 237
820 390
809 733
296 491
117 135
634 883
584 857
538 529
99 890
245 685
628 242
675 422
740 548
362 679
482 873
564 466
966 929
686 259
224 596
746 957
813 443
83 756
341 605
567 1122
152 536
709 735
232 961
959 108
787 814
178 363
599 363
684 785
213 732
910 773
849 117
987 676
184 564
16 102
1050 526
765 857
698 1121
1031 857
505 238
463 1022
124 756
466 362
1039 242
786 293
454 832
257 564
101 265
331 936
191 888
813 525
192 289
564 138
881 478
1012 1061
822 352
913 888
469 394
1019 117
913 395
557 166
320 233
165 391
201 1109
1026 264
527 58
831 629
1019 670
292 411
58 16
1122 1002
671 144
879 762
937 312
239 657
358 626
804 658
602 63
356 470
190 97
201 951
361 482
168 522
178 544
662 224
499 1087
575 720
197 948
16 347
719 310
251 138
534 968
161 864
115 424
752 523
145 311
102 534
669 686
405 598
706 110
720 470
589 826
625 479
666 870
772 449
846 283
575 868
552 701
555 798
258 398
707 605
905 511
930 910
556 390
174 177
82 437
619 347
285 101
970 925
471 367
627 853
303 746
356 849
622 867
778 499
917 88
115 356
240 993
446 328
672 615
772 740
791 409
576 375
778 552
496 886
1107 98
61 338
107 497
508 27
702 382
134 9
307 956
122 503
681 739
1048 107
257 345
105 357
505 225
21 144
987 975
753 589
281 557
18 345
309 365
772 637
1021 514
615 390
767 57
879 655
30 655
794 30
824 1081
795 443
979 282
1092 443
687 280
932 528
480 133
450 692
875 486
293 267
746 125
117 270
1004 544
173 1013
375 683
107 749
110 111
856 427
243 135
147 948
429 183
833 161
898 353
21 130
802 1075
398 628
939 727
568 856
674 140
546 669
95 898
378 481
681 868
970 704
412 1009
1084 36
573 332
780 973
706 427
619 499
213 590
770 216
788 760
728 1021
703 945
497 868
281 665
729 572
1009 639
468 643
194 580
262 275
296 640
685 984
905 586
452 591
455 707
207 118
408 713
766 773
937 144
394 735
499 506
335 457
497 808
673 398
710 100
185 306
948 1019
336 365
148 1063
393 1111
1107 251
788 1119
959 49
528 390
154 760
561 840
1069 141
420 653
971 339
219 703
215 143
285 715
385 107
589 628
565 952
856 921
128 792
61 92
528 114
440 597
105 901
46 148
280 503
536 341
590 433
913 448
1105 726
682 506
404 497
604 977
1110 295
947 114
357 1105
238 67
275 871
1084 681
638 235
622 623
918 516
779 711
59 138
919 567
577 111
168 200
760 468
469 497
1025 651
352 597
480 1087
215 924
338 261
614 933
1036 171
331 253
398 506
429 12
831 296
553 214
553 972
1087 231
221 483
112 922
1004 542
977 900
802 912
480 25
104 1044
220 369
956 532
250 472
428 226
334 1004
963 785
179 554
932 971
135 361
1047 420
902 530
928 965
861 795
549 427
549 831
926 936
392 537
745 834
800 458
282 771
942 748
362 653
1113 246
226 879
968 119
335 667
461 516
727 1050
555 717
754 660
538 226
1042 203
49 1048
386 362
807 550
186 612
685 595
607 379
260 769
476 902
714 559
577 528
415 23
130 466
245 183
511 992
935 199
308 976
158 323
142 651
1005 744
630 1041
180 1009
8 610
946 633
379 791
214 557
938 207
134 1041
191 106
762 910
521 37
236 1038
911 1074
665 483
278 374
804 215
983 205
769 35
594 809
780 619
948 965
738 814
861 610
608 318
696 567
770 108
145 986
854 642
1035 763
937 1040
507 370
498 746
674 674
445 154
351 676
342 409
418 958
856 860
237 712
863 419
636 592
981 242
167 864
135 550
525 293
310 712
691 813
1089 890
1028 858
961 606
217 411
733 358
557 520
750 221
259 435
725 968
780 415
259 1066
714 934
561 366
832 374
936 2
483 797
879 848
419 826
1083 624
971 1109
583 924
42 640
126 475
666 516
105 343
1052 268
676 629
778 170
570 105
629 1094
711 844
681 796
687 786
104 300
1013 537
1016 305
442 815
505 994
1054 124
977 259
359 502
308 381
360 794
232 951
448 984
619 373
27 206
531 269
937 697
760 24
942 296
716 842
417 425
459 536
200 852
282 1023
935 335
477 988
687 648
770 978
565 657
263 748
557 619
418 617
957 236
604 837
798 192
175 1034
567 226
666 265
179 596
200 534
788 903
415 479
306 148
813 396
895 1051
1002 120
515 885
907 264
279 85
283 635
36 521
292 260
198 281
845 158
311 369
302 635
153 744
1025 514
87 101
370 905
969 625
516 591
422 814
816 533
1023 521
451 866
754 557
123 797
833 504
385 189
747 646
339 331
247 763
140 296
887 408
683 117
431 194
500 1035
223 36
408 967
825 356