715 267
263 951
837 527
351 212
1009 888
885 1048
425 989
262 142
343 121
639 239
826 23
1108 984
1057 353
790 543
505 569
569 42
701 741
952 318
1123 733
733 831
160 415
612 540
453 95
1009 912
908 474
225 773
52 866
342 517
341 211
679 218
406 746
467 217
663 966
699 256
465 533
122 318
953 133
488 942
1086 178
115 969
238 660
553 864
535 375
981 649
183 400
224 364
208 250
654 35
560 292
98 619
809 800
735 415
453 530
265 969
143 209
631 861
772 880
633 421
932 221
911 474
207 671
923 476
612 102
164 748
37 951
724 135
96 746
577 612
844 149
207 104
872 293
856 902
855 309
143 767
393 1051
814 386
1062 1091
14 690
655 632
152 190
233 534
906 949
898 369
406 995
214 905
1122 278
424 533
1072 748
878 490
85 815
1070 645
256 322
286 0
3 386
90 957
530 98
100 1053
866 305
760 830
1016 420
287 732
42 508
678 10
250 55
209 281
1001 894
979 387
1083 169
618 675
161 755
1079 955
914 607
225 558
653 1059
1094 519
642 666
102 119
687 834
335 311
158 829
266 553
589 250
971 348
550 870
755 504
815 1112
239 217
512 444
630 1080
995 947
421 741
475 328
327 1114
122 362
326 159
976 795
669 3
656 171
84 729
636 289
14 1009
807 557
457 578
1004 832
172 621
397 777
108 608
857 1019
436 475
881 909
965 286
8 115
310 398
674 48
447 2
639 155
374 1004
32 850
98 1045
254 1015
779 215
969 333
998 720
55 567
835 859
1021 738
417 723
222 129
510 756
683 57
301 286
266 1004
530 876
626 738
963 772
930 1030
282 927
1000 659
906 173
449 335
3 970
487 882
328 917
878 956
567 570
915 463
584 267
593 222
537 190
229 145
755 662
1072 1047
244 142
987 829
864 128
831 267
126 506
502 911
963 972
612 124
560 360
954 753
794 167
228 805
613 1108
193 485
805 907
608 561
619 887
961 231
879 794
405 263
316 744
785 251
538 990
805 361
908 712
840 1008
358 868
171 1098
477 533
638 425
226 150
907 729
188 841
601 978
274 254
823 248
507 925
418 965
340 264
675 777
628 547
1109 913
1021 137
626 358
221 489
1109 120
1051 595
507 765
783 758
525 370
90 404
1053 164
246 395
720 100
634 619
124 391
591 797
73 990
1055 619
1021 67
757 953
796 135
624 787
334 257
105 697
572 241
325 69
607 329
597 783
66 341
660 848
986 122
778 739
797 731
372 816
961 268
292 899
348 646
208 668
502 876
676 424
590 1096
651 120
218 306
259 306
450 748
1122 740
419 650
968 1080
143 1009
297 683
772 741
647 865
1086 189
166 853
953 329
885 542
922 922
50 474
1076 997
880 429
791 320
923 1116
1097 606
51 294
361 902
196 580
579 918
274 243
1096 332
387 41
845 959
553 913
50 559
564 773
3 947
187 847
9 467
223 1056
70 497
466 887
281 423
846 793
299 236
211 233
996 942
358 731
472 119
1109 520
734 180
196 47
701 102
597 410
608 244
311 665
561 502
557 368
1081 862
748 882
670 106
589 208
296 525
628 501
769 374
756 557
612 224
1010 123
664 594
1117 227
996 602
880 1070
358 282
363 507
47 968
135 716
178 622
1012 756
398 655
152 991
904 325
312 457
261 460
399 850
378 255
890 779
605 669
833 328
204 497
314 192
125 535
710 142
174 874
617 1027
892 861
996 769
85 175
766 897
801 347
835 639
993 354
979 897
916 447
137 589
917 261
474 198
818 368
471 375
877 212
53 589
812 670
863 865
364 634
604 142
488 725
622 574
996 509
755 896
463 399
505 935
872 879
151 1045
438 763
505 751
893 1076
991 210
1013 636
616 655
133 428
732 472
171 251
447 291
862 286
970 22
247 73
298 446
193 469
668 405
424 771
442 604
565 973
1008 938
63 872
314 971
772 207
213 1096
552 232
737 376
761 583
65 645
373 604
415 248
825 609
907 1071
762 777
418 296
897 610
437 887
610 170
318 991
145 76
348 197
321 319
350 725
164 709
107 929
879 553
358 447
490 264
333 713
699 86
440 187
285 513
869 487
294 843
967 307
56 265
767 1080
732 262
140 247
707 795
453 116
783 296
628 123
957 5
847 1102
235 568
513 635
81 620
736 393
579 339
382 492
721 399
816 567
635 672
116 149
258 734
780 632
1083 428
228 402
354 510
307 898
707 439
648 978
613 1095
507 927
737 819
488 316
521 485
554 925
1020 583
112 510
381 443
103 115
925 334
183 65
126 413
293 497
105 853
854 551
749 345
734 241
136 821
806 958
1114 214
834 351
145 914
657 154
716 212
513 573
1020 271
758 937
343 439
136 866
438 828
243 739
441 497
485 438
145 448
424 451
858 166
664 439
969 557
104 976
360 870
192 222
416 280
168 787
635 104
333 154
346 662
481 877
829 921
963 245
194 700
823 273
919 320
809 396
972 290
1012 776
771 957
203 391
721 401
726 415
356 595
148 677
1054 614
943 696
278 127
675 200
740 113
838 562
455 714
181 85
130 145
1012 869
194 757
876 638
214 674
174 169
428 422
7 265
832 1086
483 395
910 555
1021 207
192 743
1010 293
580 972
612 61
299 469
719 314
494 152
107 470
761 311
197 293
969 1027
397 143
546 889
644 496
766 887
871 240
1052 615
1016 415
592 208
58 779
103 869
714 717
461 222
1005 597
257 810
123 643
401 663
404 510
754 397
923 963
543 555
778 383
706 311
917 827
806 572
542 485
254 640
959 762
781 912
585 1107
407 632
200 1034
171 23
701 861
794 887
625 109
116 316
346 294
201 769
466 266
922 186
668 197
64 580
437 437
712 580
100 215
993 1011
695 169
183 267
753 759
1049 964
841 340
304 563
318 266
264 1
801 658
1104 529
221 769
709 976
181 227
920 129
39 476
232 151
851 947
157 925
381 1106
510 950
497 995
817 746
211 498
1081 715
469 570
308 8
723 771
693 557
198 1003
1016 860
816 552
820 479
929 37
461 148
548 372
563 1057
720 383
770 928
576 725
195 1093
1089 618
814 263
141 450
945 188
497 475
144 983
773 276
78 977
358 417
495 1030
432 843
1111 352
714 29
678 1021
416 697
366 771
418 685
770 440
94 39
935 826
1085 624
339 447
976 254
700 422
890 877
543 31
424 376
466 998
392 899
519 1009
802 250
866 579
629 515
360 705
223 793
193 205
193 279
223 792
866 976
488 176
276 1081
629 643
242 169
844 785
694 5
740 586
833 608
743 236
1057 31
696 204
409 306
125 158
841 312
351 853
678 728
568 1094
641 377
685 94
635 897
301 1107
153 74
997 907
229 224
613 58
955 737
682 798
531 582
1093 469
572 23
951 573
1109 457
630 178
515 918
148 868
875 396
309 520
314 678
46 787
899 898
1108 760
491 912
547 450
470 80
959 167
12 453
791 871
154 193
872 652
246 970
112 655
547 656
644 99
259 534
888 138
507 841
460 449
44 125
201 862
568 647
341 898
458 806
324 980
583 576
472 719
13 311
359 135
850 564
483 904
855 833
25 193
869 186
309 702
998 39
221 29
342 517
102 314
904 165
648 1107
580 277
13 848
691 185
743 1012
542 675
864 1057
990 80
62 996
876 438
808 23
644 983
840 259
561 239
90 248
749 669
260 222
590 955
591 1030
218 196
666 894
496 931
596 206
965 394
655 256
757 776
875 319
172 282
973 153
88 702
649 855
792 901
37 420
579 249
998 313
260 326
286 475
108 571
432 320
884 782
849 729
946 803
504 125
219 888
803 586
972 1115
259 825
265 419
909 837
682 940
538 422
576 276
349 392
891 822
914 796
76 791
186 891
139 273
1013 985
804 977
624 1019
796 685
656 998
1103 178
237 639
22 608
179 379
874 151
138 679
395 217
244 905
1054 784
432 681
599 788
732 349
881 855
775 1075
841 587
1104 843
284 968
202 485
752 986
89 860
1001 1078
540 468
829 526
276 1108
491 361
1093 369
336 689
115 942
305 460
816 254
482 273
379 113
281 617
175 319
991 716
500 1022
626 1113
941 614
634 638
188 1021
190 107
119 350
535 778
724 117
644 632
307 513
232 755
529 679
722 1020
59 867
778 511
172 762
1062 412
472 772
143 716
179 432
671 617
881 1017
821 231
598 177
987 354
779 614
235 1017
218 545
174 1001
28 945
390 1032
42 1114
372 96
201 599
831 37
449 529
405 607
662 357
439 597
193 564
598 343
698 849
476 461
159 590
768 830
693 978
933 936
84 307
306 1006
100 665
113 592
174 979
936 418
464 485
826 280
989 36
868 701
296 239
932 455
46 630
390 114
506 366
494 711
915 1114
665 901
665 957
914 660
202 208
737 1069
158 519
171 462
370 939
806 894
355 518
910 207
569 281
436 991
647 557
234 597
432 204
843 771
273 798
296 760
837 923
328 777
424 781
147 553
216 721
1035 889
788 349
1073 892
414 596
679 837
260 606
288 139
625 383
1105 219
490 390
828 263
127 567
228 276
882 132
378 1053
919 840
308 927
827 222
390 246
455 136
1121 526
837 762
793 1073
448 771
691 93
241 410
465 262
160 880
958 960
308 176
487 957
727 1058
967 889
309 303
530 324
778 701
139 870
194 946
146 645
772 921
542 931
619 993