365 481
951 515
430 1011
555 565
846 293
994 782
534 1088
238 465
401 856
260 171
771 794
688 164
989 1052
462 444
412 618
244 74
538 19
334 910
442 836
906 339
323 707
149 602
336 138
332 452
330 701
319 965
889 340
883 919
179 646
846 859
796 659
444 822
372 932
56 645
543 188
808 459
517 901
340 913
133 811
733 212
326 436
497 1022
590 271
354 624
431 653
576 638
530 15
683 978
311 233
669 375
742 468
358 598
296 249
553 389
151 918
576 425
179 899
523 819
1002 211
194 399
346 1119
106 332
805 221
852 1000
825 1003
629 940
1032 969
749 702
957 738
539 440
769 91
604 746
464 562
595 245
433 659
989 630
85 972
918 495
540 975
306 319
24 196
1120 133
440 430
495 958
589 973
434 121
89 192
931 832
238 1100
915 72
368 662
593 235
731 188
394 354
321 108
243 223
581 297
806 752
1030 666
358 1002
351 637
343 383
460 616
984 339
332 502
426 760
556 827
912 504
924 783
1040 335
315 758
634 591
424 291
535 553
195 529
104 778
380 638
560 71
189 130
835 602
248 860
1047 69
907 776
608 611
817 285
31 498
390 182
219 633
142 987
459 344
408 890
531 890
812 405
678 106
927 647
1104 335
284 513
452 289
443 807
759 525
541 945
494 479
907 952
606 707
269 793
691 933
994 573
786 559
876 51
417 495
437 226
543 1112
218 1008
472 104
159 873
815 821
365 213
455 1020
436 196
1055 437
926 772
917 101
596 450
685 950
504 290
746 746
333 773
920 142
538 623
571 237
991 332
1087 110
702 215
881 658
368 575
478 409
244 1043
826 568
359 695
43 81
943 287
391 929
706 51
683 969
267 521
789 950
712 184
203 749
55 186
564 447
736 659
407 374
876 817
107 207
292 180
726 477
281 1077
418 211
642 505
604 177
143 420
246 263
27 53
423 482
461 1
728 0
617 1063
350 979
413 402
494 880
640 886
501 460
701 577
865 648
406 437
755 493
653 40
326 297
389 842
15 1005
616 12
821 424
372 423
196 504
782 482
653 522
393 949
208 815
292 75
654 465
1088 345
413 551
532 125
317 930
301 321
367 872
893 459
435 606
651 339
879 1007
840 488
271 933
338 446
364 965
213 231
751 275
473 168
1016 1029
805 845
507 642
282 1079
159 538
167 523
555 714
413 117
76 606
467 441
467 143
485 404
731 236
601 337
686 953
146 381
237 513
937 413
112 522
471 402
471 891
205 1049
1107 245
74 795
256 495
566 322
403 254
842 458
154 151
194 657
626 1053
356 77
1005 641
397 373
237 896
486 999
752 922
70 993
660 230
729 203
305 41
1017 951
950 351
392 167
849 1109
249 475
451 571
760 1011
314 525
530 544
176 115
406 284
372 544
971 1012
439 561
1000 201
941 786
632 288
652 251
122 1001
501 871
805 459
489 231
388 912
418 767
648 804
994 808
39 539
320 364
639 1083
146 253
638 736
567 406
451 936
829 339
178 510
32 681
323 354
556 796
737 172
992 764
208 330
180 554
746 799
925 257
719 157
239 1052
420 659
834 153
216 101
689 642
429 200
635 232
988 648
596 176
978 407
139 640
596 472
644 631
321 62
733 172
920 153
292 652
98 757
364 933
878 656
272 318
929 793
987 296
353 493
553 1048
350 580
797 592
157 633
380 354
534 487
338 349
770 338
763 555
447 546
512 388
94 1040
1090 161
745 629
1019 540
615 586
371 413
142 528
41 228
497 914
435 686
525 100
738 701
960 374
939 150
557 76
66 409
315 637
519 608
265 578
166 908
981 495
1018 696
617 442
343 278
414 812
441 871
855 861
79 587
187 12
251 1013
119 244
550 464
899 910
456 970
1082 496
802 948
424 707
263 484
350 1082
455 941
868 848
13 911
562 462
1088 161
840 216
181 1050
397 548
500 241
605 447
155 506
467 122
478 936
670 686
480 124
392 501
97 191
302 966
1105 400
813 268
1029 670
968 998
624 558
526 290
488 1024
846 498
689 932
287 618
766 663
136 920
206 235
886 853
789 391
296 147
1004 721
205 274
850 50
816 62
644 1091
1003 957
898 842
239 901
723 330
405 529
458 546
315 611
570 858
298 192
907 717
403 612
478 961
282 564
879 981
937 1091
953 534
707 247
478 405
1079 652
1023 777
829 819
782 863
680 164
138 716
983 673
996 582
1084 988
591 317
542 794
920 534
359 355
455 656
391 533
497 391
497 1009
87 403
336 859
390 142
344 867
744 727
550 464
490 669
1001 680
431 825
479 1035
525 1077
849 677
470 952
727 74
393 459
756 155
450 759
915 900
262 857
264 859
507 54
370 561
486 873
548 107
287 979
199 144
374 843
452 99
366 193
674 1073
187 263
712 1027
871 1042
799 746
850 358
1013 474
554 751
938 62
765 304
660 977
197 312
441 293
419 290
743 870
1000 1012
648 1051
132 870
244 863
888 983
1020 672
182 901
582 993
1119 1109
469 96
225 13
608 127
754 142
132 415
264 622
373 186
250 237
891 913
226 492
257 282
580 520
564 738
850 431
742 711
833 176
694 766
112 311
336 287
743 766
427 889
834 184
541 171
157 436
738 433
703 802
72 537
659 308
1019 964
659 1045
1019 492
824 1049
513 128
144 294
810 599
834 432
214 392
667 1050
1018 871
538 146
360 1068
830 627
654 454
813 163
719 642
447 854
428 824
620 395
605 667
883 641
701 466
884 617
944 583
876 604
13 1013
567 911
454 651
458 195
332 7
730 259
323 438
32 649
14 148
1029 257
678 702
704 320
713 565
1046 121
896 735
354 308
741 152
830 178
573 463
417 1021
11 327
698 8
255 269
920 751
1032 999
459 641
581 765
1111 525
797 522
887 737
911 472
248 914
798 724
838 622
467 832
918 519
257 107
653 220
672 1005
925 560
481 793
390 990
916 961
548 1087
890 88
86 554
386 378
193 287
293 461
678 779
762 560
441 170
633 845
35 677
408 448
1061 379
611 409
607 283
584 368
110 637
687 7
405 410
643 589
547 387
899 769
280 1009
1031 28
1022 687
649 644
421 140
913 493
838 1033
629 162
636 607
458 116
895 881
639 1025
483 1026
247 174
585 102
191 834
419 94
332 274
897 315
186 761
905 395
916 989
515 419
467 322
582 729
1038 552
927 449
436 811
680 445
460 145
986 647
188 580
735 409
464 887
526 120
358 403
304 966
314 434
932 224
166 187
934 416
149 364
400 775
469 943
604 833
1062 679
488 72
813 786
324 192
156 562
893 655
414 826
355 643
137 446
533 325
408 744
450 1004
365 394
1063 873
106 916
295 1000
428 824
326 151
21 524
650 1019
184 592
6 39
1011 214
744 1060
155 585
54 616
536 599
708 517
884 3
860 287
764 225
217 548
71 483
816 517
258 673
249 925
298 857
129 486
471 161
137 152
67 338
787 5
583 517
18 808
527 433
1095 723
787 480
794 765
32 292
274 977
655 225
601 1048
253 912
667 119
899 640
149 1050
191 864
176 444
660 760
918 324
154 10
485 698
566 153
602 689
320 611
452 789
555 523
450 947
823 319
826 128
127 636
419 575
118 811
509 445
714 165
279 127
325 28
796 255
494 852
1 566
429 980
383 624
605 442
413 205
737 719
176 683
1090 814
805 692
795 453
478 322
977 592
989 1117
880 304
418 618
961 727
8 102
1041 423
677 18
430 181
112 366
770 227
675 127
664 973
954 130
267 199
896 19
462 74
303 240
586 614
749 1040
316 43
45 822
849 1063
287 1033
677 178
868 445
674 267
725 1026
726 466
922 971
221 633
637 300
866 349
855 795
51 365
531 28
1055 729
314 130
1015 879
622 737
5 185
178 973
203 719
556 32
55 547
557 983
664 882
878 226
636 613
380 773
348 576
279 388
315 457
1013 830
1034 521
844 478
961 357
288 999
131 1007
1018 190
812 426
131 340
599 880
204 674
701 495
710 216
805 328
772 386
848 866
752 1097
113 294
259 139
194 894
904 892
210 248
998 1123
596 766
796 1014
542 1067
713 974
810 702
926 63
701 748
444 683
557 300
409 909
855 25
217 302
382 952
1024 746
193 174
688 283
389 519
352 742
916 556
779 507
546 389
810 953
735 450
38 105
403 1007
530 240
293 75
24 904
142 285
386 335
494 1120
320 139
888 766
639 479
952 809
217 812
1068 269
467 402
562 937
370 902
303 660
858 355
831 803
7 825
219 655
597 424
20 818
410 860
543 507
218 387
411 1083
382 815
465 1002
1 591
147 255
840 102
808 1026
569 581
332 522
889 370
954 252
929 967
155 79
374 566
396 805
175 282
408 400
568 1021
921 735
765 1024
175 952
648 291
999 801
886 221
632 475
960 319
230 874
558 288
399 250
1068 448
14 244
199 324
950 841
30 198
523 635
589 751
617 129
538 101
785 409
1123 507
330 182
143 741
838 862
100 1017
221 1020
628 676
400 1104
211 159
268 955
296 818
730 439
634 984
821 599
722 131
304 818
471 677
970 984
66 129
1015 805
507 828
562 477
626 392
796 545
169 938
358 678
1002 65
25 706
781 1001
212 399
109 280
329 822
314 478
545 167
229 444
289 814
715 1103
1118 683
974 118
360 848
627 283
811 884
588 587
923 900
653 841
789 597
181 984