1008 660
823 460
493 890
3 842
424 739
596 12
745 602
965 714
853 153
561 127
534 417
664 256
273 1015
841 266
470 725
1023 855
513 979
864 858
323 949
334 650
921 23
191 703
1029 1118
599 433
451 112
812 802
342 177
1062 347
378 479
16 762
227 912
526 605
172 540
943 987
273 1043
1017 577
995 302
707 695
261 811
892 768
288 181
1098 925
673 333
536 976
582 984
483 223
492 968
270 225
896 1014
629 664
1082 893
317 1013
174 528
297 904
655 296
350 449
247 365
243 160
188 905
171 999
71 414
76 55
504 401
681 506
1084 872
283 788
329 474
700 961
370 462
199 859
800 189
231 795
113 196
215 479
320 162
41 793
848 836
978 974
22 77
318 558
946 541
599 505
323 958
1099 877
968 927
871 118
715 1107
154 950
913 129
158 552
1078 939
856 726
84 506
253 937
802 361
120 872
545 1083
651 113
311 485
819 677
988 244
351 889
378 916
643 1082
576 458
856 197
372 736
422 198
1008 934
53 728
73 1071
161 624
371 969
869 930
740 953
187 270
529 426
121 671
668 706
253 271
92 664
813 226
407 795
697 938
619 563
675 420
238 864
764 955
854 274
759 181
283 821
554 933
864 29
796 636
81 297
446 923
278 980
277 757
1042 840
252 479
142 511
685 901
900 266
221 1060
299 412
192 751
541 685
202 531
991 459
911 502
384 717
201 969
1110 614
560 550
286 719
590 48
716 418
828 761
846 117
60 1089
219 879
232 289
309 285
482 905
1086 902
1004 547
913 319
682 97
220 820
623 413
18 883
857 930
579 547
121 1106
340 719
1073 588
530 371
863 935
107 986
13 1020
93 633
554 520
653 958
73 425
759 808
288 129
779 71
528 1
622 661
266 169
669 1102
312 299
503 656
453 756
454 458
717 246
1008 370
897 1006
101 790
183 552
658 809
877 508
1020 685
107 849
1100 701
472 68
1073 345
221 951
972 206
154 712
847 640
201 248
762 757
585 307
184 430
870 105
328 111
572 231
927 659
766 773
878 294
844 509
793 600
421 152
865 822
166 107
781 953
145 967
776 716
26 991
589 495
671 979
142 755
439 338
201 502
845 740
831 149
557 842
291 550
290 629
475 368
153 107
199 468
525 518
402 902
876 1123
652 575
798 975
156 140
844 381
792 350
484 621
356 699
322 117
260 467
593 902
927 610
899 909
232 857
446 381
559 724
1016 265
520 264
976 739
200 322
909 223
397 29
575 234
518 610
853 1013
535 288
831 1013
890 247
996 760
985 312
586 417
99 156
132 45
361 847
779 279
287 943
1017 670
440 375
630 953
57 1056
1069 930
772 403
494 138
559 20
485 345
190 955
182 645
694 200
345 813
855 480
605 788
215 776
776 695
843 211
870 609
228 251
914 447
486 221
372 235
396 675
220 880
830 970
570 486
854 832
272 49
111 69
684 322
841 853
34 471
1004 990
633 926
387 687
332 473
549 625
711 415
849 907
562 646
423 845
943 296
413 1002
639 352
676 256
266 360
136 466
735 946
298 279
340 573
575 1027
579 488
822 735
513 803
173 917
328 680
445 650
843 398
950 999
879 228
403 343
1002 848
914 610
359 102
345 261
44 999
812 142
735 618
475 365
793 409
712 904
644 221
1095 461
232 669
985 889
425 1038
1071 282
487 929
1051 800
306 338
129 634
503 580
305 656
296 310
737 1099
323 925
5 363
168 587
14 143
912 690
221 558
756 902
1120 1070
79 770
256 468
424 909
683 762
463 533
661 280
806 597
421 814
291 503
399 905
979 28
222 1083
673 64
303 781
999 757
718 252
613 540
771 916
865 720
593 592
207 951
120 665
481 157
276 637
804 251
459 359
500 857
761 856
866 187
753 944
476 344
823 485
541 536
525 1100
205 139
182 696
926 1013
191 113
993 484
209 672
804 982
166 783
677 385
520 24
166 427
479 223
1050 641
768 345
447 539
1001 1071
397 881
565 198
914 269
914 935
687 548
533 1023
470 813
840 967
845 138
249 847
787 853
845 593
153 921
1023 446
903 913
960 440
479 275
516 708
546 801
316 335
529 664
145 771
863 298
340 26
748 529
779 612
1120 124
355 310
449 690
732 378
245 221
163 462
789 970
942 303
998 989
643 1060
433 838
549 965
5 881
852 975
1042 451
399 372
977 811
22 375
842 905
83 219
294 107
657 346
853 703
411 789
854 382
644 305
437 933
896 938
981 816
1103 299
751 963
230 1054
858 560
590 401
892 305
928 157
268 259
575 322
193 282
976 439
422 274
456 493
935 144
387 503
971 539
339 474
1099 1090
251 734
1091 380
896 425
367 307
1048 211
748 1003
392 625
712 784
327 750
190 1088
215 329
1102 526
643 111
384 810
97 897
239 798
981 391
904 183
326 195
635 832
995 260
275 939
816 827
913 162
519 947
538 177
1080 677
113 688
489 544
874 821
866 203
417 103
893 576
1001 607
649 553
345 385
882 498
795 333
798 1085
798 1003
537 402
979 230
253 894
986 1050
1000 595
1059 599
1090 350
994 292
857 222
387 408
805 993
783 542
996 230
846 279
286 683
214 928
466 846
735 1020
635 552
944 628
809 1077
133 452
581 832
490 1013
148 732
840 656
744 174
518 831
479 912
766 402
90 653
609 592
639 505
403 549
484 361
987 843
482 763
510 518
758 830
602 334
180 783
585 716
659 342
407 780
717 271
849 133
147 799
15 835
661 1015
564 1074
917 33
899 348
498 448
817 581
987 605
160 139
709 1010
603 978
26 72
504 940
512 911
946 954
436 68
1032 807
541 174
1032 546
149 832
464 213
1007 999
141 842
637 1060
342 799
232 857
196 878
614 742
1059 841
32 1076
860 984
1017 535
964 259
337 905
957 76
259 400
586 479
265 42
956 938
453 893
483 1035
1034 459
162 807
1043 496
479 1033
106 908
153 390
226 112
547 1018
930 1005
689 848
336 845
121 443
581 754
345 544
88 847
454 149
561 913
116 536
840 758
35 1044
220 797
432 142
1102 967
341 487
431 937
178 1119
667 11
902 320
174 114
892 675
319 643
785 943
995 595
629 521
351 229
313 404
519 944
309 1077
1107 593
51 498
479 250
263 690
203 632
663 580
484 430
29 11
257 1023
883 183
13 824
1007 432
906 160
584 688
511 842
440 646
120 634
523 880
311 105
531 727
158 565
501 193
987 626
596 110
43 686
588 1050
791 649
553 661
897 752
1048 836
824 816
237 264
1094 295
414 655
350 263
1032 272
485 856
233 909
534 859
669 504
320 565
156 315
450 334
619 282
358 1098
273 879
205 946
284 259
1014 451
741 598
723 284
553 826
843 995
665 989
413 796
644 589
552 830
755 653
350 334
745 645
962 950
123 313
893 87
142 317
251 51
894 693
533 486
834 711
821 445
303 505
887 825
593 665
592 752
697 1005
45 722
551 343
285 632
1006 41
132 34
393 930
242 226
731 525
821 1006
1039 712
738 661
561 289
370 139
361 383
249 884
294 1095
571 567
49 752
1022 796
306 466
746 252
598 534
772 692
459 870
261 837
612 227
729 806
105 833
236 136
702 812
304 496
610 127
910 517
355 704
749 852
527 477
546 1100
318 389
501 644
885 673
670 719
41 570
931 702
62 315
464 62
1006 836
30 814
581 648
177 612
773 278
115 701
77 656
640 899
315 595
446 1002
11 315
119 498
319 522
456 1118
151 263
707 649
991 243
740 501
896 703
37 507
747 243
792 540
437 1077
171 1083
635 1003
502 973
476 602
923 701
560 102
57 349
542 254
1021 976
423 878
881 975
729 621
572 458
102 567
266 125
317 723
426 263
1108 690
552 789
944 295
627 750
581 892
650 706
762 295
852 1064
572 301
749 960
281 96
563 289
860 467
478 233
287 668
412 748
896 115
381 683
615 202
899 240
803 495
974 896
755 790
55 242
440 905
827 147
609 61
602 500
911 916
782 706
689 303
754 819
1110 244
1016 886
441 951
132 1069
252 634
141 117
465 236
456 414
18 283
453 656
936 811
793 138
665 774
899 524
653 808
203 736
737 223
244 606
358 990
382 1036
714 433
868 992
572 723
704 371
126 136
179 447
277 247
785 588
496 469
435 779
1065 656
846 733
11 667
1016 76
702 594
552 1014
863 860
666 940
861 240
208 864
163 651
944 421
698 734
275 311
418 83
125 645
783 46
633 400
119 398
142 551
601 572
270 850
165 592
847 325
570 435
983 696
483 282
767 239
830 498
479 926
1029 1023
401 691
422 662
339 361
605 931
571 215
608 503
5 392
123 1008
872 1024
348 537
1004 997
805 272
238 576
264 827
324 169
608 764
75 387
118 686
740 1028
961 961
137 324
625 786
790 513
905 482
419 160
587 814
957 578
637 17
415 931
90 378
708 158
335 398
913 735
167 703
566 243
87 656
768 712
629 589
584 1059
450 463
649 856
208 283
81 348
616 919
445 736
347 505
521 413
1053 64
191 133
193 466
590 569
379 856
629 759
685 927
420 857
288 351
674 753
145 8
688 630
624 505
720 1022
827 295
700 558
528 0
740 271
812 302
567 577
622 735
1013 525
695 558
580 131
442 570
629 256
440 760
765 792
734 721
989 389
802 993
806 385
783 352
898 326
368 795
801 435
22 432