947 458
819 989
1088 1015
746 273
46 521
93 694
94 438
489 726
391 819
41 642
279 1080
309 851
694 478
816 476
194 463
473 908
752 505
639 1000
226 79
898 634
88 599
918 9
283 161
1034 777
373 765
580 853
232 317
303 283
131 219
728 1041
115 467
1046 114
373 506
321 845
291 668
582 545
233 568
144 298
653 800
53 172
1006 892
369 405
650 621
330 196
378 458
982 937
142 909
682 141
740 788
123 819
395 349
18 543
814 508
435 1058
327 561
302 520
423 746
258 108
633 586
885 962
762 358
592 955
431 135
475 165
456 845
188 294
31 699
558 62
1092 291
183 995
582 421
669 486
792 300
229 768
309 615
532 664
776 850
624 1104
547 1040
46 546
806 434
1076 293
746 944
494 809
345 119
996 224
689 260
558 236
969 348
996 122
413 229
111 219
453 317
1052 633
557 935
595 394
524 520
940 804
563 903
930 1005
462 685
82 117
881 494
314 643
753 322
197 1
711 243
786 593
214 991
702 155
640 515
499 186
638 151
1002 834
319 1116
818 845
413 374
809 962
409 150
1035 307
219 388
594 191
556 682
925 1112
100 514
637 545
319 702
840 852
643 711
439 710
860 99
202 558
632 187
946 205
423 1048
1087 899
159 1116
850 474
895 192
697 956
899 803
641 522
881 168
680 133
934 896
147 899
202 674
578 598
182 634
83 1097
406 937
72 444
436 689
653 847
797 728
212 385
794 588
178 1118
613 449
441 240
907 778
695 467
474 738
295 444
834 1110
469 969
5 868
492 679
928 363
963 459
925 671
983 370
751 451
375 852
119 830
153 707
864 1071
193 872
460 939
339 817
432 852
353 372
1019 762
1013 553
587 610
236 258
262 660
191 405
548 923
474 1087
276 391
862 241
264 500
1059 329
495 165
15 436
352 190
317 745
907 500
129 429
83 944
168 453
883 829
930 1115
550 666
98 375
862 536
514 1027
493 610
371 122
422 248
944 744
393 260
979 196
158 528
471 1018
553 697
447 685
694 148
890 397
258 479
376 960
587 543
952 163
918 739
539 228
986 1058
601 272
83 811
746 270
677 514
575 663
775 618
385 740
862 170
793 936
925 245
1090 832
128 318
292 1064
1098 988
922 622
660 905
961 697
113 399
217 249
960 618
365 622
630 183
798 253
108 701
837 894
566 538
457 612
412 712
654 314
1076 854
511 547
90 152
578 336
102 942
874 717
212 242
945 612
236 424
318 474
879 997
837 217
243 109
277 556
618 807
898 640
379 346
252 651
23 223
263 605
697 1114
372 466
416 831
179 643
1076 743
626 278
616 171
325 269
296 544
975 931
175 707
636 52
137 944
344 205
625 327
523 314
665 839
959 784
245 223
1075 405
165 573
224 884
788 869
932 60
959 746
605 755
541 514
788 316
257 93
987 528
851 952
612 942
353 424
179 208
104 984
557 286
120 318
130 1018
988 423
944 14
283 405
201 66
599 257
450 625
203 813
333 481
801 367
1013 135
314 924
920 110
170 657
693 936
800 38
246 152
260 813
176 555
489 797
409 659
842 289
798 635
342 870
942 573
386 980
874 849
600 101
6 967
196 438
347 635
684 363
942 514
51 140
492 385
1016 142
599 762
844 427
389 240
68 530
54 792
741 1104
575 592
636 391
629 261
958 229
340 96
157 501
888 852
437 186
684 459
777 518
137 473
703 908
989 827
892 885
517 80
138 694
445 583
372 805
109 953
159 335
122 988
515 684
894 578
1011 155
533 721
342 517
697 855
598 793
124 548
845 762
484 728
448 1014
810 254
504 959
86 459
623 793
602 762
349 121
679 282
561 917
725 681
637 627
366 578
380 590
412 17
119 136
993 270
361 1114
603 810
997 804
713 1103
397 172
1017 895
202 67
243 805
534 274
725 219
881 128
400 723
617 217
551 394
743 1032
853 59
814 714
244 573
1006 781
700 1
53 146
10 118
415 754
458 657
705 122
630 1057
892 485
583 646
205 987
523 760
515 865
817 1008
861 835
174 662
753 639
745 757
228 333
212 774
869 367
220 595
306 307
606 66
141 362
251 371
649 553
754 293
852 124
403 748
439 460
479 783
158 534
934 881
675 1062
161 983
821 850
721 403
248 556
194 508
581 677
532 968
1101 1068
251 196
484 190
885 630
263 240
53 870
726 665
125 959
122 233
1036 1009
994 368
697 888
581 61
155 994
425 671
858 1065
306 446
781 130
692 916
253 286
852 286
42 837
73 191
660 390
368 801
981 668
763 197
836 798
276 1059
700 444
792 17
597 102
1083 193
538 756
277 674
581 167
679 672
1108 795
400 312
165 877
141 589
228 606
947 903
826 980
365 369
268 608
707 843
45 130
1013 126
969 161
616 561
180 1053
902 798
642 1078
404 1004
903 958
612 538
904 323
772 670
355 155
197 990
365 341
447 589
395 588
61 354
826 677
150 522
578 766
126 959
667 153
938 195
1122 961
265 239
151 174
899 754
136 168
553 435
134 975
244 692
565 251
123 246
953 310
44 276
431 832
785 855
141 523
397 285
1022 49
291 530
601 525
701 477
871 803
303 359
75 338
989 691
500 423
392 538
522 218
747 377
587 128
744 1122
763 452
862 124
195 803
815 464
788 99
985 756
226 1094
719 1081
692 810
889 275
625 724
154 1048
258 699
257 318
326 107
433 265
697 330
652 357
105 83
148 945
273 570
1098 112
935 1
62 447
985 820
857 873
466 167
0 112
151 498
917 236
768 292
461 500
259 1080
237 930
312 170
615 695
664 218
429 714
648 776
88 643
690 247
744 701
385 976
1020 626
254 294
780 842
441 221
741 874
837 1005
224 185
248 356
336 1067
498 780
729 474
195 119
564 662
599 72
661 970
165 203
321 56
992 766
399 932
321 948
357 649
87 986
987 717
705 1046
820 858
357 853
904 437
338 622
473 219
704 297
897 343
838 743
632 554
375 547
133 126
328 470
818 473
773 1099
878 676
1003 165
1085 972
826 448
701 584
596 452
738 187
517 103
284 737
107 421
790 177
536 317
475 992
246 742
596 1122
504 718
664 845
559 1062
276 961
442 755
1121 711
697 626
1106 1090
286 318
1007 188
190 797
508 52
520 755
722 950
564 115
212 492
126 933
630 395
899 672
1013 457
812 919
1023 826
985 296
978 302
1120 824
812 342
166 546
256 283
398 992
186 931
296 194
186 256
640 861
764 548
384 1093
349 745
1003 84
192 221
988 410
223 493
1037 198
307 663
587 237
911 974
149 552
372 1107
700 606
13 911
959 995
594 1104
511 692
863 394
313 721
789 1092
634 995
1036 486
499 710
263 616
213 415
690 182
123 773
745 107
590 581
214 140
737 702
691 790
567 436
271 854
1105 184
413 375
795 358
307 129
460 192
715 1001
12 1121
880 58
115 287
294 117
1032 458
284 351
568 946
719 922
1007 2
606 143
891 1007
1070 1106
23 822
1115 98
690 903
290 1072
952 576
300 239
289 798
1004 1081
1025 176
744 1030
247 589
319 223
385 327
234 638
254 352
591 713
254 271
795 831
447 799
653 69
930 762
601 644
717 938
522 605
928 1027
65 1118
101 574
236 232
180 128
112 915
804 113
904 228
1104 915
208 556
925 634
284 355
1040 663
1082 1005
259 825
835 1036
807 322
816 196
64 421
811 404
848 980
600 362
864 937
596 287
646 522
891 357
699 1065
547 664
843 45
796 403
163 374
382 779
125 317
383 812
455 987
951 853
796 439
171 916
643 1044
55 92
774 161
427 255
317 466
982 806
348 657
566 815
537 809
746 354
834 254
977 71
930 682
375 672
306 603
880 1047
1075 472
970 522
642 847
851 565
619 285
698 232
297 250
872 741
429 1063
105 445
502 197
463 1117
673 134
162 583
361 8
1038 346
945 412
150 955
416 314
812 673
397 948
592 467
796 944
865 15
995 412
994 703
1065 475
868 781
184 760
530 560
889 348
368 9
825 1033
547 202
458 478
525 714
491 830
571 175
507 876
1084 675
364 555
1026 533
587 206
249 211
515 707
904 581
475 404
700 961
160 455
422 301
287 604
66 706
717 354
798 145
656 937
160 910
1006 912
942 291
380 98
975 386
846 628
908 622
597 727
751 185
904 893
875 526
670 913
192 876
927 322
231 641
322 957
554 88
422 659
111 497
957 449
693 525
753 914
168 657
928 857
273 522
222 342
137 261
273 112
290 310
829 244
448 441
761 546
167 868
301 105
462 906
468 529
881 485
792 184
743 687
708 972
44 807
863 373
634 202
359 489
107 285
832 57
658 257
956 813
288 1017
1017 446
846 19
138 635
10 629
620 966
488 225
346 632
1039 884
338 774
751 1091
1008 399
68 1006
994 287
217 624
917 89
157 517
800 422
125 439
168 234
363 290
507 1122
407 711
216 358
359 476
254 209
249 138
492 669
555 301
460 290
188 782
619 449
543 1117
1097 1020
224 410
756 928
245 779
411 221
662 273
648 81
407 34
173 924
681 646
1019 4
177 107
819 431
592 172
678 875
218 874
916 181
897 745
1024 996
121 632
902 751
794 949
912 291
736 908
678 494
346 799
653 291
432 203
781 111
636 329
1039 495
887 774
972 653
356 455
547 233
438 1008
554 391
523 444
442 537
72 171
304 467