988 991
564 567
355 741
430 445
864 145
772 388
772 345
564 711
920 28
972 406
898 378
1025 402
314 806
955 197
971 861
480 527
377 531
895 54
944 590
820 83
368 619
938 266
628 807
800 735
50 1070
375 367
437 499
928 966
637 196
842 810
931 379
110 45
832 506
685 198
527 972
470 634
455 604
916 188
752 156
590 92
741 71
106 192
642 17
643 331
420 348
65 939
925 801
634 850
901 512
703 750
826 1000
367 956
491 150
171 469
809 832
678 229
384 114
1100 997
363 334
849 612
934 1015
106 186
342 696
952 233
469 379
795 95
803 435
621 209
185 183
536 874
767 502
536 499
134 119
781 910
535 917
336 854
156 1006
396 927
449 678
388 505
563 131
347 203
487 144
883 386
995 702
865 452
749 1029
589 477
479 892
957 609
51 1059
971 487
649 521
479 238
551 883
798 264
155 592
933 79
494 620
1073 907
383 1020
144 444
930 219
415 62
760 43
92 649
1062 1118
362 709
1013 1087
875 526
377 746
367 194
451 220
371 844
829 326
1067 129
861 491
683 334
510 397
579 714
372 44
522 549
403 955
637 764
141 407
841 1041
599 149
581 972
308 779
555 471
892 874
493 529
517 888
380 306
89 855
481 123
826 550
47 937
841 384
748 848
872 619
831 289
176 754
329 173
629 585
103 792
822 1088
755 861
342 1030
298 694
158 347
986 552
153 448
372 339
651 2
228 972
639 315
38 857
548 1106
188 241
802 123
590 617
212 817
342 635
843 1067
93 514
882 735
788 699
82 1062
63 1008
769 359
571 566
821 471
134 259
932 62
388 125
636 571
600 602
935 932
524 755
13 422
668 830
781 262
321 764
560 1052
977 166
664 503
1066 408
439 501
392 731
666 468
627 1018
575 480
741 1055
576 257
558 791
742 609
817 301
799 299
1032 992
955 938
1107 158
882 464
906 0
354 967
946 777
663 840
816 433
499 356
677 615
414 716
949 998
453 74
643 37
393 67
456 274
634 154
499 413
571 891
657 757
579 820
366 268
410 666
250 359
910 300
880 813
338 1051
695 831
85 309
762 33
763 955
363 360
1014 307
475 240
248 41
281 1043
739 443
578 1077
671 596
783 263
475 401
278 408
398 167
914 715
893 798
447 295
654 733
416 891
1108 94
1010 928
436 302
44 288
458 640
936 759
451 222
950 568
688 395
471 209
587 249
748 793
954 781
824 1007
837 106
267 499
322 259
607 237
629 645
628 596
383 133
871 922
376 670
311 896
712 67
531 365
800 610
731 283
308 765
1006 973
941 572
1012 887
36 105
12 457
961 474
447 309
549 976
310 903
1043 3
474 106
807 592
179 589
362 293
982 855
372 411
745 407
1085 202
999 689
994 600
1056 272
1063 550
503 486
751 61
1055 505
572 367
999 477
166 155
989 781
810 170
885 222
874 209
1074 658
981 749
452 694
290 632
131 184
871 191
775 173
710 438
697 58
504 1063
422 128
508 123
898 621
751 415
243 377
257 647
911 740
330 712
1015 226
849 113
725 667
592 139
455 533
63 1099
380 871
850 1022
75 414
294 921
459 887
684 924
926 773
801 413
746 123
266 481
712 298
757 12
830 332
931 466
111 266
187 873
944 424
753 527
346 1018
823 506
110 459
794 473
825 756
975 272
937 341
312 413
187 454
405 656
1110 465
303 1074
727 789
874 884
749 848
508 911
992 544
136 923
557 773
1091 669
308 1111
534 492
982 377
910 948
641 1103
186 774
901 74
181 564
1079 656
901 307
427 6
349 664
195 728
162 863
343 346
556 166
888 237
733 591
55 672
443 445
444 557
557 1012
843 810
162 287
871 377
175 371
931 989
443 605
424 646
781 545
539 823
223 124
383 397
779 697
406 865
928 152
473 41
689 1029
696 975
351 634
819 675
367 897
923 669
210 259
200 535
848 889
475 934
210 951
606 152
1088 1017
954 965
594 53
1017 169
147 222
821 427
366 932
580 706
980 352
492 654
1035 240
293 81
257 78
982 820
784 911
1049 381
363 835
779 990
314 974
770 1077
252 136
760 283
604 516
60 863
979 860
559 985
112 689
885 826
896 761
476 931
514 721
505 758
887 819
817 1012
562 971
742 822
462 461
674 659
145 771
724 477
589 634
554 186
1008 581
1043 541
637 801
901 1019
1068 230
836 202
373 714
148 511
367 993
424 292
1078 465
932 722
880 594
1105 41
727 316
55 452
310 862
1086 962
480 382
961 298
821 944
455 439
484 1008
924 1112
64 383
911 345
348 961
204 799
201 635
153 971
928 1
988 863
234 410
224 558
1000 167
432 147
859 806
319 592
873 142
593 960
998 185
713 120
1091 960
964 522
604 964
1006 284
816 186
579 414
401 941
456 428
532 135
786 316
31 546
195 605
677 946
699 1120
188 971
497 637
249 506
1019 854
405 183
426 485
1038 222
755 681
693 561
10 738
579 340
591 264
31 298
366 571
477 976
482 608
119 981
799 527
166 501
729 1039
861 69
791 924
93 884
83 168
137 732
494 633
139 1014
456 626
304 211
494 220
314 43
591 396
640 693
75 469
874 440
597 1079
860 694
380 969
848 1088
749 450
533 12
444 312
869 551
443 162
859 866
678 521
528 975
392 799
202 208
141 743
792 653
817 568
631 500
717 687
810 846
1000 1057
662 778
432 873
388 203
241 703
679 338
966 88
656 601
854 558
510 829
221 160
48 763
700 889
567 506
590 785
824 934
636 768
649 1058
54 531
837 1005
563 1010
797 990
822 842
835 210
898 829
946 91
339 164
155 491
38 105
162 465
567 852
151 994
769 329
843 252
422 956
977 756
15 433
197 539
594 135
934 371
722 921
607 668
428 31
454 580
151 744
422 599
608 565
367 866
671 1123
527 1021
781 784
761 89
503 1000
934 579
590 438
630 203
528 1018
488 325
206 436
339 272
991 993
425 766
513 861
857 278
286 352
937 911
453 692
1020 500
522 684
283 620
462 616
986 156
835 990
852 537
426 800
878 660
871 123
1103 376
1086 627
460 116
230 617
192 284
1047 303
514 474
943 698
309 109
1050 654
679 187
882 988
940 38
197 856
412 216
229 480
321 216
255 801
1109 133
576 423
922 515
408 910
14 1016
960 639
1010 392
122 173
78 329
39 1021
1015 693
613 565
870 998
130 310
362 860
976 406
381 1035
66 320
1027 377
170 819
1019 386
100 176
956 293
566 784
344 886
489 1107
318 243
724 718
88 742
407 934
307 1121
950 992
971 650
181 860
874 921
891 395
894 641
731 617
387 753
859 214
589 251
1088 294
175 533
220 861
562 191
394 405
94 645
151 834
2 934
354 549
218 532
754 250
484 285
909 843
101 362
647 126
906 160
148 622
735 643
315 344
1059 1082
788 628
1082 815
564 388
507 861
15 311
856 115
402 492
596 111
802 939
185 158
100 945
524 99
333 169
302 678
136 872
465 542
662 798
554 114
42 92
231 1024
646 602
709 628
789 37
929 350
170 688
647 208
1120 23
506 335
563 553
659 741
543 1077
549 915
447 905
791 704
492 698
256 581
574 75
933 296
862 496
521 708
589 900
1064 725
101 856
1001 936
782 619
540 892
1004 615
642 704
670 722
266 610
573 71
301 309
494 179
24 533
533 1011
179 949
259 992
686 579
17 675
107 769
583 264
842 395
566 374
149 208
181 578
523 256
343 130
293 434
1120 142
143 516
966 1110
163 1053
493 820
939 720
18 266
7 547
324 940
952 1116
327 409
133 617
1067 39
1057 961
273 910
199 449
475 518
468 762
117 836
692 562
977 1075
462 709
943 715
837 682
910 892
662 285
359 1001
986 820
240 392
340 750
674 152
874 428
503 396
600 351
970 481
622 507
384 1019
706 154
560 879
686 547
238 328
579 1025
732 303
221 726
812 550
942 164
740 295
821 675
140 851
292 925
837 856
678 930
427 299
529 395
1081 621
928 80
298 916
1013 805
495 832
720 283
967 144
308 1056
802 534
29 372
866 302
320 27
1026 79
105 239
816 793
785 305
254 567
32 959
12 429
790 472
744 839
516 458
801 716
975 630
504 1060
266 672
65 325
392 321
245 526
735 952
377 237
459 1082
887 116
825 820
378 720
349 409
527 251
539 105
354 514
936 535
174 866
663 832
417 245
389 213
1007 159
1081 744
341 463
409 525
700 715
466 96
542 775
802 1010
941 226
252 769
162 857
298 950
140 573
749 1052
266 347
853 807
770 168
391 885
899 231
140 531
233 741
552 525
191 226
973 209
1032 760
246 444
625 734
951 1009
1095 408
613 363
229 629
223 852
300 723
330 357
549 911
163 173
426 618
99 952
421 170
914 171
294 353
713 319
592 270
921 356
225 177
560 564
952 619
736 142
619 167
928 100
1026 810
659 943
100 770
364 107
791 152
280 603
537 201
68 308
221 955
23 271
915 817
775 145
684 869
810 755
937 107
990 201
746 627
613 796
837 1005
948 620
159 552
699 258
987 580
745 321
898 298
669 578
1026 521
13 330
1018 906
105 564
1032 167
397 890
141 146
32 602
54 771
602 973
996 882
1002 552
643 603
67 49
573 643
914 753
532 431
943 918
248 260
267 471
246 230
1076 530
403 1020
973 211
24 35
719 855
1038 677
967 1053
520 938