403 354
183 955
1007 135
602 456
88 659
898 717
500 487
173 88
782 641
235 595
654 186
632 1029
590 237
461 1021
163 123
284 760
1097 365
245 516
361 123
835 303
585 171
867 359
845 604
905 253
230 149
580 128
1121 530
516 1118
648 771
458 660
962 266
645 30
831 546
34 928
886 796
592 236
499 368
941 401
147 761
776 333
858 933
544 531
572 855
360 681
515 727
980 439
695 195
759 192
922 842
886 436
645 991
677 240
675 919
216 502
696 551
128 812
425 668
998 564
107 668
980 144
330 370
338 338
399 960
863 904
512 298
529 363
981 522
942 226
737 721
284 1083
197 589
682 902
763 478
456 1035
341 440
816 953
1081 717
206 1095
339 310
738 331
1113 811
739 207
565 295
167 108
977 190
337 681
450 311
991 318
595 344
621 703
685 756
860 678
342 663
719 1001
676 294
238 244
145 1077
61 481
525 957
728 820
1066 55
0 905
524 741
937 352
922 574
317 678
642 845
257 173
706 697
733 123
375 621
969 842
493 656
349 490
382 318
310 227
581 123
591 919
992 161
998 693
603 153
727 865
597 843
273 238
749 883
1088 549
116 126
574 309
501 197
621 952
630 477
207 289
526 371
119 252
443 185
733 192
1037 930
677 908
309 806
389 274
288 923
1088 979
566 489
684 652
562 668
923 240
351 696
377 918
39 974
833 820
678 691
725 524
1079 496
638 680
437 497
630 105
580 467
677 388
524 501
193 839
1068 859
585 188
312 364
366 1002
203 284
900 104
210 915
964 482
610 987
563 617
431 488
62 932
766 201
823 198
823 720
224 1040
716 173
437 572
786 887
796 452
208 934
855 705
788 160
377 840
533 91
138 491
298 288
903 1095
1007 1040
446 729
18 514
765 431
885 54
177 162
1009 938
345 205
605 626
948 719
382 300
924 743
729 665
228 125
1071 724
612 295
348 997
514 1106
716 123
400 633
246 577
492 785
477 249
1011 173
717 203
738 135
791 693
621 1000
1078 1117
65 595
709 24
336 522
996 337
331 979
864 686
493 360
1040 662
142 820
735 940
401 387
469 182
521 560
743 643
424 337
677 765
522 777
245 899
473 271
1039 205
834 387
815 106
444 837
433 445
998 172
255 287
215 402
414 1012
496 242
1016 1061
917 426
729 755
989 351
710 862
838 871
612 457
589 395
616 248
925 758
768 444
998 552
550 241
892 486
161 806
593 1013
336 801
636 349
815 1014
571 844
1089 833
223 219
662 555
1046 1043
161 773
632 852
993 830
341 79
183 981
474 1033
655 1021
243 268
1005 828
165 336
720 671
1005 1014
604 745
616 640
696 989
707 104
1107 25
641 342
573 872
251 71
641 336
668 915
578 110
14 607
204 443
261 876
0 533
98 646
290 745
437 992
669 256
990 323
865 215
1044 933
192 66
929 220
903 173
318 589
673 138
875 533
340 465
362 89
678 336
105 548
763 56
574 204
1026 168
558 543
376 134
542 778
145 855
773 655
880 116
777 675
1032 400
1072 600
432 284
1001 191
782 313
812 503
506 286
119 329
974 991
122 407
53 7
449 218
661 269
224 682
745 202
687 378
1031 868
422 334
592 583
895 325
97 694
218 860
29 474
584 547
929 760
780 86
767 841
623 272
181 334
346 377
602 1114
309 152
413 498
581 288
253 955
86 660
483 689
963 947
537 408
494 1118
1024 366
907 128
529 405
106 483
152 1021
972 1029
484 1056
979 500
577 66
678 1014
298 991
456 341
891 161
935 440
969 379
127 965
713 75
287 230
832 728
128 506
938 775
412 464
599 389
558 790
217 215
1055 524
478 283
672 557
40 447
102 147
945 955
1012 855
134 641
592 466
508 1000
364 1023
880 83
556 34
629 58
536 728
155 566
234 845
792 757
249 455
1019 674
944 875
888 875
102 666
444 238
38 832
842 300
965 664
245 711
938 1099
745 712
219 770
872 1067
1021 1054
979 125
713 202
591 850
853 535
860 418
48 66
758 153
169 190
110 127
233 110
826 333
896 169
1054 376
913 649
1046 577
802 147
376 975
991 540
684 951
541 438
816 168
61 236
186 789
481 399
1052 963
195 922
400 716
805 942
950 870
188 447
274 898
1056 617
667 284
995 648
153 10
720 888
782 407
983 1055
314 551
1079 581
373 116
887 112
856 654
408 666
219 506
771 76
127 391
207 509
877 1005
789 1109
140 1123
1006 677
765 550
581 279
1025 64
145 899
744 102
441 1004
381 599
491 312
1012 711
501 472
400 280
710 345
333 385
817 12
836 24
280 555
84 155
1002 609
661 1066
280 368
145 199
257 326
390 467
373 908
1007 832
552 523
814 492
1023 493
118 359
639 690
787 419
564 273
607 369
188 422
979 507
949 1077
471 973
867 804
570 488
414 553
11 940
279 1091
494 778
737 514
103 809
51 145
659 699
108 1082
146 766
854 142
365 435
910 959
1070 402
483 127
709 893
798 716
409 745
130 347
817 781
692 129
39 165
977 625
330 505
166 162
1034 907
484 193
111 161
205 524
346 869
142 703
460 252
853 702
250 896
261 795
813 338
784 678
233 204
614 250
1105 819
100 284
407 751
330 671
220 63
248 804
294 315
94 619
216 717
755 653
471 994
1000 1040
303 204
109 826
896 132
332 212
1074 99
780 457
458 35
184 447
735 893
217 701
240 623
748 861
946 599
1040 832
765 706
627 253
959 72
132 729
149 311
824 712
21 193
720 839
788 10
534 802
160 443
215 1069
678 501
981 314
285 770
21 1051
431 392
494 641
359 199
299 940
622 1093
635 667
767 356
599 405
176 783
325 112
261 911
89 841
848 444
579 509
872 181
576 487
405 626
558 204
172 787
907 646
554 285
231 726
714 675
817 233
677 562
207 792
973 514
649 1109
431 768
796 476
980 699
122 938
986 104
213 492
1049 857
829 398
112 806
198 197
299 505
142 107
252 576
313 365
458 294
782 221
375 981
590 882
945 219
356 245
230 871
924 621
564 314
55 749
679 200
94 713
801 300
334 854
970 671
536 370
677 191
592 220
337 925
991 227
736 795
292 135
540 962
732 915
927 183
931 543
1060 105
505 1104
702 164
1009 153
750 820
482 500
975 857
695 167
1075 966
218 696
841 261
140 935
554 800
331 736
655 439
391 333
398 115
562 960
346 186
903 916
666 721
49 503
359 754
363 135
310 920
799 940
764 384
90 392
376 457
111 542
492 1068
1021 618
546 240
85 385
640 99
568 862
711 247
123 839
990 362
789 1045
861 468
406 596
438 691
688 327
424 71
379 184
459 994
204 680
840 355
422 538
132 715
252 797
780 885
566 609
1021 561
891 77
943 138
878 824
586 873
85 45
999 789
438 699
397 220
971 79
457 787
461 660
371 441
243 813
198 643
837 716
686 640
998 168
667 916
269 833
374 872
529 267
665 519
734 491
609 994
388 167
662 206
1014 919
898 643
526 796
680 185
979 643
788 870
1022 50
758 858
799 935
266 825
532 863
685 293
562 339
168 171
750 110
590 762
389 459
779 419
923 429
299 793
578 334
977 715
556 687
1019 69
190 515
905 1058
886 115
836 929
142 953
145 574
465 203
738 1021
270 310
468 720
708 486
1112 496
825 266
939 913
566 945
844 265
515 1066
893 44
927 595
520 920
826 382
893 255
613 967
1009 577
269 100
963 754
567 874
1078 503
616 810
713 845
998 896
214 807
742 407
621 608
391 520
225 169
906 866
930 240
802 233
66 113
642 538
420 754
198 385
924 363
339 700
150 832
803 213
438 892
127 512
383 647
342 945
1017 347
462 269
807 1119
464 249
317 1067
202 929
672 951
311 588
552 607
134 362
695 339
852 326
339 168
459 127
867 229
540 383
952 864
494 551
518 249
951 661
779 160
555 417
379 554
596 506
1099 1039
418 218
341 1012
771 285
1058 51
432 617
1111 900
641 121
899 769
682 384
343 452
928 497
914 1013
239 832
558 817
412 517
832 661
333 398
250 886
695 689
612 127
928 953
681 879
237 674
931 730
542 976
831 901
465 957
913 598
904 427
65 950
431 195
348 285
988 162
149 158
344 511
290 213
321 678
928 361
265 322
863 1003
319 669
309 448
531 577
528 225
956 196
876 530
381 981
958 203
907 1099
272 158
526 319
356 373
821 968
133 957
59 807
35 388
591 843
601 831
943 392
534 839
577 888
760 728
278 1002
870 980
259 79
383 69
865 123
55 572
99 327
924 882
813 345
852 846
904 967
281 337
1019 471
438 273
573 427
528 837
634 253
977 723
498 965
615 277
601 552
119 138
314 90
432 273
1037 215
1053 113
460 417
76 765
1057 376
1028 1021
855 72
388 289
801 565
871 884
222 565
83 554
542 155
398 116
868 938
137 192
813 404
1121 885
261 282
556 862
488 1042
423 796
731 1013
914 592
1003 200
923 288
337 114
511 784
344 848
979 53
640 479
241 1002
340 176
969 162
945 330
416 827
951 482
539 502
673 347
1073 732
928 292
381 830
457 640
935 395
111 411
377 701
374 719
459 597
841 854
131 640
526 1018
95 897
984 624
831 747
661 161
745 302
264 593
1054 310
93 298
372 552
203 504
478 127
250 407
256 456
470 686
718 876
751 599
450 787
882 539
27 108
115 1041