646 1113
484 1009
400 245
931 1024
883 795
216 880
997 384
567 854
584 167
363 369
595 741
305 909
753 254
181 734
435 106
928 298
620 981
348 111
170 644
277 813
227 829
296 520
976 994
896 251
760 445
15 709
545 629
571 493
377 580
1034 352
847 917
748 975
71 1021
983 291
603 939
878 355
123 557
1013 959
493 931
612 267
538 339
339 1093
250 66
949 611
509 1112
465 662
302 516
269 662
662 906
892 769
990 166
855 555
1079 524
327 190
228 806
593 690
412 626
229 1012
808 838
884 528
1114 806
160 1021
284 500
429 549
361 502
709 760
904 511
320 382
64 195
550 808
719 421
909 659
703 354
46 795
692 845
282 588
605 438
64 446
648 504
918 805
20 406
281 1040
632 781
786 806
42 1081
153 463
793 904
606 235
722 172
815 841
196 732
916 224
713 355
250 533
915 408
142 574
636 627
528 299
927 354
455 1022
220 93
426 250
314 311
782 640
1046 567
718 986
517 999
927 408
914 756
260 266
758 660
1084 279
834 679
978 580
166 188
376 634
851 259
992 169
483 520
484 520
857 109
621 580
474 693
909 1017
921 607
712 379
540 377
332 346
726 487
895 815
921 723
130 681
460 550
932 103
557 1064
808 559
450 211
842 225
1002 420
388 608
358 685
445 859
141 174
277 237
288 60
767 795
653 48
976 332
666 938
476 888
795 288
802 906
692 1074
559 227
674 829
314 119
968 566
810 988
207 668
229 186
109 207
1043 273
395 649
681 313
230 884
593 179
436 528
574 370
254 273
995 850
744 678
265 13
219 124
489 326
1099 327
419 934
211 360
545 637
154 754
87 503
33 341
331 400
103 213
924 1117
99 379
302 429
101 905
424 985
844 1101
529 737
875 893
479 412
203 348
578 67
963 424
33 385
619 454
275 537
847 740
548 1014
715 407
727 488
59 108
111 354
420 216
922 438
926 199
333 642
776 807
671 362
991 514
335 775
563 566
431 387
469 380
966 261
611 396
560 478
345 515
842 781
619 703
444 758
751 421
566 322
999 127
814 723
371 880
809 1070
964 903
553 291
115 123
390 863
13 129
616 545
1063 149
501 540
834 714
319 831
517 324
736 706
1023 589
857 967
550 722
247 506
1029 693
647 373
984 578
940 127
435 417
480 694
678 364
964 540
93 391
507 346
477 524
744 236
727 376
654 52
312 801
925 704
435 205
499 204
543 996
356 539
96 817
214 197
807 1027
263 954
165 321
264 2
991 961
270 421
586 985
751 47
888 624
587 519
1067 529
275 705
495 670
587 732
982 763
283 953
746 707
422 583
118 252
94 845
564 433
463 439
746 901
995 735
656 662
709 963
1014 790
81 922
229 1118
119 362
741 645
647 723
187 362
97 1089
861 444
69 256
195 868
881 1004
326 105
577 929
844 476
343 849
550 676
788 945
718 409
482 109
589 219
458 861
261 351
992 1091
995 1096
982 868
243 282
1086 615
1119 488
603 981
97 154
573 1081
420 527
484 765
179 298
418 798
507 31
941 739
488 1034
884 22
143 598
1031 855
664 902
392 1108
964 381
496 708
472 396
656 205
150 609
137 454
886 1074
821 625
791 62
246 427
339 702
975 933
548 751
354 736
326 455
97 730
886 992
736 1007
953 583
1094 787
806 147
715 1028
650 57
386 532
902 256
623 220
683 878
570 595
662 885
957 755
1027 521
112 930
114 504
219 881
523 646
889 892
347 878
626 565
151 162
248 553
690 809
222 416
1017 609
1022 490
710 597
594 470
471 368
180 177
481 254
945 173
214 733
131 1048
1086 839
102 683
187 39
833 844
192 996
269 285
134 769
53 350
866 663
663 307
129 557
535 145
70 729
554 681
629 324
594 654
1067 294
335 227
603 862
1020 581
541 344
963 124
661 179
353 769
711 1087
470 326
892 220
680 1034
188 801
935 181
108 413
44 136
426 382
245 118
372 550
529 360
718 589
671 712
1011 396
553 594
387 793
230 919
680 207
603 868
441 397
734 466
756 341
347 902
324 941
161 363
179 221
752 946
350 652
923 896
265 756
657 1003
919 558
479 645
180 715
888 839
264 967
824 264
356 453
294 420
897 186
921 470
437 375
989 489
1103 252
734 373
699 593
976 683
798 1056
649 54
428 89
571 1114
256 920
14 517
473 426
725 1046
50 953
550 408
800 334
164 1027
240 967
896 1003
146 269
704 130
782 540
508 958
896 509
784 1000
296 677
622 127
340 663
432 676
299 357
657 218
401 933
421 859
385 17
745 11
151 144
408 1000
398 810
128 1039
986 225
592 180
265 168
290 144
869 964
379 266
854 354
416 745
111 516
457 184
465 262
17 513
175 661
48 611
722 293
1037 881
907 877
945 330
1067 311
752 749
11 850
10 918
364 405
1053 770
372 267
674 433
678 747
312 908
263 892
448 590
451 971
619 653
411 871
536 114
615 301
794 932
133 113
537 970
206 1000
207 303
248 727
809 511
391 394
806 570
420 353
876 423
701 429
354 265
275 1052
302 177
641 383
151 511
456 668
628 243
514 578
29 837
742 156
375 666
31 970
716 818
785 632
285 1048
845 770
970 825
625 946
817 530
1122 103
390 426
988 354
99 405
400 370
369 793
483 201
454 554
913 147
448 923
976 754
977 976
508 721
44 666
1114 594
267 315
968 716
217 220
125 1066
843 1020
1025 1010
850 674
481 242
100 487
424 45
363 123
366 791
561 710
337 820
942 853
569 285
126 725
1074 406
223 699
667 604
542 939
39 139
392 707
866 383
407 697
1066 289
582 867
1108 774
334 642
15 244
729 401
415 583
580 904
255 430
216 623
326 380
121 247
469 26
699 104
879 907
517 631
1090 823
119 274
741 325
270 647
42 125
902 917
405 461
692 251
452 1019
44 802
255 283
773 934
1022 400
531 913
784 358
541 793
793 822
720 722
492 776
127 674
131 306
748 512
290 60
473 216
380 788
843 1019
470 604
304 1110
809 951
1016 969
786 400
419 329
786 805
15 809
46 930
759 963
930 987
722 271
5 1112
1041 710
345 725
853 33
924 364
160 211
533 203
914 313
300 959
482 606
344 654
86 486
24 271
228 403
1110 495
402 853
442 883
271 620
824 929
587 848
619 869
156 288
254 608
330 452
439 1113
1084 977
1104 217
108 44
655 760
237 401
187 629
227 196
936 168
727 1010
577 356
755 554
443 510
107 523
11 292
390 96
860 603
920 519
999 750
281 422
412 132
673 1111
894 305
973 931
569 811
801 418
200 899
830 1014
839 984
571 150
806 696
1007 615
753 628
522 393
610 434
653 280
777 647
662 941
808 421
183 797
789 60
325 579
904 744
645 343
146 930
107 142
886 818
238 994
725 195
139 193
12 849
992 907
407 381
531 127
577 672
171 364
929 676
271 188
428 523
982 231
440 756
931 1008
1017 923
1065 38
824 722
653 1062
551 240
1058 553
661 399
884 218
618 620
208 410
298 746
872 375
309 241
507 219
15 394
915 580
576 709
458 776
379 515
501 529
640 442
1051 536
618 954
197 908
983 19
814 430
670 287
990 985
128 407
274 719
722 542
959 131
950 884
855 1022
718 412
779 534
576 468
147 129
251 325
650 538
75 174
222 849
743 862
538 846
193 977
989 772
115 311
879 1117
202 309
602 877
912 653
536 98
968 423
594 651
1105 592
171 417
916 92
982 298
280 728
669 90
580 935
195 751
655 552
527 244
839 836
346 704
498 605
866 153
489 254
544 352
499 1088
340 703
461 335
335 312
1081 789
257 391
544 437
620 490
911 562
635 898
159 681
223 246
237 879
819 487
354 667
382 550
717 127
606 283
677 147
401 417
167 1109
912 510
463 350
615 344
630 191
588 541
239 479
112 535
810 765
309 240
546 395
674 518
838 1023
255 71
163 235
309 472
159 843
144 420
770 910
734 129
237 380
760 243
509 340
855 245
735 796
522 1007
337 405
45 357
515 371
732 1072
138 799
353 1041
392 659
567 869
202 955
432 742
113 741
281 427
789 745
731 471
491 122
572 1114
816 734
400 81
941 290
990 738
78 413
1119 658
695 482
980 294
935 157
653 163
387 388
805 494
284 156
708 189
255 160
533 218
15 786
865 977
810 170
271 553
726 1073
149 806
1021 211
270 463
1077 796
925 619
1 43
182 285
187 62
955 429
820 559
476 552
146 726
778 774
1002 392
457 248
152 102
893 1106
1123 119
307 522
1101 560
161 859
594 288
902 949
602 961
678 634
819 67
473 185
670 470
514 287
653 293
451 556
559 326
814 714
753 595
390 637
885 258
871 296
393 483
867 137
737 899
686 875
151 834
48 568
900 789
113 322
1085 232
852 928
29 106
527 938
686 819
431 336
584 346
96 798
163 763
916 864
471 515
507 987
559 918
917 252
260 157
422 282
865 100
938 915
233 434
170 146
761 280
942 686
279 863
300 136
343 59
636 600
198 588
150 191
258 423
484 284
262 951
995 872
231 641
364 150
450 260
1014 904
471 110
107 955
672 904
12 1030
940 1002
529 676
991 507
581 609
755 475
517 321
953 1068
199 825
1008 530
938 405
1028 627
779 980
873 1049
1034 930
525 175
78 51
939 417
1098 12
128 786
722 381
636 156
716 450