683 520
599 1107
125 720
1121 636
637 408
802 743
971 384
717 483
265 934
945 795
231 46
497 932
622 295
132 522
35 991
536 642
904 586
602 940
115 191
184 558
838 139
146 422
919 840
374 240
757 1012
138 844
282 540
779 276
400 681
644 687
1112 454
540 867
968 702
388 639
1062 976
67 825
546 215
931 445
834 132
740 846
892 919
887 536
225 340
369 120
690 459
889 451
1110 707
218 360
338 876
757 945
828 842
974 42
321 671
557 737
469 187
920 388
354 586
927 895
77 676
284 1055
187 763
202 64
1088 200
727 361
117 827
413 818
610 383
286 649
1026 99
489 813
600 175
815 283
672 496
1002 415
860 584
798 433
331 371
737 672
388 70
89 592
497 1044
973 867
511 152
25 376
918 522
317 235
296 364
1007 508
703 245
639 87
198 367
352 726
743 1020
869 235
1015 526
426 228
917 126
299 394
55 103
428 316
694 261
242 215
130 345
1058 205
884 61
840 688
611 828
382 207
439 171
446 856
505 954
405 525
227 193
800 313
471 618
688 792
1099 162
561 281
739 734
527 567
1036 821
900 889
709 1023
17 632
359 129
660 826
449 768
213 593
964 996
941 302
417 893
347 555
881 354
464 304
1118 100
201 737
942 448
979 229
875 637
911 1093
858 359
783 271
669 95
1028 923
678 115
760 691
357 554
147 37
591 423
281 834
1030 783
482 885
301 1017
765 146
651 541
558 1093
977 523
407 809
974 182
637 162
554 657
627 247
1060 472
62 661
857 351
467 376
974 877
909 90
198 440
83 434
44 584
468 1056
795 295
276 261
1033 374
808 1038
379 425
1093 794
233 858
1066 828
376 89
581 506
702 772
166 535
418 884
107 885
86 613
547 503
527 387
686 572
501 125
857 135
254 388
638 1095
444 247
793 995
98 663
825 751
989 670
441 437
197 869
950 598
787 993
962 518
403 438
142 725
521 574
264 229
418 486
645 422
164 290
129 832
1014 1017
1014 556
650 61
414 988
534 1012
252 426
282 22
517 666
355 711
698 228
478 405
745 830
392 218
508 316
937 324
765 730
229 750
68 726
768 297
897 308
1012 632
774 1041
96 446
612 823
425 113
252 175
247 164
800 446
665 743
586 982
213 708
525 205
1039 965
795 770
680 308
74 451
606 760
434 41
1011 853
374 297
268 129
314 304
1116 242
501 521
1025 758
1047 638
43 778
877 735
291 513
819 620
725 377
329 1044
997 223
698 1060
869 485
313 244
255 890
222 739
276 462
372 331
743 623
971 1076
444 895
113 199
513 617
484 1064
1114 813
551 910
506 499
220 1010
95 216
596 554
415 946
494 160
238 186
154 824
944 184
294 995
391 394
573 1037
128 947
758 957
574 106
418 217
216 541
738 974
639 976
316 149
863 1032
308 625
325 105
253 1113
133 59
329 626
921 659
137 459
526 912
673 733
906 358
163 702
7 354
507 844
196 388
11 400
519 614
887 742
520 326
1082 169
717 192
290 750
886 823
429 159
306 489
957 422
838 317
559 897
782 607
767 1102
301 526
874 783
265 180
1022 584
62 950
894 588
117 1037
258 219
522 533
470 700
117 677
211 1121
121 351
1020 784
374 1096
1045 625
111 501
941 217
644 543
179 720
170 22
427 494
672 43
554 389
958 436
938 534
606 547
473 970
866 817
624 333
756 805
127 884
659 587
589 493
1012 99
509 506
294 756
691 164
760 996
312 110
596 732
366 1078
374 445
153 10
636 926
306 293
647 1074
164 77
928 345
572 917
854 78
516 281
481 325
1085 70
772 573
925 734
795 917
347 159
95 572
585 669
38 389
385 891
64 1027
100 214
945 215
736 688
829 969
1008 171
597 630
616 893
77 192
498 546
84 615
1107 797
338 918
755 215
146 539
155 573
890 241
895 371
202 476
895 637
530 187
905 647
358 466
30 241
248 307
414 160
268 185
576 314
805 730
685 298
840 892
199 845
107 1012
190 861
228 689
867 164
636 268
152 923
447 23
850 842
180 481
24 897
74 864
236 526
1 1010
833 585
721 474
441 631
350 53
743 298
1032 110
758 719
162 677
739 458
889 342
636 606
960 494
394 974
920 727
285 313
730 380
630 604
265 182
373 643
379 75
195 136
573 202
534 203
409 389
563 10
498 214
240 330
109 134
395 774
1049 711
698 611
663 82
260 479
249 343
435 631
519 495
66 127
908 616
886 461
585 260
1008 689
928 696
1110 577
732 369
235 799
373 302
943 540
47 317
435 946
424 111
459 219
444 520
693 701
1020 1014
314 343
557 554
771 212
274 940
458 701
246 178
1002 499
251 883
160 339
130 178
603 752
543 540
393 376
33 157
322 759
918 780
682 188
366 1008
18 759
1098 684
192 358
487 22
832 21
365 766
373 617
831 442
308 845
357 393
469 791
557 714
211 764
336 871
782 109
543 133
327 322
635 1037
797 306
1108 739
77 392
148 312
1082 1054
582 918
1094 634
173 731
916 1117
172 323
742 615
309 959
18 202
297 465
617 609
589 1021
1035 205
40 546
961 792
121 403
371 538
366 725
505 396
203 161
508 1013
115 16
349 1120
91 156
466 360
465 445
639 724
286 818
299 652
964 601
948 771
194 449
340 1029
1061 808
85 681
614 610
850 167
266 748
871 1039
573 693
706 464
482 937
915 673
595 839
358 745
983 563
950 575
668 214
441 687
908 556
130 1008
964 224
139 568
506 1005
476 155
543 799
966 21
718 274
812 448
547 668
110 74
902 597
328 809
233 269
558 720
216 678
377 253
176 295
449 531
189 794
268 301
425 368
1062 372
284 76
114 133
820 622
957 823
572 456
776 778
850 455
440 471
752 419
976 984
668 379
962 222
214 861
958 237
549 1008
495 269
340 453
781 775
956 209
745 1049
987 1110
1000 176
835 414
61 1060
305 553
176 714
421 173
613 834
558 366
188 771
510 313
959 138
982 869
869 712
412 628
620 953
912 517
334 291
291 508
362 144
451 212
242 613
402 986
481 229
354 564
717 663
886 385
576 824
421 173
482 23
362 458
537 716
257 219
52 865
1013 243
280 229
223 619
845 999
173 754
188 275
883 744
186 720
53 1003
224 1042
740 699
652 48
83 829
948 1022
794 1093
984 701
520 757
638 23
309 924
232 226
231 986
297 658
159 369
329 728
648 676
837 455
0 282
299 796
954 776
901 484
826 487
260 250
157 438
115 121
864 306
333 403
478 766
516 712
731 470
987 469
215 811
986 510
540 399
391 433
530 537
1016 262
786 107
127 292
772 210
817 392
584 762
739 141
847 188
985 416
431 946
808 444
101 520
126 570
284 140
488 453
670 1105
1069 638
968 119
856 698
286 787
143 871
968 1020
561 185
674 72
684 482
407 617
369 336
731 176
703 150
296 800
567 850
614 824
880 642
192 21
745 140
659 126
792 325
521 732
49 93
426 225
49 659
20 744
380 428
599 825
484 223
140 652
922 302
625 433
521 139
995 782
153 481
690 72
374 169
901 157
682 920
272 976
964 670
273 914
530 643
984 505
309 786
309 686
1019 142
967 182
412 833
1117 870
288 1090
573 141
908 620
721 195
468 114
921 517
113 744
554 596
964 1010
750 691
118 694
710 888
192 662
599 668
153 332
853 425
990 690
219 236
6 846
533 1044
39 157
144 797
785 508
1119 482
169 685
204 208
279 199
556 889
1043 877
631 516
168 339
303 155
412 633
251 993
396 759
454 63
700 608
157 295
730 993
321 580
624 707
620 951
256 267
1034 627
923 829
134 286
870 511
981 905
800 356
989 831
995 215
390 528
233 731
315 682
17 864
770 164
379 891
611 721
465 89
420 1083
799 369
827 818
965 505
402 406
307 410
208 814
833 102
988 521
871 521
328 526
607 701
393 154
969 696
382 388
1074 274
152 473
745 1123
99 575
879 181
809 1006
157 452
20 897
383 435
849 15
814 531
974 893
494 261
162 781
194 231
548 479
148 677
367 456
160 522
263 278
990 992
616 855
143 677
506 831
981 638
620 353
1031 289
668 569
536 254
887 229
525 337
794 859
1049 972
177 719
876 686
559 849
172 592
271 472
543 389
676 688
488 737
892 485
904 837
329 906
423 559
457 540
1044 375
1017 333
942 78
271 964
469 268
220 166
500 684
1007 796
863 981
441 691
926 1019
413 389
27 371
122 638
389 799
789 614
694 551
184 122
432 834
148 329
227 850
1091 641
669 925
330 456
845 624
584 804
761 381
764 145
326 497
814 859
917 379
737 559
348 510
867 367
437 1001
581 325
670 548
779 620
345 988
617 903
1035 332
528 364
627 604
507 960
643 105
897 44
643 805
355 92
980 1058
609 232
891 210
587 416
270 850
145 585
975 335
213 509
263 390
994 604
854 746
405 537
409 279
123 110
823 266
232 199
991 956
823 980
205 631
975 969
315 223
1084 351
827 125
533 983
211 1098
125 232
745 719
992 310
79 900
175 471
949 526
390 519
157 1012
908 405
750 159
578 251
558 757
1089 1052
753 131
946 953
494 704
529 344
1023 1066
771 479
383 12
561 514
649 572
438 470
1023 543
621 510
820 872
964 68
1005 442
1025 277
565 916
1106 939
1016 236
321 403
830 830
627 834
496 291
370 129
143 283