266 782
334 701
1079 266
523 528
368 593
139 507
484 65
809 981
188 295
563 396
970 533
1047 989
533 504
887 612
164 489
479 460
209 1012
701 82
837 506
821 179
300 920
1006 14
674 816
292 278
192 286
422 319
598 138
739 759
327 1015
728 361
713 953
212 679
440 390
767 44
1041 327
984 674
992 815
318 336
598 783
165 692
300 838
145 1099
194 330
195 782
224 952
1034 819
985 1117
368 500
26 1086
1101 1000
748 191
155 268
447 468
548 490
691 1041
448 584
131 457
1011 535
945 1107
310 428
161 108
933 253
453 985
305 312
442 259
805 102
625 740
530 914
1063 664
230 1087
609 83
542 1016
173 458
1116 175
716 505
506 338
127 507
17 945
44 120
256 764
787 269
25 162
680 462
693 842
531 428
590 673
855 804
537 509
279 1015
820 284
510 822
86 718
92 1102
726 138
511 316
961 138
826 773
319 964
614 564
440 116
940 248
802 211
431 118
714 766
258 1012
923 893
432 864
191 17
485 579
108 286
478 17
800 170
782 450
193 244
329 161
959 161
902 611
236 225
362 634
813 420
891 171
250 514
389 221
759 195
375 733
667 274
952 603
6 961
143 556
406 966
964 969
1042 450
305 846
979 325
913 938
555 198
393 100
463 437
936 193
459 139
313 673
811 688
301 1065
373 697
76 300
478 1002
785 967
253 309
312 822
766 983
299 220
374 639
181 229
251 150
383 115
995 787
608 858
997 404
815 257
295 91
312 937
136 915
823 967
189 186
33 295
1111 220
833 317
648 883
612 55
839 1041
53 976
227 536
979 1045
959 123
603 516
626 750
826 651
750 490
1087 236
104 1122
629 870
69 469
257 597
248 461
126 292
377 651
1074 758
644 766
239 987
243 890
164 739
1060 247
415 699
823 1066
561 905
504 670
187 511
976 713
256 915
225 132
976 208
258 373
988 110
776 945
987 836
1095 897
177 1089
1112 771
910 288
283 834
258 485
387 1011
370 564
384 1033
159 601
1009 1054
668 616
635 427
1018 702
601 452
716 690
149 730
813 136
342 985
474 243
2 997
240 729
515 173
341 275
445 478
211 46
623 343
558 527
843 125
663 315
181 372
170 1043
499 865
850 543
357 253
530 1051
957 803
462 604
586 592
141 440
944 481
683 757
927 196
11 304
241 756
87 331
378 477
906 310
859 799
286 882
719 860
567 671
522 215
324 695
798 40
579 300
959 270
936 500
725 445
446 916
599 594
872 822
1115 668
717 358
788 517
804 735
987 603
967 538
522 246
541 546
966 657
488 704
723 313
869 411
521 747
459 767
92 610
11 922
859 227
930 680
582 1032
462 727
721 99
489 705
646 622
16 309
621 589
412 756
181 344
273 127
1107 358
990 797
960 808
718 256
948 167
618 326
441 846
651 738
505 540
848 157
76 979
804 567
373 108
974 717
299 436
487 774
1071 135
288 211
331 311
566 25
573 882
1050 111
805 789
870 899
924 45
779 983
1037 866
596 422
389 94
927 1088
1022 838
143 410
133 498
723 267
453 1001
1101 301
578 540
961 811
1106 582
262 996
972 318
411 568
626 776
210 655
977 682
638 297
1015 357
484 163
905 804
326 555
502 944
313 389
95 869
999 851
376 584
104 1067
878 665
670 741
226 807
685 1115
849 226
140 656
445 89
335 250
180 467
539 159
654 404
226 681
476 350
493 678
271 354
756 741
558 581
314 486
380 980
870 172
797 717
366 304
311 186
899 432
412 791
382 521
157 535
336 844
1 573
974 268
1071 180
723 922
245 234
516 758
938 457
1036 725
849 969
163 976
655 576
809 440
478 23
245 950
715 867
140 521
899 178
825 622
320 569
117 780
197 815
888 1018
251 887
800 284
410 969
690 774
108 307
438 770
167 652
1030 621
713 798
507 384
868 989
649 691
219 26
252 644
300 446
717 396
919 189
767 129
858 661
1061 987
950 465
965 712
729 140
576 438
613 727
909 173
221 258
165 451
502 127
267 911
784 317
348 372
869 164
530 396
706 194
459 609
981 391
1022 799
746 628
804 662
617 915
127 249
199 739
804 902
842 399
803 437
899 597
312 857
423 507
732 141
443 211
890 597
369 125
252 872
757 486
573 472
243 919
289 970
344 227
383 997
304 1023
586 697
760 429
240 834
764 757
280 974
159 533
538 601
946 730
525 512
481 350
913 836
709 42
475 651
373 204
671 305
815 895
392 994
951 1007
389 554
981 643
206 40
776 899
592 1107
768 199
58 871
608 915
971 1121
173 985
145 940
263 402
288 1054
622 547
998 446
7 386
135 758
648 1003
517 912
688 972
189 341
67 620
229 294
537 158
722 1016
21 106
1099 737
653 190
367 950
423 936
981 466
562 972
1013 785
166 924
83 1104
869 272
337 463
675 940
8 1066
620 933
847 239
988 773
788 572
66 83
533 402
433 108
545 647
127 313
845 400
247 158
646 165
106 871
427 263
456 984
951 1110
901 303
869 560
690 341
754 250
880 533
409 634
164 630
951 580
310 270
198 333
284 640
594 280
275 400
337 520
411 1077
163 818
328 231
1026 674
510 540
493 122
350 272
644 924
71 238
771 882
671 467
1000 814
843 2
959 186
727 308
108 790
322 233
172 587
421 164
395 493
706 100
527 835
288 1031
151 963
948 489
173 1019
1047 849
236 1054
1029 794
968 467
940 514
422 1086
1063 994
588 228
580 351
392 986
485 243
349 327
902 863
967 829
194 289
891 958
168 81
471 337
531 676
926 417
501 563
622 348
432 1017
565 133
898 126
516 1073
143 538
448 719
132 981
764 121
297 426
651 940
299 376
657 371
1084 684
850 173
250 216
741 889
391 677
126 462
629 648
867 632
145 565
419 67
354 274
721 865
530 578
774 846
216 562
1015 858
327 374
612 717
1027 919
177 845
979 584
300 732
534 232
974 184
601 952
683 10
872 701
367 989
819 763
594 802
392 739
59 1006
614 521
483 917
125 914
334 41
411 592
324 22
126 102
172 954
648 737
768 823
626 128
969 394
853 402
196 220
549 117
856 585
112 774
80 194
582 735
327 1013
617 278
55 594
931 1079
1001 838
606 637
170 520
1037 138
200 301
704 624
941 537
921 209
228 191
397 950
520 908
491 831
908 151
356 145
985 189
671 263
714 834
556 911
752 986
399 210
1031 586
13 82
534 908
934 222
60 1084
501 442
372 704
693 601
946 1017
116 420
650 223
748 1002
665 473
856 937
830 331
177 736
885 939
1122 843
540 977
282 35
275 805
807 942
279 994
582 471
202 2
1057 119
123 551
884 699
315 47
156 550
507 962
952 567
409 982
665 961
636 954
528 295
848 692
1006 787
684 1032
211 863
339 667
755 854
294 778
166 32
26 369
542 121
42 850
918 676
252 557
1016 414
157 718
208 822
306 608
695 925
571 235
341 225
1010 427
338 896
818 470
1066 706
347 739
568 261
216 354
405 430
1062 368
1017 288
852 428
45 853
907 771
475 617
971 985
739 816
786 794
614 253
508 935
156 472
363 334
601 243
110 860
943 624
344 303
259 108
179 137
205 557
372 433
898 343
243 980
372 591
922 329
823 676
235 227
1007 604
369 826
544 363
206 967
274 690
1005 928
349 429
55 739
231 102
868 805
684 944
272 366
802 780
785 719
718 493
922 865
137 628
400 177
463 917
37 213
289 298
410 692
289 778
476 709
851 680
536 87
490 564
547 751
228 617
257 179
721 999
127 1103
690 313
920 888
845 444
731 858
964 73
302 459
534 757
780 663
329 220
272 558
362 513
699 1046
1038 51
923 688
938 595
39 480
1076 643
328 407
570 414
406 189
1095 877
304 62
516 694
878 194
909 135
862 419
782 950
715 362
648 615
872 908
383 196
148 49
368 250
206 442
278 560
1019 614
770 881
1065 726
803 737
363 458
456 1074
384 284
140 604
1019 771
430 141
239 224
890 605
993 164
274 758
851 773
169 78
505 446
161 542
923 542
891 178
63 894
248 295
788 1011
678 2
392 921
692 926
185 490
609 837
516 639
126 1038
315 418
443 1004
947 545
972 103
1017 100
372 753
754 357
518 558
835 542
426 233
1092 948
1086 330
845 148
1086 934
778 901
169 108
687 120
540 809
820 173
583 983
1068 341
791 573
141 257
151 461
209 856
970 645
473 678
404 179
308 332
632 235
374 401
9 390
790 623
893 1071
772 1003
1098 368
745 1015
154 199
24 922
405 524
439 439
941 1075
784 696
770 1004
619 844
374 531
481 280
312 277
605 623
260 165
583 225
941 757
651 783
470 834
154 450
490 917
907 787
739 851
674 231
680 697
176 348
738 806
892 245
272 449
935 865
258 535
166 344
425 906
505 545
404 1014
486 951
100 782
475 1109
916 814
148 443
303 705
40 403
547 91
129 156
635 576
670 1068
224 203
909 984
992 247
714 1015
570 256
911 836
173 288
538 611
952 818
227 391
553 690
127 242
769 458
401 1001
936 445
807 952
852 488
609 521
571 265
605 791
274 479
574 722
208 369
357 886
1007 615
465 658
148 288
795 351
324 930
949 337
574 591
559 238
192 664
589 446
455 322
489 844
178 484
1048 901
848 845
1022 55
769 987
312 437
634 712
1081 196
980 132
442 290
1055 670