713 429
718 596
352 836
422 175
648 373
305 847
1121 250
444 843
635 365
288 485
694 785
674 813
831 586
602 446
395 79
333 485
792 268
230 70
918 105
466 382
159 914
333 897
468 638
887 466
390 69
531 59
214 1067
1008 438
361 82
737 686
365 613
224 186
933 598
1014 460
966 274
585 802
175 201
417 218
328 1000
380 675
692 955
369 54
916 104
343 697
1003 644
885 873
310 445
233 686
372 338
196 519
944 187
845 864
224 1086
935 460
732 34
159 322
218 181
426 243
623 814
1029 265
942 291
319 1015
663 435
96 598
978 1094
546 873
704 718
569 762
997 244
374 159
258 914
900 891
990 29
78 1106
518 999
484 291
151 572
325 234
1001 265
348 267
36 315
703 306
353 466
192 468
167 750
373 700
131 1093
1047 22
461 730
477 719
558 506
207 654
978 299
656 650
981 326
795 372
338 569
379 301
275 1017
628 438
257 523
46 777
592 768
832 1080
220 166
720 958
752 811
377 837
580 177
200 788
304 524
133 570
228 779
278 350
551 23
828 661
450 189
712 539
210 335
463 1036
147 501
645 450
83 976
460 119
693 694
86 657
821 1015
780 788
99 435
224 1112
958 168
100 68
369 889
635 536
178 1071
600 601
124 34
966 136
850 381
963 453
1093 291
832 600
902 878
461 893
343 510
433 373
898 981
580 192
945 785
1039 297
683 854
855 486
175 324
345 780
286 873
886 69
99 838
784 573
810 710
372 330
327 306
241 807
859 667
916 173
956 2
460 374
1020 675
632 315
766 580
688 547
456 952
989 894
816 665
1101 60
1008 161
357 531
443 601
448 630
437 1090
728 591
65 872
378 91
503 861
672 803
168 9
33 763
208 406
16 837
283 485
382 296
141 1114
149 1040
61 439
654 996
976 743
580 105
218 866
97 610
197 210
885 1026
213 892
982 156
837 129
556 924
837 390
557 511
1116 434
158 875
595 183
195 923
635 190
436 409
113 982
602 851
214 650
645 194
630 387
974 884
826 258
727 631
286 520
737 147
926 561
686 236
389 577
415 708
379 503
552 393
857 174
139 543
1013 709
722 45
411 776
921 568
1032 234
614 925
815 745
802 225
860 890
779 57
860 315
371 612
411 733
585 456
591 466
141 238
404 566
274 1094
454 612
351 375
440 642
789 525
170 393
632 444
158 212
511 473
413 78
421 1036
157 907
89 397
1081 808
681 490
186 889
907 1018
594 827
256 121
608 609
817 536
537 471
363 546
107 929
977 585
374 805
407 123
206 1088
166 777
77 867
421 686
358 864
443 813
618 584
44 1004
971 1093
512 903
503 14
643 485
433 572
200 604
12 995
431 252
663 270
202 474
102 632
715 986
660 370
673 714
592 546
179 727
559 193
872 688
259 444
840 770
910 153
302 667
1123 435
175 694
987 860
571 604
876 880
994 884
609 497
665 438
318 674
349 618
405 973
151 564
867 930
898 589
781 999
330 481
459 893
702 722
67 148
443 908
884 1101
817 580
319 552
1003 477
701 447
906 966
517 944
887 322
491 797
921 637
313 879
320 977
933 1063
435 632
635 829
280 275
991 403
386 978
505 128
811 547
597 689
498 499
902 675
995 787
388 673
373 986
792 561
452 360
732 667
320 720
746 393
761 665
610 549
268 552
383 865
745 628
155 400
214 640
545 318
143 568
490 316
287 924
434 508
78 876
248 543
708 258
690 76
2 174
294 716
199 694
1082 305
717 501
494 438
764 672
477 642
867 1111
506 215
989 219
528 364
118 196
190 830
319 626
195 237
490 1089
164 468
635 965
189 727
1111 813
255 391
814 241
707 191
1114 792
870 593
217 991
564 232
692 504
1020 734
833 914
386 212
267 860
141 137
1008 1086
517 352
675 167
439 319
1018 498
493 304
910 894
68 681
313 678
55 216
989 674
372 104
562 577
756 959
528 452
443 752
126 349
271 529
1017 299
225 851
210 172
862 95
602 293
377 747
903 957
15 421
691 121
243 866
842 967
804 523
630 540
495 75
317 181
835 502
674 318
852 173
980 846
528 1058
171 959
590 857
74 843
294 950
895 628
572 469
425 498
637 576
975 556
945 186
117 644
714 909
336 427
152 565
1026 907
525 13
455 412
993 513
169 377
628 576
650 828
506 491
1088 230
1121 646
640 1088
753 35
991 337
1044 296
265 440
582 259
875 948
456 216
1011 100
280 551
974 971
681 945
1118 377
344 72
349 335
120 688
833 348
904 624
481 805
748 589
899 527
931 364
767 783
592 202
387 447
540 540
928 597
166 927
989 979
982 153
65 1008
177 1082
278 864
929 273
628 882
196 541
804 407
616 235
102 971
56 417
1008 852
641 593
135 339
64 196
1005 241
708 194
277 527
814 504
1000 498
692 637
305 127
441 716
894 983
542 329
1032 240
907 971
1068 717
856 174
395 913
742 144
100 1067
1123 684
687 954
918 615
885 867
599 644
494 1079
402 599
731 87
186 58
653 1055
79 687
33 41
288 178
820 273
442 611
509 875
897 959
633 507
982 858
859 866
697 677
629 980
665 843
470 864
265 473
773 501
652 656
393 518
148 892
490 230
373 965
928 889
325 869
938 1007
787 345
224 400
60 516
221 288
703 620
955 699
562 509
32 408
588 1094
894 279
531 958
725 115
878 664
572 202
786 1027
617 1035
854 533
666 951
403 332
301 952
418 780
610 494
968 399
166 561
916 868
282 291
549 456
1117 37
780 549
891 266
951 930
144 398
679 760
600 843
833 721
671 452
137 681
3 514
329 375
280 744
257 929
779 617
219 921
363 853
490 876
636 604
247 75
902 448
687 831
909 349
973 632
522 363
1086 334
162 927
476 364
492 741
916 416
152 1018
1055 721
453 510
824 572
651 476
186 37
899 47
1106 721
215 686
448 1067
6 802
818 576
999 877
564 485
643 335
248 202
265 774
610 249
117 757
559 478
109 353
813 536
175 31
825 428
897 927
929 936
907 793
132 462
850 370
352 589
422 60
425 134
934 814
708 720
897 881
113 690
756 484
656 494
58 796
784 36
207 374
1017 905
849 921
239 895
971 1081
993 649
539 526
551 61
951 391
692 1014
115 149
775 295
537 794
690 1003
844 293
1086 819
181 692
1110 302
288 362
476 598
1078 809
967 771
852 690
337 890
132 596
317 538
945 649
959 134
528 942
1113 411
461 139
102 559
335 185
557 391
880 842
469 922
576 427
657 673
544 368
399 313
1041 827
528 976
357 857
1012 143
130 310
334 260
733 598
600 787
797 757
1118 1034
505 480
201 665
719 1060
335 574
422 1099
612 334
846 485
780 731
246 196
917 798
425 1082
596 111
636 740
723 873
860 224
1025 1033
899 298
88 731
233 255
660 368
536 912
267 515
287 289
183 686
715 887
938 276
475 932
440 418
699 427
261 440
990 1024
705 363
87 1019
372 99
580 643
570 287
413 648
985 1109
204 233
304 530
302 405
244 1018
702 60
193 327
136 773
343 370
1012 432
899 1048
779 453
900 667
838 887
1014 932
885 724
1005 204
610 261
743 707
934 496
333 177
112 247
185 516
1036 164
621 735
903 623
1017 1017
201 699
1053 1003
917 132
711 405
496 784
1080 416
127 593
254 205
699 208
236 642
867 384
993 419
728 556
752 734
1089 654
779 556
983 121
826 700
115 593
812 221
822 189
629 484
973 833
728 269
245 1037
287 730
637 508
650 108
1051 202
233 1014
776 954
918 756
815 714
986 373
795 392
964 736
191 911
122 980
798 996
694 140
988 543
749 462
1001 279
853 326
436 411
797 666
962 917
962 981
151 104
867 638
469 270
101 651
875 688
228 388
560 251
744 515
249 846
441 966
839 1013
877 793
285 465
1017 785
1085 287
578 499
473 359
105 1084
745 719
150 64
514 326
294 561
426 738
664 962
722 856
1014 299
895 368
89 302
341 657
99 313
315 1024
409 533
188 901
799 190
159 431
753 1006
845 634
889 755
571 615
941 457
624 489
77 612
513 594
930 844
363 259
1028 879
678 992
212 818
776 554
653 712
107 441
188 455
530 371
308 83
461 140
229 878
59 550
729 716
529 686
1005 795
849 882
1022 935
445 336
400 218
85 786
442 195
797 628
476 1094
282 347
628 354
763 286
17 786
220 223
771 499
379 960
873 900
814 863
832 658
296 389
500 757
426 849
453 278
1117 135
594 65
22 107
58 387
605 538
773 670
825 664
325 204
159 511
760 878
490 531
562 451
439 521
501 418
1074 473
874 12
875 155
301 291
788 147
259 675
1007 609
949 864
188 158
820 454
613 1042
771 320
485 992
247 675
850 381
123 700
498 242
1039 612
303 856
202 353
918 564
7 705
701 225
678 722
780 938
767 1066
894 163
275 357
863 799
824 664
357 550
251 1
339 121
139 1072
890 551
175 486
891 1110
669 612
715 879
921 996
1104 850
429 229
400 201
687 386
801 583
963 781
712 198
597 345
1069 269
1006 500
498 877
562 919
498 328
217 223
301 525
370 125
402 991
71 1100
729 986
352 737
1049 918
855 668
71 807
929 246
1080 212
183 380
729 405
882 862
981 266
1099 883
603 392
465 645
473 426
980 711
495 977
685 331
992 83
452 997
511 509
138 996
989 162
907 712
789 517