218 669
224 776
213 153
563 521
589 738
736 1001
40 293
83 1001
975 1056
394 1096
149 489
586 963
608 18
552 420
329 324
827 384
193 149
688 157
113 771
689 575
35 1013
329 868
632 691
518 595
189 362
289 1100
762 745
731 47
554 294
681 575
959 310
914 710
921 173
855 731
253 308
979 345
623 603
547 243
24 933
263 575
100 203
10 782
812 484
612 884
484 407
911 487
880 386
523 113
303 495
565 747
222 231
385 475
953 132
774 702
14 899
575 242
587 936
103 950
316 576
517 477
631 569
769 1118
373 773
1083 24
586 1059
506 82
507 647
507 292
650 335
442 749
357 1003
892 630
589 236
878 364
170 872
614 264
296 1017
361 462
313 818
280 101
179 463
438 289
607 122
413 732
176 278
7 935
803 273
104 884
764 396
545 856
645 348
667 1015
450 1082
590 418
813 997
919 1069
301 573
1001 691
398 777
431 682
736 162
677 789
731 884
833 147
231 401
143 622
224 688
545 80
300 914
439 564
508 402
797 603
517 53
884 762
116 508
889 705
373 232
653 863
1014 544
196 634
769 164
464 112
354 427
414 955
909 448
174 896
960 777
341 950
130 669
285 767
184 90
1008 277
944 240
901 685
282 892
826 466
259 797
1036 634
298 1035
7 994
463 85
762 959
519 996
734 821
494 160
429 894
98 87
342 120
26 829
806 807
711 496
234 835
630 482
315 1088
311 601
249 370
217 579
387 760
474 985
674 130
44 580
493 878
123 270
1016 1000
289 285
841 617
781 997
1051 885
737 477
197 657
282 38
282 255
424 207
177 932
65 1109
980 115
166 272
107 941
518 1055
371 257
410 512
437 274
256 962
791 783
603 582
706 1031
773 954
832 397
99 260
652 1045
637 365
491 912
230 1006
897 386
16 263
781 393
997 463
641 863
329 1007
177 123
705 275
994 472
159 467
737 463
415 806
284 968
233 348
641 323
625 772
158 511
770 301
348 440
634 200
439 995
868 724
761 799
326 943
749 115
117 762
371 397
580 200
362 529
436 786
1073 899
944 285
137 640
190 505
559 317
894 133
126 901
302 631
407 228
228 815
684 938
238 961
729 771
983 179
508 363
63 111
483 808
141 1023
452 1014
275 254
366 567
686 741
206 856
857 421
439 146
560 924
701 680
93 622
318 837
482 643
91 817
953 1032
427 1096
560 658
1006 582
899 804
260 1026
349 977
622 26
955 999
689 816
695 479
345 148
127 892
772 539
334 620
784 873
349 582
129 271
62 959
247 663
951 830
407 101
636 345
1016 989
761 1083
317 263
750 943
257 149
957 321
374 859
641 821
417 363
979 835
638 882
833 620
1007 530
347 968
506 469
145 235
1091 606
466 597
435 225
606 933
67 468
603 896
600 653
282 628
24 267
784 1102
860 1017
192 387
726 738
214 236
885 228
548 593
280 646
428 20
972 353
768 232
657 972
306 418
382 170
288 305
891 68
303 233
232 94
579 525
740 713
459 805
548 721
152 785
397 604
859 705
106 500
857 895
914 172
1098 782
420 380
698 1024
724 977
1073 456
874 454
786 1103
1090 338
778 585
647 638
161 846
939 936
498 425
930 798
849 806
533 551
58 813
919 471
1043 164
42 952
933 134
519 1036
889 593
710 705
338 124
839 90
294 974
154 255
121 85
625 873
755 447
1092 603
462 618
669 541
155 937
261 332
358 498
45 1016
1080 798
985 870
115 617
870 628
516 416
850 1094
845 770
769 797
886 440
702 295
878 453
511 1014
625 653
493 208
221 526
34 304
318 219
435 548
46 780
625 117
776 903
924 272
373 579
952 259
563 1013
363 404
988 523
261 368
956 176
681 620
484 609
557 44
946 882
125 231
339 953
785 517
245 585
270 412
784 285
1085 768
317 719
371 644
195 674
760 1030
163 1
995 268
688 1115
661 918
983 714
781 496
673 609
40 1059
933 85
898 977
655 729
667 127
803 1040
646 497
1005 879
666 897
305 186
706 176
682 623
420 532
123 845
717 140
489 844
356 626
583 781
558 536
571 824
940 998
230 141
116 773
962 617
193 636
597 619
207 350
651 377
901 591
709 640
988 481
556 483
363 158
827 826
652 642
1031 237
679 416
708 816
381 243
520 103
807 426
176 763
912 974
937 749
984 751
1048 619
417 981
787 1059
1103 249
179 168
691 205
913 664
356 561
690 1008
665 42
100 499
630 1116
135 83
398 921
366 168
937 667
835 473
926 886
204 660
503 811
524 858
267 609
148 995
539 675
330 1029
233 946
1078 926
861 1080
633 90
465 619
370 650
832 971
263 144
434 329
918 403
238 732
767 815
539 636
120 822
932 444
735 391
91 794
894 945
964 744
632 689
194 361
43 539
741 443
594 793
165 630
961 649
314 203
433 16
733 176
841 982
823 457
769 464
1088 917
506 164
1095 171
717 21
263 355
40 574
736 909
75 698
319 36
142 456
142 346
473 525
616 826
778 530
920 461
431 836
729 961
529 947
381 863
361 922
906 221
363 570
889 237
726 380
1008 892
845 1015
1074 463
605 148
260 803
294 369
111 1106
232 975
452 464
1031 1010
480 118
491 366
177 1023
13 912
820 946
94 616
848 169
607 747
354 171
275 879
281 627
687 246
701 672
980 551
971 863
389 926
163 954
602 946
294 885
319 400
706 372
521 327
687 970
943 543
606 951
310 36
623 209
663 488
476 896
246 595
949 686
553 143
943 191
1043 381
1039 959
352 596
965 105
644 156
973 784
227 615
898 351
430 214
95 741
893 152
1045 375
104 382
1097 820
612 845
638 647
927 982
374 40
673 580
426 141
528 948
138 898
678 266
898 433
662 514
175 696
423 389
765 144
435 829
409 586
881 368
809 698
15 503
1122 217
507 565
846 821
763 342
847 804
352 892
1007 248
413 914
296 81
734 504
802 144
95 122
700 340
343 395
680 199
185 1008
219 1013
465 342
967 232
620 777
962 863
308 804
175 678
420 365
195 1017
971 417
1070 195
1011 910
474 920
1055 21
532 871
642 1025
745 947
336 302
15 3
581 1045
724 665
754 363
835 282
1062 165
1030 460
979 796
908 814
1094 268
723 132
478 370
867 612
680 256
404 358
790 301
153 552
855 1123
662 224
1115 952
596 814
185 422
347 127
417 827
403 346
1013 561
655 623
115 265
1067 210
339 1014
484 396
648 966
780 132
1122 729
975 824
570 883
356 673
394 979
72 962
476 578
593 1006
883 197
310 978
528 578
750 499
726 92
481 631
610 840
870 460
309 320
94 714
662 761
897 643
289 1013
503 937
779 665
685 467
680 699
176 977
92 134
826 879
484 545
915 932
506 763
570 505
401 802
445 191
534 212
850 1090
520 984
799 604
184 683
183 242
785 1008
37 581
1110 828
173 116
347 813
2 683
61 654
268 226
69 1093
1043 544
743 330
678 1002
708 383
647 515
906 315
1047 1072
815 762
638 804
125 465
1009 535
704 898
567 827
564 904
36 417
276 624
759 108
331 163
755 831
480 434
121 794
894 912
505 919
785 403
697 347
738 926
601 346
413 629
984 378
417 395
970 219
485 429
827 409
461 201
212 333
316 1064
652 129
507 604
449 688
567 160
63 897
260 864
289 522
37 271
334 813
1079 992
70 971
550 132
422 836
215 439
917 215
140 1000
664 1086
150 1082
791 545
257 1082
169 975
500 399
405 555
736 584
674 937
158 231
480 744
764 476
768 695
715 961
910 1089
467 853
725 324
1024 222
775 660
661 329
541 53
561 692
377 304
331 234
858 1000
717 764
225 218
523 286
329 1089
854 996
887 586
158 989
955 474
280 551
618 528
311 357
1045 276
460 453
161 1063
547 843
512 630
932 532
399 1096
193 464
441 574
737 371
680 666
101 135
98 171
281 1
234 283
208 631
112 641
407 667
645 185
198 625
603 920
376 394
51 987
515 507
121 225
685 618
141 674
1029 429
498 497
364 211
772 127
990 584
501 932
825 446
445 519
442 600
1074 478
568 82
570 571
858 969
351 78
393 286
974 175
304 1048
708 54
613 774
77 774
224 523
878 932
273 449
965 334
394 687
847 401
646 712
126 833
589 735
284 303
315 949
507 588
576 212
14 386
171 256
807 436
998 1071
458 125
286 235
325 218
188 533
889 746
597 238
693 514
101 487
121 548
970 514
169 935
119 1069
761 327
635 264
204 786
580 405
345 593
31 181
818 968
985 674
184 869
77 75
1 184
810 391
692 929
831 365
82 584
1057 808
958 461
316 494
275 234
401 427
859 104
138 631
806 415
914 342
532 794
261 591
172 45
1059 874
303 258
417 788
163 265
631 784
803 252
825 434
871 259
966 83
112 547
614 120
459 243
1010 641
1045 530
503 365
253 965
217 950
80 439
249 148
129 936
343 1001
514 317
865 734
178 1028
941 508
264 285
493 694
655 641
488 412
579 229
458 641
288 538
53 915
217 551
846 118
979 824
408 1024
626 161
415 986
567 600
796 391
755 152
228 442
860 746
479 367
102 842
1077 812
433 1123
922 489
232 699
523 255
612 804
935 1024
570 741
667 783
834 354
412 209
497 265
243 313
173 861
190 344
583 398
913 247
200 201
181 832
111 182
273 133
654 848
524 756
804 105
922 129
111 911