366 343
484 1103
742 799
200 440
126 518
360 833
771 736
1090 984
588 276
868 977
998 157
380 541
633 1086
857 322
1016 79
429 372
257 1022
788 77
158 270
596 957
177 1066
326 62
858 695
337 699
244 579
1061 788
880 249
170 107
784 412
425 1
999 472
130 149
545 1020
87 492
503 44
653 317
964 973
378 495
1013 544
762 980
455 907
773 472
667 200
824 647
405 1023
114 684
944 314
829 784
383 792
534 800
762 476
874 487
244 479
266 543
476 532
65 1003
147 979
100 426
181 563
618 626
145 948
780 875
758 249
867 459
772 8
815 786
704 523
259 1012
104 818
256 465
816 235
818 693
153 517
370 394
518 567
564 964
902 964
655 657
167 807
170 687
1005 823
780 829
334 659
592 814
395 650
898 670
427 323
942 733
36 265
383 100
148 1052
178 989
743 328
371 143
429 641
107 931
443 634
636 195
926 106
293 784
514 411
570 345
767 333
159 392
121 517
339 796
713 618
176 557
598 265
544 794
795 340
755 402
332 473
166 638
439 628
326 878
502 812
655 952
777 1104
591 145
999 451
438 194
392 532
498 771
962 754
974 589
1017 165
476 224
455 1008
116 920
16 23
508 311
497 979
872 516
124 187
704 192
815 778
881 217
160 139
96 1001
897 744
726 455
846 320
924 1047
639 34
13 823
358 866
625 76
632 153
367 630
566 1058
932 443
28 195
226 173
661 431
743 292
589 434
718 912
345 687
769 640
817 490
609 273
826 974
774 322
947 912
715 804
999 832
541 506
54 534
642 960
1006 411
297 503
781 158
384 473
149 241
417 545
852 0
408 148
682 176
100 156
845 124
100 915
874 567
629 726
260 296
978 858
947 142
252 42
247 558
178 748
619 213
759 385
623 1020
562 20
523 1106
1081 0
694 593
674 1001
871 355
951 744
140 294
409 200
242 666
934 371
486 810
414 656
494 485
430 1004
893 772
319 699
919 689
267 279
1015 668
173 1104
819 952
963 230
734 852
902 625
172 294
581 706
194 576
954 898
967 191
940 615
943 274
231 943
193 283
544 393
1017 840
302 466
393 504
384 201
951 123
435 379
650 412
855 247
998 1082
800 363
882 408
152 411
229 781
546 537
665 658
706 132
760 691
139 48
394 509
1092 615
712 900
391 754
312 643
794 492
378 415
567 595
716 907
178 560
818 684
89 289
926 936
568 324
283 885
45 790
1087 426
330 684
565 853
249 85
891 483
1121 873
314 1080
663 235
647 460
226 206
544 409
378 1007
815 769
686 598
588 661
412 683
688 916
478 606
616 729
203 919
859 131
976 356
122 1044
568 892
175 411
492 350
9 413
294 541
947 3
703 355
946 294
865 792
778 884
197 883
1092 245
588 662
196 1026
850 356
552 611
722 548
327 1086
924 708
688 1117
710 143
701 537
773 1043
1099 749
226 133
739 878
557 326
153 147
596 1092
21 787
677 1092
205 781
557 352
432 710
271 365
144 915
616 651
989 813
503 871
158 629
649 501
694 733
959 158
168 154
587 641
255 827
784 973
753 507
529 856
240 184
823 189
305 213
398 1107
786 319
201 763
308 188
797 122
613 551
631 274
602 466
849 568
933 976
475 649
501 788
406 564
601 437
997 32
26 766
927 258
922 667
356 643
661 673
869 118
925 438
1006 716
1050 451
207 144
530 717
79 318
979 407
708 390
640 749
814 1018
211 626
714 590
109 681
322 1103
498 149
971 531
373 190
666 369
785 726
363 691
588 956
946 435
930 872
467 822
525 133
856 821
741 798
625 593
802 973
376 516
469 235
310 375
844 833
209 764
608 756
910 580
253 292
985 1044
272 627
140 1112
763 230
129 442
472 566
979 961
782 125
1006 333
197 286
942 720
1107 525
213 52
502 161
737 210
266 748
616 878
255 448
997 424
691 631
883 624
865 962
440 299
237 274
577 977
746 145
827 566
746 106
372 513
762 1064
594 674
253 1021
76 645
290 682
103 314
478 35
1032 829
717 493
744 471
807 533
355 823
23 306
965 994
832 441
268 58
850 144
843 1087
733 661
1067 188
635 504
123 340
749 941
631 907
835 973
243 296
1025 668
829 296
319 828
948 26
694 1111
843 392
613 1122
650 168
179 1051
663 986
915 928
936 362
1065 927
919 548
264 586
1009 184
341 827
396 261
767 573
720 664
65 55
120 147
1115 741
225 976
134 504
418 727
280 691
869 932
901 609
1046 651
342 589
658 970
216 490
871 843
414 246
225 728
752 137
471 658
416 545
950 215
1119 765
662 825
357 794
588 554
1033 604
219 429
642 1102
926 721
392 240
197 838
571 708
79 115
580 198
664 640
860 222
491 261
582 1107
590 772
264 371
948 804
818 502
566 622
938 947
478 553
121 651
960 850
189 27
642 278
114 197
799 689
943 741
559 811
1090 462
969 901
651 898
980 185
167 922
251 186
976 132
24 352
1026 232
563 561
482 962
771 232
33 679
948 831
906 797
490 932
1115 884
433 301
116 851
934 712
263 650
882 117
641 940
277 825
348 880
650 395
561 464
600 18
430 966
1059 722
849 111
540 291
154 119
329 931
331 1006
241 365
601 665
247 1001
960 225
926 698
259 394
13 271
563 1093
1003 700
391 280
204 449
140 450
853 174
775 759
989 656
921 438
1005 806
516 226
202 478
538 268
177 979
887 671
516 80
377 624
34 489
179 249
151 1014
197 127
765 328
391 570
1045 147
736 176
674 1094
243 598
980 764
658 276
112 824
919 534
851 593
878 516
967 683
885 859
281 568
385 1068
588 57
71 457
789 111
915 542
889 115
75 638
995 684
612 481
194 5
121 914
810 199
129 287
97 329
294 623
332 1021
1099 722
362 847
943 599
149 744
340 712
584 87
373 731
781 884
184 236
206 1006
918 613
881 888
467 1089
535 899
1015 380
25 800
714 155
7 174
802 127
749 224
684 741
712 507
571 182
920 348
130 924
894 833
161 467
260 418
724 57
1043 351
225 644
241 312
549 812
332 383
584 737
726 408
425 869
865 356
738 219
974 270
463 457
721 538
1015 1000
407 855
13 571
924 752
583 1122
23 237
36 815
391 781
272 633
338 671
487 167
524 731
521 724
501 816
1011 1115
559 46
1025 29
591 97
176 226
762 125
305 650
466 728
591 842
426 535
924 176
278 483
339 6
1119 106
695 672
87 107
648 1083
840 766
834 458
22 660
796 818
341 1025
684 216
620 973
653 327
467 401
403 311
383 199
655 585
196 631
767 1009
622 358
278 415
508 678
885 433
330 378
599 784
469 502
404 174
240 1096
458 239
196 602
516 323
407 274
982 765
705 234
202 613
744 715
804 305
523 134
624 1119
385 1035
641 614
514 54
338 915
829 256
301 967
611 441
496 281
228 595
984 613
896 460
905 175
796 895
58 201
573 436
720 659
1077 527
8 795
868 942
154 407
61 157
859 983
218 893
256 836
665 1099
302 330
952 484
348 879
450 366
175 735
706 491
520 312
1020 606
441 671
131 134
654 889
799 454
571 1099
784 174
480 10
401 666
705 481
560 186
690 1004
306 1021
417 936
555 666
593 948
336 599
516 555
616 833
1076 707
583 805
188 967
485 715
853 990
602 625
486 540
818 685
598 439
1016 405
257 192
670 162
258 470
456 932
369 135
377 757
663 1060
1121 864
1054 83
536 677
871 926
759 732
766 345
85 558
239 237
764 925
696 380
1029 664
568 675
672 850
832 112
608 220
701 782
1037 529
750 633
251 384
31 359
848 105
766 754
705 880
228 960
1122 478
1041 711
670 931
756 103
292 213
682 499
35 195
430 786
216 781
946 514
445 133
903 961
293 1114
245 998
590 582
478 306
98 288
419 390
467 159
710 476
156 176
985 748
716 722
116 888
836 895
1011 435
702 220
450 1076
798 819
613 391
692 216
688 648
641 523
757 500
954 1006
429 316
80 817
289 668
865 172
1044 108
742 525
923 438
1063 848
633 1032
395 1107
961 897
283 334
535 594
497 520
482 773
5 971
1081 157
904 1011
52 787
428 546
575 888
187 737
267 241
1038 544
536 453
84 866
1009 503
828 100
1019 276
143 925
302 549
275 458
221 827
360 639
409 451
372 894
520 957
937 881
242 238
988 575
262 605
569 304
787 873
749 132
643 153
488 337
722 313
923 411
321 552
420 1039
334 265
1024 279
620 535
801 374
630 436
905 651
615 537
482 492
844 958
839 917
259 228
210 880
598 219
223 881
624 253
309 1074
272 494
826 741
971 749
360 920
797 781
830 723
484 1110
672 183
953 103
531 991
441 863
647 639
836 866
174 1000
723 445
621 143
189 555
841 303
851 1108
709 126
114 509
649 1056
971 946
293 1041
136 987
279 875
522 495
714 200
289 439
672 463
238 947
821 457
262 143
1013 1008
411 429
291 721
413 847
532 336
989 479
719 929
307 288
909 127
407 134
526 784
888 193
221 857
616 666
110 155
512 771
262 893
3 341
164 649
195 331
525 470
229 868
168 282
669 19
747 655
38 2
669 993
463 441
221 887
333 393
702 338
146 678
804 666
384 972
47 606
971 505
990 696
936 917
1078 519
846 368
331 963
798 846
702 260
942 149
520 367
436 1
855 651
313 952
824 367
379 712
952 887