266 1000
845 205
280 1041
598 692
165 839
623 619
1111 502
931 484
679 636
1071 605
892 763
136 771
77 39
624 170
676 772
391 684
1015 930
135 775
934 964
115 113
931 905
396 651
1017 488
541 549
369 151
454 997
439 178
1106 971
886 954
524 760
199 148
766 727
324 8
212 346
15 643
585 833
920 28
567 721
1099 930
996 212
996 643
523 526
847 585
4 268
1003 1104
120 586
992 247
116 628
123 373
108 859
600 679
322 203
366 878
1079 185
391 706
454 696
898 713
495 689
588 170
343 394
265 536
942 200
384 687
759 552
211 351
695 50
126 670
167 697
54 871
852 603
596 762
637 168
562 848
731 197
954 604
653 849
222 563
356 292
176 488
561 670
705 126
397 775
177 74
961 689
121 393
854 486
398 442
675 797
98 769
910 293
442 145
156 549
491 227
868 998
119 265
289 540
225 361
702 596
769 637
626 604
702 553
741 1019
670 137
431 736
339 484
727 964
1015 913
158 936
714 941
884 215
990 634
1059 108
603 11
650 841
752 896
492 1097
910 296
746 621
478 886
53 614
275 575
544 127
219 635
1121 419
429 947
862 511
493 164
747 788
1012 555
849 923
395 107
22 241
881 110
651 388
260 374
989 858
424 539
584 103
206 1035
571 396
497 445
233 69
545 395
893 156
404 815
68 355
340 757
719 581
750 484
1009 664
220 375
967 993
152 386
438 132
851 425
346 628
335 472
477 785
119 192
101 846
1016 800
905 389
1115 449
705 491
291 881
901 423
811 436
319 791
878 664
1044 920
186 190
101 794
658 968
562 34
652 607
651 498
371 742
353 776
32 56
991 396
397 766
813 387
713 835
141 450
626 584
713 685
548 689
620 407
1093 1108
112 137
339 794
1043 525
492 1100
565 717
192 449
197 720
84 888
562 297
748 209
341 951
392 378
213 748
826 565
579 948
8 178
767 825
543 149
309 41
624 4
739 464
913 453
927 863
907 948
93 402
766 998
519 548
284 918
608 381
521 210
306 295
527 1003
247 677
409 892
373 909
948 636
1069 825
974 463
337 224
261 175
373 330
1008 178
1100 701
691 514
962 904
148 976
129 481
29 545
720 244
252 527
8 260
321 663
218 560
315 731
79 252
127 879
129 150
109 168
450 122
984 295
876 1010
228 844
300 961
186 601
706 1103
840 155
820 275
671 816
25 73
241 701
145 724
224 1008
1003 518
526 420
631 1075
528 879
548 456
258 175
351 673
621 989
661 724
1036 549
1015 450
359 528
892 308
359 959
47 126
968 481
26 830
1086 648
689 210
742 704
179 657
758 138
383 959
959 179
514 714
862 829
591 954
748 348
298 1015
858 569
518 386
956 993
342 102
309 218
698 798
992 257
994 883
199 594
370 685
221 294
255 237
688 34
806 355
701 141
531 181
75 162
384 154
229 1032
807 779
163 383
84 1023
646 540
119 602
411 567
901 856
862 571
725 872
265 540
906 132
219 140
71 694
855 350
487 397
790 862
533 490
611 623
433 1019
97 473
148 548
1058 419
17 291
700 116
733 439
370 284
805 1000
579 576
654 346
743 980
641 281
823 948
168 306
285 257
948 253
375 255
247 580
665 509
704 469
478 153
942 812
755 191
246 404
172 576
520 575
255 876
308 465
496 777
104 265
1004 866
648 973
981 404
626 960
851 173
572 765
864 865
703 570
841 534
857 1039
240 119
629 151
838 595
370 893
991 829
733 408
479 839
463 593
828 805
619 472
752 796
327 805
364 379
714 297
346 167
2 837
672 684
573 914
187 931
821 122
244 960
303 706
631 281
112 273
635 375
964 384
666 689
1051 402
755 905
662 86
711 822
833 538
314 788
9 939
623 787
144 403
602 458
6 984
847 319
287 295
595 1106
228 404
184 212
1051 1095
90 843
379 459
128 778
490 665
757 331
103 55
701 745
874 973
99 1062
715 292
221 276
440 713
148 445
371 1032
568 1123
303 546
716 71
528 760
238 946
1081 906
857 791
392 982
428 416
549 756
918 743
612 546
430 891
167 639
765 579
353 122
571 891
163 278
226 287
207 550
186 306
666 626
671 16
565 294
837 910
12 268
337 791
859 160
714 366
913 964
606 202
446 150
105 345
955 494
276 667
255 1086
159 498
305 475
716 543
309 678
911 763
227 225
924 751
822 417
596 322
228 700
376 699
850 388
176 785
619 814
836 690
968 167
476 157
82 780
58 682
167 268
659 486
638 559
383 254
639 699
320 409
585 530
27 891
253 108
308 788
507 565
289 107
243 425
451 723
186 527
624 156
333 114
263 214
409 153
994 262
253 681
911 161
349 747
518 374
319 563
1119 426
359 683
775 32
182 972
231 199
339 428
246 234
397 297
232 643
256 588
940 867
23 182
586 213
274 755
522 274
808 486
788 381
219 864
797 666
490 728
1008 760
963 1063
835 462
713 867
183 1023
248 860
636 161
823 267
632 779
206 895
233 569
361 143
128 392
699 643
542 741
807 448
389 687
944 365
291 94
1088 702
209 739
495 773
835 1086
228 459
360 623
571 936
138 206
200 715
269 404
752 798
185 333
358 865
272 924
1000 420
491 246
962 108
973 375
462 209
161 833
678 456
848 1081
507 1060
539 702
527 271
860 574
760 1014
9 1024
349 473
824 1115
557 754
292 504
231 777
435 567
402 817
133 676
485 132
521 206
664 1055
989 977
516 1050
537 239
912 622
784 517
358 676
698 446
245 514
487 338
471 203
668 818
717 682
656 406
777 553
598 427
408 95
544 330
369 307
844 441
513 1092
85 822
407 1003
254 844
647 282
263 103
1034 672
140 976
1029 975
945 825
186 610
318 1022
426 378
1059 215
564 396
253 271
914 290
646 1115
954 982
215 327
159 4
20 548
744 975
382 887
128 847
595 457
992 942
970 315
118 1067
501 732
455 258
976 823
394 887
1025 747
838 248
749 248
809 805
269 748
418 199
378 300
172 331
264 851
931 89
647 370
860 616
411 354
809 164
628 1041
307 186
849 822
371 835
647 108
124 104
368 890
734 144
135 389
616 1023
87 307
428 141
338 1002
136 268
928 115
802 759
335 506
352 1020
769 572
8 254
623 616
807 692
103 198
301 651
686 700
604 128
200 1066
993 112
728 196
478 443
871 563
633 293
388 600
692 228
240 159
767 340
844 340
1027 498
161 552
192 629
804 157
123 507
740 544
684 455
764 349
722 254
729 910
504 1047
512 896
745 723
411 396
399 639
411 921
345 262
305 309
885 97
374 656
703 529
819 254
435 1058
568 680
128 80
290 361
614 1041
809 1049
598 673
406 980
128 905
697 385
829 604
660 552
774 177
762 376
955 641
572 683
544 970
315 769
404 901
231 815
851 860
299 501
947 782
777 864
538 633
985 972
319 188
107 889
729 257
951 552
755 918
136 726
89 375
230 490
883 568
531 581
280 894
933 669
600 962
617 1047
1061 248
389 300
776 171
906 527
840 402
949 290
755 723
468 531
648 194
910 234
267 783
775 789
547 580
362 600
434 101
344 312
954 792
940 575
386 756
889 356
634 364
766 819
348 524
263 926
532 172
802 496
1029 179
114 6
277 981
954 773
251 158
963 606
831 673
120 185
82 733
468 732
110 816
407 154
984 265
961 127
228 3
1091 369
386 460
891 769
302 343
573 1024
380 1046
1 1104
317 134
147 503
801 272
476 1106
142 551
829 478
972 800
241 817
34 773
300 58
973 257
391 492
87 1011
544 572
553 630
625 196
733 751
566 835
942 116
333 829
129 127
690 1110
872 984
824 34
949 799
396 1001
813 267
576 177
302 404
971 128
1043 868
266 492
165 25
716 878
756 144
943 726
175 301
400 380
149 934
133 314
485 435
319 560
584 274
395 823
309 124
417 801
800 648
986 742
255 492
422 117
9 1003
138 436
760 524
462 471
49 357
120 507
634 825
772 127
397 479
471 103
306 498
621 965
338 405
866 908
513 422
879 229
124 465
869 1072
708 554
376 862
74 158
1049 698
316 907
997 93
675 24
965 585
495 297
756 693
335 895
534 166
373 270
865 806
641 264
630 319
619 188
757 38
483 36
964 127
564 687
234 940
552 438
639 803
51 507
419 782
477 664
736 514
210 557
740 414
243 758
1034 13
1046 607
969 261
783 115
939 957
456 311
160 437
15 144
621 863
197 890
352 397
711 649
985 930
319 1001
1101 695
96 519
841 304
635 836
414 574
1096 238
345 953
97 877
740 888
188 399
889 483
111 686
50 922
808 878
812 591
454 856
1006 216
203 927
132 1122
259 733
893 825
805 827
958 894
423 909
798 196
219 491
715 410
352 600
483 670
758 909
752 446
206 895
772 839
477 298
844 648
767 113
977 863
738 618
195 337
3 417
769 565
904 1100
838 552
40 962
823 747
320 424
542 247
175 914
524 468
0 267
928 443
405 365
796 764
715 1006
122 67
283 313
1071 639
568 858
280 857
367 347
889 115
494 548
450 1117
49 558
621 382
857 943
17 739
431 218
536 714
675 419
1123 798
537 669
664 272
205 878
230 244
613 0
788 809
268 446
100 862
268 1052
316 909
912 987
528 408
883 711
924 223
65 787
824 1080
868 136
853 254
116 813