303 421
72 316
267 333
1100 629
82 1043
38 940
1021 304
64 411
522 128
255 779
702 671
252 852
112 993
708 1084
302 859
314 1045
984 280
618 685
574 388
821 239
62 1122
987 608
980 518
197 196
960 458
836 214
380 939
752 351
160 155
1013 47
725 777
507 526
187 371
588 882
101 575
591 501
232 203
122 529
962 962
660 725
375 177
868 307
400 217
105 157
615 838
115 871
461 32
709 354
133 1121
348 1010
717 763
796 300
216 105
969 229
390 334
1013 120
9 1039
927 876
905 402
222 694
557 464
742 353
627 488
138 573
796 1095
452 150
792 799
722 913
663 602
994 880
1030 275
815 595
775 648
85 640
730 317
962 459
221 546
278 437
762 67
717 275
810 399
403 673
238 309
696 205
787 646
812 152
619 789
652 271
769 39
694 140
956 834
767 536
625 571
716 109
704 908
794 671
719 799
633 990
734 879
137 136
1063 213
559 456
263 546
807 340
1003 659
531 1091
568 174
464 490
935 372
46 921
245 196
493 502
990 577
982 593
168 531
391 618
674 953
483 699
740 672
717 266
426 918
298 310
899 1019
905 197
83 1067
805 798
212 372
858 387
1045 892
681 714
795 556
653 99
268 894
15 645
797 757
340 441
575 708
733 683
810 612
529 508
582 1098
250 231
261 522
266 526
930 441
988 591
761 566
227 833
774 368
638 1048
123 395
757 487
551 601
474 849
916 899
74 343
372 952
115 974
611 250
855 252
943 991
975 224
1004 3
477 656
970 253
757 999
582 269
308 576
885 714
1099 560
916 991
831 114
613 1117
122 462
284 801
858 727
1083 215
192 206
1120 796
459 253
521 565
1005 846
294 793
326 873
935 1011
750 106
104 906
569 283
727 1058
374 418
570 799
1039 263
153 904
888 800
503 51
737 985
349 599
750 877
664 736
369 1001
973 486
1069 217
119 204
602 717
261 373
142 848
706 636
95 85
262 730
231 55
732 177
251 716
173 327
608 63
1028 1002
178 332
635 608
687 679
774 996
595 1002
279 169
236 208
345 1031
508 807
981 437
677 514
278 210
422 381
982 264
220 152
381 570
822 375
904 808
476 39
444 1022
1064 993
610 643
119 630
567 450
608 150
580 419
539 359
1005 383
568 917
165 486
856 159
940 314
1107 275
638 435
860 904
440 573
998 363
24 53
919 446
818 225
290 344
481 424
959 593
428 160
414 883
419 230
61 124
502 850
195 105
741 366
383 978
1018 756
43 81
704 654
852 192
947 461
605 489
1075 624
787 415
277 635
641 1009
370 851
212 569
1020 1032
221 318
69 572
821 679
1023 741
417 849
739 886
566 427
750 237
251 622
706 545
677 196
1016 859
367 717
581 305
436 390
173 809
89 796
691 137
926 846
1071 376
794 693
798 527
453 165
906 681
939 383
789 995
207 193
855 455
594 794
734 205
596 631
682 61
282 205
187 811
122 745
591 533
1040 1025
440 150
457 242
228 316
1045 118
693 989
768 1055
728 518
937 268
524 297
574 820
121 710
54 725
596 553
409 532
7 138
501 643
378 277
683 360
489 457
885 506
587 314
215 36
172 961
1051 85
389 404
985 485
897 112
424 62
774 1005
291 464
180 784
175 189
215 235
465 898
572 919
287 178
252 159
78 417
691 543
430 788
296 15
940 177
44 931
880 463
330 575
913 293
265 572
901 253
749 287
196 75
977 980
699 839
914 535
396 532
149 361
409 162
588 232
737 375
1004 709
618 978
677 518
73 449
895 275
447 862
823 708
525 392
1065 182
745 1121
210 360
937 650
930 167
180 640
793 843
1023 83
734 64
459 173
766 858
229 858
1055 764
841 873
180 415
306 654
850 676
309 680
1000 441
13 1065
663 597
311 1021
104 521
478 451
885 152
277 713
500 804
851 957
753 863
383 855
1003 930
573 817
323 518
487 117
509 565
432 1050
839 669
762 455
623 267
582 1049
207 990
1 910
760 762
605 646
202 970
405 754
357 349
564 367
1046 837
612 109
885 768
210 994
945 5
309 641
125 303
768 254
604 1071
883 932
499 198
201 733
502 309
559 949
425 182
1057 539
626 712
410 794
121 134
571 335
482 471
780 1011
980 888
514 132
573 699
788 946
355 592
249 598
365 733
661 237
320 919
523 235
878 247
14 629
658 301
692 133
862 612
103 402
717 107
917 104
226 936
290 995
473 206
932 160
198 468
787 503
178 768
762 899
516 973
521 162
326 735
587 685
273 170
582 369
1055 467
721 446
532 348
1115 602
303 218
522 196
854 600
457 603
240 1096
757 528
660 762
977 591
576 895
1113 239
868 625
422 822
919 189
175 653
838 612
529 579
285 203
755 738
473 125
864 210
398 118
518 171
591 497
432 656
680 315
975 310
537 599
153 833
958 859
357 285
895 191
874 614
236 394
271 579
709 381
966 557
885 125
820 591
457 143
401 492
705 280
715 609
381 526
496 788
796 203
77 203
456 828
977 905
565 1022
878 916
1077 110
229 1042
939 418
903 721
637 564
915 590
345 284
583 484
727 712
404 126
1080 231
653 630
510 357
46 148
496 271
144 140
1019 908
475 1066
570 439
1064 681
332 245
644 621
565 403
386 701
46 205
496 622
884 119
495 68
862 891
80 561
161 422
989 81
678 233
850 310
978 683
381 541
831 269
683 610
734 388
843 376
749 167
807 965
459 841
426 93
848 711
993 262
867 682
645 159
936 350
861 523
254 614
687 235
739 876
556 338
509 566
380 346
120 156
291 644
851 351
405 235
1063 953
800 827
172 259
232 229
829 301
631 524
698 746
742 194
21 1010
631 1016
437 880
380 177
1048 799
739 1017
563 665
330 21
652 688
457 794
825 409
623 983
362 356
330 735
44 908
619 707
898 820
308 250
755 221
899 354
981 409
99 427
134 359
144 2
698 24
548 553
651 341
616 656
872 448
457 557
832 341
324 962
781 750
259 1040
736 355
953 599
441 369
182 1023
636 575
943 731
560 599
358 435
433 815
509 946
435 942
492 933
5 1078
1115 5
1066 321
880 612
190 776
758 880
455 15
174 480
372 41
991 712
1013 1012
273 124
300 398
988 658
989 662
583 730
1019 374
22 394
384 373
768 189
220 217
874 798
1006 817
50 215
932 105
904 497
786 701
222 110
665 458
727 600
193 481
1118 904
200 485
319 1115
870 556
97 178
635 634
477 617
147 820
386 830
603 395
626 840
216 406
945 880
207 474
437 556
277 246
889 337
470 1101
348 1096
571 705
312 508
234 150
791 467
763 672
251 788
219 320
454 662
370 743
927 620
904 889
829 310
726 829
260 477
694 131
151 598
1072 552
462 356
106 209
992 390
628 412
995 809
893 881
202 621
336 635
930 1096
437 140
569 669
1047 282
475 1019
358 168
535 683
574 189
173 336
842 854
257 684
992 1021
1039 52
760 1029
487 522
571 658
956 1037
885 941
368 394
1073 771
947 478
931 676
964 368
712 130
851 217
715 1006
216 619
426 202
291 958
371 740
486 438
934 444
211 1091
1007 676
938 152
859 268
114 778
405 1120
518 561
726 683
210 678
61 413
870 809
474 1097
216 808
163 718
493 888
942 254
525 402
822 280
943 150
800 653
277 202
229 964
485 942
879 929
724 1040
479 814
572 598
631 421
368 950
880 91
1094 1092
272 705
929 162
985 784
71 773
471 461
437 1020
250 797
489 18
897 222
376 767
128 233
704 211
394 132
993 246
175 1005
855 608
9 175
531 124
587 310
146 921
904 421
328 1064
1041 487
922 1025
611 260
394 60
327 437
44 998
472 302
325 298
666 361
234 939
930 871
406 676
454 339
968 879
140 525
676 776
125 16
128 333
117 302
850 571
728 827
671 161
816 557
30 735
980 1122
549 450
1101 797
116 742
671 123
337 980
616 231
944 491
359 897
963 62
999 453
791 985
797 33
1033 96
594 967
167 898
843 452
98 472
211 849
244 10
500 666
6 457
707 411
1095 632
576 1082
140 557
689 157
479 939
512 913
1025 663
781 623
39 155
730 115
472 670
549 330
350 278
440 788
525 1112
860 914
799 600
658 401
705 789
1080 471
858 491
169 339
857 930
227 771
148 388
170 172
943 605
226 151
1018 145
165 101
415 303
434 375
603 972
142 142
715 48
386 547
302 142
701 364
592 49
351 139
253 4
111 131
111 307
273 828
549 583
912 67
549 1025
214 229
323 689
915 44
211 390
669 123
792 751
548 424
838 746
647 718
1078 659
42 299
752 296
1049 929
797 254
536 328
941 670
328 787
163 467
934 665
1023 654
103 308
492 549
75 333
363 245
70 960
903 448
611 430
874 1006
783 625
287 189
943 665
953 161
791 584
823 750
466 1014
281 412
581 125
850 1000
725 357
551 890
707 701
780 715
419 805
1109 973
740 844
511 205
1084 62
1064 575
451 322
23 933
766 858
744 582
238 778
743 431
491 564
507 484
6 846
837 717
114 600
761 482
56 613
354 470
1035 865
961 485
747 494
827 1061
529 460
51 913
129 630
705 292
244 452
973 884
534 496
730 912
343 309
303 1078
334 572
382 254
581 459
150 618
247 688
440 642
171 646
196 419
521 912
286 413
475 800
894 247
763 630
860 319
731 414
525 208
840 1047
301 369