711 956
763 479
55 386
979 731
656 883
810 459
519 995
117 532
309 678
556 86
822 504
504 56
442 632
291 609
377 495
437 1046
161 508
941 643
796 464
777 172
466 974
969 903
34 772
222 725
435 380
62 271
333 776
187 936
278 397
869 868
751 1029
1092 596
740 402
410 200
611 1106
743 336
811 450
382 859
730 1007
549 1081
928 555
440 391
167 865
71 633
231 360
751 18
364 505
633 169
870 276
722 893
531 642
434 671
138 43
1072 681
926 641
193 666
829 892
520 774
238 396
482 151
610 341
235 661
1017 232
931 640
709 956
541 547
1095 108
820 632
400 406
583 453
912 300
332 705
219 180
512 220
11 527
482 908
872 92
719 275
414 194
280 575
512 850
579 622
721 595
655 644
834 1023
108 245
419 206
829 835
283 896
607 521
617 820
105 944
681 408
693 384
354 876
659 81
679 972
524 890
1006 586
685 107
457 110
965 696
128 731
296 731
807 581
844 793
426 534
305 516
772 38
452 270
739 338
512 314
699 661
216 809
405 51
728 468
591 855
699 790
962 352
181 383
871 362
673 847
760 1056
656 599
144 1009
323 784
478 308
515 899
442 706
352 195
973 379
595 105
67 1045
1078 773
722 936
260 473
711 985
525 249
186 695
436 863
372 455
924 514
17 1117
880 855
473 813
482 777
849 891
910 663
303 946
1023 731
932 734
353 544
647 121
600 289
540 837
324 399
293 352
966 782
589 379
643 474
883 188
303 393
530 240
684 281
326 321
284 941
441 140
656 586
822 563
1098 900
931 540
1104 581
650 451
265 347
551 687
936 406
921 585
224 909
801 877
759 951
486 382
951 452
537 722
869 515
346 1006
259 792
856 995
940 602
986 394
1069 817
592 320
771 275
1098 827
227 961
527 554
826 902
522 1034
758 1017
179 251
412 366
764 529
1091 954
868 622
160 919
757 382
890 345
423 765
1085 794
1083 11
858 302
440 878
1073 1040
475 717
419 71
675 421
258 552
129 775
498 1110
362 325
116 754
650 1108
8 858
360 876
532 241
839 145
260 246
719 562
945 294
290 471
452 361
848 1070
473 134
18 117
304 464
983 176
548 498
564 276
304 742
762 17
369 287
50 371
1096 499
482 434
928 717
294 289
707 869
949 905
118 817
790 421
509 824
788 854
112 924
372 930
184 27
689 564
345 304
757 235
976 284
345 520
991 760
901 883
135 51
231 934
722 2
888 350
618 17
419 1077
373 59
723 513
105 663
310 100
898 1002
792 992
771 1072
1079 955
250 822
198 548
728 556
661 972
1027 1038
609 298
869 388
979 160
633 344
126 244
524 279
911 703
838 916
1107 457
905 76
37 546
570 712
370 571
958 344
929 1001
259 384
435 13
399 185
454 148
913 781
524 27
439 451
475 889
348 599
496 209
458 785
687 183
741 899
528 178
353 13
894 210
489 509
667 691
273 1083
805 99
910 633
220 550
436 706
651 655
231 474
901 703
622 902
572 1
960 240
809 1105
745 545
213 3
684 690
577 834
641 264
766 268
598 845
31 674
249 573
489 331
317 358
155 185
733 700
208 722
1084 521
814 54
318 398
763 29
642 576
778 961
841 790
595 725
1111 277
565 987
336 1063
156 1083
1049 516
11 712
703 498
20 686
576 662
692 275
200 14
171 572
526 214
544 635
224 575
202 72
103 606
333 127
128 434
544 738
359 379
872 422
124 1073
660 763
363 756
76 312
1039 1006
140 710
408 232
267 661
582 917
274 86
704 620
98 917
96 294
84 938
459 402
1072 823
629 744
549 804
615 1006
757 165
1052 341
635 550
360 765
591 825
66 1056
913 882
313 322
469 504
378 459
1002 445
25 209
664 279
16 760
386 654
931 649
981 688
757 109
479 462
1066 704
125 1071
926 382
300 634
266 959
213 998
709 170
747 315
653 1089
553 268
670 757
366 1000
835 657
725 97
1123 348
109 769
126 249
339 701
289 1061
394 118
727 394
701 880
521 9
350 723
679 1035
284 191
840 283
914 943
307 515
520 179
1071 75
205 332
496 462
768 973
827 466
1113 301
372 589
668 515
270 722
160 1069
899 726
740 53
700 858
954 620
83 103
235 621
543 1085
756 1018
261 376
683 582
444 974
987 659
29 430
762 876
412 620
484 942
874 840
798 538
804 529
283 239
943 694
571 997
989 200
963 937
335 909
184 273
588 586
540 527
574 447
606 1079
379 286
436 960
46 1036
673 836
439 341
272 386
843 186
543 548
912 706
399 138
971 1002
339 789
84 868
290 670
687 748
849 876
627 7
1023 714
480 1001
807 812
372 483
938 931
59 462
876 668
575 480
961 791
134 561
513 473
82 102
888 542
572 323
756 751
589 293
751 663
373 806
417 825
109 552
633 985
1019 486
915 938
372 966
754 550
966 398
587 359
623 412
1089 792
909 646
636 172
719 670
472 871
307 716
1070 882
441 217
817 1014
279 144
797 784
438 156
595 228
469 679
987 231
412 1039
1000 253
71 450
810 308
242 666
959 458
1112 420
1059 706
136 133
888 578
728 783
658 693
653 138
1054 217
761 950
535 385
511 833
117 1
340 443
903 112
319 814
197 197
591 403
699 478
930 116
218 315
132 823
591 129
353 636
244 884
472 386
648 827
129 989
1007 320
349 125
538 583
540 704
931 932
59 773
615 432
463 1031
942 239
357 145
849 605
666 626
477 810
933 882
694 30
587 263
317 600
487 981
364 56
787 824
666 872
454 349
966 880
1071 556
1070 198
193 976
447 560
1024 503
424 214
956 526
1064 115
1068 335
650 465
553 691
5 349
411 724
506 764
943 9
174 261
506 544
1053 353
926 913
612 482
795 591
1035 493
1033 561
425 1026
403 632
221 862
582 1015
108 639
891 551
237 710
734 875
166 519
664 777
405 633
234 860
304 859
628 81
229 1097
211 894
540 880
34 910
960 838
552 420
912 650
637 290
602 210
855 879
72 557
226 1040
526 806
655 579
962 132
273 464
743 973
612 242
108 1001
536 147
180 82
206 263
844 610
888 442
937 488
422 252
999 499
766 137
323 406
968 331
416 836
859 714
939 270
160 962
545 309
709 497
1033 1023
563 657
111 68
820 970
227 912
691 185
787 685
805 164
905 1003
1001 65
755 388
1019 630
472 114
373 392
194 343
913 783
227 288
365 489
698 1092
361 1116
15 590
398 1009
637 99
192 596
646 348
566 799
613 298
503 674
260 22
1000 1049
309 28
308 604
233 561
843 696
546 917
991 812
661 844
427 360
672 560
477 117
518 386
379 713
357 1056
857 1105
657 348
65 160
745 331
982 181
516 263
949 925
399 321
206 846
391 242
338 935
772 714
678 790
114 267
628 230
1044 21
807 148
114 906
940 724
286 106
487 526
93 296
1047 754
412 609
1022 1097
986 425
320 377
734 297
258 363
572 862
757 772
737 449
619 949
529 611
966 940
803 323
399 578
1119 839
841 694
114 276
663 100
148 984
95 354
634 421
432 931
115 127
230 926
407 117
908 880
104 962
677 465
347 701
478 868
746 1026
24 657
618 323
242 1033
52 133
265 492
257 166
26 261
408 515
39 931
286 537
626 115
141 28
135 186
430 704
61 634
974 800
158 554
1083 190
597 799
181 575
200 863
439 1014
815 640
520 640
325 187
817 844
740 742
487 588
438 529
425 148
330 36
398 939
548 787
12 434
649 825
181 292
134 132
131 635
399 796
1068 621
902 141
1017 550
748 753
1066 371
504 172
780 962
623 214
978 488
191 825
914 450
471 638
1064 872
869 320
178 844
674 443
149 555
563 444
287 423
913 187
511 614
892 133
774 818
938 1004
839 695
829 168
436 439
773 653
854 549
415 511
363 851
64 421
706 292
149 771
20 952
859 585
1116 398
293 1106
703 458
293 730
558 500
392 803
329 286
861 2
5 846
951 548
897 888
145 199
283 703
654 175
247 576
691 683
32 850
829 684
312 917
310 670
916 18
990 1103
177 56
597 230
84 711
481 860
306 161
717 55
355 613
336 860
57 807
639 554
764 1051
523 91
640 728
335 452
640 196
233 809
609 38
599 512
181 761
249 109
627 952
244 797
323 994
414 660
761 989
488 574
329 1103
507 438
156 412
271 401
124 28
12 387
232 536
426 729
1009 587
907 669
716 420
535 980
902 367
703 873
798 947
790 448
1098 747
557 950
277 490
182 726
683 856
114 531
583 261
374 376
760 1000
923 472
455 846
1060 1003
661 932
1021 734
208 879
626 1009
76 158
393 804
370 906
555 785
119 95
25 841
499 1011
643 849
620 1008
209 322
443 812
196 149
819 386
99 192
418 836
162 864
428 391
899 742
510 642
272 908
519 26
72 207
723 574
649 405
592 786
173 869
111 360
1120 899
777 628
1005 780
935 768
175 201
728 816
311 981
1019 892
396 595
775 28
583 674
516 229
736 226
1039 758
587 202
91 537
982 430
757 100
691 329
870 292
930 346
1009 744
398 232
952 416
567 876
444 459
362 870
692 974
672 1024
657 513
671 214
263 552
1000 575
552 338
529 115
126 461
418 693
178 161
1050 200
728 755
122 930
47 657
213 351
580 740
577 429
326 320
1006 564
938 877
861 363
586 906
687 80
564 175
598 174
714 953
472 63