444 345
1090 479
1113 209
917 973
272 196
842 833
800 321
497 329
1019 160
29 1121
730 706
724 991
74 578
300 711
340 236
120 942
683 797
508 966
848 184
730 383
121 808
982 395
948 1050
999 1005
1060 1073
831 175
140 826
797 280
591 104
625 187
256 512
180 151
518 1013
424 599
745 132
374 3
189 1058
934 504
571 776
612 213
45 970
744 817
689 618
158 400
243 858
655 928
335 929
687 970
284 203
56 641
399 877
878 794
611 372
996 159
958 625
431 571
343 694
705 240
436 539
159 240
1123 206
1007 446
328 493
528 46
895 504
771 844
516 576
718 210
426 684
119 1108
324 275
907 837
816 635
48 366
187 213
105 734
566 758
407 307
1012 792
578 937
303 527
1073 903
482 129
567 416
1015 189
935 333
465 1114
974 1100
735 513
991 342
369 1088
322 427
486 240
177 379
696 1084
107 421
188 766
578 691
306 326
723 518
244 236
316 979
124 700
623 537
263 434
564 972
1087 388
116 783
84 662
691 491
171 655
1074 139
805 553
70 983
970 291
1004 152
395 267
254 928
631 135
133 338
375 787
1009 864
454 543
369 144
8 167
439 243
957 1069
599 257
506 137
237 534
583 213
201 1029
566 777
694 46
34 214
266 639
305 44
317 280
215 888
1099 329
908 780
532 220
908 837
961 944
110 1000
920 185
937 596
397 500
883 206
906 278
940 18
533 970
543 553
1007 84
948 194
233 771
357 245
897 782
351 865
118 961
617 939
765 670
386 1069
746 1000
341 1116
419 7
272 527
414 457
301 429
369 136
516 47
470 113
676 112
264 626
598 642
557 601
438 684
645 868
641 35
483 1020
304 264
265 295
432 1019
601 805
923 612
506 306
755 147
792 798
226 831
320 921
534 276
587 931
382 466
385 1086
81 329
448 868
1003 820
197 160
441 863
494 646
698 1010
434 924
747 853
610 290
586 513
497 172
542 382
118 453
900 517
279 218
636 486
457 1007
194 198
733 664
455 604
190 229
202 547
369 565
75 477
16 71
718 158
227 72
373 581
955 361
945 1069
1017 1076
874 692
325 157
991 936
475 823
324 1082
431 936
538 190
871 221
230 488
1070 824
592 616
990 267
804 311
242 661
834 307
1101 801
800 494
995 781
916 393
806 679
289 923
370 103
491 841
1116 639
187 992
320 665
639 532
170 252
563 314
852 658
10 510
725 719
664 424
956 240
915 251
165 810
8 986
427 459
908 973
528 1023
885 449
814 104
951 339
831 847
425 181
803 999
547 742
504 581
473 286
325 662
101 961
130 849
783 184
675 636
830 628
612 848
446 274
548 1103
31 965
726 586
793 528
852 414
258 83
93 1063
346 357
614 423
1031 337
868 704
816 1067
740 290
846 995
262 844
1022 93
1019 500
236 67
949 567
662 375
560 285
115 1039
406 142
550 696
319 516
1078 439
211 932
786 652
336 468
259 964
863 453
282 787
573 256
351 12
117 797
914 1032
242 974
928 911
722 816
724 880
633 67
282 822
535 891
747 109
206 252
485 445
368 256
412 381
199 612
967 1074
575 302
45 372
793 1046
665 812
729 891
875 22
514 1003
1116 683
632 785
156 703
909 528
797 634
31 549
907 707
226 662
858 288
857 660
801 609
399 608
1116 1023
115 118
1012 59
452 311
877 672
446 106
699 243
823 106
845 157
718 603
240 993
980 798
503 677
701 373
470 121
483 115
18 752
704 645
119 258
221 1078
620 788
945 542
175 592
967 176
740 179
699 716
978 288
787 1109
590 1099
130 1018
983 1022
73 213
574 214
896 737
333 468
59 425
1024 999
1049 255
723 452
725 731
968 644
176 158
216 265
866 315
763 284
175 1099
275 572
412 370
507 1113
284 179
393 536
804 101
81 649
702 964
732 216
765 705
897 276
668 221
686 653
652 376
637 1018
110 144
812 310
106 431
959 177
570 803
698 315
226 461
744 587
872 695
1075 346
619 334
663 110
463 264
443 543
827 180
863 746
710 325
357 128
694 1044
71 711
363 902
403 571
188 903
331 941
64 20
17 587
359 439
113 889
649 786
739 157
530 663
38 429
1103 404
350 342
52 236
788 898
216 521
955 230
506 828
601 948
812 997
551 481
1081 918
439 286
106 217
945 1060
253 712
1059 740
721 954
1033 258
813 666
821 953
119 438
191 163
832 660
964 348
886 383
85 131
809 704
336 355
58 335
557 497
676 153
906 576
932 701
688 145
487 395
957 135
946 122
501 598
1086 990
927 876
228 475
48 665
639 96
551 979
393 337
1118 877
407 184
821 77
480 168
1090 329
683 644
773 674
503 778
662 719
732 716
723 1082
352 259
289 140
928 557
770 691
175 304
1101 511
746 453
231 855
509 492
863 51
961 1037
580 770
360 129
276 1112
822 764
165 207
593 684
987 918
894 173
363 973
1052 945
416 783
921 962
808 610
563 208
398 723
882 273
1016 1023
364 661
640 623
996 368
566 669
574 881
129 729
438 1035
743 167
624 507
258 1029
612 895
127 626
859 958
1079 468
696 115
672 513
730 864
346 411
350 757
758 1025
817 509
128 817
305 990
257 1100
748 186
731 586
871 296
251 101
523 498
877 924
961 545
589 722
516 709
1023 942
857 958
366 701
1073 628
943 260
769 718
801 386
990 653
528 720
407 970
1079 428
316 437
985 661
483 509
638 487
433 599
774 683
247 849
721 184
262 935
110 189
32 883
747 592
687 1000
585 1119
310 553
92 189
855 292
1014 295
492 756
146 410
169 337
617 507
293 1023
934 986
376 480
242 1038
165 1012
584 1121
192 906
563 842
146 593
862 362
786 241
301 213
195 746
542 257
748 343
601 260
196 824
107 114
335 246
163 890
135 907
934 987
575 699
817 141
593 526
542 306
695 207
657 690
588 105
29 344
922 432
692 598
122 93
456 308
307 742
61 847
252 716
580 486
382 171
556 625
197 83
330 813
1036 721
203 637
446 377
787 657
156 380
913 684
957 1003
1115 612
588 873
365 680
939 292
371 362
836 122
301 895
980 1021
832 1061
299 692
705 895
243 227
743 649
280 1003
362 656
424 181
106 524
770 716
656 443
500 858
660 751
1112 880
572 221
172 784
139 591
123 214
924 34
546 109
421 776
575 69
752 659
738 681
542 907
958 311
742 245
1027 418
912 126
388 1118
864 1076
176 729
950 412
644 916
942 717
335 128
388 1074
569 375
564 254
705 681
715 417
966 972
887 478
544 169
245 479
911 927
673 386
628 969
838 876
62 864
513 489
546 131
734 642
839 651
904 73
700 843
856 566
676 963
114 857
147 915
130 279
833 425
550 281
831 830
454 792
881 898
432 1113
540 224
886 206
183 846
388 432
199 1047
770 570
766 624
627 608
256 955
613 723
442 569
925 747
1115 956
726 928
1109 142
890 785
547 637
821 641
179 578
1075 204
838 160
496 998
254 298
225 328
472 1080
837 438
498 664
325 748
783 528
432 234
242 960
197 426
456 994
743 16
857 623
923 550
485 1001
909 458
106 948
176 1088
989 194
268 844
553 247
367 632
375 43
261 1001
944 480
27 730
179 986
435 613
539 247
115 404
4 960
382 933
268 565
138 508
856 207
93 859
560 373
347 792
608 492
949 362
663 248
259 828
465 713
555 761
392 290
838 683
587 1063
322 470
683 215
521 535
146 571
835 748
477 345
1111 329
396 812
725 110
991 760
229 132
888 409
224 256
104 669
747 805
622 491
490 233
142 960
763 756
977 666
838 4
665 629
678 222
880 437
142 982
353 724
980 530
866 563
196 742
386 926
283 1085
358 528
1121 416
1023 286
1059 972
351 808
493 495
260 329
468 222
424 402
505 787
179 692
323 301
229 382
400 399
152 845
155 635
73 97
791 304
837 777
858 266
386 729
254 116
647 794
586 401
437 848
781 880
975 191
847 1059
719 769
717 343
393 741
786 1044
692 988
299 608
392 127
215 608
1064 344
422 921
800 348
873 545
573 1075
472 882
987 799
181 637
827 68
2 1029
517 853
589 30
336 1034
516 199
496 338
1026 318
684 891
395 359
305 237
480 905
710 957
219 992
225 207
434 505
29 497
326 110
1076 509
180 943
752 995
457 364
517 1018
974 440
550 458
564 551
105 439
534 285
602 952
650 369
327 942
335 331
324 174
119 382
847 486
952 75
847 815
837 777
400 191
740 1078
658 943
298 417
223 227
78 69
931 88
393 812
999 452
660 272
966 292
916 299
700 96
106 446
59 198
190 1005
1111 282
345 852
728 800
790 634
293 950
85 328
112 806
195 1012
376 770
1042 663
490 890
1051 686
268 617
329 577
759 1070
603 513
547 903
296 883
104 248
1051 990
514 126
242 240
564 581
401 461
98 434
990 363
504 475
310 540
319 313
436 620
214 867
368 741
700 350
249 987
646 731
520 499
1086 1091
1007 322
397 504
1104 123
877 176
671 424
556 1067
404 97
182 106
832 133
850 402
742 343
811 680
1025 635
766 338
352 930
161 195
13 883
506 717
505 197
112 517
210 388
1031 692
406 819
799 221
502 552
606 100
803 616
886 759
32 218
560 391
1035 691
587 656
669 235
823 518
178 994
310 792
990 538
675 63
464 891
84 475
477 137
994 217
720 227
551 366
749 1095
772 144