166 344
207 931
489 127
1011 816
466 115
591 553
710 611
682 763
804 138
203 629
885 540
461 556
789 562
652 275
212 581
127 524
984 302
911 491
1012 333
1032 1039
587 912
438 240
732 1016
83 741
491 720
462 469
292 989
238 262
356 580
423 592
221 488
912 1037
471 316
975 276
393 581
774 1052
728 873
327 364
431 964
982 649
245 161
996 894
207 144
282 561
667 421
479 876
1041 632
827 252
42 1068
110 583
872 141
564 809
406 381
89 296
134 1073
814 845
326 489
629 632
953 408
415 632
695 398
733 145
889 1116
616 815
90 676
1052 683
446 1017
845 1123
172 669
564 640
129 617
393 409
709 221
666 549
1085 712
440 537
480 782
1063 234
355 1021
199 815
780 686
425 71
817 518
915 1004
565 640
672 486
783 140
575 214
977 503
641 1088
611 614
185 156
425 870
326 1014
772 788
1024 597
111 210
853 999
428 391
429 910
608 45
149 909
81 205
518 365
105 14
244 1008
561 14
486 884
763 628
707 899
572 965
116 581
869 216
384 661
403 67
619 1044
654 575
315 445
694 43
259 1092
652 571
753 1118
946 756
135 805
209 707
804 950
674 874
717 636
469 390
346 78
653 558
437 267
245 380
666 319
393 1006
906 837
239 484
154 607
442 317
72 1018
852 791
1011 1077
100 1017
624 688
620 228
75 868
777 164
459 183
738 915
794 409
370 677
600 790
877 500
981 1044
1000 592
137 914
279 765
1015 693
483 306
590 505
527 574
211 222
169 195
341 420
919 336
659 277
1110 724
491 574
202 864
972 536
315 250
498 371
429 56
504 465
26 241
233 382
583 183
514 285
406 275
695 574
880 821
189 1050
607 70
992 585
255 561
174 161
946 378
567 728
414 571
573 564
440 1048
650 248
157 122
648 915
822 455
682 1039
800 784
1 485
224 766
640 284
931 481
203 841
2 87
592 904
775 278
784 7
414 1083
890 125
660 336
198 192
376 806
560 111
120 1006
597 703
737 1091
286 929
1089 197
747 837
564 232
854 642
430 688
1016 881
418 450
0 618
380 573
306 175
126 826
1022 295
510 213
770 175
639 230
733 445
592 742
470 324
1089 194
227 272
181 241
669 156
299 456
99 434
822 524
1014 136
753 713
349 685
570 298
865 30
631 516
299 219
343 606
908 320
92 539
549 16
393 347
551 942
340 669
945 911
427 261
424 367
440 198
647 648
949 240
9 1054
775 397
323 353
81 738
389 784
661 534
766 778
567 778
894 208
786 705
485 664
232 816
946 500
766 910
958 124
247 628
113 876
822 870
505 442
112 108
161 979
619 28
160 952
366 394
330 42
462 489
151 567
174 723
915 474
458 427
937 334
65 185
339 540
524 507
348 618
913 995
936 38
637 1017
973 482
953 671
852 484
897 689
575 820
170 503
346 557
933 920
427 264
136 450
374 245
658 938
354 506
458 559
426 1085
306 998
975 413
414 189
226 641
732 378
373 500
517 677
625 108
18 297
242 367
179 599
290 1001
378 740
294 691
676 1081
960 948
911 1055
721 940
933 683
413 1042
888 397
945 768
34 165
783 650
927 102
1061 398
607 559
494 214
205 817
117 863
423 743
1040 843
1037 185
819 437
600 807
174 736
1022 41
139 194
940 1020
860 613
691 406
596 1067
121 634
260 986
146 276
17 738
268 804
892 761
693 10
577 352
274 571
411 996
266 300
123 945
905 343
1072 751
435 226
595 935
164 856
571 370
560 468
931 423
728 469
690 919
910 1115
835 254
722 454
110 922
745 777
1049 550
294 986
755 261
616 242
362 706
1050 1034
731 966
146 387
1067 787
357 147
644 904
673 388
797 392
957 265
1101 1110
676 784
450 710
550 943
221 248
665 24
949 292
394 287
173 969
734 571
658 658
488 327
1073 262
1014 636
255 709
416 530
674 430
156 347
608 538
690 957
270 975
689 956
436 629
654 584
551 833
17 51
742 168
735 808
792 827
916 38
721 396
959 596
500 1004
972 287
572 1100
83 748
79 1003
663 636
675 604
170 290
898 184
957 487
208 864
715 799
363 282
1010 752
115 574
578 275
715 871
841 203
347 548
144 1060
686 315
757 756
970 130
611 137
150 907
846 100
1105 127
970 531
889 915
461 818
114 586
1044 347
174 1047
194 486
207 840
242 429
900 677
686 943
1054 144
580 955
252 482
1073 494
592 784
259 1117
770 428
678 936
848 2
859 970
807 222
319 338
1046 48
319 1105
58 532
363 860
993 556
153 458
170 464
371 342
988 475
571 420
486 564
411 487
254 101
62 353
701 486
455 599
955 1077
68 277
902 615
473 581
333 254
126 491
202 1094
953 953
159 165
235 495
981 174
275 549
869 338
712 621
1016 853
892 612
1030 1008
193 514
458 273
569 690
836 176
546 399
722 909
300 585
324 345
810 488
759 717
736 901
419 697
1022 419
833 729
793 768
318 23
294 642
973 112
920 298
988 232
1037 159
140 334
436 805
802 477
900 856
780 955
915 1076
1122 596
1087 838
382 752
590 570
941 306
664 57
598 758
607 865
1115 536
198 770
831 1072
505 638
391 795
288 228
484 305
670 433
437 881
956 355
120 999
885 724
374 362
1022 882
343 512
1009 243
415 397
726 160
963 902
835 469
270 1016
1008 660
424 671
424 132
535 954
906 828
1015 1089
462 450
9 393
63 1013
103 127
921 170
563 330
196 353
831 460
601 308
299 96
6 531
718 696
958 125
562 213
145 992
868 527
938 96
270 930
230 169
598 87
863 651
539 1070
627 677
637 1069
997 772
162 1078
223 296
191 269
117 673
1017 107
588 400
933 309
355 1083
929 482
889 952
356 690
360 459
318 41
604 965
996 462
1101 428
320 455
398 872
556 503
200 599
356 541
442 865
868 475
609 585
310 62
223 807
497 182
867 135
586 947
48 960
300 248
315 945
1055 984
657 703
955 236
251 909
651 423
866 1050
711 846
704 229
434 829
1027 895
101 655
945 518
278 347
713 488
157 73
895 804
904 786
390 483
726 1069
693 1087
714 670
695 529
408 1095
941 4
347 668
525 936
128 92
507 465
218 1121
270 242
1023 456
986 709
451 1053
406 219
924 969
404 188
13 200
588 591
925 65
741 468
126 1006
931 202
618 145
782 154
699 423
859 998
155 168
966 222
281 928
338 209
372 776
524 108
412 387
436 1094
160 471
647 413
856 909
716 942
467 876
557 970
671 115
832 680
583 818
546 628
976 581
314 910
1008 970
340 693
703 706
375 826
104 436
516 353
127 33
273 796
484 953
930 925
391 591
956 827
540 258
501 537
94 178
115 870
271 428
887 769
731 77
540 895
701 1
886 1006
365 82
1022 155
747 637
690 252
539 896
582 610
483 213
583 523
401 977
690 981
57 623
123 627
1054 288
43 988
871 229
107 223
309 711
277 818
473 646
428 995
364 146
452 230
434 213
780 533
255 903
772 673
262 776
630 832
718 400
46 807
270 965
486 1001
474 553
575 909
719 220
847 604
864 713
364 508
979 948
918 160
239 319
382 1074
414 671
821 126
561 266
160 616
730 241
795 635
934 111
104 975
140 641
74 1091
505 424
799 172
828 291
141 208
937 351
518 144
801 91
287 105
401 311
42 595
307 301
747 169
196 596
341 803
479 188
260 769
989 909
397 17
439 310
302 726
744 145
808 931
511 344
424 275
120 728
307 517
257 390
5 174
976 252
655 431
1082 159
802 1020
466 1057
917 241
571 533
375 847
302 156
13 420
456 888
875 341
648 194
166 644
524 885
638 378
738 834
191 671
828 873
461 105
1039 780
744 389
783 487
111 907
866 710
679 890
253 515
65 881
104 88
637 805
29 465
439 896
822 493
1032 151
804 229
782 591
503 1014
869 210
349 726
286 591
20 763
1043 526
1044 999
47 629
135 832
736 171
762 225
37 413
948 676
856 415
324 280
299 768
884 647
611 756
956 776
600 806
748 286
890 583
110 953
832 542
207 803
539 841
300 36
305 835
976 736
276 899
907 207
369 634
977 614
719 178
628 443
430 272
363 29
671 286
212 947
108 756
479 425
241 719
572 871
341 3
2 329
358 582
281 275
675 273
594 828
588 889
77 77
981 960
683 731
1021 840
1036 453
1015 649
1119 122
643 445
816 722
320 823
226 135
497 1011
942 995
650 362
735 955
532 429
655 198
425 278
245 322
169 306
224 675
906 806
35 644
854 618
530 1032
781 213
488 833
1059 721
794 400
749 474
228 621
508 1045
434 205
102 600
541 1018
898 688
927 1116
195 451
999 898
1013 437
425 730
189 458
173 32
737 745
462 802
665 349
825 481
370 382
30 117
779 726
564 938
186 604
736 567
531 55
1107 452
400 392
284 913
479 619
935 1019
470 802
616 986
591 466
683 643
768 309
780 390
298 536
556 379
586 235
205 996
291 966
284 968
689 178
789 647
1000 801
300 444
1060 357
225 133
829 661
480 474
933 317
706 243
726 31
547 437
955 986
517 406
766 124
824 174
585 427
795 944
441 1106
738 410
922 1081
250 585
458 270
637 321
216 89
985 228
386 598
983 801
706 894
888 630
59 1048
960 65
760 228
182 855
808 188
743 573
504 998
257 591
154 678
367 823
953 850
810 917
1077 674
50 932