457 455
210 805
998 1012
514 603
36 798
1029 506
667 619
52 736
815 155
410 717
57 923
57 785
870 354
99 723
329 282
240 352
170 711
101 1028
961 845
531 1002
702 902
842 137
1001 804
983 234
459 777
749 607
458 149
587 278
578 750
257 1089
663 640
681 512
1105 910
291 845
1052 577
445 444
1064 222
787 608
594 926
569 120
131 769
408 166
688 392
533 813
759 843
761 480
604 361
780 102
125 624
388 73
670 402
826 807
137 268
1034 935
124 789
269 529
224 522
609 683
244 1115
140 897
940 709
481 985
214 648
854 511
127 1114
488 294
148 594
931 334
203 417
662 134
195 413
374 545
106 811
529 1005
896 504
702 923
534 608
306 595
131 764
774 303
1088 942
279 729
627 714
661 471
1023 918
223 489
662 152
866 366
262 784
201 794
183 666
640 765
311 160
565 917
959 753
771 865
715 425
473 317
68 178
826 619
164 539
525 427
279 884
752 863
928 91
895 342
356 939
15 374
918 588
385 873
402 206
307 251
841 1042
670 352
527 289
376 249
885 791
776 577
767 377
235 124
354 186
885 977
76 659
937 140
993 1051
653 139
261 763
205 103
747 223
822 631
987 410
637 827
155 114
632 783
933 405
413 928
237 145
378 939
318 36
172 859
118 276
531 676
288 992
277 267
912 1002
713 287
1059 390
51 249
832 20
198 1085
502 337
333 832
846 586
869 556
250 848
95 937
890 721
746 956
116 387
435 208
96 763
1088 598
1066 1106
629 111
329 511
856 407
763 635
1091 995
523 715
672 1061
847 138
406 44
36 817
570 644
875 689
167 638
940 360
449 295
1099 250
1014 1002
372 463
951 1112
117 775
99 308
970 767
714 498
959 315
416 855
345 678
666 401
887 755
729 605
261 1052
821 832
955 845
672 750
404 952
428 506
319 1106
925 1019
1016 651
331 1030
981 479
1075 209
946 421
1108 777
671 327
621 755
106 379
221 321
249 690
622 718
595 641
221 919
393 924
758 1037
957 537
715 1057
407 671
938 152
935 823
559 277
408 353
463 716
474 448
599 563
133 657
500 1017
288 807
628 604
690 621
632 741
186 208
634 142
786 120
5 336
794 669
996 434
872 288
488 845
522 867
277 37
828 595
182 719
774 125
727 624
177 360
800 569
1117 729
424 722
519 177
1004 317
442 102
1001 904
791 112
250 287
725 1084
366 587
902 922
320 744
438 371
1072 1048
915 167
646 803
398 858
286 766
740 469
291 289
995 1091
983 1087
942 693
338 233
205 609
393 320
374 798
271 323
441 1008
998 484
475 146
803 713
1013 797
890 621
528 520
119 413
956 538
518 555
1077 865
653 853
623 444
544 314
668 758
569 688
781 476
993 376
956 401
841 435
182 745
181 274
687 288
142 736
1024 492
942 199
265 977
285 1002
740 435
666 467
248 1105
923 809
983 288
329 764
991 538
318 540
442 584
247 464
106 152
781 737
772 860
504 572
305 370
200 239
431 961
839 1088
326 594
161 732
770 931
5 664
160 538
973 792
108 574
977 464
173 858
429 625
183 876
362 179
204 553
581 236
697 155
335 816
511 302
240 619
373 838
607 115
358 103
341 130
501 887
489 569
733 1005
176 312
929 874
110 626
587 485
491 107
671 988
410 157
315 1019
566 660
1069 518
30 183
358 123
192 256
759 152
881 53
1061 899
0 213
585 857
282 324
205 1092
456 466
610 601
680 606
204 464
605 488
849 240
1067 906
839 389
161 827
479 43
464 397
294 879
519 417
273 390
232 942
633 1017
707 459
576 267
993 927
324 243
707 790
886 71
300 1018
613 249
756 106
982 504
637 385
177 282
747 156
687 244
575 1017
333 417
896 252
352 555
629 214
530 740
822 968
387 536
234 384
944 231
197 694
669 677
418 802
902 1056
659 366
520 422
871 642
80 751
567 1038
948 977
269 299
224 559
765 420
255 422
813 242
200 297
280 744
133 859
654 757
372 287
906 959
629 891
631 339
564 66
448 936
333 851
783 921
186 152
124 596
884 509
30 917
929 551
925 790
718 997
897 546
1021 672
810 823
1107 604
313 913
773 738
327 116
427 299
548 577
1032 304
423 535
275 353
611 399
740 759
508 362
517 390
539 464
714 617
810 454
667 601
372 614
176 673
436 953
811 801
413 109
603 575
117 196
827 991
742 777
813 582
149 904
688 809
804 808
905 206
206 484
601 169
240 79
728 125
139 1086
246 923
928 124
49 259
380 482
1009 698
269 848
995 412
1044 237
730 949
868 597
155 716
1034 544
533 955
373 415
65 514
217 140
336 1011
79 11
1011 554
675 621
854 766
162 284
705 412
990 608
743 498
395 886
1003 939
762 442
306 889
379 712
9 244
900 171
114 543
281 589
357 283
843 530
783 240
43 1003
28 96
737 853
190 297
169 255
897 392
542 459
100 971
651 529
313 161
561 322
484 842
653 883
558 473
1050 499
155 802
818 783
861 592
930 377
652 993
830 814
738 459
690 29
658 78
507 996
355 145
973 763
303 314
557 246
795 759
961 333
779 835
574 1120
797 1089
618 752
375 34
371 208
924 477
651 356
921 990
388 1064
154 772
274 861
475 535
664 512
225 700
1092 1075
437 828
55 38
723 354
227 468
774 308
670 744
368 805
331 274
416 834
495 112
903 173
1098 175
879 489
702 580
905 742
236 211
382 333
1093 991
486 743
811 751
131 737
40 776
302 780
171 719
604 968
530 739
399 1064
424 377
372 489
199 304
794 1022
675 464
932 595
240 914
978 492
345 788
979 846
202 140
405 324
260 579
207 699
951 288
349 298
123 581
991 686
107 462
943 405
587 574
79 219
832 440
810 191
868 703
608 421
739 231
118 767
0 781
902 136
164 963
194 846
25 474
381 64
362 299
282 499
138 351
488 225
317 40
798 481
614 679
433 524
826 281
912 912
29 239
247 56
675 213
893 421
713 447
548 647
276 637
1002 471
658 450
790 582
687 747
182 730
602 372
1037 175
665 942
82 96
494 174
958 973
587 285
628 951
359 445
347 444
1 606
800 456
585 601
599 754
862 215
371 666
552 462
415 273
455 489
803 779
214 1069
704 971
227 36
720 71
639 1052
445 710
1114 259
1099 600
909 426
444 206
915 962
906 769
644 141
912 316
395 536
903 1071
3 308
988 789
213 582
314 156
21 387
141 863
661 986
1054 554
273 198
303 520
820 673
605 676
230 455
323 538
535 325
521 597
540 720
478 628
232 504
493 360
465 477
435 507
1043 557
64 1004
249 733
801 948
682 446
25 492
230 695
868 848
642 240
787 323
613 323
846 52
580 127
594 326
543 686
637 501
133 123
816 310
817 400
988 404
542 528
596 320
928 980
888 680
52 198
775 333
42 685
463 417
305 624
956 519
343 640
895 277
961 737
365 453
665 668
1095 413
950 20
623 283
961 966
777 873
549 493
948 880
7 447
404 704
423 262
254 240
134 667
1089 817
665 531
982 1105
573 915
9 663
348 541
410 544
683 308
927 668
149 490
731 244
836 879
391 476
702 471
287 781
262 456
670 820
980 301
897 807
357 549
140 918
119 937
52 918
339 312
705 199
77 653
843 97
885 325
513 674
638 648
190 732
288 652
346 387
465 80
117 431
821 1018
694 420
910 1034
110 94
562 248
504 149
531 1018
453 682
106 68
300 27
288 365
545 530
105 754
622 520
146 592
699 589
605 698
272 788
171 792
424 615
922 252
715 427
504 856
887 833
523 696
450 265
106 515
615 524
879 928
354 507
422 297
524 887
737 1037
440 168
725 283
343 250
977 750
707 530
749 1011
200 910
325 531
115 240
341 296
567 1044
232 319
1006 210
821 253
301 390
718 308
725 405
468 556
777 599
797 932
422 83
280 333
379 270
750 509
541 884
106 228
760 762
795 726
781 614
799 295
440 232
194 267
142 169
368 641
967 603
456 281
577 85
1035 174
477 160
339 885
627 348
15 552
757 190
899 239
212 720
276 207
418 260
359 607
760 358
881 574
179 102
25 689
853 642
300 358
599 1056
797 1044
851 670
974 105
499 679
718 593
297 968
828 457
759 541
1067 493
740 232
639 396
646 653
600 774
847 318
949 467
906 247
667 420
404 579
206 461
347 323
595 580
1002 836
343 836
462 267
760 829
273 699
450 145
663 267
977 847
856 181
972 103
229 139
948 912
419 675
454 124
961 536
350 846
74 669
309 437
559 965
585 834
442 797
419 954
1101 259
484 646
305 621
843 1122
333 1094
810 485
520 137
912 672
854 909
215 891
835 61
255 375
33 219
53 127
382 788
648 7
477 591
889 721
811 110
921 911
621 400
24 496
711 744
851 608
803 1034
846 1071
92 793
299 537
1119 525
666 321
79 213
26 131
494 100
164 218
645 416
598 789
871 90
625 312
504 202
471 920
101 503
107 725
588 27
290 207
218 623
543 268
118 676
194 243
221 644
481 695
974 235
882 603
266 344
327 473
657 392
724 850
899 832
430 467
606 571
917 52
945 867
180 819
186 915
70 231
530 138
536 240
46 87
85 976
535 210
129 409
699 490
1042 330
550 934
1023 402
955 47
866 637
844 215
65 894
568 618
624 167
704 727
953 878