549 158
655 357
926 334
381 322
406 267
341 683
441 760
702 386
481 277
558 276
879 41
189 187
855 299
658 742
384 616
869 542
200 469
566 673
811 485
234 596
695 746
660 1015
238 767
502 345
425 875
424 591
363 888
924 800
105 487
852 835
212 831
905 907
345 101
637 290
920 1028
786 556
263 1062
395 858
768 225
335 583
994 222
213 370
593 381
608 743
729 579
403 410
103 903
898 486
445 598
370 496
821 437
458 77
782 1012
148 314
930 39
259 247
933 647
197 1057
570 1011
667 441
24 469
439 575
410 414
294 981
862 176
991 521
618 383
335 122
851 453
821 172
178 466
489 113
311 333
416 419
810 278
567 318
559 735
616 376
354 375
56 1008
1121 829
650 354
795 981
524 961
94 385
664 567
363 717
825 1018
128 522
982 792
714 760
590 1029
519 840
142 223
206 65
516 417
307 385
573 984
592 104
728 429
255 785
580 35
821 385
715 828
765 466
400 432
536 114
1110 257
988 128
1009 810
229 325
966 734
985 456
959 634
532 215
385 967
745 604
145 473
219 85
138 735
576 145
460 179
915 971
566 693
981 960
218 254
688 240
210 593
222 985
400 973
109 448
802 681
377 98
566 660
845 238
565 938
293 428
795 782
332 1026
298 879
476 976
815 641
1008 202
720 672
195 153
847 542
930 425
430 26
750 316
509 415
810 730
541 679
817 526
934 971
404 227
645 842
98 198
538 989
896 1123
1120 628
535 565
750 749
798 326
107 338
467 434
445 256
611 418
615 669
317 27
867 183
262 753
909 455
647 939
353 312
150 174
270 198
514 176
468 487
839 554
676 983
404 817
830 543
161 263
843 1106
1106 447
500 596
938 579
269 144
442 849
206 699
895 1031
350 763
167 661
449 815
1097 443
245 589
781 390
72 996
653 149
417 434
923 95
199 855
391 403
37 659
774 181
519 141
324 496
229 413
1007 716
646 852
517 856
166 760
397 317
339 398
429 1039
162 354
410 501
54 744
677 360
381 905
28 224
1014 728
748 797
157 133
581 1084
657 861
648 1054
844 100
924 350
24 686
650 456
656 523
567 1098
720 450
782 276
554 827
219 971
450 450
384 1014
147 856
210 461
683 654
984 662
329 468
961 973
621 311
598 63
96 211
914 194
1044 646
711 475
934 959
831 293
530 372
519 228
272 322
695 615
84 432
1021 753
202 1100
133 653
875 881
369 186
559 518
666 312
636 125
553 969
126 214
879 912
112 539
836 64
759 742
995 243
453 969
62 258
715 428
713 97
1035 901
532 236
444 106
267 803
103 469
1104 156
1018 39
182 712
1059 976
272 156
187 641
956 1112
412 935
233 561
149 410
66 530
131 922
426 881
1006 902
187 171
133 406
572 194
447 860
259 729
403 398
925 1078
122 217
969 925
163 751
447 924
858 958
984 725
45 503
634 792
843 481
584 922
486 354
894 29
891 450
1014 673
808 847
72 389
479 676
789 334
928 712
617 736
160 962
608 434
1071 103
77 552
478 711
689 278
778 467
22 164
792 13
663 608
522 284
1091 99
305 125
673 398
1093 92
274 379
925 693
20 460
675 367
831 172
143 254
564 293
721 530
147 817
945 961
268 805
738 938
1096 735
698 443
445 968
161 1044
705 575
119 206
408 977
464 451
600 1057
513 269
712 755
1028 693
103 75
989 41
127 746
22 658
766 1006
157 262
171 965
859 819
382 595
897 918
369 529
637 906
161 573
1058 1021
263 790
361 359
316 649
26 971
97 120
783 478
220 1003
74 310
441 329
733 900
848 864
514 813
176 117
1012 323
290 862
985 630
322 631
457 307
717 548
499 241
722 363
853 675
194 202
873 1121
551 607
358 558
575 1007
324 707
584 740
508 1045
738 1008
503 288
778 622
1005 455
669 933
748 441
759 1015
177 28
389 315
278 450
644 719
798 1115
85 177
654 990
86 285
221 808
212 727
546 1025
606 656
667 451
954 578
921 427
462 738
745 591
915 133
362 976
854 160
309 817
919 494
808 858
730 899
863 196
577 289
923 421
317 201
157 125
676 272
501 89
993 964
455 691
1014 41
543 307
548 1114
211 985
528 836
78 500
92 539
714 903
496 531
670 368
604 638
185 880
876 586
683 386
438 990
274 35
749 887
542 146
217 229
480 472
1031 828
64 853
651 551
230 376
767 1046
372 1037
324 666
441 715
402 4
556 197
981 830
465 678
302 137
1115 263
982 298
644 830
291 904
422 749
637 454
555 459
117 401
611 68
431 531
612 174
549 378
661 971
711 477
622 205
219 148
847 952
458 175
464 361
908 313
740 267
43 225
210 209
347 591
948 474
672 800
385 496
934 710
914 60
787 646
720 572
354 519
400 301
988 128
626 971
168 142
39 825
760 863
689 179
184 144
944 857
1009 730
474 439
626 111
107 960
322 979
543 795
152 616
508 417
881 703
307 705
420 228
1045 933
363 177
657 78
404 263
158 10
300 43
318 812
288 460
933 1023
38 850
67 914
695 585
890 1080
563 410
732 703
744 729
243 983
525 846
731 447
995 211
197 499
471 217
837 375
951 599
722 672
360 704
388 141
616 488
989 844
425 565
1075 801
727 543
250 850
870 261
1093 645
759 317
623 923
488 332
735 959
576 1052
108 243
633 803
426 523
161 719
799 757
859 954
58 346
282 317
0 483
1027 449
425 198
888 341
911 1102
926 989
724 302
757 350
9 427
888 1015
413 1045
635 556
599 475
368 880
271 619
988 903
319 273
602 359
798 118
163 730
873 273
120 385
868 234
839 48
291 357
214 1027
453 352
671 371
385 535
1108 544
540 221
548 613
730 1015
333 993
923 604
991 792
180 942
597 356
752 540
469 729
300 545
947 286
170 901
168 641
901 1021
525 688
520 473
506 542
804 93
649 278
346 513
898 1042
458 491
331 540
166 799
116 919
1034 944
500 78
724 563
357 822
467 138
1057 521
827 4
775 848
871 249
497 518
162 961
49 348
98 561
225 355
471 853
813 663
1000 323
961 457
556 400
477 282
943 132
1051 372
349 1038
559 1017
62 851
50 850
315 528
500 783
980 487
160 429
332 632
729 1021
806 607
687 297
792 865
793 957
741 481
579 889
606 920
253 619
297 388
361 1065
445 289
235 865
217 214
1039 597
227 159
267 255
620 80
934 888
322 822
795 18
981 77
988 767
334 587
377 333
208 341
918 860
256 196
892 877
403 455
695 882
542 118
339 823
750 755
683 904
208 343
1020 136
299 1003
691 879
757 77
904 628
951 884
583 210
828 761
782 104
87 192
657 318
267 262
738 811
932 463
201 29
844 639
435 219
816 873
1008 558
1051 556
855 870
278 234
243 362
745 616
117 783
877 1097
976 685
980 125
178 239
934 696
743 235
381 552
935 370
554 602
503 936
128 685
334 107
965 638
634 382
287 844
708 943
178 845
338 300
472 145
858 358
748 812
834 832
1066 936
211 386
610 792
917 579
476 759
208 865
144 59
497 471
311 47
121 176
612 48
574 718
510 860
312 252
910 689
376 1053
797 377
998 269
989 794
911 231
1112 950
389 721
915 996
385 897
247 793
911 181
365 380
473 925
1096 916
75 10
105 378
634 32
893 1013
961 224
73 155
429 637
738 905
154 556
963 134
669 319
760 892
367 369
155 569
476 500
29 595
804 332
231 781
477 212
242 136
1044 1094
716 687
437 1069
27 545
917 443
558 229
1070 985
659 907
428 384
900 304
464 327
301 826
707 599
173 180
136 502
644 860
702 1002
941 304
212 509
1068 134
383 678
702 100
874 646
654 365
239 148
931 806
938 413
32 672
695 864
364 333
897 551
315 151
85 342
819 1046
50 887
995 439
125 489
637 202
42 78
1075 843
563 910
1016 677
567 931
6 940
818 690
934 1120
746 848
575 98
1091 952
396 537
562 97
234 423
376 461
753 934
342 1106
248 845
737 345
362 374
845 286
776 376
477 579
677 192
871 857
568 1024
313 132
599 465
189 262
176 51
633 219
0 898
332 408
839 923
547 600
671 1022
933 182
540 487
324 748
212 625
374 1064
910 72
1116 407
672 965
1022 139
156 591
6 1081
620 972
561 34
855 338
734 766
462 552
67 627
611 372
316 756
18 613
298 910
554 782
536 868
687 222
1052 1051
752 858
172 400
220 524
450 975
128 528
720 230
463 219
272 1021
677 838
640 346
493 300
109 516
434 77
649 199
716 485
897 474
403 155
43 873
160 133
172 136
298 401
717 418
986 512
920 798
435 20
770 1002
1000 775
430 594
848 831
280 309
831 719
270 1012
173 738
882 629
875 67
268 605
605 510
102 184
968 635
770 874
291 330
464 524
663 467
824 335
714 1004
825 137
428 247
241 111
294 821
745 764
411 719
456 188
721 383
592 493
515 696
193 797
799 574
877 675
1014 92
252 2
1002 971
173 804
132 884
83 338
862 151
657 157
815 963
182 879
78 572
871 713
884 542
741 684
797 536
999 679
273 606
899 1055
598 304
636 1052
137 237
920 232
405 80
187 468
719 126
1079 261
332 807
817 438
1119 22
749 769
135 0
529 43
1004 867
138 488
248 918
86 984
516 124
167 759
924 113
679 1033
652 113
635 134
387 9
1081 1048
893 261