494 798
231 958
186 932
622 391
283 387
813 915
970 159
635 715
213 926
367 175
568 495
311 142
184 604
223 639
569 978
527 261
725 518
201 899
331 717
398 234
470 321
31 859
706 895
435 406
303 258
22 998
1084 233
840 1005
842 232
919 925
239 607
762 900
890 1117
167 887
261 520
830 752
556 750
335 542
1082 863
1033 1055
1119 100
340 938
750 768
41 1004
301 344
576 708
640 143
206 961
600 952
295 463
1008 568
358 321
584 348
995 996
171 435
513 893
910 243
249 506
563 302
290 313
137 780
514 701
1022 357
836 584
132 32
947 39
533 48
706 715
123 848
69 68
1016 740
75 360
190 241
197 714
634 713
891 628
759 244
1013 271
529 202
832 481
221 111
1010 704
206 567
618 354
432 123
156 1014
808 44
144 854
830 553
985 502
258 55
124 360
679 477
657 364
160 296
215 240
355 923
179 782
44 971
1110 267
203 558
495 72
458 173
558 290
369 545
291 113
284 140
366 1121
405 276
767 509
469 231
259 610
147 426
872 59
46 373
671 655
876 362
456 702
339 944
1107 916
319 227
756 156
776 516
919 1121
288 133
581 575
599 622
966 253
406 1049
728 365
905 262
31 814
1050 714
174 871
606 1121
837 594
565 407
141 957
789 904
64 840
979 193
508 784
99 1026
762 199
541 972
459 461
1048 130
383 623
691 387
617 297
877 504
202 484
981 804
140 358
869 256
382 7
52 433
1005 631
630 1009
213 172
313 796
777 150
108 847
596 459
1000 99
929 1067
391 218
785 196
426 1107
955 242
930 765
543 788
689 828
110 360
163 224
986 657
251 979
658 182
516 1116
276 267
974 748
894 148
410 369
765 791
954 491
736 983
437 574
524 502
33 330
409 852
509 312
533 253
332 791
902 739
790 934
345 716
844 371
616 653
708 919
216 905
18 499
941 111
521 556
390 265
740 954
229 665
119 260
109 445
183 238
973 554
937 123
221 218
735 473
327 291
106 347
233 830
627 1013
568 492
576 557
820 330
297 656
185 597
943 449
244 84
613 132
807 103
1080 578
878 946
772 909
484 20
649 434
412 993
428 954
1003 342
900 84
229 610
1003 591
335 144
234 293
849 843
584 623
693 911
518 1123
83 692
974 995
5 269
975 394
529 969
896 261
773 556
60 990
527 898
907 196
750 1019
328 910
388 717
111 920
317 611
878 583
496 1104
657 926
787 53
796 286
404 781
470 484
726 610
342 554
333 439
312 370
302 299
571 360
117 701
301 230
400 510
119 852
568 985
1076 242
183 437
839 215
233 86
1051 540
846 406
529 447
543 835
903 805
311 347
992 282
1097 360
105 833
327 259
298 757
457 851
1012 677
343 1008
190 873
64 588
887 949
309 273
444 655
813 1094
243 554
225 373
170 268
362 403
962 834
80 709
637 143
330 394
504 592
605 312
418 1090
322 918
13 182
139 804
156 142
763 369
350 243
372 223
951 934
1045 840
1079 1040
373 621
429 871
655 570
427 248
495 469
942 632
973 734
40 874
112 974
186 279
193 849
629 606
184 686
119 686
30 268
775 434
1013 802
396 910
272 237
892 857
119 1119
145 325
714 601
335 919
76 154
127 331
419 114
148 709
805 264
267 369
810 425
808 339
711 14
963 999
322 1051
140 1082
796 654
934 971
654 562
267 740
671 972
206 740
393 1047
485 680
484 534
857 532
879 1001
1057 648
1037 650
176 987
519 909
75 1073
262 1029
916 339
271 1024
227 637
914 436
375 844
511 325
799 494
491 1024
30 195
967 1007
365 571
694 807
594 374
652 665
216 70
892 236
562 265
3 252
608 132
635 856
251 373
1034 450
245 1032
771 419
301 191
360 808
655 340
26 932
872 630
817 607
163 653
200 208
479 1061
140 523
778 742
196 1083
996 551
604 197
1093 580
117 285
537 467
1068 921
880 185
609 777
602 329
159 136
248 714
1041 623
716 959
664 950
104 363
291 775
1084 874
575 982
191 804
775 117
661 616
382 970
795 340
523 762
363 977
776 612
700 1006
127 464
601 552
582 153
3 215
506 230
742 966
249 151
62 775
259 52
424 418
581 357
185 13
128 701
117 517
358 676
152 906
923 518
379 480
1122 853
866 1109
759 91
339 162
980 183
388 469
1071 33
603 1039
455 592
380 443
360 386
897 703
720 716
243 606
747 628
321 668
308 25
204 717
1076 632
547 723
202 133
862 800
165 474
588 312
335 596
833 885
811 591
37 747
97 945
184 456
408 391
690 197
259 345
910 805
792 124
128 671
777 385
899 285
188 902
310 891
453 58
304 501
114 660
300 497
199 832
993 595
586 151
369 853
213 924
105 582
411 562
209 1102
104 1093
466 725
300 847
728 329
441 807
412 563
971 817
255 916
101 803
300 124
202 930
696 494
702 30
586 377
996 927
578 319
543 431
764 233
749 934
515 554
211 134
21 278
360 816
1121 556
875 256
291 676
926 991
566 985
312 756
920 838
269 339
856 782
262 361
794 649
151 467
610 673
147 701
154 919
807 94
1005 561
797 640
373 692
592 284
709 963
812 247
475 660
637 271
539 803
104 793
47 698
146 618
612 1013
482 1077
810 1052
650 240
939 689
706 330
815 659
486 604
552 801
778 207
666 587
812 25
149 146
752 369
195 193
502 722
298 1013
418 598
749 686
247 642
930 237
9 776
596 1065
106 822
359 604
918 291
862 884
859 767
204 961
959 766
131 298
651 1053
473 551
780 649
614 551
536 1096
987 250
779 352
581 351
994 98
559 475
797 156
1008 598
216 136
200 388
654 588
971 765
201 778
880 268
1017 851
943 381
1108 113
235 952
573 507
50 675
344 489
541 518
985 1042
309 601
892 475
788 599
437 967
197 469
232 512
247 600
671 830
1087 183
778 580
304 145
903 858
815 815
595 962
153 838
100 620
276 868
175 930
723 527
864 249
552 633
705 60
1055 933
4 658
468 895
892 688
606 748
805 154
1061 460
507 577
988 513
408 996
314 194
682 125
113 435
140 803
589 671
490 7
1011 425
974 471
1005 925
377 189
539 630
876 493
144 566
56 738
918 674
227 786
719 570
11 224
499 393
639 266
858 335
605 872
888 768
383 854
1001 184
177 845
499 430
670 1060
151 121
402 446
424 65
652 539
532 1009
1092 39
355 700
622 528
297 1005
320 851
781 633
306 724
861 392
460 424
1103 283
1029 229
1093 883
657 769
706 815
534 57
857 276
1003 450
201 754
478 1023
747 637
669 526
441 603
730 572
466 676
562 782
819 692
743 914
137 42
925 335
963 863
563 515
834 231
106 535
235 894
473 459
768 832
138 323
975 270
585 884
34 487
395 668
664 141
654 168
516 564
478 351
514 1069
138 84
948 563
824 591
917 1118
265 455
477 768
1 921
995 763
806 870
784 839
576 518
646 483
356 761
165 850
604 645
230 142
635 719
512 993
124 371
780 367
317 880
427 1010
841 856
668 742
509 247
919 716
759 872
117 969
327 630
525 1017
1056 828
522 368
1074 162
740 215
904 770
758 782
605 745
1059 520
906 541
929 534
722 562
318 542
793 419
1056 215
746 1022
450 752
816 986
483 539
403 623
48 1024
1027 242
1089 676
424 865
502 671
348 497
347 1050
333 157
909 775
79 332
476 852
625 552
161 244
917 473
986 465
1042 611
933 256
477 736
559 131
1020 168
317 275
262 540
1117 121
750 387
348 283
767 394
1089 729
456 124
605 530
568 83
617 109
715 115
369 132
550 633
525 157
908 613
507 556
962 932
420 757
158 935
949 583
523 390
69 669
975 308
511 550
639 629
293 592
167 294
699 303
422 227
542 827
744 65
446 990
904 148
557 214
491 405
448 318
217 699
501 196
402 862
120 626
1076 102
887 656
824 57
901 141
293 420
175 186
292 379
289 308
542 146
277 334
638 852
432 251
963 587
953 181
277 188
305 771
798 107
184 404
375 718
735 164
611 716
869 930
316 813
588 302
893 945
464 248
324 940
1123 614
240 893
930 318
840 683
275 981
164 276
927 964
381 658
461 957
793 156
104 230
861 798
411 81
1005 942
175 1061
991 228
238 614
279 1076
833 667
783 503
164 944
944 517
915 393
900 218
473 926
549 477
286 205
349 892
59 106
151 413
774 606
549 742
729 530
930 221
149 1019
947 932
515 1000
73 870
207 841
986 191
104 241
80 952
692 64
201 852
745 134
785 570
989 740
604 472
430 453
736 1076
559 641
122 485
928 480
631 351
771 450
577 232
803 604
491 146
176 294
382 359
139 212
340 430
571 386
226 995
242 996
1017 353
270 637
593 129
711 895
1058 1047
14 275
143 685
1009 906
460 476
281 531
194 795
1085 318
281 373
297 161
758 431
1072 602
981 907
177 180
917 655
615 686
434 477
646 134
383 1017
832 673
349 116
504 110
235 558
1070 322
182 952
943 680
383 995
608 651
756 476
896 435
120 919
779 340
751 1005
411 584
1017 385
945 424
980 1095
150 661
1095 583
742 516
69 671
394 604
79 809
6 868
190 890
830 566
672 108
879 640
929 592
172 526
236 493
813 746
347 312
310 783
704 783
678 647
525 189
928 268
781 774
267 728
100 910
1030 812
340 907
377 44
913 408
438 628
478 999