593 605
511 527
532 204
210 969
760 80
852 179
428 453
320 969
155 726
561 435
175 129
225 805
26 306
1000 825
491 940
898 159
367 999
629 574
933 654
818 1122
452 793
1018 996
727 981
327 490
463 1083
276 1099
163 0
794 401
820 112
387 805
802 351
428 514
346 654
198 560
111 803
857 342
130 215
925 981
730 703
805 761
277 96
949 426
518 314
1078 69
121 539
304 868
232 438
600 1061
271 875
474 658
554 887
761 444
955 1047
357 648
75 458
881 589
732 623
1094 791
764 461
30 784
456 672
629 544
581 245
1057 594
951 439
473 622
222 611
148 284
1014 212
730 784
599 804
902 124
453 654
789 802
815 310
831 888
503 785
204 383
578 388
85 399
644 854
307 753
149 164
952 73
902 25
964 208
1121 642
590 433
953 233
228 398
265 222
956 153
815 939
508 831
999 459
567 934
645 82
889 464
738 461
736 448
830 1110
1004 565
98 640
760 402
5 259
658 871
242 503
380 57
100 852
973 957
453 150
367 476
332 581
809 295
660 922
35 737
401 746
664 60
267 895
1000 841
874 743
647 175
1039 691
897 270
1015 758
6 856
70 998
809 1084
706 357
188 938
862 159
863 1052
775 220
881 1012
315 954
970 892
951 475
107 685
458 859
966 162
279 411
673 129
219 551
713 398
837 1066
403 628
541 84
315 555
39 831
416 387
163 922
318 85
685 618
421 500
1066 524
915 343
90 197
725 875
398 448
1015 182
724 875
116 315
851 539
935 221
378 209
171 274
541 979
977 969
284 1114
735 478
312 1027
48 25
799 760
250 1001
785 822
960 545
0 658
1065 460
168 349
139 474
903 818
412 713
874 979
969 610
451 628
841 992
217 84
241 625
150 664
568 1016
577 1111
422 307
571 872
888 880
553 934
675 714
493 1099
633 720
89 291
651 713
115 701
73 505
892 368
550 697
506 108
935 576
90 172
338 151
364 225
299 584
574 948
451 340
807 553
332 334
415 931
776 453
235 705
344 369
608 927
951 697
563 833
912 767
91 691
837 789
17 473
1033 130
248 527
943 801
692 577
796 295
797 977
742 125
508 583
118 568
214 192
976 486
1014 612
937 188
470 32
793 114
171 1046
545 410
1000 330
943 473
422 983
368 941
1000 530
770 170
101 789
435 686
798 1070
726 457
414 984
107 725
222 595
792 536
344 1007
653 185
269 775
268 804
742 501
882 296
431 720
629 243
1045 820
0 574
391 852
603 933
530 1001
111 882
540 694
148 623
877 592
124 914
294 755
464 66
154 737
265 790
378 626
566 2
114 301
899 528
563 898
732 574
745 709
699 165
11 814
159 830
37 684
718 423
680 936
248 1041
706 685
701 383
586 686
604 125
165 200
974 1001
462 609
26 247
387 883
777 215
1044 714
939 848
899 269
3 454
942 225
669 773
493 1058
278 217
851 240
737 604
722 716
527 279
827 281
431 911
789 1078
799 794
544 273
2 170
738 541
811 825
522 818
793 228
648 92
124 254
831 707
248 90
226 320
552 673
491 295
229 429
455 658
119 555
86 162
1003 467
458 930
758 287
1017 147
346 836
310 743
472 502
449 563
837 268
833 942
400 778
638 351
770 963
78 852
664 947
180 943
430 918
962 179
557 21
996 842
167 431
632 1024
752 1107
310 566
1076 459
791 894
110 922
542 743
336 798
402 584
1001 175
971 447
915 187
832 10
334 1103
124 915
1091 861
724 176
525 695
68 954
417 318
644 920
532 802
818 873
162 330
232 631
1028 753
5 529
694 615
530 880
506 361
800 423
672 223
572 368
888 332
775 519
576 637
633 737
553 510
230 736
924 372
11 1018
688 1004
724 566
227 197
861 970
34 547
567 412
993 628
582 265
823 157
232 780
53 1010
28 68
533 161
929 694
554 291
797 880
1077 489
85 564
498 668
1078 288
212 115
582 968
846 1011
983 1104
83 932
859 80
620 1044
688 681
640 715
454 1107
520 307
165 193
459 462
241 85
539 691
811 732
274 820
1030 495
947 572
248 77
213 952
545 821
773 828
514 247
154 452
292 200
126 609
561 831
362 773
484 924
739 755
316 711
250 200
591 924
460 761
454 634
996 156
776 772
461 766
826 568
947 957
892 649
512 1110
312 150
42 160
128 335
380 4
1018 469
630 119
362 911
877 951
1002 416
231 92
200 892
778 790
766 688
395 213
827 584
594 642
154 402
484 347
240 191
451 654
356 226
173 1090
961 592
638 753
906 404
8 183
697 636
993 123
819 105
1027 310
202 163
428 93
364 769
862 416
932 369
325 439
524 437
974 580
262 372
988 406
954 862
110 437
285 226
963 469
458 877
385 135
683 1079
486 502
349 467
993 171
613 422
728 683
239 675
555 306
406 914
285 334
355 377
1025 872
323 1093
1111 460
995 226
838 119
301 908
1081 269
846 496
822 528
166 529
950 335
461 807
899 552
8 286
954 345
513 594
233 536
864 351
440 775
870 1009
379 739
912 340
379 444
186 833
851 502
132 334
418 235
974 266
462 711
598 636
680 662
443 461
750 130
341 83
1024 1072
290 160
758 347
35 35
505 290
311 429
497 815
966 786
783 329
758 0
116 356
689 789
973 975
166 996
472 213
978 378
806 158
983 121
289 233
556 693
848 743
748 284
361 185
395 759
583 784
670 117
997 121
759 886
587 1033
937 108
367 823
1008 972
605 231
852 321
539 333
947 628
754 539
77 877
898 573
506 1041
401 743
590 333
321 810
319 918
780 503
833 556
379 977
88 7
587 454
668 645
331 275
1056 346
241 757
1021 763
371 1122
273 482
457 664
605 1013
1009 336
401 590
1078 352
491 642
612 134
287 1033
823 2
918 937
51 384
218 445
308 765
132 141
278 368
353 724
379 1001
215 593
643 531
1012 480
632 604
442 992
530 167
422 69
361 466
559 408
762 226
809 708
1095 717
105 49
1026 176
255 334
895 354
497 715
800 157
113 437
953 426
664 270
142 126
285 650
297 992
173 215
760 1089
278 181
1069 45
565 562
1071 733
1116 953
257 1037
308 585
953 930
993 121
663 243
426 201
798 903
189 372
703 578
151 879
541 347
710 667
156 1033
112 916
853 801
151 124
745 1040
217 1078
628 143
713 682
937 479
495 37
236 400
814 362
628 384
535 297
305 805
999 61
731 110
417 419
828 505
619 511
187 532
741 552
211 186
721 853
359 534
248 336
798 412
333 705
1106 308
338 461
252 635
221 481
1074 288
342 461
28 440
279 682
900 705
433 886
1084 926
822 483
873 134
1072 107
542 188
642 424
1082 1028
1072 225
582 849
334 999
189 194
1068 793
109 719
930 230
42 703
198 266
721 874
889 443
295 234
6 180
1043 826
38 933
792 937
862 1071
471 387
422 620
328 851
75 650
375 904
277 541
594 727
378 315
913 62
169 582
278 401
581 701
612 397
752 682
17 795
797 317
591 289
590 726
920 420
1036 750
275 575
120 942
53 718
490 163
140 241
728 485
284 1059
981 334
763 562
584 405
659 258
955 790
935 946
617 442
543 106
550 844
599 253
892 206
169 302
279 119
217 892
866 785
858 584
731 446
415 386
103 496
1096 150
125 991
517 127
611 766
122 279
192 446
572 820
502 408
476 832
656 1072
938 1026
123 478
120 424
577 276
600 234
291 585
463 703
747 898
250 779
351 396
42 1034
853 781
251 811
141 64
201 266
8 183
990 478
943 902
103 739
753 74
1070 460
997 226
947 852
142 455
303 1024
525 1002
981 710
891 420
858 717
776 710
131 532
358 755
1013 388
871 676
269 695
494 553
937 161
967 1070
574 589
112 500
778 136
685 844
257 791
351 338
563 852
944 948
668 679
745 972
767 228
373 740
1064 368
859 774
1105 320
958 152
467 1108
244 659
845 457
398 1018
740 1008
355 929
925 650
120 975
699 140
866 570
805 772
22 234
650 146
933 194
430 946
729 645
614 561
1027 683
543 425
1009 636
420 1070
130 923
143 12
104 617
864 1064
1004 357
197 820
320 108
541 752
1007 716
744 206
153 607
147 778
746 293
344 310
932 281
403 428
722 729
323 780
647 256
295 358
765 487
272 424
911 638
192 120
935 632
808 12
819 288
134 919
876 233
607 376
364 1049
111 562
256 315
272 659
478 927
900 782
608 886
854 508
850 861
795 723
87 137
596 374
1032 375
647 641
880 637
726 526
849 219
887 716
751 679
654 1000
372 395
315 358
318 762
600 752
74 795
802 578
745 652
406 577
839 390
858 895
611 1001
684 424
861 763
903 447
793 775
901 276
104 662
1048 757
346 651
244 910
1003 759
716 667
662 67
724 962
396 724
815 524
203 248
753 336
407 812
723 808
1043 579
445 382
885 987
259 582
815 865
476 963
573 647
687 870
905 419
120 629
574 176
490 1021
177 369
933 1030
550 161
991 688
779 939
878 1082
986 588
737 545
580 36
990 1092
123 634
178 597
19 315
424 306
594 783
184 473
634 219
512 786
175 929
483 1023
650 501
272 4
158 367
232 267
546 942
452 288
617 626
754 263
287 241
782 488
111 331
307 380
79 317
803 135
417 330
515 646
280 41
443 239
202 712
241 463
543 885
1005 414
800 294
481 635
913 687
273 189
428 808
372 603