269 375
2 810
273 677
750 34
806 319
805 469
880 280
802 146
549 1118
971 679
324 426
65 576
810 755
980 795
850 287
557 1008
412 404
149 569
809 270
986 555
39 729
649 351
705 611
951 1021
1004 340
795 568
479 991
422 309
569 404
157 203
183 147
708 1115
316 286
300 234
599 4
111 1086
976 571
649 836
707 206
750 355
519 331
913 979
6 570
936 769
1029 807
646 494
214 168
241 423
135 253
125 953
1019 542
344 404
778 332
910 304
851 186
675 383
253 588
807 29
676 547
470 725
995 367
617 1113
537 965
392 605
974 537
201 506
711 917
248 702
251 500
225 1096
287 367
394 759
347 1055
156 675
545 910
708 167
910 634
269 380
495 1107
197 385
464 234
217 989
99 242
897 354
908 372
712 348
520 559
331 116
421 1035
184 111
832 1089
954 510
493 376
554 139
121 184
1064 513
436 409
883 104
332 363
730 289
720 163
908 181
136 136
930 158
98 22
67 350
849 325
276 350
311 593
280 942
540 834
154 191
383 495
865 830
514 154
483 787
1092 136
758 300
336 469
295 107
796 845
5 994
181 375
734 917
844 389
863 738
1089 752
425 936
281 273
17 935
356 811
424 888
399 726
205 1079
122 639
567 920
859 340
198 259
789 587
924 552
731 45
375 517
370 268
138 865
268 504
597 721
474 193
1069 990
848 978
216 1083
519 749
440 952
612 726
846 256
831 371
386 564
894 105
761 798
308 486
902 626
1105 251
340 49
743 1043
610 569
376 526
737 163
768 1108
220 340
646 375
102 204
116 0
108 599
185 543
811 1056
239 509
407 612
622 182
318 750
564 315
560 998
423 825
687 110
723 182
329 647
128 611
212 836
766 561
486 568
273 313
134 1022
15 666
747 512
748 140
1082 772
204 192
465 678
716 316
1034 425
852 736
481 1013
577 959
969 569
548 238
757 384
785 414
931 224
1025 330
728 908
292 361
642 290
326 505
410 647
465 599
250 124
192 624
394 472
303 885
726 1008
1076 543
895 983
261 1120
904 238
232 405
536 305
297 195
405 252
937 1120
884 510
458 871
647 1097
445 971
538 937
627 333
673 401
751 85
305 229
521 491
351 452
551 318
257 150
394 850
1083 686
1040 513
441 486
828 864
825 356
296 859
588 191
176 653
348 68
510 251
240 1105
1100 523
302 812
1023 207
929 261
840 941
228 920
127 580
3 385
690 975
888 19
616 391
747 449
1107 224
854 304
908 374
675 302
560 581
783 994
374 688
735 325
1011 432
489 208
751 973
524 631
178 671
44 725
472 228
829 822
835 171
342 382
672 965
1045 944
616 867
504 1018
766 327
863 477
188 446
728 382
247 1105
418 1014
452 437
285 1015
301 289
661 539
775 1015
766 598
196 912
928 352
989 492
51 1083
748 771
857 470
395 963
634 1021
500 236
1032 314
625 763
660 1019
310 965
559 707
296 717
141 224
377 979
507 97
106 937
471 748
914 387
421 503
799 1012
111 943
999 456
942 208
833 1041
727 245
948 114
243 440
527 757
851 871
333 483
125 246
734 32
172 749
45 1109
891 841
970 203
248 988
351 591
695 1121
881 948
815 811
898 625
209 595
671 628
184 876
711 678
224 868
448 540
634 580
804 771
415 501
883 798
355 260
591 771
273 405
871 497
741 919
208 34
882 568
936 1015
796 155
1009 612
891 369
691 33
265 996
22 875
389 673
441 600
930 836
368 375
411 531
709 11
447 400
1047 993
756 740
619 545
431 1052
716 615
250 724
491 147
545 575
500 706
714 855
924 239
635 848
715 1009
253 901
398 214
903 728
314 304
576 285
819 671
473 791
359 554
1029 894
591 1081
906 895
936 453
952 349
683 971
184 68
616 876
615 426
803 831
4 894
320 195
71 602
325 787
1050 113
455 1046
608 334
1083 480
732 95
473 446
660 860
792 613
184 576
220 804
926 992
1034 681
861 1017
306 53
395 628
240 202
858 823
631 691
1092 1053
473 652
624 842
718 542
83 634
734 499
819 1102
134 44
1000 538
203 938
444 1057
535 1110
665 564
755 908
890 239
667 564
531 437
90 795
892 549
934 66
827 770
389 224
360 974
869 704
654 999
495 1025
904 62
248 792
750 174
829 316
160 706
668 736
354 1057
681 885
1017 824
263 372
406 379
660 16
545 380
568 756
412 648
1022 831
169 462
733 474
545 16
308 1032
997 470
131 193
890 165
602 684
432 163
1115 133
427 653
404 752
1061 109
871 544
947 978
937 598
871 216
205 730
169 333
607 245
690 694
341 594
437 608
205 812
983 481
244 882
245 736
524 1044
572 1025
803 650
509 423
251 1060
394 432
976 143
800 238
1094 906
454 99
767 359
533 249
825 600
1000 583
890 901
34 796
531 900
214 470
330 1075
964 1014
227 233
218 156
239 723
253 430
115 689
264 719
488 647
276 387
966 239
1018 1093
810 751
789 937
1077 796
452 299
499 613
79 121
1026 436
863 310
216 904
212 546
429 338
154 471
949 507
1020 50
295 730
100 143
363 586
374 493
615 720
196 265
408 549
961 638
583 127
898 121
417 554
553 930
441 1010
379 140
13 363
128 655
991 0
752 332
147 844
901 467
1074 985
759 530
746 4
720 943
221 1018
425 1083
680 653
648 167
483 158
114 1014
477 979
675 308
251 74
117 251
241 595
254 1090
527 800
805 910
840 166
855 434
172 965
381 369
800 722
721 106
625 377
945 727
397 648
243 767
536 552
395 632
965 971
565 481
386 282
31 1053
281 882
510 201
121 158
551 101
577 1110
492 257
236 367
591 1081
960 112
75 922
1059 528
634 972
373 663
846 858
807 500
147 879
1008 181
180 721
655 407
781 467
691 601
685 325
894 1095
348 226
31 467
735 84
703 211
122 1001
939 939
181 340
644 962
867 205
75 296
479 317
735 376
921 452
340 611
720 556
456 199
416 32
661 507
819 987
544 753
499 834
782 672
851 982
801 191
1013 35
145 776
199 980
776 606
881 462
393 676
318 610
824 247
507 763
329 1123
339 827
519 387
685 819
804 393
246 360
1077 208
675 121
308 1069
502 557
389 509
383 172
1033 444
229 685
248 1059
486 501
578 372
411 769
1090 337
512 1095
632 1005
327 212
574 1021
1020 435
838 133
233 977
639 931
234 425
755 512
74 52
968 366
351 597
523 951
339 180
239 585
164 56
1084 299
467 864
973 689
712 330
214 886
180 209
266 312
474 238
440 875
506 895
504 516
631 107
806 860
452 752
441 566
914 880
887 120
412 437
188 691
462 404
321 453
831 561
119 165
342 675
626 941
879 568
171 683
543 282
482 174
992 402
389 156
352 172
818 495
1100 123
195 745
208 1074
187 713
1063 959
334 1066
808 752
687 486
1091 294
394 362
245 395
384 968
492 396
517 799
824 531
394 964
846 1114
811 860
941 467
208 505
606 893
495 669
791 311
888 927
237 288
542 492
635 741
77 820
545 851
545 646
1008 463
1094 788
761 506
909 550
845 447
1001 356
330 991
349 262
235 1008
469 806
833 671
109 599
319 597
400 376
85 113
176 606
66 305
645 463
859 100
225 171
985 483
1034 113
1073 244
955 1049
108 245
717 111
230 603
290 178
179 248
848 488
918 318
1042 243
340 225
110 986
347 733
1113 487
447 329
812 649
605 100
941 754
355 1100
451 169
382 620
358 135
757 0
918 641
651 187
630 330
992 136
511 929
413 1006
774 528
144 465
741 686
788 592
945 787
54 204
298 797
1044 506
28 318
1071 117
1003 459
151 183
727 357
685 803
575 897
1037 930
634 319
788 503
661 370
932 244
474 74
590 1099
939 1080
428 956
813 446
1016 982
372 548
232 607
918 804
787 729
480 689
615 861
668 714
236 226
57 286
328 356
530 785
308 707
354 386
1114 604
581 239
952 1047
923 242
549 193
994 759
426 467
750 330
755 138
249 923
1102 329
612 366
340 872
712 215
878 778
438 651
278 911
651 762
623 726
103 138
914 672
278 811
1082 570
364 1023
229 399
184 537
955 939
262 749
432 733
796 901
133 1109
539 70
852 127
321 773
261 959
481 915
123 606
577 268
27 959
709 116
397 726
332 1069
508 472
455 431
952 655
128 411
386 455
314 290
189 502
1079 1083
474 760
1006 991
904 699
229 520
725 1001
1035 852
832 964
594 829
128 792
180 111
772 385
785 822
652 527
361 219
587 664
146 705
278 175
765 236
989 456
373 294
736 387
486 1087
68 965
755 564
926 908
1077 948
780 872
834 10
842 453
609 773
407 751
182 769
969 195
687 290
306 442
403 873
468 659
1085 101
738 829
499 374
488 355
91 1077
616 657
731 357
806 159
715 334
574 244
337 866
627 836
815 1087
331 1051
303 927
521 268
314 1004
355 278
331 240
549 996
695 1036
400 165
708 303
775 1089
130 318
806 716
907 716
317 313
645 938
668 12
668 184
184 481
1070 314
993 312
132 470
245 1022
328 960
541 901
186 337
405 216
751 645
357 290
199 201
789 322
502 86
194 466
573 275
983 495
856 732
1054 1100
339 930
919 838
205 99
389 966
229 523
760 994
454 150
498 781
175 605
1061 784
464 245
519 505
64 523
303 852
307 721
789 759
183 553
605 247
941 1086
189 241
750 570
760 43
942 513
228 275