856 855
932 329
928 438
590 1066
914 589
2 633
978 162
842 116
795 538
158 775
771 413
896 673
273 373
401 362
147 122
431 487
866 204
543 822
618 864
449 309
274 368
531 349
846 510
331 465
678 25
272 1006
262 384
1002 226
921 167
1025 310
690 139
139 854
882 144
354 351
655 651
181 255
30 606
196 795
339 295
277 926
665 46
333 208
253 520
701 605
267 562
646 794
571 614
1026 954
874 880
403 644
666 468
316 87
927 256
79 473
97 869
622 516
203 1058
213 245
336 877
755 949
497 221
1064 829
469 154
627 989
633 656
396 565
912 751
551 1084
689 518
10 993
136 967
253 170
1095 425
312 957
560 1095
166 1022
720 1087
367 494
118 624
905 114
1093 921
691 380
640 781
619 586
385 765
287 463
434 145
961 826
54 303
654 1049
891 1091
48 705
29 152
483 740
768 392
938 38
951 597
66 886
297 631
290 71
113 552
420 481
848 1067
280 922
283 409
903 335
922 714
127 720
672 759
268 695
800 319
713 1053
884 266
608 664
762 436
206 417
566 679
995 170
747 253
841 692
735 193
748 974
927 835
217 1073
585 342
882 362
185 135
862 305
645 1055
740 545
728 781
1046 612
850 97
163 539
301 368
156 494
910 830
899 670
281 278
132 982
185 613
414 804
478 81
1025 1019
369 638
896 857
622 245
766 1108
210 831
28 126
441 1004
857 433
591 201
21 289
699 518
723 589
374 11
886 1039
506 997
654 690
996 365
251 241
672 583
17 916
1107 433
886 250
763 506
980 676
167 472
875 273
556 619
318 319
349 49
867 182
703 642
369 332
773 375
405 647
789 14
505 491
1021 1069
313 460
411 155
561 208
637 470
75 133
1003 984
441 77
246 189
782 1043
726 1030
590 885
696 386
518 455
890 198
153 1064
681 900
573 1021
597 898
681 702
222 1113
951 553
120 389
680 819
203 563
157 674
1076 741
918 769
360 759
430 986
1078 662
669 204
903 927
186 874
656 587
702 820
754 360
461 691
994 403
851 575
353 742
378 694
755 1017
751 122
157 348
829 485
302 1021
685 416
248 101
120 774
214 939
933 186
828 478
1023 573
252 877
770 755
525 992
204 488
445 485
502 328
478 123
203 275
619 610
729 272
114 789
207 514
174 1085
315 58
470 543
116 171
735 632
801 156
417 147
250 126
555 765
708 564
658 986
1001 936
502 814
778 810
898 842
903 679
896 1107
266 154
567 999
995 886
513 291
140 446
261 67
622 375
936 938
847 627
164 132
349 884
471 243
202 57
299 459
617 147
181 432
492 227
29 300
398 456
880 454
220 165
96 508
879 219
550 70
333 688
347 158
496 247
1045 408
286 943
646 197
827 462
756 225
279 990
775 726
1084 852
448 216
391 212
156 1116
325 380
551 435
480 529
575 530
619 1084
471 519
699 1003
964 476
534 671
932 485
613 273
518 462
157 411
249 701
386 921
672 107
824 929
186 1004
338 751
215 168
916 619
200 198
251 112
607 782
467 782
784 110
525 517
299 940
961 366
292 1121
1074 374
873 609
272 293
725 583
686 531
558 422
109 168
47 777
480 258
318 67
953 505
765 1050
146 865
1119 406
552 359
585 157
65 696
308 264
661 125
343 100
496 1042
325 695
788 386
341 280
1040 835
727 876
399 851
394 1017
414 1038
558 902
826 698
193 872
717 1020
596 668
911 498
497 883
175 423
555 1088
763 514
125 379
81 252
523 599
719 995
447 916
284 212
653 611
912 470
528 779
621 201
499 298
103 765
130 698
393 201
519 171
689 872
246 121
110 931
138 774
160 573
557 428
944 1019
22 789
408 656
992 447
920 1115
502 526
643 537
955 316
869 592
1022 222
182 764
769 645
386 192
429 857
522 839
830 905
46 555
15 436
243 15
1004 958
260 319
645 592
876 923
822 469
499 594
503 452
322 369
812 125
387 941
1117 822
372 406
666 477
210 1035
303 808
482 496
951 1123
212 439
1003 426
427 256
410 164
344 763
863 1090
1013 100
1020 361
948 561
304 648
824 101
422 834
796 230
769 299
203 275
861 794
592 416
24 1004
198 922
125 819
638 495
350 609
407 287
890 965
865 794
389 253
541 670
441 395
1013 896
266 162
656 193
52 198
580 109
949 918
199 705
320 740
902 169
23 939
440 1009
941 358
818 748
402 804
875 423
889 509
747 610
725 631
663 315
581 1119
464 812
939 766
212 1079
275 880
856 223
371 69
176 823
670 454
587 259
166 840
235 970
108 767
935 599
1000 913
314 413
746 1016
412 902
831 774
407 1062
943 110
745 314
989 152
239 356
596 849
24 266
3 278
275 547
691 508
790 995
971 216
160 520
564 361
664 157
60 28
983 1017
311 907
467 563
604 782
829 185
346 449
981 977
156 480
268 700
702 1107
910 273
1013 821
201 387
34 499
424 939
906 147
860 1034
792 189
836 255
121 397
1123 511
50 427
343 388
980 397
478 922
1110 374
157 934
1074 911
284 670
873 421
1017 767
740 489
333 85
879 107
898 441
439 669
295 607
617 640
576 327
472 636
498 1105
238 201
809 685
471 718
835 653
484 504
805 437
626 894
404 275
458 336
83 297
870 646
594 769
104 116
1097 409
63 519
158 778
163 311
68 845
109 475
909 1004
548 65
1058 589
480 833
856 587
298 219
393 372
965 1072
517 269
912 163
951 203
105 247
172 523
562 928
917 558
270 1102
746 572
424 714
1106 1047
667 774
961 1105
196 622
994 803
804 259
310 935
433 342
892 146
907 834
866 799
770 311
455 1015
1020 845
34 817
728 401
767 525
176 399
1112 486
831 1053
581 736
551 104
807 351
141 521
694 993
973 1015
650 203
488 443
1076 275
628 737
374 500
887 993
879 734
207 402
739 536
1106 548
418 371
1013 6
159 1016
754 550
304 606
554 768
923 963
758 628
551 741
714 452
988 430
302 292
236 171
982 859
299 164
598 368
929 513
247 37
614 638
416 617
429 905
696 251
956 291
937 369
136 986
29 474
701 388
712 193
705 905
332 237
760 825
142 631
866 276
279 142
395 243
104 1082
23 1020
548 707
503 566
1022 569
487 342
364 703
817 161
686 545
269 570
699 413
115 760
1025 1045
1073 485
381 457
872 961
204 258
429 662
81 661
179 513
914 748
492 899
373 569
865 556
419 171
122 614
84 460
1090 282
222 105
722 921
462 476
1004 591
627 552
843 327
953 132
248 717
344 570
535 138
866 992
835 332
336 967
759 956
671 867
367 182
961 253
537 476
148 145
991 780
780 95
805 646
753 1021
382 387
153 939
901 273
163 413
121 298
147 600
744 118
550 1097
512 249
759 819
962 209
854 432
833 472
214 730
959 987
33 203
13 863
1094 577
296 449
726 551
457 238
875 342
917 930
878 615
255 392
707 196
694 533
826 191
842 1019
546 480
293 928
958 114
797 500
328 1000
209 834
210 389
389 960
790 724
394 746
1080 458
882 564
638 538
487 622
686 967
283 901
47 762
511 980
362 277
1079 384
178 516
553 571
543 225
580 199
139 681
1091 877
702 487
355 1023
223 924
755 818
728 754
418 183
590 676
541 839
940 820
449 650
396 519
878 215
580 979
886 352
868 25
473 834
808 795
473 951
333 435
192 909
218 997
304 602
353 179
359 1064
147 158
596 624
733 846
394 26
201 834
954 747
677 304
806 496
203 620
220 917
957 198
612 692
675 169
261 372
977 675
714 385
954 780
745 858
942 326
575 718
312 23
594 1060
966 359
211 563
143 495
628 432
177 317
213 302
408 1032
330 918
934 347
488 535
784 684
1078 346
774 599
583 506
712 585
933 1075
722 22
117 728
473 864
425 591
310 896
1069 550
741 264
213 28
1000 869
682 845
285 872
149 217
228 231
505 297
494 399
91 396
975 900
774 393
596 968
899 844
578 741
807 612
297 431
728 121
640 498
1053 737
104 295
1052 446
67 1053
268 958
184 596
476 543
709 943
148 933
743 672
810 799
240 780
170 637
212 874
306 779
985 85
452 125
851 457
581 71
834 134
218 295
1016 893
977 767
875 288
1057 706
1039 983
262 526
578 850
684 812
972 988
346 580
51 1015
722 967
147 848
1095 668
233 427
26 743
919 629
520 1000
77 296
159 618
500 462
927 402
832 681
932 616
698 434
890 868
734 628
549 657
784 905
1001 496
63 589
292 8
417 288
754 585
832 527
497 469
425 796
894 132
240 2
554 728
195 399
225 947
27 149
700 913
165 380
485 244
503 119
432 306
587 282
343 214
767 723
579 205
384 129
649 549
1117 677
950 805
975 894
463 993
120 983
831 311
1057 324
818 497
996 657
278 780
1008 441
0 285
892 834
1072 486
514 653
1001 260
653 977
992 503
841 518
620 460
634 546
753 813
838 936
792 1009
153 385
802 576
417 997
203 616
211 990
942 162
653 57
775 536
136 791
801 502
439 16
912 515
1068 510
1036 281
749 534
607 1081
787 596
189 884
495 567
370 867
367 191
288 847
540 948
73 184
62 959
527 379
163 131
675 399
911 670
615 923
582 751
847 273
79 592
713 496
473 133
691 708
338 632
974 745
1006 742
633 681
712 501
775 811
402 584
197 655
690 596
314 886
946 765
944 292
436 639
243 639