535 435
1015 385
211 925
914 362
814 589
483 1108
911 933
632 1010
1068 951
707 435
512 478
269 971
516 271
367 965
342 328
669 268
474 815
324 463
610 25
338 1012
984 625
1029 753
538 989
973 776
512 453
189 108
538 1012
1015 75
389 667
990 229
286 17
732 1005
751 391
397 252
905 700
183 201
785 606
979 117
994 977
972 478
312 675
878 603
275 116
929 200
785 1073
302 212
550 587
885 830
127 309
912 1086
805 138
252 281
1022 945
1014 602
711 663
101 647
31 90
62 531
943 382
799 277
1031 443
663 410
886 729
288 489
77 1025
559 834
198 234
713 133
712 883
887 954
1085 143
156 988
503 916
909 849
827 410
597 216
371 801
625 670
22 686
1077 213
578 1105
24 337
1020 970
338 35
632 989
861 962
1032 1045
637 135
783 757
651 862
506 1101
1019 954
477 225
484 201
780 425
109 489
809 558
885 601
506 806
911 890
277 952
431 532
1011 286
489 541
680 8
136 712
569 237
873 355
168 286
184 344
867 436
170 461
473 626
260 111
954 905
852 581
1020 536
823 644
695 472
454 522
17 213
836 663
315 480
523 379
648 732
341 477
139 1076
770 778
524 530
407 590
977 66
649 212
608 896
188 344
49 190
837 276
907 67
159 524
972 879
285 937
612 287
3 1099
729 666
443 809
691 279
853 100
670 150
523 934
202 472
389 399
788 677
1039 625
869 572
1098 624
596 1079
627 270
147 174
475 746
756 643
754 241
1005 810
222 147
544 1004
908 984
961 774
892 817
574 700
415 1083
224 324
531 338
246 704
434 770
462 831
467 664
792 639
372 616
225 163
290 624
232 428
1073 927
877 155
200 117
351 650
776 828
332 869
827 244
928 445
452 517
254 986
548 349
965 534
772 634
340 377
49 291
1013 319
835 705
375 393
593 883
594 383
500 1095
650 617
635 641
951 959
870 446
345 794
39 1066
1 1064
533 268
301 355
1035 135
728 913
652 1020
848 789
127 602
473 251
958 137
642 534
1017 803
102 560
237 471
190 454
259 115
1022 677
325 774
683 204
552 426
963 160
458 995
769 586
634 336
251 646
921 695
324 1012
807 667
912 632
123 502
477 652
639 661
839 277
479 848
671 665
872 462
175 244
19 805
829 876
170 126
615 559
815 714
463 522
556 885
222 510
458 453
850 567
469 430
460 759
807 982
242 1077
659 873
421 480
353 874
738 14
568 455
440 747
991 153
304 900
1007 729
764 607
817 234
924 660
220 966
300 413
785 890
706 900
626 211
684 423
971 601
491 761
586 33
599 277
145 830
491 774
338 495
175 100
988 781
460 404
300 483
599 971
997 552
512 546
243 369
283 943
1096 724
128 969
201 231
381 673
245 239
940 664
788 188
961 394
626 193
725 800
652 848
441 269
991 775
359 470
367 138
61 866
1070 728
748 690
542 644
1 236
303 805
924 709
509 13
215 164
517 754
922 799
326 531
1015 484
127 830
126 53
759 670
905 780
192 945
799 898
591 348
331 310
392 136
765 114
125 648
923 1070
636 939
969 378
33 916
474 379
685 374
1084 378
81 970
1049 1003
326 483
450 33
230 961
654 244
522 960
542 778
300 600
1010 1106
483 442
60 535
726 700
170 1015
846 759
364 878
415 194
496 173
876 768
958 631
105 506
627 143
946 1123
1087 531
370 319
521 395
914 272
694 471
651 711
345 999
524 650
229 502
1048 917
1032 185
658 185
910 109
354 162
431 321
1048 589
178 916
200 133
998 943
757 340
447 445
201 478
134 210
976 692
97 283
803 906
760 888
865 557
177 355
344 179
413 249
729 290
471 87
300 1050
912 941
841 560
324 587
232 565
119 1048
747 511
739 325
1106 81
908 1104
395 371
943 726
211 1026
228 664
731 733
406 1060
687 607
783 250
468 705
924 358
176 124
587 296
771 179
1108 1086
460 541
122 518
1005 531
271 979
859 646
859 935
464 949
412 225
169 154
302 253
395 75
294 589
698 1094
883 873
230 409
529 236
889 23
456 428
815 607
420 246
1079 802
828 692
731 593
334 632
523 605
145 287
691 402
985 1039
604 978
14 454
107 662
461 102
665 359
897 392
834 1116
321 839
977 194
296 180
999 172
983 177
923 771
481 636
898 505
477 484
976 263
653 284
253 22
879 918
660 308
427 341
392 126
207 153
656 870
526 1026
278 554
473 1107
547 511
5 690
978 840
357 316
1036 590
313 350
474 380
822 787
898 680
78 42
687 210
265 746
925 788
835 146
307 852
803 869
386 1111
296 73
173 779
819 512
218 493
517 531
329 629
1012 709
19 233
454 392
465 25
536 833
414 132
295 403
386 261
184 369
815 331
435 393
881 774
1047 622
817 771
143 187
254 455
400 229
783 435
802 217
612 178
207 921
604 778
492 641
855 945
127 576
852 1004
778 197
465 216
964 873
841 652
146 777
253 696
534 602
247 117
500 388
591 871
417 672
415 892
240 816
170 993
613 406
392 322
118 249
860 1065
919 990
121 690
972 665
466 850
957 13
873 995
238 754
206 119
428 574
816 799
355 206
47 320
914 799
155 236
1023 890
1020 161
629 351
299 998
327 252
101 286
525 854
598 280
440 138
761 513
949 91
725 537
422 228
10 148
743 639
717 410
942 1091
816 48
445 979
950 368
1010 443
966 194
141 475
999 970
989 665
711 949
519 985
632 147
489 403
131 946
146 898
126 1010
905 1117
692 334
635 346
738 89
794 180
873 744
856 853
922 19
453 605
82 972
393 589
895 474
165 547
934 535
444 495
534 1055
891 678
988 650
49 972
103 126
387 796
235 1078
1088 860
897 680
885 132
757 528
248 248
1044 299
957 310
112 889
713 333
317 576
427 144
972 804
634 746
189 210
587 782
778 341
130 714
451 676
661 176
857 533
433 451
157 656
1080 551
119 752
482 355
347 134
131 973
572 1077
716 668
429 283
123 190
687 748
838 516
343 554
290 563
144 868
1085 661
580 990
799 1002
344 419
144 283
240 277
228 165
752 903
846 785
1005 1006
421 171
555 421
913 707
423 525
303 854
535 528
291 61
1072 911
991 731
1088 843
1113 861
733 666
508 738
605 837
309 856
118 135
476 481
292 775
317 768
418 375
99 278
122 342
855 1007
937 944
1103 252
17 1022
714 783
592 434
370 394
541 636
962 51
481 815
457 711
616 280
977 276
752 910
11 1019
770 189
618 1095
183 260
168 897
189 537
419 730
1122 15
560 721
945 1008
382 322
340 493
209 834
954 803
804 402
993 890
156 88
849 449
368 1094
322 284
916 723
1003 143
437 617
804 342
665 30
450 260
215 620
425 437
661 609
193 239
467 616
669 101
543 116
793 40
241 572
434 66
1004 108
442 154
322 991
405 686
598 729
222 887
162 1026
1062 1016
516 939
43 803
223 843
156 200
156 808
64 144
906 731
175 1069
282 750
760 226
403 326
748 995
914 106
239 601
831 699
661 735
447 866
847 617
472 65
702 468
26 108
40 197
898 615
801 90
888 417
744 15
49 233
843 888
694 570
960 792
736 327
109 39
76 718
889 136
495 118
971 315
788 546
155 202
505 627
208 1052
187 1076
186 504
897 490
161 662
419 432
532 919
636 910
741 46
786 1022
837 839
31 640
652 1101
571 946
735 365
212 943
517 497
1100 411
534 902
880 375
61 613
1067 1033
981 1045
254 376
967 848
636 633
39 270
253 1049
239 1060
238 1065
355 944
59 955
262 816
869 574
376 1009
579 340
609 748
523 815
750 1082
1024 750
778 951
1017 898
751 647
533 949
589 1002
194 838
527 864
121 341
796 584
731 646
632 722
388 906
684 186
563 797
1027 941
624 983
998 628
404 1120
49 88
991 175
207 946
448 400
223 641
596 135
880 863
534 730
562 1022
696 994
910 400
267 39
764 535
727 1051
691 239
1022 4
105 811
115 207
499 555
1007 154
103 991
499 663
808 670
817 949
911 240
873 548
215 692
148 842
485 800
694 570
153 528
576 522
152 934
931 828
803 522
856 683
1067 310
427 600
206 423
546 442
545 862
287 949
1071 180
733 462
22 624
937 598
352 993
791 295
536 433
768 1021
6 631
341 641
695 527
814 695
233 51
758 259
225 98
353 257
255 599
491 976
327 943
989 883
880 402
0 502
926 54
138 61
875 666
361 521
391 228
600 791
256 404
1072 197
488 290
986 110
965 196
967 388
828 645
692 222
1026 364
611 713
559 539
702 450
892 410
317 172
691 381
434 245
413 71
618 878
880 855
429 997
354 165
633 1008
477 802
740 131
364 440
595 806
897 105
196 228
688 371
398 465
819 816
858 674
583 160
211 647
99 280
677 332
775 154
8 104
107 916
1083 755
535 125
323 558
750 489
546 652
871 212
431 155
348 389
449 143
646 694
459 753
819 718
648 141
458 279
351 744
396 286
889 1047
348 3
848 401
321 545
111 288
81 881
826 349
880 238
1030 156
738 1035
905 1013
510 498
641 368
445 219
225 890
1041 392
123 982
513 935
1089 216
865 154
420 650
126 1049
36 729
317 496
912 608
995 237
347 768
939 298
953 827
990 301
345 165
751 647
117 536
704 371
607 961
308 507
139 49
22 870
683 924
125 798
156 738
497 278
642 410
718 799