197 450
268 1020
674 799
513 326
201 775
589 53
545 668
712 936
135 397
232 278
250 278
1066 890
133 194
571 413
939 820
724 174
325 624
773 706
214 485
789 995
403 610
231 425
647 573
227 941
977 725
390 942
927 131
126 723
1107 164
731 737
757 590
550 470
1000 332
186 632
500 921
404 219
485 541
702 478
888 349
633 159
749 832
212 148
372 108
271 652
1074 243
459 592
207 1001
465 126
177 749
522 338
515 337
200 837
178 360
1082 725
994 863
625 295
838 17
920 201
737 280
131 1106
585 540
517 292
1089 620
687 813
905 859
694 1086
829 198
1015 681
151 866
868 806
797 253
350 1003
611 469
668 1079
647 230
256 304
306 808
927 242
1106 156
875 432
590 623
388 645
789 640
687 986
529 587
2 138
390 205
570 1058
651 1108
686 708
469 754
753 491
868 536
371 502
1034 971
237 394
561 143
317 150
667 978
142 732
926 1068
477 777
336 174
796 713
779 561
128 353
307 111
657 102
775 188
72 707
744 887
901 453
556 422
241 374
224 771
66 673
847 75
317 410
115 913
320 51
164 154
825 746
34 868
694 617
847 258
598 1090
232 232
519 777
457 281
657 138
909 786
274 754
632 506
523 405
407 190
910 634
293 434
193 48
754 294
175 1002
636 724
197 260
881 207
687 509
141 979
963 281
493 971
582 460
844 1026
173 771
1011 372
1014 70
273 934
320 631
229 667
1072 697
991 537
717 818
558 844
1001 843
849 56
472 144
887 150
642 130
595 62
333 315
609 324
1057 1006
242 634
838 331
840 1035
917 727
146 697
310 244
910 905
985 921
432 643
761 504
325 219
762 732
20 163
529 310
674 886
557 348
973 54
59 683
94 703
234 988
701 820
984 114
690 1007
552 559
799 125
325 864
40 1027
266 118
1070 1017
707 764
133 169
999 343
689 804
319 651
562 564
179 296
725 163
283 265
778 1090
404 984
900 523
675 265
176 944
158 261
284 379
809 579
191 270
915 342
927 844
442 778
303 211
804 610
962 805
775 321
287 723
774 247
811 822
469 103
479 154
254 726
605 823
781 934
817 287
610 306
674 917
557 594
183 290
389 93
57 675
468 738
547 702
899 1018
317 102
762 215
322 216
370 914
121 113
950 464
650 325
506 435
321 488
702 397
114 853
658 973
661 749
843 735
629 824
661 292
780 404
218 953
220 244
323 224
97 890
108 229
427 487
317 641
261 43
710 958
591 830
824 571
445 441
306 533
283 1116
538 766
597 793
573 457
827 581
243 106
351 796
375 950
105 877
786 1059
436 584
310 948
398 603
77 778
840 528
419 653
287 987
69 243
143 153
467 540
337 578
115 719
357 563
287 968
557 575
844 450
121 1031
44 787
636 392
1035 551
150 139
372 2
807 1115
921 232
724 542
684 1042
729 250
296 806
1040 435
812 358
529 710
485 374
636 559
106 264
608 848
584 803
214 498
495 393
348 1091
548 453
358 163
840 329
986 687
956 247
617 298
646 1098
778 502
1012 487
547 711
702 176
131 791
18 1084
66 764
138 425
604 926
577 115
1072 251
783 243
524 372
845 789
204 640
469 1008
129 702
113 445
661 538
666 317
650 1096
707 141
894 1112
943 682
535 1003
420 219
380 816
817 576
106 912
626 388
961 926
385 940
623 625
372 927
349 845
413 468
415 362
933 437
885 496
421 501
558 735
157 99
865 732
1038 120
1033 316
422 310
977 643
371 506
747 524
569 616
1 906
447 1056
39 644
907 741
518 940
916 709
913 533
0 403
600 565
271 649
654 272
403 501
238 206
337 562
675 305
524 1067
9 248
447 739
334 608
281 19
342 746
579 613
735 799
533 693
788 322
386 890
538 339
44 597
353 1035
580 194
888 121
309 789
766 639
615 295
381 901
518 271
284 772
364 731
543 388
568 720
164 45
937 796
939 643
873 478
794 1021
565 466
996 78
344 795
616 776
1062 1045
790 485
684 386
1086 761
726 911
174 291
885 107
905 270
746 1006
721 296
866 716
443 151
650 394
894 280
229 629
844 378
205 467
966 457
450 276
920 690
1098 916
405 749
677 47
352 540
183 249
191 570
883 230
839 161
365 18
430 829
389 973
1111 223
26 143
436 910
673 877
339 534
734 627
988 456
370 1027
338 831
182 862
797 913
1092 961
287 345
133 401
807 1108
214 457
688 379
814 107
744 444
691 108
361 269
155 626
650 1051
601 210
547 272
953 506
1000 282
709 742
627 337
921 561
658 317
449 833
828 186
721 401
1003 122
161 1003
393 969
681 1020
167 1102
931 768
954 118
999 1011
417 825
222 616
973 568
755 536
459 488
951 592
994 385
275 933
831 626
507 296
526 342
513 758
487 202
918 503
469 648
952 115
165 612
204 388
436 503
58 874
1081 399
762 922
591 698
741 1113
309 160
681 972
569 512
617 243
849 537
392 542
968 929
908 813
861 687
933 346
518 718
214 93
400 1095
1112 857
938 779
229 393
269 109
760 200
147 1013
378 1053
728 1082
156 319
298 311
19 418
1100 343
263 667
330 410
879 583
121 702
560 599
473 62
661 198
276 395
830 146
906 261
269 666
25 738
265 801
390 849
805 163
283 756
408 472
531 334
813 418
490 362
557 1016
579 540
643 788
435 300
565 186
505 280
600 873
221 239
853 717
98 665
658 887
982 307
46 534
714 890
120 72
764 178
693 197
626 264
33 412
205 920
863 234
558 525
213 561
650 844
947 904
326 215
666 830
740 696
131 289
534 517
632 806
600 721
183 920
172 624
398 391
523 857
678 511
691 575
155 815
586 1119
107 987
137 178
1077 149
344 313
101 373
629 728
566 612
1043 695
439 744
63 440
753 990
923 181
821 468
423 629
18 491
143 664
965 848
1079 562
715 125
47 458
279 117
110 986
696 554
552 215
509 364
235 971
996 544
444 31
111 561
577 422
209 111
1056 86
221 206
133 767
885 42
466 258
264 654
137 684
423 671
830 769
1077 1084
893 302
462 288
252 768
746 779
704 729
210 992
369 737
883 61
974 227
1113 825
772 485
546 123
847 868
876 391
946 974
379 691
379 299
943 545
994 468
33 565
431 360
460 595
906 11
111 132
981 387
369 650
1120 703
260 523
626 516
45 569
748 1013
323 629
109 681
623 589
118 196
468 940
404 594
279 900
361 722
853 1036
131 665
547 358
494 207
986 229
5 115
532 137
543 758
370 174
477 144
822 973
737 205
159 779
509 745
459 604
562 127
990 414
277 442
137 955
949 705
492 691
475 608
231 627
302 545
590 1025
238 456
492 193
710 823
758 538
609 482
1121 226
136 577
864 447
350 452
713 414
107 568
830 820
123 134
944 202
454 400
548 555
1039 377
185 924
147 650
745 783
90 750
783 223
495 954
1064 347
326 425
69 567
1039 1003
192 454
964 51
214 139
766 120
817 1010
579 108
646 671
175 238
97 154
361 941
686 218
976 402
467 726
746 371
996 224
691 239
91 604
572 847
193 907
975 328
1035 652
277 872
817 784
574 778
92 476
23 737
454 732
574 563
679 185
331 668
974 41
510 383
585 133
514 963
280 446
738 391
400 676
1005 503
739 638
233 990
387 22
145 14
384 268
481 993
1018 79
1016 520
243 326
829 431
223 488
316 886
325 522
621 964
678 864
685 285
693 302
254 207
231 525
564 728
610 381
1057 365
751 1020
164 531
379 742
216 700
610 1071
20 1097
495 150
79 576
383 281
132 422
693 939
316 839
602 461
808 1029
726 632
422 215
957 44
200 132
286 81
274 953
536 857
667 467
62 393
286 881
962 487
280 856
941 243
884 173
805 290
416 910
242 878
792 869
234 164
635 641
412 884
403 957
843 957
422 1108
442 657
1092 817
875 114
496 955
611 89
357 884
145 767
606 120
640 701
948 843
169 940
410 516
581 856
168 588
321 508
443 219
1068 556
114 866
782 211
149 407
409 739
480 484
665 778
562 712
455 899
376 805
470 716
1063 98
945 845
185 305
616 957
952 354
346 167
83 845
1107 350
654 372
1070 1009
420 592
508 195
821 769
382 701
875 1085
177 398
413 313
1032 900
777 685
155 721
804 153
653 132
1115 863
602 321
356 347
210 759
131 480
472 77
914 752
15 658
1087 35
246 217
294 1002
963 879
499 837
370 105
543 544
878 732
874 289
111 175
671 276
597 80
1020 869
544 491
352 535
113 887
458 756
237 340
884 355
576 200
382 525
612 675
792 526
611 742
305 883
854 1073
966 676
759 687
923 73
484 994
210 796
492 412
155 739
734 74
740 7
585 419
435 332
11 263
89 610
277 624
650 850
483 834
771 696
880 695
360 681
268 591
96 251
328 725
435 268
273 126
525 451
108 175
904 444
98 463
716 621
429 418
540 786
466 517
1017 1011
800 148
840 545
932 484
754 926
205 329
566 608
635 989
233 331
707 673
1082 370
1041 194
21 937
402 1055
1085 341
751 535
632 1026
719 101
938 315
260 814
511 1013
403 599
196 616
862 1099
425 679
884 916
842 755
584 375
926 220
1003 440
335 73
387 973
641 136
837 90
973 317
664 185
289 374
195 646
228 418
627 147
299 914
377 982
455 423
240 752
592 478
802 881
5 822
468 464