100 557
790 626
301 508
190 615
586 834
378 647
650 649
1024 462
675 70
596 762
948 951
796 679
1017 968
909 286
414 202
1073 131
718 238
162 790
99 89
822 462
720 498
420 246
321 991
18 494
768 675
863 387
794 156
576 486
578 409
678 767
756 765
775 599
989 289
333 369
827 801
1090 436
932 238
990 350
632 229
445 577
53 726
285 557
866 487
587 622
427 1041
404 221
936 432
1006 928
280 494
360 715
471 668
971 889
1056 325
881 1010
310 3
975 204
473 134
182 455
645 30
1082 394
412 560
895 176
819 468
280 295
8 859
801 149
990 937
399 269
620 870
438 590
910 930
815 792
887 954
986 465
712 725
38 24
956 582
911 758
581 730
360 418
691 754
930 941
1119 207
812 1015
189 691
979 1084
874 553
448 875
149 877
89 341
1029 815
105 345
246 972
844 390
448 1033
778 955
452 922
441 349
1115 641
488 1017
507 1013
914 579
239 605
700 402
361 644
251 384
579 146
497 988
910 689
62 334
849 1103
153 7
802 378
728 692
891 112
781 161
129 248
554 683
389 400
1018 784
882 617
801 1031
793 616
737 660
164 221
398 630
853 770
1071 481
886 860
670 271
1005 1083
589 416
632 264
371 221
897 733
946 751
304 259
385 569
484 24
492 477
937 57
482 293
114 137
775 446
739 776
331 994
914 683
430 277
921 553
772 448
907 181
188 502
690 187
1116 862
855 267
752 633
39 684
259 389
894 332
621 218
825 774
1071 904
468 314
443 602
149 168
679 923
424 381
80 111
587 232
635 1046
281 1005
660 375
773 543
698 956
436 263
294 842
567 860
314 119
731 702
284 749
389 945
163 376
505 926
582 192
994 401
908 529
695 316
876 586
169 882
717 1011
694 552
1028 487
173 181
308 521
592 766
437 545
338 534
1072 787
739 383
267 338
790 978
929 152
391 1029
1008 374
181 930
518 594
907 784
768 857
348 437
229 176
157 1003
574 938
216 596
950 853
933 972
729 238
230 269
736 1002
400 396
340 838
22 955
843 768
315 328
818 822
20 1032
277 465
356 751
827 273
868 391
430 1093
839 197
389 218
739 832
819 534
1068 482
384 320
57 987
582 578
374 990
915 746
726 276
652 659
885 774
148 312
568 974
862 279
208 436
288 958
319 1072
857 614
367 490
496 309
686 265
606 680
469 454
569 362
907 1089
530 259
911 527
265 142
944 856
671 1052
978 679
336 580
499 276
697 185
340 269
188 533
883 639
763 123
553 240
354 656
545 375
111 801
736 657
835 153
249 285
649 893
1122 865
535 274
136 1111
581 895
582 855
193 448
175 774
836 1012
888 162
856 513
441 1022
516 1113
271 1022
228 692
208 37
1045 354
1010 623
335 209
691 733
668 884
774 646
677 309
332 601
739 298
676 800
481 56
509 928
839 467
774 670
729 350
85 241
889 1010
671 595
302 136
961 1043
806 938
319 803
509 709
603 135
575 415
296 758
811 987
724 130
442 183
808 848
971 1087
528 720
383 343
1072 1107
1079 450
729 653
755 901
205 191
322 569
101 721
960 381
922 878
28 226
298 77
547 556
1088 1008
1096 264
138 818
765 951
965 386
545 995
718 676
555 498
432 418
11 558
1009 780
366 234
807 693
251 520
196 938
564 860
787 754
614 325
587 503
605 315
205 415
722 661
989 848
830 571
552 966
463 855
446 806
338 756
306 595
528 113
109 384
1020 554
368 668
875 899
474 801
118 1035
360 1011
497 384
1021 843
1109 863
154 614
516 259
519 264
466 788
1070 875
455 456
776 184
762 392
23 322
161 774
1062 820
527 323
519 133
10 973
968 121
1062 891
588 662
653 178
245 690
855 544
708 324
508 1075
638 1082
856 213
727 11
847 465
132 787
626 558
970 229
289 673
129 326
538 322
408 749
917 131
988 890
394 349
970 511
455 92
634 140
621 344
818 832
529 428
853 903
406 902
1056 304
746 871
529 663
394 1093
948 111
894 423
931 104
721 342
415 76
544 89
868 760
1065 993
209 254
563 972
910 261
819 629
810 1045
193 133
629 983
156 221
43 872
403 998
689 368
757 261
377 882
123 178
705 387
340 275
354 130
13 867
574 661
273 259
333 287
435 612
558 235
266 563
595 146
284 767
165 622
447 449
705 242
640 336
539 826
694 282
804 735
599 785
493 530
248 226
1010 778
834 973
844 574
402 879
871 515
353 644
902 163
758 977
817 425
812 765
860 994
279 21
104 648
917 301
508 826
0 293
1005 140
279 518
927 692
254 953
811 574
102 547
177 504
609 464
120 1079
1045 413
807 963
319 53
622 965
507 953
799 159
50 1011
591 576
543 440
786 953
125 569
184 1040
795 901
857 1108
970 184
631 548
729 394
869 1093
975 926
515 317
721 604
1088 556
692 362
918 474
176 906
449 355
927 995
1047 952
101 1106
1032 134
632 606
990 467
162 571
515 847
189 889
911 494
863 838
312 431
143 296
448 698
644 37
671 953
139 422
925 445
878 562
835 962
1107 185
837 637
86 1003
1090 717
458 238
821 811
238 110
984 564
348 309
872 551
1021 1008
357 790
563 791
151 374
979 716
306 164
899 172
855 1082
615 942
882 610
839 1000
453 732
196 165
736 1005
737 472
131 623
689 86
490 479
702 862
364 120
557 195
897 557
976 803
686 104
755 863
372 698
1034 326
256 914
1066 746
68 705
744 932
1122 1080
230 571
715 511
484 598
79 249
886 722
403 685
258 505
179 632
225 420
1073 507
381 636
143 1037
861 214
743 664
679 982
218 489
230 298
123 218
781 1120
336 28
1112 326
915 412
449 931
31 804
736 277
1108 845
447 136
669 680
712 202
337 859
1000 567
241 490
108 553
564 349
522 696
1088 527
581 188
1097 748
309 106
73 257
406 283
774 727
55 502
561 493
322 309
591 327
257 100
581 676
504 481
893 1003
513 134
712 1001
603 820
507 251
102 12
30 497
330 640
1032 868
615 1006
213 258
773 357
1022 505
940 133
1053 736
626 250
204 112
475 447
1093 873
321 600
840 609
477 656
167 226
580 887
681 186
558 277
940 912
488 742
133 845
752 620
921 163
106 1021
1006 592
960 804
696 800
359 661
546 990
800 522
933 15
816 797
302 866
956 540
544 917
630 507
857 438
869 834
552 306
904 815
313 7
921 580
990 647
180 166
28 513
1016 704
717 993
686 568
994 353
553 222
88 632
857 818
865 896
899 281
1003 608
568 282
1076 843
420 614
544 997
970 83
840 702
1038 369
199 268
935 238
1031 356
733 1104
512 417
352 973
442 558
770 313
839 328
210 583
104 694
331 1004
175 500
212 856
48 1009
904 842
622 785
1101 890
492 526
920 593
349 633
115 1104
402 288
42 532
891 220
1123 539
975 365
164 114
106 750
794 515
857 675
464 114
811 717
25 369
820 268
1066 972
120 114
1022 1050
74 838
195 777
985 511
465 2
236 888
865 812
615 686
484 470
334 869
525 275
87 224
672 688
454 0
771 934
954 723
805 156
662 1046
533 671
244 795
301 129
473 146
993 584
543 801
1111 165
491 374
582 1038
681 722
392 170
497 55
235 236
648 293
317 1058
506 665
745 671
1023 664
544 416
1037 672
548 323
727 942
549 568
950 247
389 347
392 371
430 281
630 632
683 292
138 710
908 945
251 401
405 1018
1025 732
724 8
326 1037
953 112
566 792
1095 485
314 974
977 334
233 693
555 676
318 425
265 375
747 168
859 271
548 523
130 216
1026 593
675 97
725 302
714 510
393 694
981 717
937 396
306 1022
884 1015
1014 1013
949 180
838 779
818 382
295 1066
1019 784
777 888
780 863
580 434
163 797
334 226
838 29
712 663
864 803
400 434
446 554
386 1121
770 641
707 619
870 474
154 101
750 514
352 449
1061 335
730 133
443 16
997 758
884 898
310 147
358 881
851 618
295 940
949 467
329 887
943 664
178 633
398 382
980 334
129 241
597 293
1039 833
980 177
343 158
589 816
893 955
474 694
579 556
166 253
698 770
116 286
881 737
951 708
269 799
269 1029
643 666
165 460
674 590
968 216
109 288
836 994
580 983
355 513
488 715
931 978
813 662
558 382
395 268
996 547
117 439
782 528
1085 761
540 426
1039 563
296 364
853 894
759 546
122 956
40 844
363 142
536 199
806 7
988 863
228 577
416 221
269 660
614 854
633 161
452 809
670 1017
133 134
672 468
315 134
9 717
948 327
370 117
691 938
157 957
102 650
91 1067
528 443
936 953
412 727
366 635
674 176
451 72
464 589
118 771
537 840
272 887
759 914
358 646
87 623
682 463
340 903
1050 396
220 197
408 749
147 172
532 717
960 168
590 967
241 824
192 530
106 1076
507 629
986 747
752 1018
472 627
581 501
877 92
176 366
337 578
144 360
766 372
563 438
60 500
999 800
822 1074
444 996
961 461
529 911
624 861
1110 547
932 169
902 938
639 211
797 250
560 272
236 601
966 736
515 435
732 421
462 761
819 544
724 885
942 421
156 642
1078 197
610 382
709 877
1065 785
459 180
905 597
328 952
684 1120
967 894
1020 791
703 765
1088 154
226 492
542 1003
48 480
228 921
1001 43
474 1118
64 1089
791 455
825 901
100 944
668 160
120 576
296 144
486 392
267 265
783 1037