382 266
510 414
399 704
1022 856
310 750
340 453
737 224
479 748
973 623
915 1046
828 778
68 132
1001 383
1076 74
196 210
138 112
45 692
908 610
980 544
427 811
735 265
149 901
529 133
502 403
327 776
194 436
967 922
294 679
21 110
158 548
601 1060
895 442
404 630
574 484
998 890
20 801
368 474
378 200
417 286
951 158
319 587
216 545
869 345
684 736
831 758
609 847
560 543
919 462
201 772
35 844
470 567
661 402
748 731
173 671
903 390
770 148
951 606
918 491
579 430
294 905
790 33
502 733
871 460
948 884
683 102
866 693
118 505
470 516
894 252
21 340
810 416
708 736
1 106
538 470
103 406
713 617
176 754
291 760
367 175
895 785
314 966
757 109
735 531
235 619
846 548
473 675
255 180
835 75
602 153
341 495
984 955
219 760
876 1076
433 955
156 371
313 399
243 749
251 170
282 203
848 331
460 59
675 826
327 193
645 1031
275 911
407 691
832 792
25 325
1025 218
360 368
408 639
456 440
268 47
100 774
814 801
430 695
899 298
346 316
337 152
568 707
338 600
33 500
388 886
963 784
1084 323
529 211
358 1048
1022 464
225 775
647 323
292 413
759 631
933 728
870 891
889 979
1030 403
187 187
281 186
814 370
950 115
736 1008
370 1015
275 140
365 1
129 557
886 86
273 143
712 608
143 813
143 574
806 731
682 591
311 702
689 327
581 629
312 653
481 871
341 666
324 128
95 497
639 825
504 1049
194 577
78 596
328 18
157 863
909 534
1015 928
820 491
527 229
944 998
403 271
1062 883
1040 163
248 416
795 748
985 849
302 240
109 396
719 1090
985 167
120 342
911 494
407 1053
339 8
517 190
410 814
525 750
1099 930
445 1051
405 46
1001 440
543 623
1102 1044
25 613
405 253
757 809
712 900
1077 248
809 673
191 159
1025 504
108 286
1008 435
191 763
467 564
69 368
933 732
644 378
705 27
975 790
999 137
377 299
1013 86
646 276
917 416
767 792
933 444
519 170
751 353
932 1121
377 1089
377 886
219 353
2 346
863 691
1064 476
268 945
236 861
360 204
241 670
75 420
412 602
744 306
573 581
269 325
179 472
953 105
1019 260
611 526
814 760
889 740
887 832
78 179
878 863
167 497
913 151
143 597
828 333
498 94
141 853
900 743
157 941
298 213
114 131
373 302
103 201
469 604
1099 408
304 791
878 1007
380 394
757 136
557 124
842 729
987 979
643 1113
811 1120
1090 268
916 195
859 1114
725 292
940 779
1108 446
933 349
418 599
311 279
909 748
37 223
225 1006
750 200
523 334
551 378
846 977
849 198
191 794
531 753
555 1116
910 415
175 1040
276 791
520 738
432 182
772 784
834 1021
324 549
971 350
890 795
384 946
661 1001
676 347
227 278
461 243
803 1085
268 418
589 866
153 921
14 607
918 525
839 512
321 759
432 1003
847 584
104 703
663 1100
36 415
1022 996
632 1101
787 163
790 560
439 1002
389 1013
708 869
976 145
582 809
896 909
1059 777
786 292
1119 233
413 520
273 868
871 634
813 298
711 249
874 840
186 154
449 351
233 829
518 840
962 588
585 383
438 1022
887 546
435 42
678 172
522 509
541 611
774 598
742 792
150 420
944 83
617 486
803 746
1016 99
410 897
201 1010
1063 83
240 941
280 801
405 628
326 376
837 161
507 475
518 761
388 915
46 427
751 353
473 890
358 370
850 355
469 151
555 810
103 687
984 662
111 912
974 428
1068 662
695 351
250 318
413 625
72 866
552 822
44 770
612 704
17 479
999 605
470 993
817 517
987 729
725 909
342 509
340 680
128 974
609 156
603 191
880 513
443 467
858 109
348 190
212 958
251 555
967 684
655 729
712 244
601 227
15 397
1020 861
157 1041
645 294
809 614
619 455
852 200
587 872
398 514
465 88
327 508
193 699
754 711
953 395
330 124
208 509
686 107
475 522
652 833
265 552
625 450
403 274
899 119
717 233
650 637
349 90
944 548
470 919
136 155
298 863
237 816
993 839
122 159
412 647
873 715
307 442
887 983
438 522
63 3
417 781
968 883
447 812
339 283
1057 667
625 828
303 249
339 959
975 471
828 906
667 649
891 362
102 711
269 273
637 21
739 245
248 218
207 285
476 823
380 717
495 955
109 467
446 938
234 977
359 694
538 340
1088 682
304 791
1103 467
482 207
659 891
182 295
460 1005
502 263
224 738
275 542
616 767
924 904
734 949
401 269
281 796
829 551
189 697
611 681
535 235
214 645
703 218
654 609
126 267
263 312
794 466
380 762
719 227
711 898
152 552
1007 284
878 468
685 302
701 951
556 566
1087 562
529 434
265 699
782 153
573 1004
969 214
916 696
483 646
991 585
180 235
755 378
506 64
419 753
883 387
666 474
388 249
854 148
546 352
858 740
546 927
101 960
1028 267
364 1073
1092 841
109 672
1069 745
504 745
77 1107
756 118
437 1118
956 393
477 361
132 759
435 597
535 606
626 796
1027 678
272 991
350 525
691 974
390 457
1016 165
193 526
788 715
129 433
413 735
857 319
224 558
1004 708
500 991
231 946
642 431
153 482
1029 772
208 981
1044 733
479 737
903 327
543 917
307 879
441 28
754 438
848 414
621 495
887 897
75 355
1015 325
394 539
450 1024
683 193
591 806
928 444
257 190
816 234
848 742
798 443
617 167
379 351
850 495
369 967
400 823
49 1100
942 899
174 237
244 689
842 417
351 819
409 276
678 217
901 989
332 4
754 252
981 178
258 297
248 787
782 218
864 687
462 987
239 241
322 941
86 405
411 361
223 900
425 1035
465 153
517 595
24 386
89 655
923 954
334 149
941 247
250 432
522 433
698 733
744 152
2 244
285 901
1044 781
128 598
1018 974
605 5
296 1001
369 423
668 508
580 531
711 443
937 741
171 1013
857 708
94 632
830 971
987 162
560 329
126 362
1046 95
242 1087
977 889
334 467
1049 1004
1087 917
674 555
277 723
156 202
443 639
275 1007
816 274
220 647
419 607
806 47
162 669
309 702
1079 75
438 104
319 685
440 937
307 601
606 490
160 999
103 47
1092 1013
5 764
690 1051
803 724
424 467
351 386
582 37
739 412
779 982
1025 732
139 171
27 805
862 462
223 721
464 327
416 865
816 945
752 51
938 116
706 143
388 677
1040 326
676 40
1064 1056
681 971
241 894
842 187
888 606
482 239
588 1022
973 951
884 227
302 584
577 924
458 867
1056 288
685 127
353 455
899 666
1037 635
485 208
518 1047
556 1050
982 477
357 106
826 547
319 68
748 106
998 998
991 893
297 183
226 347
305 775
1101 522
522 173
410 330
719 910
79 844
657 347
943 755
509 489
570 1033
494 103
271 605
148 767
115 576
814 405
1073 49
870 15
746 17
915 948
76 570
859 173
588 1110
817 351
951 1000
1057 236
587 1093
290 668
384 439
464 590
1056 203
467 805
628 490
659 589
863 444
597 470
457 946
465 213
284 845
1101 407
507 21
361 712
809 920
644 822
377 807
274 744
181 104
319 946
727 112
1024 49
289 891
888 241
691 760
121 174
999 282
171 330
208 754
784 774
945 1002
314 333
169 546
498 41
1011 223
138 250
449 169
244 357
792 452
564 291
781 476
175 223
112 884
1021 485
476 993
448 281
406 43
174 297
240 643
396 6
682 1079
284 911
917 733
697 486
377 872
849 745
56 861
895 1040
672 835
593 625
509 208
684 221
747 660
582 200
767 702
652 774
921 248
493 886
546 683
138 88
286 1104
679 150
868 774
449 907
835 193
977 336
102 955
816 149
387 948
460 1074
240 34
599 981
1071 523
805 378
809 143
167 360
970 346
334 977
283 157
686 343
384 979
1003 189
1041 753
1013 487
485 333
775 824
362 715
479 200
403 662
732 986
377 92
441 103
331 736
270 173
334 626
136 540
27 786
305 991
261 474
525 636
154 443
350 223
522 494
926 136
648 867
163 905
597 1081
910 979
86 427
944 231
413 772
761 641
271 871
618 480
843 989
497 1020
416 625
443 333
669 1015
554 750
349 1082
320 744
357 1019
527 584
838 711
234 403
759 863
43 529
498 441
1078 486
746 1122
853 15
690 383
37 171
486 125
609 928
309 930
380 352
150 285
552 419
860 247
181 877
509 490
644 207
33 753
717 794
537 721
34 92
942 204
164 133
921 570
809 805
442 483
152 855
522 628
178 397
231 475
602 158
158 269
406 1031
335 740
431 164
611 686
758 916
286 576
576 923
1111 670
692 169
115 516
1010 1085
363 635
995 430
771 346
671 162
901 817
735 640
757 766
620 427
561 783
254 72
903 349
513 499
297 27
485 242
744 657
1012 755
964 774
917 950
983 860
974 717
857 378
350 578
156 182
284 6
903 136
387 822
884 632
495 37
790 911
259 662
675 718
581 354
728 913
766 669
1021 969
941 454
161 537
879 404
460 242
999 724
12 272
392 255
363 882
1042 490
716 622
860 448
297 388
1108 179
531 902
248 1001
422 650
1110 417
381 942
710 511
524 156
813 325
589 752
1020 842
500 563
722 911
1001 659
591 534
5 826
907 526
91 929
442 414
1074 719
544 293
604 482
871 778
979 155
470 673
543 101
709 961
408 139
664 316
313 114
196 706