49 79
768 787
818 1020
270 311
929 807
438 389
974 647
971 435
103 543
664 371
1040 637
839 275
392 697
453 327
840 276
1074 458
202 268
292 545
1048 488
945 408
863 777
654 968
119 769
382 342
528 787
39 305
526 979
1122 639
522 1008
152 782
630 76
496 12
994 242
576 193
240 194
981 43
219 220
334 1011
353 615
399 225
185 676
169 169
596 588
604 720
313 1061
953 358
453 634
577 1018
318 616
795 887
711 498
645 155
669 739
960 1036
353 64
933 317
664 940
582 737
383 1043
1107 906
881 313
462 117
1080 274
716 254
615 410
124 341
518 737
284 114
372 487
1019 730
137 524
578 818
812 208
350 444
769 680
442 1016
231 667
832 168
726 497
241 782
228 1035
813 410
1041 246
336 392
892 1053
102 488
480 795
589 776
245 536
801 130
790 151
116 672
685 390
1015 767
526 394
920 212
574 965
941 398
1073 964
688 422
732 375
155 914
197 1074
598 359
784 302
736 545
451 329
971 659
277 193
924 896
507 697
625 135
222 946
924 994
110 190
976 472
431 476
145 511
371 954
17 55
166 874
857 813
787 1061
202 257
169 266
853 868
518 243
804 541
935 887
98 625
722 790
503 684
37 267
1024 856
361 924
455 256
890 964
878 994
538 147
365 395
494 370
748 1021
169 454
529 322
711 958
767 1072
864 233
387 356
183 414
176 336
942 924
446 584
7 163
1029 994
438 507
460 327
366 196
551 674
377 653
997 537
739 814
923 254
553 470
627 397
839 1118
105 878
843 325
403 346
354 526
328 200
794 966
223 956
945 282
208 792
165 945
2 575
486 847
654 547
812 100
879 468
388 1024
67 634
401 766
1030 573
106 495
166 444
832 347
122 165
629 514
685 389
820 710
345 634
1073 1003
1096 365
630 581
60 961
970 565
583 126
789 815
512 953
799 526
686 486
189 546
645 1105
1013 319
904 531
425 173
403 1056
115 519
361 256
907 961
932 813
934 742
923 874
127 64
643 406
510 417
554 109
1008 639
736 104
89 580
808 397
1079 450
906 605
977 172
490 905
1017 162
964 481
27 17
328 391
116 154
841 827
1086 834
481 935
728 744
564 203
758 288
341 557
321 1031
244 102
980 707
497 456
897 612
400 1003
668 976
439 766
607 676
936 337
358 185
155 450
1030 881
883 528
766 956
23 366
463 176
755 706
454 819
663 262
755 985
845 469
530 748
1006 1013
743 198
622 128
255 429
824 947
121 343
150 958
718 0
118 363
744 217
373 157
1000 771
493 691
1040 895
817 396
409 464
279 694
201 646
130 623
656 726
568 341
944 306
438 528
867 875
250 79
404 720
153 701
777 830
753 944
641 809
278 163
856 1099
312 776
66 945
968 616
418 284
683 950
481 906
301 277
228 597
523 579
732 278
299 440
80 939
221 998
113 350
6 855
451 487
107 371
933 975
747 369
445 360
321 25
869 823
1001 398
998 158
145 879
366 307
623 584
799 656
984 827
231 615
683 908
893 430
422 170
28 610
725 1075
410 161
194 388
847 1073
305 593
336 950
948 1019
352 535
916 311
584 502
146 701
365 492
724 134
884 642
803 725
534 179
981 983
811 943
1015 358
814 773
584 190
681 214
413 15
170 53
580 184
395 487
562 241
806 745
500 977
899 337
297 539
1118 399
403 867
911 681
638 629
949 796
132 325
891 710
1106 717
503 617
251 376
434 135
522 767
442 691
341 433
467 289
336 90
923 860
975 159
494 634
152 460
651 151
348 160
173 67
220 877
123 40
459 667
70 705
385 465
632 560
626 689
734 888
368 432
74 129
646 404
345 233
686 798
559 458
360 663
380 609
836 835
534 333
441 892
719 1118
335 426
1058 424
779 1047
825 672
849 1061
978 329
458 202
97 684
414 648
1075 632
800 231
261 999
784 422
890 1081
269 227
1106 1059
412 978
129 613
456 365
268 780
187 320
840 182
300 266
1030 1070
210 190
368 520
540 987
977 811
170 734
702 514
755 612
478 25
728 215
414 994
761 248
498 410
550 661
925 692
992 922
471 83
793 975
156 423
280 786
817 271
761 899
653 994
776 45
372 393
548 449
385 136
722 323
353 676
282 95
369 679
963 803
518 135
818 770
438 878
188 530
336 513
196 846
128 251
866 945
253 921
382 465
561 736
815 404
742 755
240 296
637 158
787 203
124 736
319 519
830 282
953 751
414 1108
469 645
1026 149
575 377
102 885
247 593
438 1008
925 748
266 892
878 77
385 1116
142 958
759 310
559 273
913 318
1013 741
570 390
147 354
261 479
645 959
240 993
896 205
537 268
798 811
174 208
605 1014
389 1099
390 992
712 256
594 188
280 662
781 382
404 247
166 352
561 1037
682 425
553 741
319 590
354 539
615 505
903 727
902 566
400 854
781 636
394 378
720 1002
613 668
410 811
717 143
630 666
1053 904
201 737
918 587
797 434
150 870
725 766
663 378
175 371
171 829
406 345
306 647
857 482
775 471
662 715
853 158
619 315
41 970
141 573
65 91
579 111
418 650
614 1003
101 161
930 194
264 653
444 384
511 147
533 487
816 574
15 412
844 156
141 364
900 885
604 598
655 1019
896 223
939 261
408 949
889 1074
550 735
48 522
717 629
707 116
572 774
731 486
331 1072
854 852
164 112
745 420
805 468
426 22
579 565
1052 1085
766 174
604 1047
306 990
681 771
672 293
151 561
974 795
528 421
624 768
1012 665
985 729
889 704
620 862
504 913
46 915
1113 871
1019 638
918 1079
256 646
82 255
801 757
771 52
988 334
580 446
1069 506
428 910
1106 842
573 669
445 365
101 343
896 679
939 181
445 205
430 123
231 286
989 512
1036 621
159 1094
596 244
644 830
105 513
262 609
536 490
387 860
504 937
564 493
545 783
1050 760
747 1114
813 201
895 209
797 846
937 150
966 843
215 570
614 484
962 784
652 716
52 839
422 941
517 731
1009 860
433 318
943 922
661 830
353 226
656 196
677 312
812 921
301 863
998 1066
738 796
719 627
493 671
716 602
526 727
532 809
708 365
600 245
624 3
163 834
357 297
994 715
380 837
1050 1052
185 359
583 612
301 591
1032 176
565 602
522 927
1008 603
974 282
723 359
686 890
106 494
289 788
353 416
317 270
683 120
553 553
825 589
876 49
35 739
673 345
362 27
468 362
302 393
557 858
515 562
27 766
862 443
659 852
240 150
953 436
752 699
690 774
897 760
940 946
557 125
130 1052
948 876
404 822
373 635
714 574
707 120
287 863
540 497
813 461
392 949
350 742
1072 883
514 315
331 1104
302 386
348 623
844 539
316 396
369 1113
610 409
30 64
534 318
202 400
996 696
715 715
336 591
852 717
11 686
435 593
907 269
500 931
833 768
681 364
370 156
147 845
860 843
191 966
393 652
133 108
97 696
621 985
381 612
676 740
712 1013
59 1072
590 216
357 286
475 137
482 407
631 642
225 103
1112 1018
551 1001
638 590
646 453
895 121
188 316
246 526
436 852
463 649
104 896
278 8
297 531
955 897
891 750
699 296
133 290
472 954
1004 351
671 104
879 992
127 685
1018 896
792 234
910 1094
179 565
484 233
833 902
912 990
978 561
869 112
903 629
838 921
233 1005
648 165
979 195
6 997
430 1000
117 146
523 427
344 140
807 639
186 20
101 234
706 422
987 982
258 419
974 1106
236 978
642 750
974 654
648 584
277 766
595 401
211 505
2 989
652 589
1075 631
365 775
891 777
1079 661
990 248
924 315
557 166
319 224
956 177
358 948
509 990
586 239
951 518
826 890
997 461
832 487
734 988
51 1097
263 208
855 990
994 110
701 981
235 640
1032 550
832 613
751 845
387 428
951 1089
895 100
20 160
1041 638
158 632
198 1014
487 454
242 674
186 496
381 562
519 248
295 1107
269 529
291 390
851 598
345 637
1027 570
338 872
927 285
788 316
1005 519
424 311
277 739
328 107
721 160
1039 720
37 992
200 893
919 506
198 1000
837 753
206 23
405 938
29 165
174 153
751 756
917 840
748 509
961 521
574 609
98 790
1096 433
379 794
1014 261
239 215
344 697
673 460
266 354
175 239
134 259
145 700
791 687
606 204
667 913
403 991
559 764
558 236
976 572
569 232
762 511
859 753
314 898
80 521
432 647
376 696
630 618
815 813
628 966
544 188
678 963
247 622
734 804
278 773
294 985
930 288
667 295
836 321
156 100
292 771
842 684
200 940
592 535
586 405
315 825
163 949
694 943
18 575
710 961
456 604
475 875
644 674
502 901
1043 798
221 167
218 388
865 252
719 500
483 370
637 412
70 238
943 85
884 137
650 695
764 444
622 454
714 453
1022 792
638 659
495 587
814 237
318 287
283 957
1110 851
818 484
573 129
638 207
268 164
614 785
684 641
607 508
455 356
1019 302
185 527
508 321
127 724
840 145
665 913
739 246
283 851
1094 832
920 295
1087 877
642 616
427 142
593 1092
289 728
570 466
515 960
419 514
97 751
909 308
980 647
305 975
482 369
255 798
678 939
631 1018
278 252
473 43
435 270
611 40
315 187
809 835
431 560
929 480
845 1075
352 320
583 190
336 130
828 246
618 986
830 763
614 781
908 111
218 1013
928 1111
972 1107