751 378
274 991
619 284
267 672
202 601
538 216
970 820
983 185
825 593
833 137
500 932
749 971
742 596
415 162
144 601
644 1043
649 901
202 608
579 416
392 938
810 170
570 420
587 409
656 396
827 437
837 397
946 719
871 274
824 115
1044 212
646 788
840 1033
769 573
212 816
484 717
850 169
604 458
983 455
568 951
520 701
332 987
456 702
504 865
445 217
172 525
74 955
1003 431
325 1055
1089 651
850 644
343 606
431 1057
744 986
633 955
152 105
65 276
957 139
499 154
153 705
755 231
115 290
394 722
968 720
897 479
516 342
819 1017
753 396
1000 549
749 192
327 474
628 24
749 422
978 939
428 243
533 599
150 819
748 853
922 759
293 1028
686 846
972 902
711 334
977 223
325 636
561 614
1003 1067
212 811
814 670
787 870
405 209
759 416
640 654
72 721
116 73
543 592
278 856
169 516
822 396
744 170
271 517
509 691
716 263
191 523
242 418
683 224
300 630
580 966
999 672
513 672
318 239
371 1053
256 482
173 616
360 596
479 431
652 817
826 912
594 613
830 287
404 811
316 838
771 812
779 452
345 775
760 667
514 784
137 978
179 981
817 472
389 579
244 854
418 528
141 740
421 979
344 860
72 2
661 699
648 378
589 996
748 904
437 386
294 672
746 983
493 472
957 1102
373 652
1016 263
963 1098
97 958
878 377
624 387
693 524
441 875
477 623
277 322
666 229
263 828
388 102
796 660
153 883
474 288
760 926
773 656
233 902
327 145
19 314
249 369
537 467
945 123
297 843
488 838
913 258
676 945
995 757
766 626
783 1072
510 489
303 129
549 553
811 839
574 699
253 525
566 262
455 624
518 790
443 341
341 856
308 1054
485 434
907 822
408 472
987 758
230 735
520 708
684 106
613 936
108 764
949 1093
628 458
871 137
862 352
981 320
796 876
1047 481
435 109
68 879
497 82
985 108
531 9
724 807
184 85
771 118
954 484
705 351
528 845
410 343
804 68
790 169
554 840
385 498
676 132
774 682
252 609
337 989
148 401
188 179
1084 338
936 942
571 357
426 687
114 642
1002 418
990 907
70 829
744 832
700 931
305 704
249 163
1036 816
88 13
234 910
166 343
735 334
394 48
876 707
121 908
947 453
672 722
407 377
45 546
855 1104
271 929
1090 277
661 110
500 295
124 901
292 745
1044 372
174 584
928 237
522 778
597 441
970 267
800 126
593 410
916 641
456 962
451 143
116 406
418 199
370 687
242 784
707 137
229 1042
703 199
447 413
572 600
165 322
1054 943
607 336
347 949
833 385
890 435
542 620
309 898
872 449
619 812
919 819
727 342
480 896
139 387
425 144
557 813
499 674
292 882
1015 541
280 208
549 873
958 905
873 223
934 625
447 281
639 527
1013 629
991 618
463 958
965 398
679 71
333 88
710 83
387 476
790 464
880 500
472 133
374 473
748 914
642 836
960 312
1014 245
786 2
491 490
417 258
636 129
1025 24
549 269
6 681
274 669
1026 304
1008 522
1067 478
267 137
495 555
1054 483
609 731
875 110
148 958
591 848
686 999
1027 164
256 804
413 910
219 802
522 725
773 308
538 440
484 758
134 622
443 924
105 564
555 1044
1001 2
1021 149
675 625
798 847
500 115
234 786
284 1002
685 470
789 346
705 565
377 712
293 277
494 589
938 434
491 234
759 844
117 145
564 108
623 185
681 309
1110 1021
909 395
1090 251
996 716
806 659
108 252
531 259
684 907
42 113
446 495
293 506
1020 618
26 523
796 556
316 927
183 192
817 901
7 638
1023 772
1096 668
799 744
865 559
501 494
611 182
679 64
113 541
139 118
689 887
478 1016
867 636
319 506
928 282
654 992
770 190
187 787
929 255
86 660
396 967
546 1106
104 776
520 291
601 624
192 1093
96 933
201 475
1008 740
503 626
396 361
629 164
876 199
865 412
87 578
952 698
821 923
419 182
445 449
886 865
325 113
76 335
480 583
366 862
275 367
484 270
308 213
91 908
815 547
1003 482
595 653
744 820
864 660
513 294
881 553
344 920
168 67
1084 659
329 473
567 1062
928 354
1059 586
510 648
1023 210
618 714
641 312
411 519
288 887
445 490
993 966
732 973
730 454
800 553
903 693
146 315
713 740
479 324
989 777
836 822
434 253
905 1004
185 614
376 116
527 709
1012 822
882 704
358 951
129 573
504 104
781 696
581 392
141 440
536 225
725 166
532 76
1039 607
816 298
674 579
819 811
655 684
961 1101
756 826
879 551
600 239
628 198
637 543
201 233
717 460
712 766
390 233
312 211
798 832
271 922
445 470
658 293
330 628
1016 603
564 478
351 102
96 549
136 762
177 586
423 944
77 393
237 933
887 761
886 813
742 378
782 707
195 722
895 751
659 191
578 276
603 628
758 165
680 572
380 140
146 800
341 593
632 854
368 28
991 733
920 674
29 456
841 609
277 853
353 715
1062 232
1085 370
12 898
340 703
407 849
76 607
822 819
876 637
480 411
502 747
778 448
101 306
195 803
88 570
483 991
703 844
171 688
1015 588
304 947
362 199
146 919
953 950
1020 695
820 605
814 704
181 411
31 823
164 251
743 281
439 101
951 600
931 1046
920 1036
438 445
948 173
206 576
995 534
617 918
923 671
789 1049
263 875
135 757
625 44
799 175
52 108
1010 674
386 496
276 334
972 344
96 105
187 118
849 83
401 662
1 476
58 841
984 654
725 297
674 319
399 760
917 222
499 115
398 667
46 96
282 799
247 802
103 123
557 475
564 747
933 928
878 561
852 825
675 986
322 898
736 674
300 46
1022 739
655 707
29 502
162 112
189 629
250 607
489 921
215 993
45 743
1062 218
854 229
127 955
592 516
530 342
376 197
303 444
962 306
56 402
537 604
987 439
645 296
619 637
657 749
890 1039
358 442
284 365
830 935
488 983
917 405
101 149
749 339
983 855
849 443
766 808
792 373
1046 315
730 309
177 708
194 284
485 46
333 101
335 214
607 1048
535 680
492 596
940 292
745 559
676 261
595 900
611 895
660 464
934 146
676 85
641 1013
366 593
795 649
524 369
809 126
912 313
917 244
796 479
881 366
1003 805
677 899
817 989
258 466
804 999
436 502
428 656
764 544
572 259
37 675
946 519
912 407
776 217
132 939
221 605
997 54
143 636
364 997
1097 762
180 821
835 897
1063 625
952 732
145 799
588 1001
652 135
495 847
559 552
673 430
23 150
566 931
1040 707
585 220
468 564
476 119
1072 996
923 501
445 636
561 660
859 103
746 429
983 796
547 333
40 902
742 322
311 827
961 801
763 164
489 558
147 458
691 391
1085 1012
31 868
71 902
0 35
707 826
730 245
717 331
845 148
104 428
639 503
122 60
837 800
452 989
3 1015
422 284
636 987
371 160
875 381
112 888
459 1005
835 883
753 105
666 793
1023 126
856 238
572 272
601 1121
538 649
295 726
276 705
32 483
273 697
712 898
551 634
935 57
444 361
394 902
745 691
101 915
417 640
283 1012
1041 785
182 417
856 664
97 570
538 820
1001 439
832 611
73 838
451 547
759 946
921 747
633 1104
143 634
561 93
361 246
412 272
326 450
832 771
887 224
634 76
1022 311
396 641
587 501
1118 399
39 500
17 930
812 1033
959 835
1068 613
845 97
896 17
128 426
727 400
595 394
176 415
229 342
613 916
511 889
297 802
650 788
719 961
894 993
60 967
695 574
518 285
540 646
958 216
628 1120
752 349
380 443
201 871
876 960
901 274
733 438
1017 1082
520 495
979 633
316 144
656 242
520 434
546 1049
133 181
723 334
992 974
874 617
836 376
891 1056
766 560
100 983
376 399
389 134
813 844
528 1021
880 917
498 963
393 624
405 403
1077 373
392 699
935 756
975 69
140 393
191 530
262 563
948 336
909 127
148 933
838 590
556 226
260 129
553 438
922 530
986 177
146 270
795 176
369 802
508 734
207 316
987 837
277 849
959 990
659 827
982 52
200 840
1048 177
780 77
765 740
106 590
984 285
197 647
582 649
1006 588
806 407
957 476
41 514
564 618
715 1008
529 350
603 102
462 252
445 933
525 41
566 852
371 931
513 764
754 747
871 442
347 185
987 568
821 470
63 442
874 878
802 330
770 1038
675 812
42 503
213 971
680 508
412 926
921 752
1020 745
612 736
840 321
713 199
561 589
1037 1083
487 203
630 1090
779 564
490 849
910 972
107 760
122 996
342 942
824 891
993 422
361 428
163 334
184 615
316 916
878 922
692 843
952 190
574 338
206 1078
994 595
997 328
516 133
967 712
664 416
368 824
220 470
304 410
533 895
614 570
1086 82
220 958
844 159
265 1114
491 764
691 347
864 426
622 751
668 819
871 1021
638 592
173 343
612 711
517 478
676 312
820 319
244 777
962 609
910 256
292 486
549 116
470 232
562 575
794 988
498 327
448 383
754 201
152 753
295 666
352 686
891 129
481 158
774 640
360 532
721 1059
976 652
244 470
3 678
893 249
314 822
1111 316
197 123
614 848
919 728
776 1023
729 146
890 484
445 833
479 598
790 451
829 272
5 137
629 468
274 667
264 704
500 787
102 1101
274 147
1015 247
851 580
379 1008
396 773