637 610
520 561
834 607
793 1012
413 479
603 466
680 116
97 1011
1087 521
660 19
686 522
391 885
201 628
317 23
347 849
439 294
115 230
313 692
311 383
342 167
75 711
146 367
614 760
317 252
538 564
102 315
1044 477
990 864
997 504
933 603
906 810
109 286
516 112
221 375
401 293
404 693
952 821
830 361
802 685
775 667
644 983
583 126
414 751
593 251
411 573
647 213
458 959
100 685
599 487
860 1117
451 573
997 333
461 291
392 963
847 373
983 711
96 251
230 750
503 679
1035 1004
1026 326
170 537
742 977
982 350
624 770
790 686
884 42
195 936
434 858
406 74
1072 939
233 1063
407 937
293 403
998 578
114 988
321 987
870 781
548 168
198 1047
568 364
884 856
1123 702
737 400
1103 303
977 1078
716 1105
905 356
468 8
963 814
309 799
1049 114
371 435
850 581
235 757
733 707
827 747
452 354
737 1090
39 409
620 939
546 260
1068 237
1023 535
894 577
528 265
647 965
124 344
199 469
568 766
742 728
133 743
160 279
584 669
905 590
145 843
80 191
943 1032
94 1008
659 614
703 1115
228 915
903 731
859 564
952 677
367 1057
634 891
995 267
474 40
158 315
336 538
691 59
742 433
418 153
61 973
969 650
312 93
111 172
572 566
862 687
40 37
1039 746
272 260
843 119
647 663
568 812
67 493
117 876
465 340
641 122
818 468
82 537
1112 146
401 319
109 860
213 625
158 410
657 237
892 162
378 309
462 572
485 951
714 133
311 681
436 662
534 951
662 332
468 239
772 256
202 48
645 256
1012 290
930 972
811 976
207 503
750 491
1089 957
716 332
246 618
417 503
637 863
1064 715
800 995
944 129
231 496
811 370
237 448
515 320
958 166
694 476
1041 427
144 835
1119 803
983 702
710 559
1123 329
598 407
127 395
157 399
207 343
290 551
538 866
39 1080
446 358
253 525
954 687
1100 613
197 483
862 23
261 823
673 374
386 103
658 991
738 64
22 170
735 283
932 177
976 364
130 872
1042 884
766 200
48 1105
133 469
196 181
197 240
182 848
844 935
1092 1101
879 501
859 103
621 963
262 148
979 788
750 184
1057 181
673 601
429 846
478 265
967 663
80 831
1053 663
434 491
623 1040
1010 848
594 1004
17 207
789 283
907 490
822 1049
738 622
683 468
321 651
428 367
654 362
279 96
991 1033
639 499
705 261
999 494
981 310
742 138
556 414
208 808
694 419
215 774
126 949
303 843
556 404
822 170
6 689
86 714
1036 701
48 1004
83 964
948 457
151 598
530 238
373 765
621 593
690 635
796 390
361 439
364 867
976 972
801 1059
960 679
520 140
406 321
280 860
192 351
21 435
922 849
1107 970
498 559
930 766
801 406
300 510
266 410
563 826
259 764
916 134
323 233
77 575
359 350
898 744
560 213
768 1013
389 341
464 366
1036 11
713 459
270 159
146 215
739 676
453 514
511 154
900 1060
759 927
919 409
974 860
388 969
860 374
782 200
779 926
1044 985
43 613
802 646
193 444
723 250
795 803
877 963
1063 439
472 508
355 155
259 1077
415 995
680 23
642 604
146 705
522 697
677 612
504 312
440 804
642 407
152 334
418 1054
881 463
867 507
1069 553
433 774
57 933
290 922
627 300
619 62
841 1066
809 744
608 532
985 857
695 255
665 853
525 188
24 793
286 1060
818 708
170 370
616 242
673 880
160 811
290 893
200 136
170 155
1112 520
974 734
408 964
699 269
682 674
533 330
765 346
311 790
338 663
836 269
496 423
901 856
607 829
1061 707
367 579
189 844
895 740
886 158
763 589
20 425
746 338
663 131
993 560
901 842
778 575
739 876
353 877
467 232
1020 118
396 662
818 977
905 606
446 315
203 92
972 240
769 712
947 1007
575 684
308 256
529 266
206 942
252 877
643 545
46 486
1079 578
728 223
216 122
278 256
957 147
918 172
977 128
735 965
1010 993
501 911
534 754
738 371
611 706
297 362
463 972
644 674
1017 805
230 725
704 684
736 688
620 736
968 849
724 507
609 1121
1008 497
830 690
687 1040
383 782
659 855
750 556
379 86
630 568
400 425
736 914
420 366
150 1012
947 383
395 958
1052 819
856 549
431 133
935 289
848 605
724 524
1031 170
1110 191
848 38
243 538
166 534
7 315
195 547
1099 325
435 1016
454 188
241 544
714 690
737 1061
176 927
311 801
840 693
611 77
256 486
279 505
667 940
761 821
1094 330
493 19
893 695
470 669
63 1120
347 932
921 336
169 811
999 119
141 298
158 295
864 1069
728 618
742 484
118 342
903 235
664 404
722 191
316 388
870 884
578 427
834 174
320 864
754 828
723 657
899 29
1061 1003
320 598
128 695
775 77
224 100
867 163
786 901
26 246
539 583
425 238
702 645
782 789
111 831
794 211
764 211
376 293
30 50
249 652
1075 665
992 1095
737 660
29 292
410 660
813 1023
499 392
133 724
1108 926
135 337
575 224
84 184
489 551
939 352
728 336
977 625
161 414
235 602
204 666
348 438
188 920
947 764
206 540
296 931
327 944
309 938
947 927
836 352
291 691
742 512
404 171
786 974
99 716
879 206
309 278
782 512
929 313
380 796
63 921
380 1069
100 385
64 478
344 625
1110 119
339 322
280 1037
929 994
407 25
508 960
563 779
195 847
906 554
1083 687
689 730
935 949
348 60
657 937
209 1013
779 68
870 1056
414 411
472 905
320 958
607 218
1011 598
657 79
882 214
136 126
935 18
968 350
259 185
607 1003
244 744
718 1024
889 852
296 887
718 163
504 444
705 441
872 596
209 769
752 1068
738 455
352 963
572 188
546 464
742 797
511 775
889 294
352 995
939 7
448 836
618 838
439 883
867 169
453 842
797 566
88 223
536 87
479 385
897 785
368 855
320 312
1071 916
47 339
1104 966
419 711
538 860
856 330
461 852
117 778
582 457
582 765
1009 764
1065 900
747 1086
401 253
392 873
441 338
339 94
929 424
612 246
890 1000
146 314
775 376
610 647
606 259
211 159
546 817
963 959
1021 730
361 678
687 997
148 583
912 837
179 104
362 693
70 689
295 12
860 660
793 1014
974 471
193 787
216 337
272 921
230 188
260 540
261 669
708 451
339 512
919 972
407 383
211 569
285 227
695 654
1057 132
951 942
130 899
621 673
301 709
646 770
290 921
351 925
572 237
78 1120
556 475
743 992
839 936
762 659
752 949
307 303
575 607
618 903
324 126
35 993
671 1086
532 185
336 682
244 476
160 96
460 288
457 392
393 10
268 940
847 1103
841 171
418 376
160 544
186 617
917 809
785 772
328 702
575 682
1014 364
640 483
195 506
847 478
913 1037
900 539
16 658
1011 47
335 985
711 790
242 1022
46 829
430 202
926 989
1053 1061
402 358
781 189
470 538
343 645
552 17
300 26
225 1116
496 37
854 360
170 379
124 384
603 673
140 681
557 243
396 1002
867 1051
205 429
174 697
927 233
166 681
1010 754
746 355
423 329
929 616
193 705
450 408
246 834
710 176
769 600
476 610
557 1031
356 584
484 24
431 1045
588 981
1067 525
674 280
443 694
973 241
777 463
295 568
255 166
925 697
398 901
181 624
385 609
736 702
201 595
442 774
858 854
252 1008
146 91
631 651
703 861
351 699
842 546
293 415
617 639
871 76
973 966
11 248
718 1055
848 886
439 335
727 607
886 529
470 249
818 889
240 292
302 631
626 843
266 247
312 958
520 528
761 144
122 507
748 378
473 700
329 407
997 880
962 524
1098 749
728 1078
709 81
798 218
112 161
897 599
607 470
391 619
741 828
498 820
905 1101
387 350
820 355
395 937
534 616
362 500
144 50
147 538
418 456
147 436
862 220
463 243
964 977
807 712
1030 762
798 300
674 853
249 906
934 185
69 435
52 598
426 745
687 808
283 771
1109 489
310 349
326 605
773 860
481 806
768 259
372 413
901 736
677 330
177 138
1015 879
29 266
554 660
683 535
367 728
282 1082
966 891
660 412
241 702
622 745
681 502
983 215
632 162
266 185
510 275
854 608
615 291
794 425
208 672
742 586
168 627
265 524
774 869
802 518
576 739
385 266
698 1008
1015 17
88 802
289 798
593 824
462 442
942 897
837 153
370 972
242 975
146 1058
595 1054
443 528
763 135
745 453
70 159
699 846
849 821
478 74
625 631
979 930
902 315
812 174
711 184
684 462
509 280
821 993
480 216
402 740
1008 981
430 653
708 673
128 798
622 150
496 957
535 416
506 522
959 623
425 312
835 887
242 663
360 259
937 603
800 838
367 649
832 1015
342 879
259 232
897 291
469 791
568 817
890 423
607 391
390 284
757 551
904 544
596 463
813 659
950 970
158 998
251 967
993 536
168 731
126 1020
1075 561
527 294
29 507
917 589
671 832
482 586
744 985
729 569
1062 797
100 589
565 184
396 777
628 229
346 1022
622 420
231 624
376 465
932 509
775 663
893 392
416 750
602 258
747 65
222 289
944 930
818 19
444 642
71 629
664 461
820 977
367 756
1101 998
637 1021
795 100
541 862
737 945
276 825
89 393
924 66
388 1087
655 182
180 292
836 667
470 692
185 612
200 409
115 356
1027 966
734 124
690 626
841 1112
162 346
541 712