458 817
918 385
116 106
131 807
214 520
965 244
315 548
728 647
766 494
460 948
298 107
846 747
730 230
428 563
851 879
70 864
123 550
946 301
791 218
956 1071
180 712
559 1006
325 210
888 695
723 313
121 114
283 718
807 908
131 849
872 1081
567 305
551 285
423 945
481 443
861 628
477 652
189 776
303 410
44 566
365 748
86 668
461 118
469 868
1121 973
206 712
925 128
867 399
1046 597
607 871
652 1035
90 955
206 1034
163 174
299 513
344 551
604 893
713 257
744 925
957 629
1087 668
566 1049
1043 336
1001 16
287 459
308 899
145 793
474 577
1003 941
633 779
909 885
229 269
633 1107
507 206
706 89
762 928
681 650
157 814
658 327
219 950
538 364
920 462
690 525
276 42
616 785
530 921
635 440
198 846
316 568
788 77
387 946
371 364
267 726
432 1006
226 418
302 458
576 477
452 828
830 1039
354 221
233 1000
299 286
607 244
101 39
58 159
629 839
571 553
209 395
573 99
646 577
763 1011
894 409
467 421
832 314
204 1095
213 963
218 642
513 1017
96 148
1078 902
281 356
751 705
914 264
1088 1094
268 629
638 528
294 557
392 329
125 592
917 426
390 476
364 66
791 135
562 182
934 754
123 480
251 335
324 196
313 542
162 356
914 663
713 345
121 835
9 832
616 676
601 762
11 1015
398 452
341 927
581 23
376 517
571 515
710 6
829 152
766 491
1122 1007
708 270
966 566
1005 530
211 11
750 232
745 526
1091 589
1024 502
378 778
269 938
480 533
164 906
620 1
672 519
427 122
392 1068
947 614
364 367
443 183
892 556
217 837
326 831
366 607
1115 852
551 160
1075 299
709 282
595 554
496 1001
60 822
350 400
539 326
1073 140
456 882
681 177
170 460
275 611
1023 934
556 252
680 616
1029 64
798 316
143 365
150 850
409 438
721 974
217 635
1060 739
124 263
861 930
401 38
857 341
299 745
1045 636
325 363
189 808
642 915
1035 139
775 852
174 790
917 528
716 632
746 1090
616 331
210 1075
159 188
217 319
242 907
341 385
966 421
385 731
311 937
836 64
333 466
499 105
758 946
899 447
342 220
259 360
182 925
989 269
47 682
139 548
671 448
621 721
775 299
784 961
393 705
694 1009
525 986
284 423
291 1043
111 1003
560 416
707 792
848 96
876 359
150 668
478 1032
207 882
767 898
114 680
131 837
858 696
695 77
1074 798
970 228
4 175
673 843
169 1006
106 634
895 455
242 622
225 905
666 412
588 684
483 60
333 385
0 143
439 653
725 450
634 684
838 277
160 853
609 648
774 910
991 181
905 163
269 813
519 256
135 298
906 471
1093 613
79 673
888 710
565 523
659 267
694 545
470 644
0 670
627 74
402 134
196 755
731 606
828 618
33 747
365 441
420 470
545 457
593 125
276 276
975 157
993 503
699 381
995 552
1062 756
775 825
399 159
832 602
477 96
827 646
536 361
788 774
355 954
447 302
751 206
594 1106
713 424
167 557
880 527
982 126
581 191
454 509
202 932
491 1043
178 15
594 577
962 955
212 1017
1039 197
19 826
411 300
156 739
1020 150
929 528
914 337
214 606
576 101
654 1068
522 280
534 326
771 202
757 323
600 625
629 977
592 516
866 857
144 896
529 770
542 777
999 308
638 524
74 978
286 381
588 818
280 710
135 216
316 942
744 820
893 144
559 180
419 501
610 528
853 403
536 579
444 440
405 155
189 668
188 175
1000 436
37 981
183 917
991 470
834 121
759 228
798 435
218 214
742 588
185 359
372 201
395 137
940 701
600 276
726 116
691 367
11 256
903 124
822 876
22 329
447 146
831 779
914 675
783 233
288 166
57 806
128 300
185 1089
1014 836
374 722
338 605
439 538
932 443
540 575
470 567
237 1012
920 353
690 815
914 909
964 128
1060 403
1056 152
474 279
354 180
114 624
884 344
259 19
272 743
577 628
510 983
487 921
178 796
117 57
405 180
65 827
355 451
155 1048
984 450
383 748
358 336
949 121
1091 500
402 418
518 297
233 364
419 108
424 1086
575 722
513 706
545 903
524 51
674 729
246 897
135 557
514 488
429 617
333 1015
325 296
102 487
609 312
164 44
690 534
1000 715
706 538
165 719
824 824
458 576
459 193
894 908
468 641
467 898
183 124
364 370
452 833
444 491
1001 472
182 482
807 893
462 458
773 702
580 989
752 881
949 743
164 290
550 749
779 932
218 657
492 681
443 765
262 451
487 320
38 815
976 3
153 841
511 259
975 1022
489 702
656 984
692 330
327 57
140 577
368 386
662 556
485 57
198 735
377 1017
529 427
416 426
791 156
934 1057
900 893
703 718
26 443
863 1005
228 561
1035 153
619 215
247 384
391 269
712 730
610 854
252 66
425 926
224 164
913 906
821 175
740 832
463 653
868 284
679 1098
108 146
696 384
385 887
1000 550
202 253
566 449
664 655
282 349
719 481
364 23
582 309
758 921
970 820
958 934
903 573
431 973
871 511
741 640
216 937
139 446
694 737
32 648
368 686
857 602
170 305
909 729
869 515
146 633
863 768
340 832
370 936
1011 105
516 607
412 470
863 497
296 847
722 210
684 530
753 745
76 691
1080 162
396 996
906 171
451 804
229 848
857 545
907 516
1055 745
420 978
404 139
99 889
1083 351
313 7
916 859
565 597
619 560
266 98
47 780
258 155
802 276
1065 711
861 666
985 803
523 465
125 921
1062 167
722 681
880 154
46 124
574 393
527 813
234 621
651 658
32 591
213 230
267 275
596 753
440 170
679 654
239 640
988 826
280 667
918 490
428 740
922 276
892 721
957 901
109 311
298 112
838 640
13 201
619 773
9 467
978 476
921 248
495 158
772 897
163 1052
856 672
257 776
1019 828
1037 419
422 665
608 524
178 142
360 341
944 869
100 883
851 440
868 855
216 967
607 763
590 240
143 848
980 218
953 973
976 775
528 261
783 382
928 842
523 436
464 626
198 918
172 120
441 102
148 581
108 101
763 965
625 876
676 608
455 30
1006 570
810 1104
1103 602
415 111
479 1123
346 313
613 4
1042 451
541 696
226 645
83 972
1118 686
772 1056
314 52
891 41
58 397
110 215
346 654
401 1117
675 453
774 425
320 125
911 1060
877 596
1061 94
570 765
714 277
468 705
596 466
306 1111
538 712
798 859
271 271
507 1002
646 35
656 521
1042 536
940 360
598 264
782 433
870 97
838 182
391 484
633 804
565 168
250 781
59 956
702 674
831 966
148 378
1086 602
367 593
661 313
1087 483
322 761
605 816
82 839
398 791
956 905
694 267
249 1063
711 861
1076 299
521 341
997 135
316 634
737 694
840 1110
277 518
510 981
475 822
1101 254
144 460
668 908
839 103
300 190
198 533
347 98
975 777
928 856
721 537
638 220
1111 596
34 357
728 71
840 589
425 453
903 164
700 132
1013 953
418 746
172 197
338 993
829 826
371 541
883 788
939 994
899 125
969 788
632 130
808 722
590 837
981 381
934 271
238 1017
804 584
756 113
375 359
247 876
860 278
856 251
801 752
255 973
335 1012
101 63
909 575
332 302
37 390
901 1076
1043 1058
286 836
177 991
141 493
822 748
736 638
915 236
725 137
497 340
421 162
699 39
892 194
956 226
140 342
437 101
770 223
706 869
0 156
0 136
533 835
215 691
437 271
523 590
596 859
330 460
725 869
126 113
983 935
780 1067
1011 786
963 235
917 967
602 440
440 135
762 1036
379 349
891 600
185 165
829 291
556 922
705 853
103 772
661 614
852 699
660 161
895 568
666 528
100 486
887 536
818 1071
203 399
465 539
715 835
550 540
960 394
293 480
765 962
659 1121
385 578
885 1075
817 603
839 592
43 670
665 656
616 237
654 94
666 956
991 494
690 733
467 826
706 350
759 249
763 1112
561 1032
849 634
416 427
1046 494
579 780
1045 690
666 907
53 554
409 952
617 58
131 571
921 152
760 246
420 605
539 619
984 894
634 193
390 233
1015 599
1085 1045
908 498
211 509
849 226
485 703
153 312
906 435
822 621
705 550
110 215
609 112
87 488
157 924
432 274
766 932
481 102
941 458
828 588
484 464
901 784
129 768
984 900
570 971
504 453
891 975
619 697
1038 454
100 398
220 794
201 898
206 662
237 850
221 915
508 671
975 19
766 143
171 854
856 325
714 942
217 272
169 861
712 98
602 855
314 934
510 36
523 1116
639 291
837 881
138 1001
1084 253
903 869
1059 436
598 1064
203 290
608 897
818 372
692 587
273 969
550 435
674 567
372 507
960 1063
920 1079
472 753
519 736
289 407
160 901
734 661
1028 478
471 468
222 814
1009 855
933 878
803 447
295 410
994 905
861 618
1090 907
930 840
694 199
764 461
1009 268
43 127
726 892
196 915
222 468
789 637
992 711
129 396
560 492
580 933
452 388
288 759
211 49
548 270
167 27
308 762
1013 1051
689 302
819 1088
882 407
199 327
327 565
965 712
599 237
714 1016
596 563
654 357
250 178
602 31
679 544
627 359
741 832
474 782
185 668
445 734
315 989
65 200
701 93
898 294
1064 250
771 906
951 301
1034 245
500 858
539 476
179 616
602 974
24 148
767 130
770 898
61 783
898 405
246 287