254 127
973 757
588 100
330 571
712 665
744 341
790 792
353 488
158 631
872 885
253 705
912 384
413 402
1038 585
846 712
1096 946
726 213
695 231
255 985
495 407
878 605
149 335
972 959
765 858
804 213
492 456
1050 490
256 350
508 296
422 717
707 726
516 372
455 437
648 395
584 198
576 41
936 307
714 1041
932 747
791 758
806 1008
747 327
593 496
900 853
893 521
875 768
959 762
590 1043
929 326
296 521
1009 1013
721 889
980 732
801 779
59 485
343 1090
52 802
302 897
728 860
112 185
681 975
134 166
793 681
366 808
229 112
703 843
669 1005
285 416
34 505
881 134
644 250
829 1000
592 1040
99 957
1067 127
427 903
734 900
125 790
831 446
940 729
541 28
53 817
502 853
742 191
499 626
386 480
968 463
997 654
8 116
100 170
717 930
147 672
791 1018
858 841
312 685
336 863
210 817
690 556
1030 2
199 901
118 46
172 246
760 271
67 574
604 309
511 253
922 706
603 939
893 558
1091 327
839 595
959 1104
1066 152
542 417
657 890
309 745
525 789
520 699
766 253
668 62
139 586
1022 721
937 1068
236 569
676 770
162 198
709 335
1003 791
656 760
921 696
515 112
574 114
555 952
988 245
129 736
314 789
445 878
296 519
769 840
484 571
540 1117
766 284
105 1017
370 125
779 504
291 664
579 386
971 1020
1120 590
753 569
318 710
955 1103
739 695
252 540
427 634
492 566
624 270
351 542
922 73
826 436
802 963
901 619
1018 332
732 708
430 454
127 110
1010 117
101 690
539 44
500 566
864 1080
372 1084
956 912
44 1040
1101 496
601 875
1118 1055
901 855
526 601
537 92
905 130
431 807
111 631
142 133
189 552
623 11
741 219
929 23
967 682
783 126
298 97
965 197
521 596
884 840
774 856
659 177
785 985
695 140
865 846
344 1104
0 784
285 796
481 236
861 923
474 313
495 552
710 889
500 540
518 1099
555 127
236 147
1052 463
721 972
1121 708
556 294
765 926
601 207
982 900
545 1020
394 593
744 48
308 276
667 426
457 392
574 234
272 70
456 935
242 890
335 66
899 1016
568 291
596 466
100 282
618 166
475 1107
50 819
910 600
903 1109
851 838
880 962
190 1018
861 297
930 796
895 340
276 301
567 592
272 979
1033 602
1015 1018
793 392
278 1003
671 240
19 1005
1038 334
161 869
648 319
649 454
817 1073
286 314
1001 294
749 601
580 1012
675 191
260 185
155 152
732 378
986 921
23 304
320 131
818 1063
616 625
1055 729
680 977
339 672
621 84
643 1085
656 786
897 513
541 1093
329 505
472 907
281 176
195 424
992 410
904 712
347 685
853 1086
824 297
418 37
653 446
879 402
264 156
991 581
392 447
973 409
656 706
39 140
745 665
33 275
333 983
1033 164
466 797
261 506
999 725
802 11
270 1084
399 965
870 11
904 763
1104 1004
243 1018
1073 634
269 17
637 636
434 612
922 40
392 856
29 485
760 987
680 646
81 11
1006 440
724 364
1088 959
619 182
913 431
523 177
1016 398
291 389
947 457
991 1004
531 611
592 706
198 360
828 1019
264 309
113 780
1085 990
326 357
894 746
57 507
275 390
125 203
769 224
1010 205
525 902
985 879
124 873
594 365
595 797
969 425
845 662
847 631
707 211
717 651
288 1067
971 660
670 963
306 910
916 605
257 259
753 963
433 120
1093 226
535 598
558 477
380 615
448 1094
434 433
608 293
468 595
974 581
1035 272
506 218
336 3
1018 682
903 254
521 435
1081 514
530 117
860 646
893 916
520 232
170 779
355 806
405 476
926 622
408 453
524 800
800 636
470 943
633 1102
2 422
444 391
650 841
847 971
776 367
170 294
330 202
301 1083
839 828
840 569
247 1008
979 860
304 97
598 200
460 983
167 213
241 996
874 645
283 351
216 140
324 597
412 998
91 217
699 770
325 219
346 265
421 789
825 689
557 408
181 1029
227 331
786 773
613 159
594 624
247 130
69 551
356 1093
379 25
673 779
762 661
236 397
395 882
627 198
779 877
721 585
6 1082
38 367
624 228
943 191
318 469
181 779
979 853
1005 475
47 832
976 270
520 364
1020 86
1068 669
291 255
806 1007
418 21
527 945
388 302
795 445
106 301
221 1020
591 869
460 742
831 31
512 551
657 555
87 560
930 1
875 590
2 458
208 785
299 253
154 593
158 587
597 343
29 897
575 584
1032 250
378 643
608 844
694 245
448 974
205 906
262 1111
682 981
599 771
606 657
1010 232
509 131
1123 524
345 698
593 656
396 595
904 525
703 907
367 553
825 1102
138 527
945 32
812 444
808 405
553 531
545 386
128 456
1026 600
702 165
623 877
653 342
173 352
878 174
785 916
221 755
1009 516
594 806
591 666
353 1116
428 184
739 1120
844 24
278 274
272 398
449 687
991 90
296 9
352 629
300 706
907 161
884 829
6 1050
273 516
483 721
778 957
1064 612
615 799
186 988
270 462
878 642
233 381
573 102
1070 913
710 770
763 944
728 639
933 464
545 605
888 796
449 429
525 486
563 961
738 1111
761 360
544 959
822 403
50 150
237 924
980 215
935 999
228 737
350 810
142 584
520 517
103 330
913 1015
248 33
157 796
250 346
864 410
626 618
559 231
262 1050
295 386
629 818
716 955
750 769
784 463
758 217
900 143
909 176
111 932
78 566
934 501
155 550
935 1052
638 154
545 402
780 572
943 706
802 1099
995 420
560 142
486 16
509 1097
574 847
714 725
115 1039
153 556
6 1017
548 783
786 61
501 156
212 646
183 1048
505 1026
474 472
710 203
904 661
116 937
786 560
604 705
949 283
857 591
222 651
797 590
326 698
917 683
694 738
16 523
847 738
589 491
851 195
411 171
551 602
162 559
832 918
840 958
438 715
750 28
969 27
411 633
548 892
632 114
153 851
413 1022
966 858
756 486
358 258
412 614
949 435
652 335
879 307
233 589
550 209
888 350
1090 1061
408 586
299 701
183 598
777 303
787 254
293 711
564 599
165 592
560 727
1074 52
166 690
473 465
774 257
444 184
28 667
975 817
124 712
315 483
126 825
810 599
955 828
628 311
598 555
911 658
47 293
941 922
216 217
681 518
745 381
991 223
75 701
506 581
576 500
548 600
561 229
950 209
507 192
16 624
887 40
858 1075
448 121
977 632
863 794
199 913
985 1001
132 144
428 654
582 1099
674 826
935 387
441 334
349 232
668 286
256 217
610 661
909 904
797 1019
487 838
337 149
602 1116
542 109
595 523
222 755
514 1066
619 767
660 205
352 509
253 929
711 636
355 730
730 1018
945 154
965 704
104 101
167 756
863 598
224 502
481 992
203 964
880 233
612 180
426 412
364 117
585 382
850 804
672 732
137 482
845 210
328 1065
858 196
246 388
105 848
327 129
143 341
482 249
733 915
852 823
698 346
451 121
281 839
759 946
542 137
622 17
490 423
958 804
759 315
704 249
459 528
219 412
908 155
486 333
907 206
514 978
899 100
211 790
1110 435
813 612
690 35
369 273
784 2
472 762
691 962
915 1008
110 545
356 367
825 823
289 484
202 1091
320 404
884 834
702 273
21 369
443 354
260 755
1077 203
888 202
756 25
923 59
782 617
141 961
171 989
453 589
510 920
1019 248
957 474
371 624
878 587
336 803
107 724
207 361
168 165
38 536
459 393
49 526
476 526
593 1039
1014 476
811 292
601 819
9 247
160 916
903 919
366 260
107 928
260 140
892 996
945 264
501 322
453 684
467 585
611 133
782 829
654 962
530 234
330 712
636 807
827 972
952 693
534 227
658 946
334 434
276 719
1045 346
923 819
563 317
23 168
210 222
939 1115
188 676
945 808
969 132
1049 816
893 576
15 305
798 987
289 933
785 1115
904 272
650 359
612 1120
59 1123
772 667
785 140
869 1064
198 715
226 511
843 92
1036 219
646 483
660 115
458 96
577 197
645 972
631 919
873 1012
228 130
199 839
436 903
0 364
611 939
630 784
358 183
374 136
895 1008
846 914
334 484
514 260
549 791
546 120
210 580
446 426
792 817
1022 273
762 689
171 773
1040 94
402 234
780 497
555 946
723 1013
21 833
136 757
306 262
951 230
768 137
898 605
230 498
816 598
847 1014
20 1007
90 299
219 817
164 160
137 989
82 1039
52 755
172 203
900 347
126 384
10 991
583 698
816 53
403 850
572 953
844 611
873 570
1073 995
143 388
211 172
312 246
284 458
298 276
233 294
401 347
314 57
794 779
80 362
408 744
534 466
701 656
372 866
172 539
737 1014
670 724
455 741
346 418
559 427
827 1022
565 175
913 704
34 863
975 812
81 502
887 998
580 314
209 373
103 1107
492 1032
620 164
293 558
839 915
504 600
265 856
1042 439
305 210
301 144
1059 511
543 847
579 646
982 695
856 213
927 192
788 1010
124 602
539 372
1002 469
285 207
576 856
321 329
277 203
835 695
977 255
223 36
802 637
1007 322
444 858
701 775
748 104
397 852
1013 410
311 991
56 469
496 208
205 127
754 552
879 258
277 902
226 809
575 1023
477 335
651 220
50 672
205 60
672 213
465 806
78 734
394 942
257 882
232 440
263 812
970 1002
450 927
781 99
907 172
848 314
220 36
401 263
575 18
403 984