681 609
797 402
1007 26
880 1110
186 276
634 613
340 533
393 793
305 282
728 151
376 953
598 119
804 1030
432 891
212 564
795 596
361 28
366 333
145 612
519 337
777 529
1076 653
611 735
485 642
458 585
23 1001
79 105
828 664
1117 588
529 402
884 820
415 584
32 538
870 53
900 852
737 529
519 795
495 734
407 713
739 778
380 796
962 177
394 499
753 588
762 706
631 422
466 565
361 0
750 543
324 850
265 1063
652 665
991 287
755 415
151 254
715 157
974 318
591 979
223 959
715 82
803 918
267 688
615 639
705 406
934 54
1114 358
430 572
607 968
168 806
776 432
972 413
997 799
73 4
287 1110
808 123
5 442
621 131
627 246
153 513
495 432
712 1063
527 891
1016 26
70 398
149 690
806 279
991 731
357 730
628 89
763 795
502 164
1003 510
746 342
440 311
476 655
991 758
572 1017
195 87
496 435
1021 697
260 528
5 711
405 467
155 150
838 211
625 286
967 195
1089 397
289 1017
995 160
218 145
689 18
240 435
222 1099
413 848
716 725
555 73
877 307
15 375
303 251
508 329
411 391
772 424
631 526
177 141
283 856
684 112
334 154
9 449
32 342
264 334
507 655
563 383
806 951
626 682
482 370
1047 166
672 894
543 414
117 835
1045 550
455 393
701 870
676 503
46 453
690 192
568 565
798 312
790 183
200 221
958 982
922 129
679 846
223 554
551 1056
951 137
716 462
881 532
4 866
1117 801
836 110
106 633
822 760
517 335
1001 754
923 621
760 867
861 175
1067 302
650 181
413 701
337 467
488 703
1056 241
410 217
851 704
826 350
689 351
172 989
665 365
1115 273
520 685
810 952
737 583
706 890
456 581
734 55
812 688
188 959
60 633
299 152
672 891
852 671
960 321
381 976
24 859
333 763
213 966
1062 864
384 18
403 427
721 144
1107 416
422 200
1073 141
877 692
959 490
446 1005
282 698
565 808
1075 693
95 591
570 153
219 1014
661 1114
1028 1010
99 170
293 791
127 348
361 187
386 316
187 504
607 378
315 570
951 375
386 341
728 289
163 634
722 466
995 325
232 375
855 598
793 685
908 501
797 599
1059 416
215 146
814 64
557 447
350 747
335 925
629 789
79 123
370 899
244 247
948 442
361 576
264 673
500 94
206 480
3 143
958 767
646 942
718 791
540 659
650 682
969 595
696 235
711 555
226 276
374 703
453 968
191 340
191 125
628 405
59 498
974 849
408 939
885 539
867 678
213 472
433 206
212 963
953 489
836 559
749 522
200 985
208 439
464 741
252 691
424 825
619 333
383 929
383 936
906 1047
181 720
109 778
122 1023
175 692
522 334
336 559
193 105
367 231
924 996
967 529
679 136
528 867
391 454
677 1046
694 961
1008 705
652 139
69 509
193 789
427 751
626 98
622 295
53 382
880 704
625 174
844 840
80 1031
957 873
517 645
321 834
940 52
399 1028
1105 818
909 210
314 1062
264 252
441 691
750 481
981 441
226 558
230 571
154 752
939 695
559 964
838 689
272 995
135 802
812 453
746 816
164 230
909 621
21 546
543 901
497 740
125 635
190 934
1061 927
304 880
1044 319
963 575
1043 647
123 113
818 563
999 494
737 745
192 812
1051 690
436 104
92 100
289 215
1121 581
298 1017
517 972
21 787
151 1096
930 317
251 423
179 505
653 438
552 614
700 175
842 512
458 170
974 728
152 1106
614 399
529 220
352 935
62 821
82 152
524 987
16 537
21 858
457 959
932 861
811 277
1029 201
310 740
559 495
271 314
323 570
1068 135
161 844
17 969
841 1026
239 529
940 318
326 713
907 205
655 409
123 199
888 996
387 951
645 140
67 842
670 981
133 836
947 659
781 546
1053 638
236 1114
243 773
845 282
716 264
187 375
542 641
514 243
920 321
509 383
1088 864
540 481
318 176
366 436
458 251
21 526
819 943
752 614
496 723
989 661
43 236
983 126
237 765
798 689
668 383
317 884
878 969
1016 572
829 982
687 474
566 305
609 1073
430 835
797 1102
1019 749
578 731
249 636
774 268
441 902
789 506
985 1052
778 985
280 557
189 517
480 620
678 188
451 157
322 972
719 290
828 239
956 183
334 530
193 163
640 583
515 629
500 664
1079 543
812 726
108 842
93 515
687 860
461 794
786 700
874 932
287 606
275 615
152 665
167 608
684 534
429 855
745 80
604 607
241 635
363 146
1023 652
126 94
819 398
930 645
461 109
546 284
780 867
620 701
314 479
91 367
811 112
613 1049
722 560
887 216
560 525
399 860
844 617
638 589
118 873
239 1
258 55
691 498
875 916
269 420
884 1095
321 648
221 645
720 411
962 169
143 253
605 791
576 235
308 303
884 616
377 629
354 183
435 898
612 464
118 953
112 815
589 226
517 114
920 834
550 784
866 944
234 662
489 896
678 188
704 1017
600 906
587 185
269 787
232 800
816 1116
279 329
1052 283
867 825
547 659
739 155
616 277
688 399
686 121
500 184
809 103
247 816
322 39
19 353
367 1109
172 911
1093 319
871 843
633 721
509 426
994 855
344 664
604 990
189 131
142 6
493 529
178 1014
226 827
554 762
502 785
104 453
773 163
890 1057
535 387
14 311
229 873
397 3
331 949
1011 217
484 186
898 743
1012 1032
359 638
718 399
1064 280
475 882
551 755
508 97
346 169
940 884
517 738
140 437
373 608
585 213
646 963
556 411
221 553
304 254
818 314
498 1051
440 477
815 365
318 290
438 1022
143 641
491 1002
917 781
529 858
447 789
1109 339
291 962
684 937
485 326
159 995
313 1013
46 102
614 749
120 1000
172 380
481 226
488 335
198 361
390 162
569 703
675 715
508 326
716 588
816 118
481 175
712 752
934 435
561 978
694 450
447 332
153 554
191 115
857 965
805 958
544 263
37 1034
249 201
691 232
415 930
749 587
637 523
286 692
479 901
534 424
857 1045
263 995
374 332
91 27
254 112
421 885
811 337
837 106
1018 281
608 1054
270 467
829 544
793 282
564 241
782 464
644 725
1009 765
861 947
97 341
702 321
932 1043
622 918
496 571
1058 896
488 610
335 386
832 442
934 817
130 691
755 380
314 186
280 225
199 464
490 261
859 931
494 334
417 117
627 956
309 559
868 660
620 204
152 457
236 638
863 659
510 606
343 349
490 108
415 156
616 954
975 415
812 936
1011 638
942 452
157 174
851 788
777 565
947 638
434 159
852 840
627 988
242 1045
391 968
1096 275
732 1016
79 350
733 906
157 996
920 954
207 781
135 1058
691 125
118 676
32 673
593 972
319 832
232 340
910 927
792 345
59 712
168 1108
911 234
212 912
508 610
159 233
237 603
544 289
683 146
834 297
838 1022
979 483
349 379
710 378
1047 724
753 792
587 134
315 673
466 849
643 694
547 231
853 671
966 310
522 68
517 378
284 208
879 601
974 545
390 346
1046 213
599 314
536 729
768 546
992 317
627 973
683 773
576 707
257 408
1028 314
632 595
887 52
485 291
738 831
827 590
994 120
174 348
1036 901
153 664
706 409
417 27
677 262
283 999
565 596
938 318
457 708
594 1019
123 668
215 612
347 374
332 1102
49 522
729 1001
77 82
804 1078
698 674
902 618
1042 420
403 961
889 713
187 247
207 582
432 521
728 699
858 473
345 389
480 43
68 685
141 872
785 808
577 802
1006 325
272 934
501 894
741 156
779 840
408 267
877 270
1007 256
581 887
569 1013
890 500
781 78
137 351
102 316
626 835
751 176
359 214
986 54
742 893
463 129
437 380
394 536
718 284
200 452
700 486
612 595
817 269
332 943
969 344
869 311
75 105
234 419
813 662
788 911
93 618
33 824
62 1062
665 1052
752 338
608 659
980 269
122 645
835 1111
336 934
205 447
519 418
776 305
89 904
137 687
285 243
622 1082
924 710
878 144
749 873
742 342
820 894
357 1056
642 18
378 121
374 968
603 718
1106 762
497 291
998 794
161 780
811 496
30 584
110 984
13 297
1073 1009
660 210
472 443
935 327
483 700
703 540
1109 513
373 1064
828 456
201 977
505 355
159 427
910 993
887 939
958 914
739 718
168 508
178 876
116 956
274 682
946 971
502 329
372 263
401 277
1028 733
259 1089
696 989
266 795
645 188
886 27
399 1020
672 371
93 489
152 310
675 95
702 624
151 625
600 838
1116 978
537 707
380 129
832 1060
183 335
105 414
876 65
435 782
238 673
348 243
857 576
946 156
475 1022
3 856
631 841
39 667
199 698
828 1081
331 717
237 970
223 398
582 778
115 895
971 560
738 840
128 580
548 1009
828 643
67 793
410 958
381 7
780 209
422 1112
601 1051
62 121
742 948
299 702
680 473
660 447
164 933
244 952
2 451
994 838
127 552
784 407
137 256
762 11
776 977
791 995
690 642
778 295
707 255
858 11
663 531
1072 544
852 392
167 503
1035 185
766 295
193 285
297 864
825 145
502 703
258 1089
114 724
782 804
394 63
509 478
1012 906
27 650
117 513
210 161
843 210
436 500
384 401
1047 664
549 390
771 162
379 1032
521 714
239 529
565 367
79 783
902 287
426 255
348 901
506 416
309 452
799 846
779 281
367 215
870 1057
868 829
541 893
389 472
147 788