918 964
100 1018
1022 991
385 968
240 976
875 215
676 397
948 761
372 910
523 869
1113 1109
656 264
607 1079
814 122
633 126
653 253
845 184
849 693
969 118
598 343
877 738
149 429
800 750
1010 329
574 237
367 421
404 272
156 685
443 754
984 870
589 982
407 385
775 700
925 580
373 302
363 890
989 521
496 187
657 539
98 1033
589 915
1045 1093
1008 116
328 844
587 340
470 133
331 358
187 104
241 924
664 794
68 1007
979 630
821 913
324 74
862 231
844 770
510 501
199 278
132 492
643 134
781 334
178 932
539 693
417 269
843 123
282 148
385 833
884 104
132 253
1001 835
304 109
760 764
122 461
531 151
796 600
179 1050
405 38
370 235
178 274
618 55
997 133
139 1062
407 599
773 249
332 790
247 781
730 926
430 159
402 176
531 465
543 177
799 595
842 175
1088 130
496 114
508 142
386 990
547 44
103 899
779 977
806 145
230 186
794 864
439 147
133 138
117 755
1023 778
84 717
159 470
387 683
903 259
840 664
1007 754
522 215
412 450
952 609
392 288
494 628
469 285
237 929
585 803
3 29
462 159
460 273
690 766
706 505
719 832
723 81
13 392
1049 814
610 755
597 757
1026 608
472 609
171 565
734 398
119 480
900 1113
521 906
416 818
105 189
135 1040
624 913
227 989
457 613
254 308
761 626
414 794
915 790
618 1023
483 535
140 965
596 666
920 564
785 82
684 621
387 210
601 282
135 108
294 488
199 310
386 597
752 306
639 789
434 1102
573 375
539 1066
173 171
967 569
119 368
843 1102
409 482
648 295
896 307
161 446
1082 390
53 991
230 756
973 506
669 1063
895 1082
90 239
836 726
411 523
463 149
393 258
332 275
597 1090
41 932
324 145
967 605
265 657
1014 104
136 642
153 287
458 24
360 504
487 177
179 356
356 427
235 791
166 708
656 727
714 30
625 559
365 854
769 451
2 256
884 349
210 477
87 71
580 160
68 971
750 644
784 216
651 150
812 903
1014 794
333 189
178 564
591 889
451 427
854 658
717 381
724 737
875 84
342 198
73 174
77 833
390 293
406 633
836 591
529 474
825 330
991 243
227 805
100 571
974 952
463 1042
265 863
965 288
954 941
215 2
643 1004
548 864
678 573
429 409
619 162
683 893
215 1110
967 657
543 1055
246 318
182 490
493 498
964 334
646 416
321 755
554 410
597 512
696 453
648 980
32 950
140 599
140 901
889 909
322 851
948 1118
44 790
932 922
331 441
513 546
102 617
991 421
304 556
118 658
350 821
131 240
479 219
127 147
923 201
645 567
931 461
449 111
858 647
222 446
793 534
880 1009
653 611
92 439
851 435
236 332
631 872
767 732
905 1101
368 194
567 1075
924 129
569 887
238 507
691 541
942 1082
656 299
566 502
988 118
896 260
668 132
926 468
248 357
1108 926
805 603
347 327
273 682
551 97
632 435
811 682
917 461
826 251
600 716
317 249
291 907
531 641
785 838
824 980
778 966
842 670
16 681
648 654
164 358
508 179
890 1002
732 1059
5 371
428 511
104 865
226 175
421 649
421 778
157 1056
914 489
999 852
409 196
381 995
831 1022
120 1120
493 983
18 423
941 1040
782 592
138 846
416 851
345 963
940 1113
166 240
359 401
996 727
356 443
105 1050
502 935
457 256
962 367
313 277
208 427
254 1047
97 589
670 185
943 476
1099 971
191 545
318 248
887 256
774 865
239 967
322 101
256 553
728 26
718 155
727 733
549 123
887 481
135 849
79 836
630 542
278 335
615 171
597 812
212 982
965 108
274 509
380 559
1027 645
370 340
179 126
561 514
332 171
456 495
382 555
260 791
165 756
232 825
553 702
788 400
902 165
199 309
1106 63
736 725
789 557
801 119
249 1101
606 429
154 477
473 350
257 342
999 1114
213 199
675 593
434 835
353 362
1112 735
433 846
404 853
516 127
421 645
963 139
761 16
142 121
348 446
11 1018
238 832
159 666
430 1022
701 893
616 354
357 393
268 183
368 164
650 141
498 341
702 120
414 89
710 498
417 328
7 717
260 191
463 970
628 149
455 1103
428 149
466 832
9 756
1007 918
682 835
566 617
976 894
357 457
764 166
861 777
535 1045
182 401
250 911
1065 650
302 594
640 807
1034 913
377 137
628 687
362 568
229 751
801 433
792 1103
891 770
464 1020
999 61
856 180
827 220
583 601
135 450
149 617
206 526
818 283
740 260
141 163
864 764
811 330
1017 274
400 109
900 651
490 548
406 631
644 1096
1061 758
473 727
879 128
114 430
448 742
524 507
924 54
118 182
732 105
218 29
723 432
130 1004
928 716
754 899
377 669
771 1022
231 249
467 599
787 312
299 285
605 248
968 645
74 106
598 1014
612 369
420 222
784 1106
709 917
1088 558
884 645
290 203
942 799
808 155
740 92
136 326
41 649
584 177
714 487
273 361
452 875
227 604
911 277
613 262
113 858
1070 792
584 142
123 292
683 152
501 1061
758 257
182 363
148 235
698 921
858 596
222 23
42 180
767 137
978 1052
763 910
846 279
17 720
166 778
269 547
59 883
739 852
164 19
792 911
1045 137
868 147
836 1109
536 352
135 129
163 639
837 954
133 649
291 235
592 419
614 1116
849 158
431 144
507 405
134 911
982 674
786 605
800 742
744 276
583 267
963 987
563 48
1056 702
262 424
1067 222
651 310
960 241
716 0
301 235
836 971
276 598
1020 374
245 739
943 531
242 423
372 478
62 453
854 485
571 178
774 738
219 674
390 564
396 1069
379 527
215 857
712 238
486 854
909 719
485 756
224 874
427 184
4 1026
568 807
123 1018
930 580
268 1095
252 126
172 736
771 187
480 692
28 1019
140 214
440 100
490 609
585 663
872 773
345 862
990 671
898 300
324 655
765 251
742 278
422 253
549 129
507 355
995 500
395 877
1036 369
342 386
921 378
843 1119
808 332
1094 704
815 638
458 24
344 468
176 179
844 234
321 473
472 649
174 617
913 59
166 431
140 288
8 893
428 514
1042 495
821 679
628 151
284 872
1081 56
1093 509
744 818
539 138
102 380
642 597
498 218
544 383
524 759
869 439
279 913
782 667
998 879
318 396
405 762
272 993
288 661
460 849
671 646
428 35
523 163
1013 338
1013 315
233 537
421 621
718 382
969 328
485 346
783 620
587 488
203 594
749 499
877 494
987 495
286 1010
37 857
153 373
733 488
925 470
511 159
177 844
1093 780
963 538
558 839
981 420
867 657
96 1047
480 841
1002 468
729 1043
942 318
352 755
713 167
424 410
880 880
608 75
976 131
603 543
826 464
124 157
512 286
424 1006
155 754
399 645
861 331
457 976
673 32
660 743
738 489
886 1080
377 244
306 660
882 370
696 843
648 775
290 1059
120 1005
1040 615
451 921
900 564
656 380
762 141
1097 904
1039 582
683 900
622 329
672 839
426 99
495 290
507 133
155 907
211 751
421 884
410 567
34 1013
646 541
65 912
941 799
472 598
1112 249
1086 150
1016 589
393 597
214 560
367 738
918 434
186 864
109 521
1039 987
215 129
1023 141
1114 742
850 173
817 460
44 612
914 926
1010 807
615 247
1055 258
585 865
755 435
304 1086
556 849
1003 709
62 329
417 287
742 586
588 442
626 507
455 775
580 497
886 1017
910 488
611 739
845 826
490 719
777 157
470 387
855 924
1035 927
539 1000
166 121
339 501
162 189
113 967
509 57
28 910
859 1046
172 365
500 197
992 225
536 355
986 449
285 759
106 610
160 249
12 67
969 421
734 899
229 540
535 462
88 713
764 551
1070 765
83 755
311 314
385 226
900 1028
351 105
1024 509
169 850
1108 960
475 340
126 259
0 672
157 761
132 774
227 31
44 969
120 273
939 984
671 1042
880 35
535 1002
310 833
707 642
860 166
396 201
590 114
364 239
335 880
467 2
688 844
927 420
244 1080
705 448
188 1017
372 214
489 300
668 958
721 767
1087 608
47 549
113 728
1103 351
943 747
580 158
236 219
195 396
155 180
456 128
618 282
671 585
168 455
193 712
1002 599
647 715
125 594
318 846
918 375
69 1093
689 126
120 960
975 110
213 682
988 621
184 302
39 94
330 505
836 304
410 347
393 302
639 460
900 337
289 875
996 620
855 143
739 202
609 351
203 418
118 153
875 343
792 755
892 807
1014 861
1104 377
865 848
786 426
883 351
348 998
1105 986
481 298
303 151
138 791
664 1122
159 1120
807 563
498 122
420 749
750 83
763 157
553 840
723 750
983 931
162 529
93 994
100 1059
940 446
404 596
172 660
1018 771
314 142
798 330
596 297
925 96
264 851
498 993
470 589
835 699
874 1025
212 279
419 909
919 767
363 619
78 526
1105 200
366 474
963 22
133 742
58 332
221 528
80 670
673 849
1120 935
448 130
456 156
721 269
1056 897
659 55
286 14
1029 642
136 291
291 443
638 704
562 329
335 298
153 352
846 1027
866 276
624 898
500 1033
498 910
353 1062
399 500
774 738
842 408
993 479
45 261
195 802
440 339
399 445
218 268
598 1038
145 772
955 40
769 258
734 506
924 140
756 0
504 9
886 646
122 467
362 198
621 502
557 710
179 759
466 713
1060 889
330 301
693 696
806 619
892 181
358 763