101 166
961 180
306 794
1074 483
459 163
675 963
636 679
852 815
776 399
792 666
522 223
1016 921
815 1029
473 126
980 208
927 121
335 928
763 611
962 937
578 612
1020 221
823 373
600 597
466 556
283 329
283 630
288 308
309 794
182 243
102 975
200 1010
279 331
557 722
248 239
821 1053
362 464
776 863
784 1007
961 125
215 252
714 266
828 1024
1039 471
211 338
34 731
365 1063
607 533
742 101
285 880
288 597
735 942
971 463
780 754
854 852
242 495
169 954
414 30
108 676
665 1072
604 898
692 352
740 248
928 972
206 624
329 386
283 693
892 740
207 112
389 427
945 987
449 498
402 813
349 11
844 906
395 402
941 952
757 176
741 116
916 159
905 1044
626 1092
313 343
898 530
1051 549
666 139
809 412
405 1000
564 556
818 953
346 986
935 933
507 549
339 154
950 197
928 590
878 762
533 586
930 414
762 895
864 883
598 379
198 198
904 556
769 481
708 914
864 188
701 913
712 103
675 672
593 742
731 547
52 295
582 1005
886 293
542 4
800 166
424 609
944 383
657 319
416 241
764 283
780 855
140 724
334 730
325 482
204 129
821 590
821 229
401 534
669 799
95 409
677 91
251 296
591 1008
446 681
433 903
317 797
120 401
997 724
431 635
875 783
1025 1085
950 367
956 733
493 428
215 41
603 32
310 537
310 949
811 65
145 858
540 538
86 128
1075 120
392 251
981 755
114 119
183 98
478 816
613 308
1012 919
836 119
636 769
538 245
480 1010
333 244
316 965
405 353
264 44
773 276
324 220
587 1002
397 515
566 568
336 505
676 564
233 192
469 887
273 420
155 298
281 525
283 1053
618 953
504 6
290 874
438 771
729 348
277 263
793 921
118 199
686 272
329 167
391 413
984 742
173 183
452 577
336 281
126 413
335 639
433 175
807 706
646 699
823 337
487 500
1039 291
815 834
1022 68
508 529
163 105
631 490
590 183
565 429
208 219
671 413
709 119
264 516
255 283
469 1017
193 642
285 599
661 649
441 70
158 150
969 253
842 185
664 940
626 690
538 1010
128 325
165 874
656 528
641 254
535 349
11 6
420 224
695 738
735 73
412 625
916 913
53 529
163 999
101 852
592 489
1111 162
797 288
759 577
437 659
717 1093
432 657
720 880
895 458
349 1058
982 893
848 971
1003 761
742 501
819 730
332 791
322 625
352 902
516 423
447 17
997 448
910 163
727 829
396 764
293 605
799 163
470 580
157 26
275 799
714 818
738 489
887 355
345 810
849 508
104 367
100 443
697 166
269 828
659 524
703 692
852 1111
997 721
620 135
571 499
865 799
387 210
973 383
229 780
148 894
471 501
348 832
717 146
2 653
915 970
619 164
658 155
314 586
315 703
155 557
307 317
1062 558
698 1080
245 914
254 1038
936 724
1108 256
457 437
196 222
128 676
203 611
1000 940
1115 506
832 541
122 554
380 798
1003 907
618 650
316 721
535 267
610 280
624 729
445 608
373 604
80 29
999 626
340 356
146 526
267 412
1034 677
856 301
320 834
956 773
311 379
716 674
604 720
657 971
879 524
1035 752
425 753
921 795
218 538
956 623
402 690
195 809
577 167
558 230
327 331
735 327
137 243
477 563
455 636
1107 636
78 633
852 381
846 1046
455 514
1121 227
390 512
268 126
577 971
1006 792
681 264
192 197
1099 539
860 976
269 814
947 739
624 82
793 904
658 267
799 633
674 371
841 622
353 206
234 315
1111 835
792 864
879 286
523 500
455 61
975 858
423 888
935 769
568 118
567 988
219 1101
325 212
1074 38
841 1002
247 242
405 819
116 1053
102 742
326 950
858 502
589 854
596 226
751 1022
300 157
67 676
813 301
553 779
660 374
736 367
64 160
423 705
56 395
567 897
644 786
505 1042
932 179
1044 366
436 901
141 930
970 797
770 891
1076 143
655 897
381 584
914 1060
223 253
413 358
243 877
482 663
473 332
1072 565
334 531
116 310
735 630
129 623
1046 650
315 1049
341 572
1012 707
648 234
113 906
5 918
701 791
406 256
348 647
903 765
314 1001
733 648
468 248
631 466
947 815
623 973
943 818
453 586
246 153
244 371
870 556
649 212
123 333
676 622
69 181
1119 396
257 538
930 94
318 955
617 585
307 870
724 157
831 563
273 783
392 224
1021 234
919 201
729 209
1012 607
167 443
709 816
803 609
1072 723
183 281
985 316
610 384
169 414
982 915
209 1061
417 723
914 612
970 546
558 873
508 239
978 488
676 241
884 509
890 314
171 226
330 22
542 143
306 479
790 128
230 982
143 874
70 917
52 737
454 536
433 418
251 234
1118 412
425 602
954 580
401 627
902 56
996 319
803 826
407 114
352 497
63 365
1120 842
62 476
858 481
608 430
490 1098
221 1110
988 117
376 508
1048 301
464 556
445 691
455 124
1041 902
270 698
812 699
823 387
875 562
1010 251
77 476
867 338
672 790
1061 225
161 283
701 1056
412 194
922 458
381 1071
332 435
832 978
117 355
359 424
473 478
994 812
276 824
335 667
439 62
539 591
876 19
163 566
672 907
431 775
313 482
808 489
932 206
488 889
723 784
715 956
846 166
1004 920
436 238
721 884
791 130
163 558
41 911
920 477
164 1002
649 322
182 485
679 906
302 437
514 163
1019 337
174 449
327 340
201 1074
848 217
1015 1006
866 606
447 714
452 668
807 121
536 224
715 578
1049 519
379 3
993 887
420 378
896 811
1075 702
291 957
713 1058
251 139
1034 388
841 175
505 106
438 489
431 899
317 793
483 782
103 868
586 289
485 332
792 687
523 999
197 62
119 333
1044 988
819 962
592 1023
737 104
472 782
150 1002
734 82
225 314
163 679
909 69
666 103
365 164
196 715
449 838
418 420
62 972
970 675
520 567
531 947
763 1106
229 700
913 122
763 909
201 461
970 255
176 1062
417 924
827 351
1058 917
653 600
273 669
252 286
979 913
252 821
665 321
32 386
742 44
943 379
842 444
960 154
375 499
473 988
901 759
1055 895
633 171
129 675
346 718
970 333
1007 456
284 961
812 595
727 890
932 759
116 617
763 473
169 168
628 631
658 994
45 41
562 721
657 52
676 654
197 353
798 706
319 1104
234 625
787 182
1055 8
103 201
1042 792
950 521
365 1021
976 490
1022 12
664 730
927 838
177 90
1022 836
410 347
197 838
649 651
630 474
634 614
798 351
120 460
305 425
603 761
440 998
739 183
903 471
368 969
983 574
115 398
921 519
545 647
999 958
670 563
530 882
961 144
445 451
1053 449
264 204
466 700
495 1064
925 1029
852 299
504 856
453 827
766 1027
144 1056
162 395
583 579
1071 626
357 385
911 726
229 72
416 512
113 968
239 43
922 715
798 154
785 144
616 717
643 651
154 396
930 668
869 784
96 12
538 622
845 192
406 244
913 949
455 386
531 523
366 1087
1090 1111
94 452
771 910
676 169
57 669
831 550
523 193
179 1118
442 964
801 336
253 876
957 824
768 551
348 1102
581 286
796 417
367 916
901 139
307 365
660 693
642 594
181 634
285 409
94 62
394 818
523 575
29 861
357 804
643 811
805 29
704 527
575 280
234 971
683 302
1035 1098
260 806
724 516
245 707
365 678
631 788
1052 765
7 210
312 283
344 140
239 1021
908 902
423 159
1020 971
920 899
824 445
108 600
440 687
854 633
69 907
931 659
679 461
135 348
167 744
695 574
735 824
811 421
376 823
1025 707
964 578
867 453
293 834
550 970
293 246
317 704
974 730
612 969
280 590
595 825
530 242
925 1022
350 1093
757 670
401 856
727 228
473 183
496 726
560 637
250 626
229 955
880 923
601 215
283 175
560 320
263 11
1072 425
357 739
970 894
114 342
63 17
816 873
645 65
109 387
802 183
214 953
633 792
332 170
156 917
345 941
898 748
1068 267
577 546
1046 293
1049 994
334 430
938 393
540 878
435 358
189 209
196 865
545 699
138 1068
249 468
1121 722
551 812
853 24
731 720
941 960
953 860
993 247
239 829
762 453
628 833
898 529
200 583
989 854
768 278
934 671
170 874
734 629
354 592
1095 428
345 947
140 880
548 528
264 369
402 778
503 858
872 726
732 761
155 207
308 139
604 583
951 536
839 26
909 135
401 423
931 657
736 169
774 124
418 1049
172 724
960 680
681 2
1114 860
436 567
1015 144
411 1056
220 802
648 576
814 262
645 570
574 182
173 911
965 623
1043 995
156 367
355 498
427 1108
376 964
835 591
642 1056
427 82
745 859
299 717
624 232
644 429
541 225
16 585
345 879
533 744
724 962
963 671
935 188
732 279
845 500
58 22
990 430
632 991
205 138
529 284
669 829
128 503
1055 675
174 97
195 310
247 129
311 249
296 785
271 216
579 362
590 728
679 281
420 537
45 27
1041 183
341 908
266 866
1032 598
594 351
183 1095
695 878
797 654
661 543
796 745
727 136
971 1046
804 496
1085 449
1088 250
140 498
380 415
925 1029
767 798
632 831
638 1052
540 971
781 479
921 279
279 365
840 120
587 937
1116 495
184 775
932 706
1018 550
448 586
46 981
145 964
452 232
505 899
507 663
124 1033
509 851
745 311
571 646
649 519
691 430
1019 1023
112 582
441 906
283 792