907 155
359 563
626 473
606 756
772 57
250 890
139 994
574 215
625 397
970 782
718 1064
733 796
856 950
1110 531
123 94
503 405
703 411
148 894
192 176
367 629
391 612
573 285
1 194
761 1118
248 690
895 488
828 258
627 963
922 90
634 701
523 499
677 234
1005 94
700 119
1108 679
477 472
116 846
661 243
916 748
531 298
112 239
147 263
434 378
390 514
854 324
952 659
548 742
628 887
574 1105
471 1094
1055 251
666 164
1109 223
138 339
691 573
2 482
792 526
615 15
663 324
448 929
546 247
726 1095
971 823
722 963
547 520
133 531
458 703
780 877
953 255
292 528
128 296
668 480
321 472
810 42
750 742
1031 598
557 726
286 98
523 880
250 282
571 395
310 261
403 559
633 240
759 720
907 418
948 137
904 458
554 466
811 638
262 437
65 785
511 416
518 118
1002 505
960 578
430 694
954 1094
761 548
1067 181
757 871
616 81
934 468
614 409
292 4
820 52
544 940
1084 379
1055 231
712 298
774 314
968 962
525 892
825 617
781 807
141 430
409 973
385 918
835 742
578 291
622 824
1036 599
396 852
590 787
688 736
315 200
796 924
254 163
1000 1000
740 1104
78 457
890 609
132 852
159 492
558 50
32 340
343 310
50 614
299 778
421 115
229 660
759 664
1002 707
74 397
307 417
9 873
539 1107
936 991
316 633
490 937
602 903
532 754
774 134
840 597
165 1079
60 634
423 165
500 853
119 574
636 999
165 0
873 766
521 829
826 344
1000 925
523 583
330 1070
666 1011
1118 302
693 1023
329 301
807 207
593 1088
153 276
972 404
828 539
791 1021
253 123
33 963
376 116
306 169
1000 736
780 212
154 946
909 248
801 601
471 478
822 709
498 1078
673 913
251 135
458 270
36 1023
43 310
380 249
426 731
652 747
1003 673
123 769
584 758
442 811
244 835
508 62
605 16
524 775
593 437
748 674
1122 331
833 861
101 87
544 284
380 237
1043 989
699 434
256 856
513 342
842 208
470 933
545 936
484 162
786 213
370 700
200 590
217 410
678 529
338 1017
260 575
78 1065
368 584
63 58
334 499
175 764
102 621
304 615
904 936
787 34
1004 333
332 208
1013 751
829 129
937 322
449 1022
704 570
748 608
543 136
161 285
392 826
376 350
663 685
896 662
384 898
966 273
184 449
951 535
62 1015
132 8
599 698
804 941
434 851
158 642
680 16
648 429
693 514
970 565
354 310
239 438
73 683
254 656
289 536
476 869
658 707
200 217
998 158
66 712
985 485
713 623
1022 937
732 562
478 877
335 920
628 175
110 240
882 650
353 228
524 177
849 737
913 192
215 345
989 615
731 619
966 172
923 806
363 360
261 709
1035 214
677 481
757 449
155 364
129 157
512 153
753 743
15 691
301 86
135 244
453 254
231 567
619 314
253 497
222 590
427 610
579 818
1114 693
200 535
760 82
381 449
708 755
896 385
319 229
772 1003
838 398
294 665
774 641
897 968
976 853
504 1092
1014 257
398 1007
693 833
855 83
75 713
913 126
183 373
410 117
88 1020
220 166
1103 433
760 994
1024 624
784 889
186 926
446 305
878 48
758 456
509 550
714 547
582 506
862 326
819 486
533 715
801 397
1054 183
490 869
962 674
669 301
289 632
237 361
143 548
923 23
806 338
888 546
204 298
759 782
83 1122
494 948
792 734
948 1087
1012 187
607 594
156 382
269 115
330 581
812 183
755 279
933 222
1079 572
597 1020
706 436
264 811
727 431
942 747
920 373
120 869
205 613
65 417
271 126
553 228
598 871
702 815
369 211
52 684
391 378
1084 25
916 904
736 1020
109 949
90 216
1014 391
500 294
969 849
247 88
162 1053
319 411
508 433
977 833
1019 173
177 678
908 103
525 659
202 812
1063 290
931 999
306 492
353 539
338 352
602 272
938 255
524 320
280 844
67 874
196 64
38 263
514 412
431 147
564 530
1005 681
205 332
254 652
786 901
308 692
969 49
135 811
599 0
842 321
405 871
550 43
575 1072
730 718
721 983
356 318
250 749
645 455
482 388
137 461
834 39
126 927
545 22
261 384
838 577
367 489
564 242
1001 944
886 132
540 62
580 853
620 1008
225 270
407 464
1070 455
615 679
778 159
705 846
562 354
730 257
363 427
1122 268
263 592
101 654
865 1098
525 998
805 1053
463 332
666 1067
976 425
121 103
577 1122
946 734
918 159
789 135
270 309
267 1061
176 677
957 956
931 384
980 300
796 940
571 1000
829 153
970 862
533 509
131 619
228 390
206 707
115 1004
192 823
576 926
624 666
385 1003
285 1117
426 895
147 73
276 378
77 520
969 901
987 974
529 977
556 52
403 773
194 1064
744 437
620 400
694 388
643 366
454 455
681 861
642 1049
1003 223
871 824
165 250
112 1029
1006 512
231 301
293 945
152 296
1094 212
500 970
97 816
1081 377
425 811
413 288
768 994
565 693
1046 314
1074 389
138 791
984 629
1104 562
98 348
316 456
312 215
179 702
692 993
312 543
572 920
281 794
48 734
522 418
247 118
361 221
827 633
580 103
93 950
328 376
521 996
827 612
450 527
959 878
284 556
535 143
732 914
170 833
398 1002
239 542
84 431
461 1052
932 796
539 635
360 964
889 426
964 398
1000 612
1015 291
451 446
852 968
472 338
214 525
150 296
74 299
351 548
675 802
924 704
730 934
983 888
19 774
537 369
636 801
581 824
896 442
376 876
913 146
305 657
401 179
436 377
212 474
386 254
1004 55
624 285
256 424
832 900
397 113
159 868
1017 965
112 490
458 807
608 1058
149 335
332 169
152 1059
828 793
788 1005
144 971
54 284
515 468
186 777
606 941
145 755
927 749
261 610
467 250
376 872
101 902
301 974
432 803
475 142
773 723
343 207
497 808
507 745
767 655
560 555
569 945
1088 482
157 211
353 481
1005 433
435 602
690 874
784 529
180 955
643 282
253 879
947 612
1078 22
495 858
531 795
237 905
346 919
419 421
805 382
1116 807
742 224
738 645
799 251
407 504
1058 900
824 241
523 1042
431 583
605 970
877 259
578 685
993 562
327 632
450 676
435 372
1084 802
173 1029
49 209
739 603
773 873
913 903
1026 1075
756 743
724 577
456 363
224 673
726 199
427 448
458 395
420 155
603 17
330 371
364 1069
519 17
676 340
481 119
857 522
744 275
110 1044
681 998
549 34
984 455
954 694
59 829
649 158
593 427
545 842
200 712
946 27
201 12
585 177
410 600
578 108
159 173
722 579
841 291
902 203
723 941
586 86
819 379
174 692
440 303
273 934
134 581
943 1057
30 694
466 246
780 380
404 181
515 53
472 378
133 684
873 454
1082 666
542 305
896 830
703 222
559 797
40 738
839 499
580 667
117 374
699 386
388 706
455 854
154 107
613 258
1006 378
312 334
639 903
686 255
453 58
134 870
21 309
760 145
216 795
1007 508
781 436
588 509
581 813
324 1028
239 662
1055 387
900 996
801 250
831 432
623 528
496 445
458 707
33 646
810 781
1016 227
449 930
693 217
462 823
578 395
81 229
1076 708
659 932
452 646
974 169
227 554
579 741
417 200
594 370
442 600
411 973
762 374
290 767
307 289
647 351
100 227
519 375
368 187
710 302
997 660
678 1016
622 304
855 724
863 690
488 967
795 461
509 268
254 1017
179 112
142 490
448 918
1094 216
863 663
738 738
875 874
366 22
337 1051
393 726
839 253
776 130
1107 830
1012 576
506 478
1004 407
866 105
719 444
398 1116
471 622
143 612
495 929
733 189
488 584
1079 961
945 116
776 1041
291 811
123 1007
1054 166
1009 541
659 629
321 425
767 575
211 514
440 754
609 773
834 353
810 145
218 269
0 229
359 204
128 673
579 394
712 521
604 858
910 449
309 445
846 375
33 326
829 1076
1060 208
795 972
898 649
725 335
831 128
956 686
649 619
721 946
721 993
610 434
379 733
308 899
441 917
195 774
132 856
326 1023
971 785
215 865
822 804
18 925
1096 121
539 1094
812 843
229 272
884 831
434 1070
216 228
469 504
462 1065
455 560
361 553
56 753
326 439
1004 472
126 178
444 837
981 368
638 576
971 678
738 702
84 412
830 596
352 472
244 635
725 667
265 1002
543 800
346 697
280 326
1041 503
575 230
1045 908
267 410
483 587
425 403
379 433
644 425
911 503
182 544
1053 897
695 24
435 915
649 934
383 768
456 906
1104 520
568 348
728 637
304 868
219 878
801 1099
652 431
748 774
557 1040
205 791
1072 70
288 103
788 405
1041 289
845 877
479 8
784 818
880 712
601 415
254 1057
399 973
1082 740
701 694
265 624
673 128
78 928
21 1006
823 398
284 343
220 251
123 938
996 354
681 157
240 967
701 570
1020 493
1013 686
253 436
1021 530
473 1012
913 880
719 181
1020 549
224 855
147 229
151 156
353 436
326 664
483 1052
969 12
110 788
435 508
887 627
608 772
54 416
483 213
1063 264
431 702
970 783
134 394
377 328
937 362
183 559
737 761
630 983
230 887
85 538
427 1099
387 779
110 171
1059 231
154 487
809 367
741 548
965 1094
847 941
262 1090
503 207
257 968
732 52
394 502
364 847
66 1006
793 686
571 177
573 930
409 955
455 23
353 692
126 123
54 660