408 454
163 222
846 733
64 242
80 195
569 723
960 379
778 323
197 993
292 442
702 290
1 121
810 284
550 131
407 525
516 841
909 387
283 1065
319 130
338 91
430 347
308 260
372 581
648 587
553 709
183 770
7 812
58 724
1095 651
140 188
751 763
78 848
219 520
377 352
616 416
901 826
620 296
952 251
756 980
28 94
763 568
452 676
142 285
428 506
390 991
960 673
516 331
650 919
305 1088
783 631
1003 1077
1040 466
271 1080
861 993
169 729
150 673
502 173
284 820
467 692
74 436
880 677
840 770
694 602
856 49
755 975
972 268
663 659
919 815
34 402
507 221
294 497
926 572
1007 403
880 748
741 120
524 472
951 671
973 552
383 872
416 422
937 354
120 616
301 172
238 131
555 976
346 109
882 748
116 984
133 636
358 367
68 641
390 327
868 603
888 529
785 490
918 915
863 1053
787 473
858 116
849 374
434 955
834 228
662 784
0 29
183 707
784 517
719 902
160 424
872 726
1072 329
387 585
919 155
1044 521
189 196
391 850
256 839
614 1032
1067 1000
335 870
135 754
534 606
29 476
238 18
886 164
300 239
668 1018
730 447
653 632
729 111
487 660
855 686
87 217
861 105
461 35
283 623
191 801
674 631
748 1019
690 884
160 995
409 656
806 586
1051 878
194 1058
211 630
1015 423
115 294
670 665
656 635
512 915
725 636
78 881
746 166
895 774
26 753
410 269
821 417
309 98
593 671
568 370
295 327
558 496
455 342
938 526
354 282
493 94
1073 788
262 520
993 931
869 278
909 661
241 458
1055 1032
337 613
642 638
1029 525
419 776
733 594
760 457
713 124
602 900
298 172
259 889
305 83
366 596
198 993
976 985
491 962
638 342
834 138
438 579
419 637
1031 931
242 1014
240 302
176 1008
1 418
944 658
498 374
809 179
144 467
410 725
650 21
1070 156
591 645
720 745
246 595
928 490
292 736
655 3
275 975
680 155
223 1060
312 118
443 656
1072 662
454 775
329 582
922 523
360 513
36 603
963 396
304 792
383 620
954 5
114 931
302 841
503 1051
385 768
905 64
454 985
301 195
431 647
1003 689
768 291
899 992
105 503
483 264
383 249
495 683
920 188
877 159
772 548
999 716
605 319
106 1017
924 877
496 702
545 559
48 835
331 906
409 1011
908 11
248 562
332 49
666 704
449 684
230 378
355 680
446 628
597 313
421 211
813 891
397 595
981 610
224 433
380 90
580 393
599 864
554 518
144 432
699 256
318 541
959 892
653 808
90 138
380 112
753 277
932 909
588 586
975 780
636 330
656 842
511 585
435 650
929 1020
354 342
234 101
662 729
607 243
461 672
582 543
509 946
70 522
339 737
329 425
504 611
674 297
574 672
597 988
348 1101
358 803
112 171
671 440
373 964
110 964
299 986
218 1009
841 695
363 108
375 556
580 760
988 222
323 117
141 215
204 1002
377 821
831 929
705 658
1006 238
770 779
852 729
686 626
462 613
1099 175
762 592
141 1033
549 673
1008 872
880 325
632 810
503 1051
990 823
790 986
349 594
988 435
801 465
953 530
604 795
614 701
541 953
458 882
1020 1097
572 394
445 742
1008 581
1090 306
1102 880
127 406
593 325
333 364
115 476
61 834
517 739
1093 264
662 893
743 432
931 187
175 561
561 412
203 1090
226 638
916 888
873 901
994 862
794 698
723 816
176 496
892 931
992 936
551 128
122 621
798 859
414 1075
534 1066
593 190
243 370
896 542
1036 466
4 527
655 212
472 552
328 741
552 971
907 702
954 725
624 673
146 506
426 1072
913 267
698 414
734 442
249 928
200 840
169 826
235 724
271 1027
530 949
867 569
861 785
171 25
803 168
775 500
26 774
832 897
309 396
461 492
718 470
216 612
900 258
764 827
359 274
351 47
978 741
753 693
733 957
300 192
412 1006
499 383
90 859
59 309
258 511
600 646
103 668
1062 630
675 176
694 319
190 788
934 101
895 970
251 505
902 1030
559 374
347 426
1024 662
583 237
988 308
913 800
153 755
499 595
576 332
893 408
384 617
373 1120
644 833
257 839
649 848
198 659
412 134
650 878
749 309
751 654
172 871
568 280
1013 437
440 801
807 592
546 808
728 777
893 327
1000 964
160 584
162 869
739 863
160 759
855 150
266 870
1063 998
281 236
961 494
791 760
820 433
362 360
146 106
847 996
188 313
883 61
548 205
79 962
867 462
225 338
236 661
703 944
556 156
1016 518
370 554
977 291
358 1097
522 767
1093 620
141 98
84 407
1066 352
341 609
721 776
245 617
840 222
815 619
496 646
317 90
937 57
277 864
480 670
170 242
837 506
539 622
223 174
815 1015
108 880
1083 813
733 594
321 11
824 611
66 353
579 921
1025 1021
606 169
241 460
554 466
840 629
66 563
221 889
685 584
883 602
193 1
830 856
794 982
423 296
1118 202
1100 102
615 83
1098 905
884 724
446 247
474 294
903 664
755 370
849 559
826 444
979 615
826 961
839 780
511 660
1107 586
225 762
157 217
706 540
511 194
30 396
483 317
834 575
946 995
874 990
1088 938
737 627
43 456
961 152
1052 362
619 360
809 170
584 58
372 4
119 463
607 691
19 134
42 275
415 462
526 864
1014 382
123 673
425 980
230 394
893 110
391 427
1039 967
25 94
540 598
627 691
627 396
72 1058
376 714
618 446
366 624
464 982
820 636
176 128
169 610
170 295
662 300
846 289
203 319
203 575
135 337
521 909
286 987
1005 880
723 754
619 979
1046 984
72 12
535 160
393 669
941 564
170 105
799 338
59 73
334 280
923 323
810 821
718 952
158 577
990 861
946 94
501 184
684 998
286 650
992 785
788 115
284 991
578 748
747 253
244 1019
633 1012
702 807
470 588
531 93
218 521
3 506
178 510
720 386
472 992
787 858
95 470
891 804
872 601
350 1122
439 993
355 1089
507 302
986 894
1098 605
918 230
989 847
221 381
1019 671
709 1111
383 790
781 291
430 171
437 907
931 1002
291 795
618 197
335 240
949 647
300 162
821 110
824 948
811 892
274 877
640 398
138 864
833 272
529 140
325 370
297 207
476 209
1087 191
814 1087
511 642
598 1013
265 315
444 647
865 182
944 1015
935 613
420 206
792 197
358 462
472 288
223 200
713 537
958 405
695 758
340 856
349 260
191 478
280 863
360 1011
850 245
469 435
468 1093
404 802
776 355
137 666
441 291
464 117
820 286
101 909
663 871
283 546
976 158
671 173
504 875
387 568
425 1011
348 887
318 1020
429 339
384 835
671 581
639 191
434 780
490 332
209 1075
640 693
958 1114
1120 375
978 890
659 769
1008 1055
472 760
916 408
459 512
509 461
202 544
761 489
276 155
13 635
435 760
641 915
792 411
357 162
917 915
765 425
1052 846
664 238
173 849
702 273
381 484
267 499
844 272
364 700
775 353
104 38
343 668
989 277
309 102
636 225
247 906
376 641
494 263
904 592
746 520
999 311
762 485
825 653
720 717
254 730
1024 1014
249 262
38 872
680 349
658 435
935 767
15 558
931 240
755 180
962 682
182 413
22 368
596 286
387 274
941 257
333 629
638 70
1037 741
849 126
138 444
762 386
270 228
3 123
941 639
126 127
594 5
192 316
339 975
990 303
406 978
410 435
534 171
799 309
204 296
822 227
81 629
435 381
966 96
1020 1095
401 764
135 303
956 106
562 394
327 444
223 326
853 694
929 1004
279 492
342 687
121 681
534 1020
944 752
300 1041
183 492
66 396
689 91
450 107
142 929
755 311
788 533
673 348
531 421
41 830
801 449
1000 473
975 1103
706 899
690 987
845 505
860 248
222 800
1044 332
471 699
843 943
163 996
908 482
619 320
1019 135
394 486
479 171
907 314
597 770
720 396
349 206
182 765
989 874
694 568
706 713
643 329
637 96
962 826
364 746
389 156
255 379
652 120
960 981
152 862
916 1017
106 198
715 257
526 50
326 812
308 1015
965 807
1116 221
809 379
280 351
647 288
311 525
1031 453
119 603
997 356
711 937
787 816
774 1081
769 662
200 290
133 550
1023 268
1058 264
731 28
1020 646
365 737
154 493
925 87
432 744
275 470
446 999
881 710
1033 635
646 20
935 245
713 414
260 1048
830 500
227 666
920 911
541 843
393 132
534 697
311 6
872 775
216 9
980 482
736 893
756 628
433 522
698 747
434 292
598 350
1019 507
784 600
1072 864
591 689
565 882
223 1055
173 676
950 674
239 762
346 445
689 403
595 464
846 57
589 434
303 533
632 366
445 330
945 171
461 87
737 929
55 596
765 490
772 713
413 905
590 860
343 481
345 914
566 59
591 339
7 389
136 537
401 84
940 516
19 505
853 905
276 608
704 458
315 405
370 1109
566 1001
190 887
9 728
155 195
543 893
259 488
309 632
774 728
577 1107
944 608
658 602
183 305
568 378
865 584
573 501
208 57
376 655
472 851
216 161
302 812
362 826
146 320
588 995
587 256
1101 1089
593 945
663 633
922 197
140 183
536 810
426 976
363 578
369 509
882 825
620 753
568 340
941 1069
484 8
853 648
653 293
468 189
535 628
854 717
1056 238
222 219
327 483
367 878
221 508
168 514
854 367
365 355
780 232