343 456
60 801
678 798
742 528
895 433
603 858
305 640
507 939
565 1007
813 1055
731 100
736 709
37 213
142 344
242 239
180 339
350 412
601 973
104 332
620 774
982 601
751 796
597 478
857 1040
995 476
1086 877
595 179
531 95
393 853
232 592
901 611
480 522
277 27
384 654
326 790
834 614
564 496
193 788
324 1019
625 388
646 617
558 777
950 147
553 1094
600 1016
355 359
531 413
707 3
371 384
179 218
388 534
71 951
408 687
247 958
545 550
555 988
933 289
549 758
208 823
805 286
876 182
839 1103
909 570
771 675
836 67
872 754
713 722
138 686
551 293
539 878
480 84
823 688
201 1097
1012 92
935 230
940 916
646 927
780 1050
732 1097
353 342
431 331
897 1010
354 804
1036 742
430 788
1011 442
642 691
830 169
889 490
257 680
579 297
387 761
558 155
794 754
787 1105
710 160
326 385
965 1019
950 669
958 1000
27 728
585 422
272 139
122 112
318 1070
773 56
555 839
374 459
238 915
169 754
688 29
384 779
666 509
763 481
265 763
392 967
920 484
868 858
760 1099
389 889
927 698
552 252
748 692
557 815
721 110
2 612
600 1002
313 960
171 788
533 205
773 721
906 903
376 584
908 766
1039 390
981 2
579 919
451 509
72 216
761 848
886 395
443 847
886 110
943 676
310 434
618 999
198 219
621 858
579 1092
585 543
693 167
772 302
662 911
196 506
780 793
140 951
713 68
766 997
411 200
460 258
868 60
522 599
830 686
451 1041
598 693
1059 182
289 198
905 855
447 966
1013 132
506 737
1071 829
364 153
161 965
976 801
531 418
422 157
245 837
552 128
138 427
686 655
930 830
673 564
311 149
482 873
1052 674
960 407
31 940
922 219
1006 907
284 483
655 552
155 57
163 811
346 372
872 127
904 863
590 1036
630 369
440 417
587 444
515 1047
198 920
710 1016
553 437
683 373
830 886
42 577
875 508
124 300
799 951
911 302
311 784
431 668
763 1074
423 97
127 199
105 367
686 1027
766 427
832 1013
594 534
434 576
243 179
423 476
281 144
479 611
741 351
228 903
749 647
607 787
796 348
521 438
773 493
291 916
146 669
1082 871
1034 352
85 171
222 837
718 993
744 773
736 302
844 739
512 686
689 980
3 629
15 431
111 301
441 1122
783 478
554 269
582 788
731 410
474 286
263 608
277 132
906 960
967 188
363 747
683 620
1121 151
92 659
920 508
313 308
692 1103
792 457
277 165
799 788
349 1006
1044 735
302 683
1028 171
320 1116
693 441
370 252
522 169
230 177
505 982
563 383
302 597
646 189
810 829
777 853
428 1073
7 900
940 446
571 1071
805 432
112 167
410 163
677 105
284 1095
201 528
220 242
712 687
28 1113
471 627
420 375
333 914
36 929
147 673
871 727
435 373
656 348
452 726
542 514
976 929
882 66
656 690
286 872
968 484
194 900
471 960
55 480
285 1006
103 106
217 529
614 862
672 323
137 386
674 133
78 681
531 260
119 366
933 803
182 648
729 181
752 354
1006 769
840 479
185 17
292 937
1007 143
462 531
1119 545
249 272
692 1013
832 282
534 41
464 657
495 424
779 409
412 731
682 442
916 681
638 732
713 931
315 890
462 707
777 1085
313 728
94 106
713 154
109 1059
201 152
934 10
309 209
146 585
762 287
470 402
202 22
383 576
798 802
606 1039
430 171
616 490
884 562
311 330
592 977
904 1024
20 612
269 332
193 231
1010 545
609 694
610 1011
86 698
311 669
414 946
228 607
1000 111
319 675
346 307
916 423
1003 762
238 315
536 202
342 612
474 552
770 705
379 76
369 293
361 789
845 869
394 897
952 251
738 55
662 902
573 612
759 617
729 350
822 230
891 850
265 316
136 156
34 967
98 260
234 1010
404 623
457 715
703 349
564 969
421 555
138 1092
323 816
621 906
898 619
1113 327
466 110
646 436
979 665
897 408
816 826
506 382
213 569
436 1005
643 1096
614 691
490 114
472 387
983 892
523 190
454 117
650 25
918 163
208 970
195 538
639 907
476 774
583 246
398 849
17 787
812 484
727 416
519 1120
1000 426
736 48
439 625
357 505
473 627
93 61
500 137
352 805
590 973
382 799
856 637
133 769
815 709
776 989
527 121
966 668
397 708
560 1077
847 889
943 535
535 667
929 192
162 782
370 909
843 531
269 363
694 894
652 277
433 692
333 645
591 805
398 826
217 1105
730 1107
212 988
317 171
863 428
1017 376
354 218
1058 922
937 249
639 325
266 961
82 662
831 127
833 859
754 67
407 769
331 929
806 722
964 519
125 221
440 353
992 705
189 445
790 73
352 589
55 339
631 781
255 902
708 239
558 130
429 173
312 484
137 60
348 1114
838 959
56 2
299 1012
1024 1060
827 560
471 681
978 3
225 62
205 778
483 591
168 521
859 807
169 300
267 522
764 868
952 402
223 891
303 583
447 305
136 603
1049 252
1006 123
302 715
798 957
141 673
238 1051
401 1047
1040 282
921 12
903 412
823 997
166 804
808 166
856 930
893 128
700 309
957 758
481 338
778 415
468 331
927 185
744 528
294 834
405 604
128 721
100 311
1089 38
587 951
792 805
541 828
621 708
872 435
723 294
570 374
709 212
824 189
882 1082
153 343
847 132
806 645
748 216
490 932
291 656
1101 497
1004 17
236 59
662 208
940 881
810 831
639 415
85 153
422 427
424 1036
713 885
122 296
771 245
594 276
818 926
155 742
249 125
375 68
879 186
686 235
884 61
131 390
890 331
970 629
7 703
1064 792
576 122
1097 330
904 339
76 763
354 315
36 891
552 513
929 820
1037 778
835 302
520 402
280 141
402 972
931 1111
905 206
287 1093
414 679
741 286
509 841
964 403
723 576
294 875
528 807
135 585
365 861
698 854
688 978
273 3
47 250
125 289
402 1012
437 636
219 709
598 426
567 637
781 952
717 246
950 488
907 886
284 859
289 336
1050 502
721 164
963 465
984 280
972 601
616 357
845 2
1056 986
995 183
472 664
650 562
281 571
326 784
195 756
793 850
600 536
730 970
861 434
534 566
87 1102
286 228
597 412
975 420
131 180
248 205
461 651
617 76
509 43
499 148
674 748
519 791
1010 78
773 588
589 162
325 1035
371 392
886 1031
415 1006
104 134
878 760
508 991
211 1059
548 852
67 891
122 279
119 550
987 224
423 886
161 515
822 196
367 85
244 161
494 69
340 582
576 978
471 973
498 735
48 748
164 845
673 987
579 70
917 680
866 424
311 323
900 449
1023 715
795 656
162 526
891 492
851 364
954 942
768 256
487 822
302 297
133 635
577 863
545 611
954 761
963 581
362 223
1102 266
519 340
722 387
646 819
812 1092
392 838
1 900
440 462
738 224
607 359
1006 421
474 452
1062 180
869 773
451 702
113 368
508 837
504 96
283 773
934 1080
520 764
1083 1115
156 188
174 329
747 955
405 746
1082 769
1075 114
465 329
818 432
330 381
730 850
910 986
133 445
639 29
139 324
434 923
624 456
530 573
780 1014
9 1060
579 830
286 407
166 594
712 230
361 261
277 1098
718 531
876 982
905 871
902 325
1118 641
356 451
983 960
1038 144
697 764
68 527
773 400
195 1035
458 426
938 500
606 971
375 1036
1078 745
904 435
942 292
183 492
5 122
1011 528
660 445
760 252
989 901
391 834
295 432
418 864
23 900
616 604
289 906
599 202
56 110
753 684
739 209
667 244
1033 1006
461 822
403 1046
1109 391
864 695
564 17
493 414
594 226
725 924
673 483
295 712
194 495
958 292
313 470
908 995
441 1010
755 229
1019 694
756 692
561 959
618 443
1050 376
319 510
1025 150
812 262
796 529
1034 561
878 1009
582 1043
315 364
241 545
388 1063
554 245
901 992
416 336
240 965
715 441
250 716
137 378
310 958
52 638
759 336
139 618
481 952
826 362
767 839
602 775
143 419
917 244
370 206
137 656
633 6
491 1052
834 628
675 358
307 803
614 1047
419 519
295 507
984 701
713 733
282 1007
307 617
963 984
350 663
581 488
553 285
249 232
427 322
857 385
601 576
1108 761
1016 409
884 315
1060 1006
1091 615
595 647
89 503
601 310
934 522
940 386
562 919
278 720
407 596
113 160
961 349
455 298
966 586
707 503
446 382
1016 424
819 654
279 586
369 257
866 278
599 141
743 994
991 577
1070 190
440 48
486 693
203 879
566 82
1004 815
400 857
188 270
613 1108
1017 1050
479 302
1085 698
455 329
1020 463
759 976
901 510
731 274
774 102
883 201
439 821
236 649
186 328
277 999
983 307
37 793
560 1012
882 533
832 956
125 935
191 433
772 71
770 44
359 707
870 702
446 1101
210 982
286 887
88 837
796 317
684 991
90 416
351 771
152 71
1077 962
742 950
679 49
566 834
775 809
1049 776
965 1023
305 544
355 252
861 698
251 179
363 1018
1070 1008
686 495
413 990
1049 260
242 133
944 113
189 601
245 76
115 373
824 121
488 849
139 905
179 748
912 23
395 470
460 550
763 686
108 653
374 624
190 873
962 654
57 416
807 841
41 910
669 152
782 496
856 219
1011 87
773 49
898 793
29 971
821 136
771 363
876 1093
223 128
693 298
782 813
591 536
697 127
762 304
236 437
958 484