479 796
675 769
876 351
469 63
112 721
50 340
674 1028
807 118
943 476
366 969
162 175
757 317
417 1017
855 418
235 396
398 345
1097 484
963 449
132 358
323 695
938 238
491 165
234 1045
321 1088
899 861
355 555
927 146
1016 19
713 652
789 995
407 567
94 900
101 343
1007 387
276 127
121 1035
1047 1016
384 817
515 230
129 392
873 191
55 730
646 187
819 503
348 379
244 259
1054 447
229 431
441 865
493 246
982 531
1055 3
840 556
763 842
714 966
223 514
330 138
786 734
804 659
338 114
826 172
572 735
872 499
713 645
575 359
815 802
415 942
9 244
680 22
866 311
679 1076
883 92
564 902
476 1017
894 897
977 475
786 256
869 926
741 951
87 171
554 355
643 566
699 585
755 128
678 928
639 403
589 743
822 41
40 765
437 438
415 237
1092 1021
965 721
680 362
182 118
872 714
1112 652
787 594
546 955
425 727
269 1066
121 344
101 1094
282 498
271 884
710 316
909 373
783 589
104 156
219 617
193 399
562 393
478 508
782 640
363 589
883 521
846 586
1015 603
612 589
713 161
724 755
677 949
848 950
234 594
804 564
135 879
109 628
911 402
580 472
708 333
925 599
921 854
499 776
131 147
229 170
957 109
190 358
803 36
753 685
814 336
364 335
933 675
709 649
425 330
276 553
1013 1006
1071 592
672 478
385 632
420 739
656 126
912 1021
1109 177
897 539
406 941
709 340
99 243
1099 536
718 185
382 29
467 552
129 274
812 156
26 840
600 94
994 370
1018 849
1117 506
800 701
629 1112
492 169
620 998
118 444
195 1047
497 711
341 1007
1036 108
24 692
154 1063
641 740
382 427
965 106
644 371
267 268
680 627
1065 37
342 488
876 671
636 113
515 742
23 829
885 939
837 252
650 1019
79 458
363 940
786 496
437 374
291 727
76 492
116 698
523 177
189 723
311 480
687 457
549 100
871 131
552 1078
88 963
535 1040
153 578
662 360
901 788
667 1072
831 729
967 640
847 634
581 474
712 722
991 335
432 203
304 665
329 766
801 380
728 648
951 539
989 902
460 750
1015 768
61 404
846 110
696 33
250 155
958 687
933 1015
843 190
110 785
603 375
1040 189
612 609
853 177
722 17
207 545
599 926
1101 948
228 885
144 132
951 374
966 1030
342 949
915 939
635 858
574 355
640 752
1038 327
125 240
448 583
129 224
205 903
894 289
325 717
216 465
1037 612
160 296
242 931
821 313
288 201
1046 326
897 239
566 738
643 700
596 688
514 51
754 284
877 275
137 646
872 471
1058 890
500 1018
991 750
269 600
490 187
181 92
814 512
102 87
453 598
978 847
761 1096
536 556
239 258
182 1073
192 320
830 400
456 877
475 285
792 1010
319 558
631 1000
180 224
150 730
872 666
1013 147
926 1023
533 610
789 282
886 127
176 965
875 467
88 767
724 382
289 564
640 843
297 558
260 227
748 39
394 906
105 929
638 993
213 599
338 260
224 486
513 501
868 196
978 138
545 926
365 936
445 539
625 928
1082 511
487 477
864 431
74 513
496 851
648 30
535 192
917 694
1030 375
110 889
218 324
1017 747
265 93
506 705
790 480
468 11
855 587
401 692
538 587
306 542
646 409
971 998
853 158
135 578
893 327
1007 965
651 284
208 199
558 803
1029 126
551 324
474 481
1033 1047
162 376
289 835
395 739
1048 674
544 354
559 866
434 238
734 137
347 842
956 659
315 782
259 753
917 131
5 573
485 78
983 364
786 816
637 222
807 159
765 381
669 698
916 681
496 69
366 427
730 999
532 2
103 872
528 286
434 760
95 293
575 1014
1098 402
266 124
1079 5
427 216
1006 629
1083 534
751 806
631 586
788 770
940 306
736 1061
494 277
136 778
548 1029
60 651
946 276
684 18
24 781
1111 671
4 242
526 655
307 414
465 885
269 490
719 148
545 595
661 629
617 492
712 164
467 977
160 688
160 111
224 980
62 1003
228 245
216 561
970 790
587 1028
835 104
345 1032
286 126
297 804
316 256
1105 374
983 551
295 171
674 522
692 366
80 831
418 20
999 164
941 32
1023 119
461 251
588 579
602 1073
18 36
908 182
733 814
984 683
446 601
552 1098
826 627
82 170
804 698
950 894
871 298
953 261
213 443
976 150
683 878
110 299
124 624
18 72
977 928
676 339
816 890
734 555
886 461
877 203
263 624
153 515
11 1005
802 874
255 227
683 253
326 594
840 893
375 968
1051 80
811 938
1020 461
180 794
81 999
93 865
675 423
572 487
114 181
1025 599
1082 189
768 959
1048 333
838 342
824 431
889 1047
607 1014
634 403
299 227
329 490
265 298
760 924
219 603
527 295
147 536
904 507
1099 15
485 340
798 206
340 933
786 523
1101 706
799 1077
959 181
595 212
171 394
1071 281
79 276
453 905
710 792
163 854
752 959
156 1054
677 583
1109 137
939 641
274 1048
796 579
809 814
183 134
1051 294
439 528
169 745
1091 1071
778 621
490 675
658 406
860 395
681 774
345 452
565 708
948 182
932 125
759 1122
23 829
217 846
279 340
544 133
801 948
846 343
264 894
259 686
968 511
116 159
50 653
4 668
118 222
706 712
801 484
989 901
1039 907
44 587
959 460
1017 802
445 898
545 243
620 355
408 419
517 442
1093 608
991 865
564 184
752 223
936 201
831 83
644 949
307 746
491 518
327 1080
277 631
615 489
412 991
894 471
915 457
281 402
210 579
212 1061
862 246
699 824
291 886
343 787
197 731
753 382
474 656
919 574
305 106
646 932
20 508
643 589
922 746
884 965
451 506
637 216
611 944
415 562
794 797
34 716
356 47
987 994
416 205
79 768
820 741
161 185
888 658
169 673
915 523
479 329
1092 459
898 586
242 431
357 1079
951 547
502 37
604 151
696 585
522 296
1047 955
327 976
322 288
106 1040
854 923
362 308
288 123
152 1110
744 170
748 1000
451 812
587 754
141 968
323 718
1064 803
461 161
864 642
1108 273
1008 301
733 1021
720 225
584 944
408 199
781 34
57 793
678 355
898 676
479 974
829 603
886 585
1123 440
242 1029
332 899
542 146
51 604
377 232
485 747
976 773
960 853
454 994
542 864
585 891
891 222
378 904
724 742
246 626
721 374
883 725
293 865
497 1075
435 197
731 274
335 98
1003 508
958 490
364 39
872 843
430 759
228 310
1061 32
57 498
704 815
330 690
385 1066
693 727
181 498
408 151
593 516
228 1007
263 348
556 467
230 604
1021 616
6 356
311 438
231 732
847 585
651 155
926 486
762 151
286 562
805 730
938 504
226 748
587 550
611 589
345 1050
607 998
31 98
945 261
650 206
713 496
848 815
305 651
149 579
583 532
262 15
362 1032
1009 556
919 318
292 997
848 758
524 831
576 559
296 908
292 250
519 818
361 501
531 590
885 378
759 744
236 744
131 1013
88 644
373 453
497 778
635 416
1037 546
487 622
106 670
206 867
238 115
245 777
130 161
388 461
319 205
837 427
802 337
1036 249
214 930
191 266
395 42
340 15
747 920
737 719
268 667
672 129
406 615
204 637
467 911
351 471
1116 862
797 390
242 893
1108 1053
672 37
245 822
730 263
451 475
298 990
290 614
142 911
646 176
767 477
804 948
99 1105
1004 592
802 532
616 157
913 909
385 661
661 410
769 350
109 180
1092 428
855 252
314 515
945 1014
460 732
930 559
261 215
805 747
883 547
459 471
591 566
894 187
730 41
103 964
873 518
582 481
611 554
666 926
41 684
966 686
202 272
534 1061
919 131
354 453
573 565
455 990
384 179
313 669
935 150
553 662
951 342
408 533
104 509
663 615
535 97
780 661
556 26
131 589
226 897
481 839
656 273
183 1061
717 432
209 445
816 39
196 216
81 885
268 896
668 699
795 772
860 790
402 274
366 491
860 489
846 343
522 474
65 702
367 399
373 878
280 497
189 1121
692 968
353 141
855 194
321 464
42 791
352 745
861 1016
548 555
580 961
691 954
624 997
245 996
937 248
111 244
298 717
442 279
31 504
1006 9
980 867
173 1073
940 334
515 292
248 878
690 129
808 963
713 709
955 976
738 298
618 501
477 691
378 777
772 824
402 279
895 232
298 454
282 134
911 846
246 531
391 542
976 525
485 465
505 706
146 1028
270 27
396 369
174 861
791 583
589 677
507 455
670 818
374 805
726 10
274 798
519 703
177 260
727 1066
1096 810
569 952
1119 744
43 763
150 450
818 898
103 564
186 1012
1019 540
274 286
1056 917
419 433
389 905
511 682
197 393
689 852
276 951
291 1006
969 359
151 1012
863 656
169 125
1006 335
404 933
385 801
675 1023
155 964
855 981
715 916
255 127
900 276
27 822
572 552
285 847
397 609
605 172
133 147
123 374
853 420
1057 776
558 166
793 558
399 1064
685 831
716 327
453 358
441 269
94 896
675 627
577 576
787 777
512 111
262 610
792 404
168 667
783 279
753 369
572 108
538 296
112 149
563 526
803 646
363 732
237 958
209 425
1029 213
814 286
950 515
803 984
416 1024
508 728
956 410
565 564
533 967
417 255
998 976
553 590
640 965
833 1002
651 637
845 947
211 310
1008 492
1114 495
514 346
531 847
857 940
1014 238
225 440
778 1020
667 669
62 919