302 625
1092 881
414 379
479 322
455 213
1108 205
235 757
85 652
983 268
526 282
268 337
578 856
651 347
869 772
295 850
702 365
205 289
845 915
774 176
731 833
873 98
207 282
162 137
448 163
995 994
385 416
878 122
989 362
464 627
444 351
856 139
904 723
171 252
900 327
902 702
34 1054
707 371
100 77
134 192
457 674
752 185
1087 972
585 930
663 182
429 124
832 586
370 365
413 325
457 102
35 273
257 557
1058 236
111 1006
137 1018
650 171
303 1011
134 1123
497 709
422 925
90 196
704 574
953 493
290 230
996 1053
566 714
841 515
800 688
433 479
229 957
984 93
438 976
220 251
1068 746
253 436
397 1
197 647
249 788
751 181
587 1100
397 514
503 400
229 860
143 601
157 128
586 1040
920 1034
903 243
211 421
636 1001
452 654
151 132
131 130
505 908
171 507
769 1030
764 411
661 927
73 743
531 101
1 361
981 989
561 573
1017 347
416 728
969 403
942 64
791 458
506 457
176 546
275 442
1010 124
121 401
634 384
948 680
886 190
293 610
107 182
619 62
118 151
43 637
721 1010
532 865
925 826
345 907
775 823
721 711
769 874
588 140
329 312
846 879
349 863
336 160
677 642
366 811
655 682
901 537
521 320
796 1066
1049 60
136 361
273 180
235 601
680 318
189 308
234 884
71 578
880 156
696 428
993 298
274 300
249 511
852 54
396 354
584 651
566 189
739 121
853 128
363 403
636 601
473 994
204 727
767 548
410 370
1004 553
847 299
783 660
698 318
153 380
812 881
254 229
816 700
926 1090
604 75
887 157
683 68
154 554
145 270
438 93
514 297
1024 196
42 170
989 777
144 520
688 659
120 582
864 576
648 704
861 153
995 205
633 926
409 1037
661 968
610 380
309 766
688 478
1085 718
532 340
788 673
1122 144
590 514
880 858
213 638
333 897
908 384
551 343
248 704
952 373
371 389
934 397
578 866
426 453
125 1006
762 632
1020 790
602 341
449 338
147 1042
237 230
402 529
11 235
709 234
891 553
944 626
594 659
587 805
422 891
413 996
589 974
697 1024
254 210
799 416
179 620
777 118
463 826
254 9
359 105
582 545
236 514
856 861
384 272
882 400
41 1106
363 399
773 1067
798 587
1040 658
952 289
226 502
643 225
621 521
222 945
546 417
892 650
114 626
745 283
703 451
259 149
660 358
415 173
402 288
690 689
124 637
302 628
824 153
530 952
238 155
423 901
977 572
1040 993
885 931
262 753
65 721
1067 1082
597 357
318 978
154 972
1021 819
920 840
820 619
1080 764
565 742
266 1105
866 404
237 60
873 712
605 992
695 591
941 372
656 521
574 371
855 442
931 991
390 952
510 163
935 141
922 42
395 975
641 710
535 32
425 1084
964 294
978 227
201 188
739 84
441 233
1014 704
235 195
439 81
469 41
372 674
270 284
693 871
828 366
1052 815
461 316
1004 239
426 227
189 323
665 26
203 680
815 962
748 297
773 1035
384 680
814 1046
964 877
755 356
727 828
217 396
161 553
255 815
564 934
419 999
228 328
788 946
149 362
121 283
138 418
42 196
205 191
232 108
693 544
509 971
667 819
992 911
729 997
94 1079
664 992
1078 514
144 587
477 1009
1001 241
546 256
711 775
839 246
273 94
54 759
15 518
979 505
1097 563
137 893
180 469
841 221
527 444
491 941
937 834
46 607
935 451
171 404
611 844
258 499
746 378
207 828
410 1060
276 156
565 228
601 578
395 832
853 886
495 260
149 600
664 118
438 479
695 828
357 260
38 1039
324 164
471 486
216 1030
109 430
945 594
880 654
909 404
108 403
893 409
891 957
520 1001
387 736
85 363
329 768
656 115
216 665
114 337
404 415
727 931
211 204
851 718
364 504
917 604
1113 983
754 767
895 345
811 740
660 471
188 363
261 570
123 781
1033 568
563 918
373 1088
340 281
705 934
717 1008
626 779
527 384
200 110
453 611
795 418
933 412
946 798
261 584
459 912
615 246
553 81
692 1010
458 296
728 388
1024 100
294 417
202 430
978 220
291 403
200 76
571 531
223 244
580 732
983 105
136 187
931 666
352 1103
1018 972
635 456
817 428
600 962
765 587
701 204
101 275
1 218
276 12
39 128
108 346
116 315
719 771
386 644
112 960
150 371
144 856
436 405
276 892
673 31
664 243
325 713
850 559
906 550
288 743
40 984
724 289
361 609
341 132
259 849
797 814
940 263
922 924
986 537
732 194
372 899
278 552
100 272
528 426
565 996
425 68
928 508
158 269
107 636
860 629
849 59
235 142
712 698
385 609
639 172
458 258
663 21
1000 555
256 518
37 985
612 349
48 907
192 897
521 683
450 777
908 439
182 1001
360 902
771 300
1102 580
748 791
557 989
595 1001
535 711
1087 886
377 197
710 511
979 37
461 746
122 447
950 1042
130 403
981 435
443 225
454 420
262 249
618 463
315 340
225 698
76 610
600 39
280 136
619 542
231 254
657 477
914 211
527 524
396 886
285 900
647 740
8 370
184 945
575 606
211 951
823 626
386 870
463 545
183 134
979 228
934 751
202 515
64 685
949 844
491 232
568 546
923 922
496 249
613 693
393 284
459 957
799 281
472 663
587 939
990 443
615 375
899 1008
910 1003
751 728
784 846
1018 971
709 883
184 328
400 354
280 289
1043 778
147 109
400 374
960 839
442 589
840 604
701 403
284 584
507 135
48 793
680 358
488 872
976 1025
907 1112
399 440
728 383
52 974
330 865
210 274
3 145
627 401
743 852
326 474
70 1077
188 566
140 1019
389 619
944 191
93 180
1083 945
156 378
430 513
794 785
807 353
524 585
1000 425
258 63
472 392
931 359
444 996
793 126
139 578
16 676
691 927
128 708
1103 571
33 889
930 750
876 122
271 923
520 400
780 684
1091 348
626 482
1034 865
879 190
89 1050
180 33
47 299
1018 849
305 217
336 735
661 761
729 335
1082 508
411 177
813 556
120 585
638 818
238 858
764 479
112 325
290 729
614 1121
812 823
403 642
996 411
198 131
1056 390
258 928
600 523
835 363
195 295
819 11
508 138
703 166
266 909
319 913
167 956
934 510
205 272
89 167
578 946
186 529
658 546
92 949
770 825
239 960
1010 605
624 686
431 521
500 561
75 289
185 1114
580 1119
895 459
220 500
949 156
837 453
303 625
427 952
246 267
120 302
828 695
131 1016
184 1093
476 1114
96 464
622 693
326 1005
673 655
418 657
1120 490
768 578
134 751
306 713
404 813
823 1035
790 914
920 339
220 30
508 87
316 581
491 1052
981 1069
250 434
687 592
664 1061
864 715
107 20
930 131
458 995
547 910
2 827
36 524
138 1122
326 249
988 579
549 526
690 973
639 770
354 525
84 110
744 911
358 617
853 743
451 636
128 391
193 485
807 420
374 69
155 747
729 346
669 891
549 706
424 1117
468 395
129 719
433 493
795 515
249 192
751 490
819 787
727 572
935 754
807 153
605 1021
594 776
142 360
222 355
278 807
646 688
115 500
274 1019
878 665
953 541
481 11
409 593
1080 736
543 9
763 705
939 514
395 660
1080 386
747 825
422 611
814 803
291 563
990 306
910 250
380 366
799 229
710 1105
904 133
376 695
151 184
407 279
352 112
1098 506
239 709
90 647
776 967
956 1056
138 890
732 802
1037 696
449 590
84 559
720 8
1060 237
866 788
655 1042
681 836
937 334
724 950
688 564
241 829
1048 656
531 232
114 653
990 1061
609 307
1019 808
887 502
903 266
611 1009
442 191
841 635
763 584
557 513
407 906
43 655
634 865
380 937
1009 191
948 840
314 898
714 441
765 438
249 1054
627 863
836 505
199 414
530 1055
843 876
857 136
873 571
1090 956
108 955
691 376
321 847
789 526
281 424
941 843
906 448
506 531
540 478
856 878
211 568
813 35
851 956
916 139
132 981
162 422
1006 979
291 620
1115 320
399 715
635 620
447 638
752 386
1119 273
907 512
275 183
361 426
231 945
242 445
1027 305
1099 540
168 50
1034 8
737 1060
971 826
951 436
201 245
91 407
334 528
742 38
806 209
1039 303
873 551
131 145
1112 956
1040 846
850 819
825 979
807 640
1118 849
109 485
794 722
425 224
282 1110
784 665
536 659
727 1045
463 102
444 297
847 521
157 825
450 73
737 225
238 254
413 1103
697 20
373 839
735 590
620 1018
756 551
893 197
935 566
484 803
609 924
308 263
908 771
809 382
802 394
339 501
575 699
564 732
695 948
52 491
267 497
315 120
557 627
1115 572
422 257
279 756
672 1094
398 347
775 485
756 730
567 122
682 752
532 741
164 315
889 578
1104 825
389 399
397 1014
110 160
794 165
488 445
854 912
186 832
434 988
134 795
62 425
200 117
398 818
266 826
869 551
37 126
138 982
812 1044
713 693
853 595
416 963
1066 933
1099 200
441 920
145 272
981 1032
215 542
832 665
961 43
655 930
64 438
952 690
351 109
562 484
801 554
481 1091
362 106
681 199
861 741
674 783
685 755
947 694
151 320
520 366
528 1066
964 6
491 418
314 839
609 293
144 748
500 431
419 898
144 764
397 896
1011 230
128 410
80 937
627 815
231 272
418 508
803 1072
868 1078
367 768
606 163
502 774