325 903
582 990
853 734
450 36
482 234
970 789
52 577
160 218
149 1016
186 488
735 1003
452 693
526 324
697 418
470 639
316 33
152 196
988 476
20 239
695 613
991 695
1019 947
516 919
621 849
247 151
612 151
553 390
214 147
682 402
600 766
207 1077
147 1104
953 893
396 365
894 877
452 273
433 693
154 876
566 699
737 612
733 806
269 989
245 951
944 719
999 185
680 275
305 415
444 18
903 940
664 959
169 107
213 985
709 465
109 248
881 913
910 460
977 879
630 257
130 81
522 643
1005 901
498 906
1019 62
148 970
564 648
503 70
272 960
270 988
1025 366
574 1118
850 147
542 641
345 1113
85 787
1057 891
572 589
943 635
1004 692
53 347
677 486
953 811
457 1119
1015 949
288 1112
491 265
468 753
934 554
363 811
255 204
395 793
18 266
254 96
656 869
783 186
230 450
713 968
940 1001
213 151
184 674
753 351
676 940
599 249
304 189
811 626
1094 272
328 470
482 5
937 688
701 339
1012 121
279 730
298 733
411 431
237 688
903 254
738 290
594 1014
943 143
932 1121
260 765
187 942
285 146
505 178
295 710
973 842
417 505
185 398
198 393
249 496
424 434
499 813
412 327
284 750
548 174
425 631
344 198
904 654
264 859
701 572
1057 892
826 175
320 248
801 926
996 56
227 182
502 651
592 539
849 977
791 207
382 848
539 348
782 819
718 150
307 821
979 73
28 656
997 494
727 136
544 596
119 589
553 682
159 670
166 161
607 347
298 1120
389 126
41 259
213 733
985 465
1013 1005
874 801
35 789
86 528
640 305
191 573
453 373
603 405
108 766
254 892
944 945
412 990
513 749
821 668
851 763
49 132
693 1027
488 334
913 630
860 878
514 422
518 735
281 853
890 651
699 724
864 676
654 729
397 341
698 54
313 928
719 136
349 793
597 192
303 790
944 192
787 391
804 1039
252 772
271 279
772 376
653 328
101 678
1084 452
738 10
1017 1123
227 486
913 423
230 630
316 114
272 236
455 951
552 812
944 659
170 174
1007 449
302 658
626 853
274 837
810 60
451 776
420 649
464 668
1093 372
370 902
786 765
269 57
970 381
804 907
829 784
77 584
13 795
83 480
147 796
783 729
379 213
965 493
740 995
384 1013
907 966
302 493
455 395
687 377
252 988
143 838
723 421
98 571
121 814
900 925
462 999
486 474
633 785
762 185
898 119
251 603
240 918
602 600
107 933
1021 906
919 415
240 806
810 1112
592 750
220 130
338 350
781 98
752 854
751 151
735 340
836 956
331 585
246 586
710 874
254 1102
772 842
882 842
457 950
922 176
258 714
224 127
302 637
462 918
357 143
409 1112
561 422
500 1032
885 95
818 105
309 175
160 113
455 544
665 1084
911 59
315 1091
925 54
362 973
769 993
1011 676
266 860
399 37
279 959
857 241
297 999
161 862
372 494
697 755
591 372
949 486
996 381
597 182
906 663
547 820
791 627
1091 214
902 849
750 380
614 273
826 377
3 961
333 1010
578 1069
969 964
547 378
660 957
335 359
945 82
147 507
329 763
151 744
390 472
422 294
604 190
912 224
353 457
977 1098
316 136
1008 372
1017 449
559 824
799 843
601 455
645 693
935 491
410 780
710 236
171 180
465 637
558 858
284 569
405 526
852 386
540 572
932 270
567 187
730 119
578 465
815 938
1018 156
561 424
104 844
861 583
780 394
250 702
989 930
840 439
926 965
576 670
787 964
320 129
685 247
712 980
418 349
814 534
73 47
962 765
729 679
1075 396
720 930
560 311
1023 661
850 1118
612 445
830 697
103 1097
1011 693
233 768
418 771
293 543
612 423
1080 544
867 83
1111 770
485 504
943 940
500 416
401 530
351 634
591 28
324 310
806 483
867 659
597 984
118 650
717 961
856 804
529 546
1052 17
460 837
742 339
874 175
1110 565
672 962
476 704
871 391
875 207
331 826
279 770
551 361
260 179
788 489
620 836
1003 585
937 764
775 26
111 912
335 473
807 267
1071 333
311 588
436 973
182 493
110 758
986 746
641 220
696 4
144 65
155 270
541 591
393 610
944 551
215 541
655 223
130 349
301 993
144 551
415 825
946 195
775 143
655 308
42 374
509 881
272 623
507 540
625 928
408 460
83 533
554 1038
906 272
476 580
896 698
974 906
526 200
60 449
942 109
799 199
1073 389
1013 365
1031 27
179 822
686 375
735 827
968 140
911 364
641 435
756 72
851 613
943 317
714 129
769 380
987 790
310 556
648 528
73 211
703 518
56 1043
156 871
559 795
839 242
441 913
570 760
329 636
774 139
186 854
924 823
266 429
806 757
507 681
206 155
582 963
639 585
882 995
851 152
307 979
404 787
773 225
382 722
1004 807
485 205
673 734
1098 306
863 709
519 210
338 71
899 719
172 378
143 258
150 655
171 850
80 971
547 437
668 840
790 1053
622 771
824 65
112 526
158 112
1057 824
278 1121
422 527
879 722
299 862
567 739
638 1021
604 1118
239 296
829 223
592 43
625 315
632 37
483 622
1066 942
1118 249
267 595
176 831
1053 969
346 306
1065 740
191 226
1043 782
398 631
996 633
808 474
862 629
1118 372
936 274
602 783
816 725
532 131
626 563
959 562
868 444
277 692
232 445
803 134
619 709
505 435
576 578
45 333
188 651
7 713
253 151
149 627
178 138
743 612
69 831
872 656
990 495
630 866
55 253
35 427
229 1005
886 471
129 747
329 609
517 550
411 853
118 753
936 578
314 288
639 113
907 589
796 901
882 366
742 319
475 523
616 535
1080 400
811 300
164 733
678 350
637 831
874 250
122 845
379 1060
335 1045
323 755
263 650
798 70
943 252
774 404
672 196
320 472
561 455
993 987
1041 674
170 204
523 1071
307 704
1020 718
623 858
281 624
285 1026
659 299
1081 346
597 740
60 495
295 817
864 378
403 347
1 522
603 569
232 244
942 393
728 374
524 455
206 441
107 299
660 471
100 843
299 829
51 526
818 786
1052 538
37 577
1080 897
1089 515
43 628
423 923
887 315
320 669
809 250
994 714
1070 783
1072 659
482 826
967 532
908 352
534 580
101 454
665 944
341 938
747 909
125 730
389 1099
193 762
236 489
305 244
909 320
285 112
890 607
457 235
976 120
425 964
594 530
879 148
534 1061
786 447
453 816
184 1034
321 1037
788 701
698 643
653 430
257 671
865 306
504 584
876 955
400 817
209 353
348 578
989 416
775 841
36 422
233 927
880 569
451 168
709 989
731 916
591 613
548 563
974 705
723 967
444 105
334 662
81 352
566 991
343 594
1043 196
883 842
702 1014
334 130
271 866
242 1012
991 884
518 44
216 639
213 601
307 435
1113 492
850 465
1004 103
1007 747
712 1042
204 455
597 935
972 896
590 342
433 39
157 615
199 392
613 923
452 464
766 776
257 83
125 927
584 792
107 640
119 465
152 1097
453 351
130 866
315 834
983 61
133 539
339 1057
753 394
485 948
280 938
392 695
355 193
767 271
208 755
149 884
1014 440
395 1118
1094 974
31 423
403 389
894 442
191 617
457 919
294 910
413 708
1048 352
217 844
547 505
589 895
631 652
918 615
252 358
750 772
683 821
152 382
940 935
490 247
943 439
484 209
559 1014
345 900
524 865
410 689
519 975
648 100
899 683
1043 516
241 300
294 877
244 579
451 194
334 901
24 93
938 845
627 634
211 94
78 1073
572 852
180 718
441 442
165 151
1085 740
917 531
269 777
1050 1005
157 902
219 1082
401 530
880 944
874 821
1098 360
353 1018
644 163
820 252
364 393
287 1
843 809
745 869
931 731
376 648
883 897
750 393
898 860
637 276
539 574
880 54
291 644
523 869
887 355
660 301
397 204
3 100
401 474
184 417
1000 964
995 208
1117 1029
303 187
63 305
314 800
1023 1068
165 536
497 692
560 674
616 518
520 73
649 639
940 398
726 563
780 849
901 181
44 779
442 3
168 811
801 146
721 541
645 934
919 865
708 179
784 484
180 455
757 958
231 136
866 931
587 469
559 654
617 410
636 607
819 865
674 153
541 190
216 83
385 1005
1008 349
795 1014
883 455
609 302
589 481
303 810
813 372
553 603
236 961
444 1111
1004 818
564 265
99 104
78 414
201 971
133 585
303 624
1109 726
521 282
901 112
429 941
961 314
757 843
281 378
418 1120
447 756
138 244
804 822
801 645
156 994
1002 715
663 457
879 774
1032 108
482 861
1023 675
446 171
416 346
802 292
503 948
1023 453
706 1021
288 131
1064 1022
94 120
988 279
213 199
920 177
678 739
812 497
382 583
974 733
850 398
729 568
380 776
1066 484
1098 150
361 917
396 302
553 976
852 3
110 906
256 28
706 361
1047 82
246 329
957 254
900 162
39 986
1106 654
907 430
525 428
715 716
921 295
840 187
974 97
1061 491
714 573
805 1000
381 92
782 216
322 527
871 318
542 446
228 731
583 684
631 175
853 146
970 782
675 124
635 82
325 792
807 531
277 126
27 563
542 77
115 1024
825 298
836 630
669 111
568 276
225 145
745 440
721 762
911 981
837 344
701 283
623 818
533 698
646 81
266 430
247 643
726 689
30 178
541 858
870 739
297 410
522 476
1095 240
1091 287
510 90