124 795
934 1038
496 933
877 850
465 765
501 550
1058 1013
107 612
594 1034
903 1014
545 980
368 587
412 840
797 36
536 573
115 399
148 789
957 1075
445 512
648 644
1008 318
383 332
534 1090
705 1038
726 989
769 158
408 761
233 343
387 677
67 2
279 132
1113 408
933 1019
532 870
772 884
122 532
385 240
563 493
376 442
756 289
616 892
814 960
763 411
771 534
364 121
1046 1008
1003 321
685 239
540 496
537 55
900 361
609 277
190 1120
903 1021
387 252
174 5
916 722
838 124
95 657
420 560
480 684
607 817
751 488
950 377
290 288
502 617
172 327
519 955
74 657
997 67
927 572
622 1056
593 934
689 539
1086 469
110 211
870 806
740 599
1106 649
958 960
120 176
146 776
865 459
454 911
787 390
388 338
663 151
284 990
551 350
1024 382
844 1006
524 788
647 439
238 517
885 619
968 733
877 970
276 533
428 136
201 692
756 798
444 1043
433 637
1052 132
399 3
345 1044
919 1108
454 814
309 728
38 871
717 700
900 263
1095 566
358 509
405 614
268 366
534 971
757 791
650 887
166 986
526 126
677 292
881 794
740 170
259 338
242 508
745 261
791 708
141 314
295 998
773 568
930 72
243 1026
567 135
43 643
894 650
907 151
269 304
885 380
1033 770
730 506
763 401
459 871
875 318
455 448
727 250
609 965
625 48
1056 661
58 651
421 370
537 314
421 692
319 84
938 654
619 509
437 472
618 297
396 317
673 398
0 558
830 348
370 256
548 439
453 874
710 800
1037 393
1041 147
973 734
13 836
1049 141
869 1011
211 159
678 470
547 637
645 363
924 752
805 318
511 327
356 540
893 866
595 548
1109 980
1063 317
492 766
62 1039
202 396
928 106
389 621
726 991
759 231
348 588
642 362
850 123
115 440
499 66
190 727
105 51
794 721
728 959
640 587
1073 912
594 200
1034 854
502 73
356 959
125 599
376 475
735 261
694 1033
181 217
158 149
943 655
880 886
674 52
950 291
538 430
160 238
382 1112
392 827
268 365
695 1008
348 833
211 878
475 169
745 706
205 734
385 159
389 898
1025 533
15 349
851 431
162 991
714 850
181 363
326 613
750 1001
119 203
363 117
643 908
217 831
340 667
706 1038
484 440
897 184
274 899
4 915
341 556
422 84
639 113
700 804
933 1112
742 419
524 602
777 314
898 673
899 942
621 368
157 115
784 425
44 905
268 518
258 292
298 834
76 631
879 953
301 467
239 870
741 127
830 558
110 242
998 546
866 253
606 722
359 722
587 232
526 191
680 564
792 182
809 409
774 558
578 383
1039 61
1002 255
661 1040
981 142
255 504
109 873
124 55
501 453
837 886
1003 252
942 486
45 327
563 176
349 376
627 916
520 234
824 458
360 132
734 352
921 697
946 64
1022 796
892 514
500 1046
478 186
574 577
442 331
866 265
119 285
548 232
442 638
233 279
839 165
227 907
4 808
658 924
815 806
905 451
395 326
121 258
927 957
302 637
73 922
401 279
844 384
817 690
416 982
989 339
942 590
461 532
810 440
296 794
785 415
182 392
396 235
590 382
877 945
486 766
85 804
913 164
893 387
212 156
799 131
1029 159
532 337
524 457
958 784
580 554
705 1030
677 818
360 986
130 233
849 157
457 455
575 744
890 609
506 910
993 302
204 366
1063 562
568 882
231 279
992 205
524 287
1075 79
162 215
202 668
109 941
789 331
193 438
822 394
835 739
300 742
148 369
262 1007
781 307
409 962
874 185
696 290
809 273
526 298
881 434
219 629
887 305
890 66
589 190
464 13
374 869
444 861
857 47
972 428
613 201
840 137
913 638
107 728
644 584
1000 913
834 1082
221 367
512 996
465 372
277 339
876 957
122 326
102 526
137 1067
797 685
521 29
965 773
496 1038
1030 235
899 925
1085 1004
445 200
157 659
112 934
123 298
925 254
826 159
360 653
614 46
814 1009
544 750
1055 170
493 959
1035 784
630 46
464 780
434 1073
479 240
324 425
647 447
355 961
285 642
117 1013
694 739
273 123
677 904
858 338
481 914
214 653
622 327
808 401
402 360
421 32
314 223
819 760
109 1087
656 961
109 620
703 991
157 602
249 320
931 920
691 838
1102 28
508 771
149 1038
428 628
560 942
894 200
376 1081
315 1000
467 132
523 337
454 364
1029 67
501 687
337 898
298 200
1078 684
557 1067
160 734
404 345
1024 596
916 88
881 369
371 761
1051 866
479 125
476 795
766 812
158 756
326 246
288 1040
200 162
780 498
584 857
1055 854
851 239
587 1086
389 368
37 330
737 487
450 427
634 272
1034 539
334 850
233 423
953 310
878 1102
867 299
742 877
870 872
126 243
563 872
813 629
523 956
1014 474
872 1015
856 335
973 552
670 421
399 1086
279 869
900 439
603 295
1057 335
803 803
567 864
982 493
126 323
149 780
558 402
589 657
454 902
704 534
702 164
927 351
11 201
648 199
369 609
161 94
825 498
856 640
147 47
1027 343
762 41
548 307
118 234
68 207
658 346
357 196
119 500
277 797
875 701
107 661
966 925
638 637
302 256
782 844
74 651
823 72
121 521
201 1033
331 461
720 540
323 538
364 132
966 127
456 358
468 270
288 390
669 380
763 585
566 541
461 875
36 897
796 68
185 950
751 462
405 754
346 90
623 446
644 381
533 686
34 131
945 15
728 1097
77 551
288 272
812 978
796 743
746 749
571 178
389 941
381 139
125 941
475 261
957 1055
236 728
1091 481
265 28
317 317
141 384
670 186
1012 603
1104 425
643 858
794 196
767 250
1056 373
506 902
1065 633
106 497
1101 549
1011 315
184 777
1064 813
962 306
160 514
855 128
1065 872
650 618
637 250
85 455
617 132
764 777
646 529
674 940
948 831
775 777
478 176
948 813
611 779
135 207
410 528
66 638
970 236
670 603
142 575
644 785
758 697
0 49
1094 756
945 192
194 415
475 610
760 959
350 14
865 945
160 4
515 401
806 1000
199 773
1112 1027
157 1041
717 325
442 768
808 195
569 774
828 778
156 11
626 86
131 1071
656 158
721 371
497 413
328 1078
459 347
704 222
725 1006
951 856
538 873
641 839
776 1095
230 846
941 481
73 747
746 288
1100 201
178 701
276 334
294 542
831 653
905 373
634 668
1115 737
658 253
145 909
948 870
392 624
214 327
1066 776
210 565
556 1110
282 914
250 947
467 138
955 847
585 984
1064 573
349 369
819 37
775 246
420 498
279 596
708 193
656 990
541 651
664 936
301 865
116 534
649 913
377 431
836 413
150 223
529 743
1022 251
422 1089
424 110
890 12
963 601
340 270
669 253
1037 553
150 291
903 313
517 699
1103 946
1005 741
37 1002
31 912
634 441
773 642
838 190
244 250
530 311
961 687
432 799
389 421
1025 490
481 791
35 134
752 874
156 8
823 1022
791 1023
583 438
428 253
791 664
165 388
545 341
766 726
358 913
909 586
57 810
611 485
40 597
178 1007
286 682
793 411
350 633
368 978
827 725
880 698
415 344
117 381
648 244
365 47
511 344
209 534
589 239
794 238
1101 119
731 527
957 195
692 1005
844 295
233 52
146 657
860 290
558 246
256 651
494 833
1087 196
1011 114
121 759
213 226
334 828
451 486
253 266
686 157
895 937
871 646
455 205
454 232
330 980
973 655
960 1052
460 34
812 176
391 193
670 971
86 830
551 241
818 1013
710 361
985 289
576 1012
118 958
764 828
952 450
768 876
601 854
355 150
1081 946
1012 854
149 1084
922 1048
347 913
13 566
952 213
125 487
333 533
729 1022
834 588
466 986
790 263
584 499
271 778
832 97
275 951
487 956
722 957
603 689
105 963
489 536
698 523
618 936
12 771
201 743
407 921
911 935
1015 672
25 155
343 756
163 4
907 840
414 306
715 970
552 924
523 444
897 1040
687 187
689 88
800 948
543 503
439 727
273 628
853 628
698 428
1018 900
628 136
905 592
903 1004
85 765
580 970
829 869
158 665
573 191
706 538
15 1005
69 892
749 1038
343 759
401 108
69 707
488 598
535 661
973 773
323 902
889 999
289 773
955 1118
169 270
1082 396
993 522
100 855
882 126
383 144
93 417
308 111
641 489
963 30
196 402
166 479
275 704
62 326
166 328
943 190
136 885
993 612
598 240
421 218
326 187
216 838
875 537
908 654
822 849
910 764
319 328
511 437
581 912
927 173
371 992
448 396
740 353
986 802
617 754
185 638
649 709
353 120
181 608
436 566
668 320
692 26
816 127
372 418
203 209
479 340
948 169
865 258
998 1013
538 570
98 152
269 844
3 161
795 962
703 791
468 820
811 130
541 481
920 991
1029 1116
707 658
168 348
589 998
175 431
853 857
897 764
138 139
481 781
100 282
533 942
405 643
97 1044
683 978
313 695
465 1040
753 490
239 788
67 1012
110 829
541 853
248 948
103 897
811 803
647 517
452 178
694 493
991 870
1091 647
1077 984
659 263
656 987
301 1032
438 460
794 154
475 87
201 592
153 303
184 257
130 729
828 415
436 915
481 915
1 906
405 630
559 669
349 822
38 388
597 714
959 481
113 729
225 515
35 531
511 1010
790 487
228 738
593 195
250 743
708 519
691 931
640 479
818 211
1012 491
613 248