199 969
893 276
110 1101
253 545
206 162
152 430
890 870
55 366
827 453
818 222
898 391
59 517
387 605
915 692
1078 861
49 447
954 678
794 432
322 870
560 1024
938 675
198 804
658 118
551 1083
218 839
85 941
1088 1078
1017 362
99 647
424 180
661 416
105 872
230 101
269 601
839 464
138 149
406 447
4 494
580 775
164 969
992 1022
515 300
779 543
230 641
692 335
611 310
878 811
1090 260
779 334
40 19
190 530
997 906
187 373
620 862
121 384
236 800
649 803
612 447
1011 389
472 1092
795 960
970 968
534 300
678 319
662 361
809 8
1014 896
887 133
909 224
885 28
344 585
326 391
426 684
824 671
633 123
581 866
3 542
422 146
750 279
392 317
176 59
562 862
560 898
358 505
173 199
390 977
223 974
358 680
297 627
80 757
315 227
931 1020
1021 629
959 375
1061 201
864 682
282 16
818 830
826 607
1029 817
676 535
745 377
415 109
848 680
549 271
978 489
526 549
469 1102
914 547
477 366
284 181
710 474
803 175
449 207
473 224
155 1072
127 947
197 233
428 663
188 946
925 872
351 208
251 846
774 364
842 559
969 202
73 951
918 854
1011 670
839 315
21 269
966 471
821 612
994 913
432 468
270 428
592 615
224 983
731 1053
408 798
940 941
1033 675
569 497
572 633
107 294
571 363
1016 813
261 973
933 118
680 677
1038 679
1006 223
691 772
659 756
321 1022
726 314
321 344
551 833
238 311
768 231
697 79
711 832
903 873
20 441
614 876
95 1101
105 599
616 532
737 934
482 771
683 981
520 840
902 58
809 162
643 516
615 1051
6 802
187 1068
205 702
571 836
678 678
559 689
431 691
1 497
683 84
227 611
590 663
630 577
546 1030
825 718
750 136
287 220
596 839
469 559
529 127
494 639
454 523
992 1017
714 158
1003 286
336 760
448 850
388 1056
1060 982
638 215
701 379
572 566
717 160
242 932
310 656
762 275
241 415
123 387
938 225
99 389
111 102
504 346
880 247
979 245
1026 806
387 951
831 1023
374 541
222 834
579 132
462 322
814 909
17 855
428 247
613 968
54 554
982 910
934 176
530 633
736 938
1017 367
301 992
710 559
317 902
44 394
1070 941
309 287
571 555
500 708
944 78
666 694
938 979
102 285
52 869
112 46
954 481
1091 196
313 1048
442 1103
390 912
977 653
578 806
212 1052
994 981
491 298
742 880
575 978
458 51
105 607
812 605
337 439
757 839
505 339
633 631
963 646
211 922
195 133
575 377
681 216
529 115
170 150
895 367
878 325
411 617
570 857
609 261
869 451
139 603
788 197
194 1021
1001 254
561 149
796 235
850 622
926 155
45 151
890 656
244 183
109 278
892 158
792 916
628 497
444 589
705 809
938 195
262 250
308 2
151 1010
723 613
676 330
217 178
63 425
149 699
40 276
934 461
628 1017
577 951
469 378
726 636
830 500
25 172
972 231
940 844
798 107
284 924
310 954
812 388
400 273
61 858
931 11
655 307
396 264
136 107
108 137
539 378
80 915
263 253
413 652
793 883
201 661
155 168
279 866
1022 890
453 717
973 561
492 189
834 336
972 849
1021 601
134 1029
36 621
1116 512
138 260
769 327
835 191
671 594
407 992
588 139
774 983
520 133
248 264
396 172
534 534
59 821
148 934
1081 214
351 126
169 450
797 796
127 418
627 649
425 1021
414 1085
864 766
38 995
190 864
848 780
266 957
451 460
482 999
149 125
1022 997
149 769
732 1105
360 520
671 99
143 455
750 151
400 760
724 418
37 811
725 562
360 841
405 1123
321 850
968 167
1084 196
346 423
143 153
278 773
350 213
672 790
704 605
669 425
983 695
311 864
595 697
880 610
136 715
136 787
296 963
224 700
265 708
230 585
19 243
85 843
249 247
744 631
207 115
1100 340
536 546
945 799
992 717
1081 344
504 197
12 725
592 328
115 791
1048 327
409 912
1059 779
279 139
204 753
544 551
898 1073
628 736
135 995
613 967
300 947
789 210
756 221
85 237
753 1075
370 340
945 240
176 851
221 521
147 521
603 785
27 981
931 580
760 239
896 672
828 64
119 240
49 301
232 700
1098 734
723 248
198 901
937 619
1022 125
1067 34
547 982
238 729
353 533
697 324
389 431
492 259
227 883
649 81
915 134
248 521
1096 715
334 477
792 305
14 127
925 1027
716 854
984 1083
498 406
975 547
844 745
818 923
249 434
923 936
1107 1021
452 273
780 837
476 381
794 322
548 794
982 756
788 494
735 1014
945 884
577 460
1003 263
483 892
248 905
593 854
435 677
875 282
326 767
36 264
9 512
320 301
679 76
327 1104
506 440
814 539
1045 176
884 910
982 1013
360 307
384 152
210 807
108 276
930 209
618 35
829 818
66 160
854 272
628 267
683 926
986 69
392 379
1015 855
967 266
950 393
258 552
806 1063
870 1052
340 411
449 74
112 485
105 692
426 907
805 821
52 552
584 1029
989 497
389 388
116 719
391 1002
946 715
537 674
343 807
992 142
402 516
654 173
421 430
142 4
686 456
630 760
846 192
924 302
628 131
333 139
995 253
374 468
991 910
277 121
283 265
567 149
842 663
267 802
626 570
342 170
549 817
640 611
297 707
338 701
432 289
512 266
588 179
618 42
292 976
158 426
891 647
417 729
102 571
111 883
186 488
319 104
623 142
266 539
154 953
194 32
610 965
390 49
1032 1079
30 361
456 881
988 1006
985 9
705 371
145 665
217 736
392 830
219 1027
513 941
830 458
947 802
164 730
934 965
776 801
42 164
825 220
148 1114
824 845
169 504
515 184
816 599
787 634
740 304
508 903
874 985
611 887
379 589
848 372
495 700
436 226
943 944
625 738
1019 601
792 701
811 187
647 979
553 159
996 841
307 49
137 184
171 512
497 470
251 197
850 536
509 224
731 771
256 1023
701 769
133 417
805 921
106 186
821 250
296 313
20 1038
867 423
450 441
479 297
383 813
314 969
402 1005
848 169
830 580
14 248
309 653
697 463
968 76
364 606
509 422
660 363
107 531
181 529
131 1032
822 727
359 646
855 550
288 26
247 767
723 668
248 232
116 899
502 741
199 255
825 603
995 1070
1013 543
857 455
631 408
531 759
296 343
112 296
1047 579
420 841
517 202
260 228
550 648
680 363
311 561
492 474
731 50
304 45
340 443
174 266
272 310
956 572
672 283
594 347
667 1094
714 191
610 755
999 895
923 1045
793 1015
165 870
285 773
29 192
554 1094
790 650
530 292
101 65
1010 456
1080 522
1078 455
594 699
491 328
665 609
814 168
767 930
269 709
521 713
964 194
94 165
794 565
802 1107
1013 995
30 180
119 890
25 867
978 682
967 300
337 327
466 1020
312 499
223 107
937 726
170 236
104 420
393 361
365 706
933 699
959 363
360 228
536 812
156 778
1007 662
1068 248
154 937
786 124
701 835
529 138
673 466
176 382
913 499
1091 988
577 83
454 750
177 741
805 759
893 677
754 770
741 883
990 337
524 1107
51 347
252 773
590 134
749 296
366 616
551 493
126 496
128 880
746 785
281 377
254 704
586 1011
468 919
797 212
282 597
765 559
746 894
703 501
1115 438
738 914
972 1002
849 767
188 855
24 130
248 782
1000 591
95 423
876 1113
1067 462
1005 224
327 437
123 195
644 318
693 808
466 404
102 215
263 225
921 337
518 521
271 258
286 685
831 655
173 277
413 758
274 754
31 449
954 532
764 663
150 436
1006 510
168 167
983 437
317 577
1030 229
356 861
112 583
767 308
988 356
787 625
551 378
691 775
617 114
1093 476
795 853
539 536
234 21
745 230
203 632
245 721
449 206
419 243
55 248
1061 1102
425 492
50 537
592 372
895 80
1013 669
495 885
36 227
581 608
274 159
172 811
256 445
130 718
368 623
634 506
759 413
858 608
197 857
731 148
866 366
608 493
1098 745
960 840
859 266
547 1015
252 716
505 610
64 780
184 459
732 496
578 494
54 816
607 979
560 208
335 44
676 214
780 782
960 926
823 25
180 659
327 193
721 791
361 499
465 414
520 632
845 285
1086 163
383 7
643 912
689 889
823 294
234 189
732 682
270 601
1018 815
331 131
923 811
777 168
1025 929
1058 316
250 117
620 566
699 839
846 60
1036 127
122 927
959 226
899 202
185 592
766 291
114 1049
748 356
680 137
269 678
872 964
283 124
535 985
863 422
534 528
440 900
323 390
674 707
876 764
601 167
511 491
695 1071
328 605
91 254
409 227
627 807
1053 212
348 223
487 426
400 918
701 792
611 778
524 174
569 657
71 220
1047 1018
212 919
129 450
321 477
268 538
477 931
813 141
672 858
273 13
487 701
357 265
721 430
880 917
211 897
831 302
121 1002
161 620
117 153
596 125
936 903
667 191
391 321
345 113
462 1100
898 756
958 527
936 785
13 852
967 700
797 547
748 203
421 399
991 933
912 628
504 615
293 578
969 564
615 405
441 279
190 446
1015 336
1036 166
799 501
1056 401
605 1080
563 768
361 324
666 819
593 845
448 500
310 838
925 117
784 256
151 181
284 390
233 903
916 878
704 638
52 884
613 903
424 257
96 479
652 169
667 572
308 267
646 926
468 431
176 491
698 687