342 56
856 1080
699 769
526 1051
255 1027
262 296
458 556
585 953
196 225
649 953
314 255
670 625
369 600
82 383
899 996
527 882
91 761
80 912
959 599
957 179
1030 306
802 771
214 909
517 673
619 253
486 620
1117 398
552 613
511 246
670 156
836 422
200 236
419 682
118 771
160 302
152 520
975 556
143 1121
653 898
396 313
634 111
127 794
1104 263
594 109
750 582
639 300
521 443
919 846
666 565
699 951
871 548
228 419
1094 945
326 897
503 403
181 331
122 461
123 267
685 723
873 80
335 523
349 822
217 872
707 907
709 130
816 724
539 672
747 263
1011 602
621 586
122 669
747 158
1010 770
402 927
361 723
179 293
417 722
928 819
214 1053
466 556
302 504
668 897
487 181
587 512
857 751
382 805
298 982
280 986
107 451
388 455
706 988
378 45
159 663
1008 250
699 494
855 492
59 254
454 74
876 970
630 536
786 550
144 88
176 253
127 871
365 1034
794 713
139 1075
705 784
626 610
309 148
990 278
586 352
465 448
880 568
537 841
894 304
333 776
1018 258
647 347
984 972
333 813
282 423
108 344
667 764
1091 45
824 727
301 645
671 480
543 864
849 653
597 441
438 653
773 631
390 543
1049 858
379 530
810 711
149 125
962 978
390 774
387 705
1087 830
1096 686
510 485
587 779
400 657
419 801
613 1074
155 632
763 388
973 670
500 737
757 573
379 511
320 884
269 1072
956 371
1075 212
806 352
327 279
215 136
903 466
1107 214
41 253
830 205
593 161
789 694
555 736
150 633
365 840
351 645
692 942
799 165
1085 963
327 484
742 334
788 286
669 343
420 723
1101 737
387 533
192 682
529 808
304 536
347 1011
233 1037
1064 387
782 328
53 574
579 620
185 154
127 899
834 949
818 256
743 364
1045 82
485 1025
784 572
817 982
683 786
984 609
697 1054
657 379
25 187
901 397
175 583
884 990
582 283
302 821
430 830
603 414
885 729
844 287
793 1056
404 497
925 307
7 685
587 705
471 433
737 409
686 12
647 423
399 306
948 945
512 646
953 281
593 700
949 208
813 954
835 785
170 919
236 294
1051 446
113 292
204 507
360 914
1067 132
213 549
783 541
607 378
606 145
964 720
106 813
541 1023
104 383
870 954
660 251
1085 914
292 1003
82 593
652 339
707 968
379 849
928 194
383 654
192 626
80 220
861 342
79 5
649 987
175 448
74 1057
962 313
125 286
417 976
214 232
906 836
874 374
432 998
624 588
1112 870
812 1006
350 114
845 905
748 682
506 119
89 635
296 249
509 451
614 627
432 208
36 261
213 824
245 744
29 268
108 769
632 571
841 630
815 1049
1117 859
168 764
874 912
593 339
502 138
184 1021
1090 1081
123 614
302 605
211 151
221 932
426 127
318 745
911 884
309 100
752 537
851 681
838 769
750 321
497 845
126 732
528 591
580 697
529 603
3 94
22 226
952 1019
447 82
1069 90
376 45
263 862
738 346
81 102
1045 311
855 680
353 747
646 1080
194 802
239 697
371 99
875 349
541 306
644 950
1017 845
257 809
245 692
695 989
979 324
533 368
632 881
139 888
726 140
616 740
267 221
1021 705
597 234
559 980
336 538
331 882
865 142
898 339
723 394
860 682
746 833
137 441
344 54
760 677
312 24
58 191
500 488
337 667
1087 710
141 244
882 914
787 251
595 199
313 143
623 567
756 426
906 245
467 609
348 975
373 441
738 376
582 870
645 175
147 684
698 510
894 476
555 993
1006 718
343 584
332 229
694 939
138 56
352 269
221 176
177 537
1081 652
611 476
339 257
453 911
515 223
96 1069
546 405
219 320
1110 587
640 760
612 425
177 966
102 713
405 557
206 375
920 413
286 349
444 1083
921 951
102 447
649 1020
898 393
618 896
1073 1004
482 994
802 191
74 540
360 285
720 666
171 605
758 274
609 971
347 703
264 924
16 433
116 856
745 263
945 536
940 858
682 1015
522 230
1060 389
388 205
482 1049
652 717
1009 551
325 1012
557 237
456 999
118 386
976 1027
498 269
751 750
926 536
249 1097
1100 672
358 852
492 556
411 632
1057 212
970 782
423 627
731 989
677 993
433 604
359 113
689 413
587 613
439 148
818 362
282 963
287 760
622 692
294 944
408 74
346 176
1075 820
543 681
376 534
948 386
958 194
1041 1078
507 242
103 1055
54 130
824 299
726 521
300 829
598 696
929 228
898 621
367 873
933 726
760 47
236 810
385 826
787 349
667 349
886 1068
876 240
58 899
729 802
876 298
123 839
962 230
488 184
544 264
359 147
265 158
94 879
671 481
531 219
872 696
441 750
410 6
601 118
472 507
217 356
470 110
787 926
542 136
129 275
60 765
209 783
692 353
439 1073
73 1093
883 141
641 322
751 717
159 746
192 1018
857 597
287 941
563 949
875 725
330 252
874 989
413 68
392 825
668 1034
753 1083
715 212
587 760
70 778
584 742
1118 703
692 1096
215 502
888 499
371 668
576 654
979 458
202 952
171 305
757 275
119 207
331 406
747 387
382 676
420 976
867 577
925 461
222 199
1044 587
313 144
997 228
275 630
255 427
833 96
334 475
242 977
492 602
1107 715
763 241
918 579
881 942
556 569
277 562
163 991
523 437
491 535
691 386
755 268
115 367
148 481
1038 964
436 655
950 674
306 961
465 969
669 617
999 108
299 916
287 874
420 217
259 930
277 453
396 926
627 604
100 703
236 793
883 789
138 174
623 270
138 865
215 818
374 978
488 960
745 587
466 201
720 185
838 632
576 272
65 946
365 681
300 250
178 1096
261 1015
181 233
370 55
554 947
835 1109
592 221
350 817
968 364
245 247
1042 198
795 734
243 225
408 238
406 6
441 157
87 854
588 372
234 981
935 709
789 765
319 1115
401 16
199 474
635 225
210 410
380 82
714 158
489 432
242 627
379 597
558 246
164 555
464 776
976 289
62 655
306 839
378 106
157 95
717 346
491 328
1056 189
533 632
155 765
276 434
847 534
241 254
830 135
642 663
25 393
478 596
223 175
110 668
724 295
703 530
883 226
365 892
327 273
229 937
726 487
643 131
1048 722
179 270
483 414
429 716
176 569
499 784
518 458
497 802
372 325
511 645
1009 383
354 442
830 221
812 878
963 641
649 889
235 85
388 580
368 957
588 104
987 422
960 670
967 283
350 771
116 1121
130 343
746 371
505 1004
335 299
356 583
426 1011
447 397
305 597
269 524
973 49
564 113
996 142
293 939
294 281
157 1092
315 965
501 827
308 648
147 963
1089 322
245 354
723 741
796 372
195 159
556 975
1110 893
342 956
401 761
721 428
1071 108
667 878
905 701
669 865
10 873
96 820
604 405
756 804
391 2
876 586
624 636
224 719
575 310
59 269
396 638
421 266
990 716
128 840
303 175
131 542
428 291
959 327
361 1099
8 340
408 302
470 741
255 525
615 798
556 265
874 1006
764 469
848 556
456 943
685 798
667 773
430 111
195 66
1062 255
126 35
536 66
171 853
286 191
826 896
298 927
393 24
194 414
488 77
947 378
111 193
977 531
110 544
681 1072
285 592
959 737
516 388
708 778
249 731
301 316
672 543
219 704
54 121
575 1086
346 524
995 751
29 855
275 83
672 1007
502 704
675 110
955 184
131 939
593 225
388 810
463 102
425 726
905 729
704 436
8 763
505 310
841 1083
636 650
984 771
346 344
290 785
1089 737
863 401
1012 737
552 5
502 170
555 295
181 174
647 678
937 27
433 913
493 1
408 209
1070 257
458 334
554 899
149 491
720 565
305 116
541 301
242 446
954 290
596 325
116 118
367 417
738 685
1060 199
542 136
378 321
26 358
112 826
274 920
693 341
666 87
927 508
1080 899
288 283
807 1116
217 119
502 1121
1096 81
596 240
612 564
756 246
994 210
371 430
465 590
568 702
1097 985
317 728
384 648
443 852
465 608
1015 352
699 809
355 525
794 685
442 408
148 223
631 495
492 805
947 644
664 372
270 194
860 489
1023 351
308 510
112 713
812 920
897 883
568 1070
811 172
412 713
999 322
802 603
687 554
576 918
113 176
1006 915
947 737
500 972
886 204
304 72
414 1034
665 1090
125 286
837 912
734 219
602 994
709 885
216 109
165 251
121 743
585 134
182 819
294 557
663 299
369 761
925 333
1037 563
737 432
911 620
362 745
836 923
809 780
51 877
41 390
863 313
358 1036
871 307
729 605
121 942
50 258
867 430
1076 245
276 143
843 874
1119 162
802 414
1022 1012
708 220
216 240
1075 183
742 811
713 608
431 860
514 217
771 549
875 1051
662 1016
1100 946
333 1059
372 397
685 584
799 154
330 1031
285 87
170 508
113 1000
835 1003
597 198
149 299
858 685
556 732
1067 253
1105 537
524 976
639 824
101 591
629 456
447 577
914 797
592 228
580 996
993 1017
892 688
690 568
145 149
1059 418
684 991
727 922
752 561
591 723
514 812
805 174
511 1031
918 127
892 997
950 113
590 791
781 640
923 962
984 779
632 469
172 387
483 308
312 1083
127 753
69 385
750 476
743 498
576 753
1071 185
282 274
135 725
156 1013
868 133
166 607
990 878
1008 914
1078 946
129 934
343 829
386 742
589 905
443 368
52 845
262 106