353 354
670 132
550 1012
1010 962
58 857
61 908
308 606
892 767
94 932
387 812
371 949
647 784
698 823
223 453
987 706
495 1016
674 820
575 802
739 882
887 434
790 986
564 873
518 501
782 968
685 242
995 142
397 758
988 574
802 608
917 858
892 484
658 838
742 760
527 502
320 475
529 649
280 294
971 970
98 444
787 771
72 806
454 939
666 477
720 936
160 969
224 528
660 919
75 857
471 917
887 585
993 888
934 678
201 1021
316 706
432 27
446 888
738 806
476 1009
770 159
1036 507
252 352
328 514
772 828
865 903
858 980
117 40
879 368
1016 908
177 248
477 695
56 664
606 236
1013 476
821 103
760 594
321 370
1105 864
981 822
354 579
30 443
477 124
363 666
721 365
429 255
349 630
728 702
963 579
585 233
775 1072
505 30
601 305
85 469
788 144
943 580
731 870
685 701
516 916
1031 709
50 948
791 10
361 105
499 403
109 731
314 569
593 279
1040 597
317 849
102 929
525 301
830 1024
120 827
938 770
436 359
603 466
1019 869
360 571
767 1093
616 223
318 424
285 352
1053 957
314 898
937 1005
11 425
300 203
266 289
442 417
301 53
574 891
998 233
912 775
490 323
272 1117
510 415
713 185
1098 231
916 184
663 717
424 25
959 948
412 535
1052 1098
60 758
626 124
1120 984
208 306
664 673
600 202
1 153
637 506
802 917
845 249
263 241
24 817
831 1042
272 993
943 180
218 418
116 302
609 129
264 965
624 981
63 253
670 120
599 599
380 26
186 895
258 698
821 335
275 719
121 1003
385 865
162 351
301 439
239 419
622 602
157 972
184 956
238 439
915 427
669 241
341 549
688 321
669 180
147 698
666 516
590 224
770 1027
731 1059
606 898
693 331
437 224
329 950
111 199
265 386
645 318
857 870
831 463
969 864
418 367
316 460
883 67
258 650
891 202
262 580
819 1114
1001 642
226 698
815 584
606 360
1113 913
539 249
537 415
307 201
848 1005
286 1107
769 425
448 379
880 407
12 850
1032 206
662 1026
383 711
858 658
154 428
355 676
677 1067
890 466
84 140
71 552
493 424
107 201
883 332
575 960
590 366
673 358
298 479
238 673
542 932
1039 669
785 200
1023 189
187 110
12 282
234 931
644 1042
389 731
62 822
146 268
858 463
921 530
1118 644
394 503
866 934
733 263
378 774
1019 806
322 166
858 738
270 633
240 493
546 678
578 139
924 132
731 338
624 21
356 283
1011 269
152 485
284 360
182 978
564 149
323 462
660 701
594 954
968 406
533 1068
250 555
206 903
1039 667
388 998
705 117
776 961
869 681
735 733
1027 996
522 409
947 752
18 391
150 75
356 200
386 538
736 484
466 680
866 307
373 612
1047 942
541 501
142 209
702 255
327 802
575 493
993 791
401 143
523 153
1078 30
126 885
901 612
532 185
355 615
873 1015
1 869
537 964
28 887
509 948
764 192
267 199
920 641
836 955
69 28
280 11
902 830
1031 733
791 503
395 370
374 335
1076 287
770 1062
789 94
942 69
844 588
53 548
596 763
982 919
315 231
418 908
420 232
388 681
548 841
386 150
116 924
977 158
622 428
462 594
657 550
1011 588
185 875
199 315
373 224
705 189
659 687
366 923
595 758
362 945
446 1077
12 847
265 387
142 27
155 649
684 972
1045 740
1059 672
533 149
344 941
855 907
1057 539
681 846
1008 364
269 126
855 540
222 779
1023 740
494 469
644 356
581 540
632 1120
810 942
574 106
265 305
218 410
480 126
95 985
228 436
404 988
288 998
314 755
396 594
674 866
424 921
619 427
928 626
958 726
856 319
268 722
242 167
816 321
687 416
353 634
223 596
566 945
842 535
685 949
463 60
316 22
706 659
954 932
519 592
342 595
1062 140
854 255
643 516
645 947
842 217
816 1039
457 766
238 658
350 1019
279 600
1005 274
279 880
103 582
523 405
440 1054
120 257
285 240
490 539
867 263
375 185
986 1041
789 225
221 760
692 504
988 311
752 182
309 988
890 209
816 382
437 925
1051 581
252 777
452 1023
610 332
799 284
1017 41
563 568
86 430
445 242
764 1082
172 630
696 453
103 790
153 273
123 703
496 569
634 271
794 273
54 934
684 878
1055 807
1011 227
70 544
701 931
368 627
879 322
700 733
1023 607
850 746
772 505
888 109
292 913
963 316
599 962
694 327
402 656
820 1017
1057 472
668 198
1072 1123
965 939
263 710
207 116
797 726
951 479
675 534
648 847
458 151
739 731
485 964
301 977
1106 755
924 21
923 704
242 819
537 959
369 525
349 880
112 135
378 1073
516 423
1014 555
987 731
248 127
746 375
929 447
537 566
486 524
960 739
637 868
389 729
767 512
975 885
1038 951
326 569
759 209
672 651
570 726
362 538
279 410
599 620
460 475
1017 177
621 770
740 972
628 257
125 764
874 896
390 709
0 514
120 949
322 1064
175 807
321 74
152 997
175 870
805 301
800 574
236 600
175 254
609 732
710 426
195 496
65 1075
621 388
585 728
462 35
452 659
156 518
688 123
1004 260
233 1036
498 286
487 84
25 533
124 155
576 396
700 397
125 636
174 767
190 577
991 677
720 618
246 963
111 471
884 242
949 197
587 434
178 167
104 34
915 433
364 187
663 281
507 333
939 886
536 1035
800 829
824 559
263 371
86 192
301 740
563 137
297 937
831 674
695 561
438 1072
1111 401
423 166
305 1051
561 421
732 487
743 931
111 513
507 221
121 36
118 651
997 714
894 263
33 18
843 888
169 357
439 41
1052 526
677 585
118 794
328 738
637 129
963 774
1045 302
520 328
465 359
940 622
598 774
830 356
901 485
1001 626
453 648
278 496
617 1041
838 186
985 41
158 929
764 1121
405 572
195 1036
331 536
568 35
866 53
1007 620
318 1007
435 693
944 440
883 735
335 626
1018 128
442 437
1016 809
1 994
291 655
547 540
926 586
1036 291
145 833
631 233
917 1005
1089 81
208 183
503 125
636 122
170 788
464 789
217 473
168 901
696 374
357 70
310 121
428 367
659 853
709 425
851 140
756 509
49 562
19 756
760 370
976 1053
367 606
981 375
716 113
676 583
807 597
74 1101
567 588
1013 1067
196 372
354 993
414 904
299 887
249 313
955 1037
938 737
475 852
486 666
103 255
457 426
687 815
833 943
601 866
524 987
680 496
143 615
745 1009
328 775
780 358
881 272
281 265
805 230
322 672
835 719
55 165
314 139
626 708
932 293
240 150
862 485
609 668
248 694
322 420
865 1071
345 582
465 948
327 817
433 511
206 841
778 388
960 799
245 183
441 798
247 628
535 691
598 919
647 162
1035 586
858 193
1001 1065
987 1086
1009 192
621 651
326 83
967 864
1096 866
650 903
972 374
747 207
170 814
492 982
699 148
212 850
424 493
503 207
512 634
601 472
477 508
1062 89
764 524
287 258
599 273
28 180
253 1014
635 208
865 796
223 432
404 173
416 499
188 274
672 406
270 239
318 1114
573 469
162 698
220 336
885 863
492 825
972 1055
490 830
376 361
649 789
1041 914
331 230
214 358
617 405
768 669
915 431
243 537
885 301
986 480
1036 595
133 511
524 641
441 254
378 498
500 977
512 670
753 125
583 524
897 520
101 269
59 1006
440 867
156 528
434 462
183 215
405 284
268 229
1089 689
213 491
469 856
843 417
595 1005
928 780
560 600
609 460
38 179
25 689
723 683
674 1032
1006 428
724 98
992 319
733 891
105 723
217 829
491 274
433 732
519 30
580 116
1070 838
848 526
326 364
1123 526
77 312
44 649
574 592
1056 329
499 739
161 422
203 526
334 477
460 444
164 744
686 945
218 892
713 751
645 962
992 275
579 42
223 1042
741 902
391 828
829 1018
248 218
447 344
634 266
443 867
64 726
165 692
325 79
501 955
777 895
334 325
415 413
864 177
175 1082
822 838
127 1078
606 1089
245 547
628 556
860 111
567 245
103 874
914 574
473 928
488 881
758 287
178 650
717 949
163 874
815 762
960 1064
640 735
107 928
84 613
275 726
680 228
334 668
377 664
896 721
945 844
870 429
600 1015
442 749
685 177
177 667
646 353
498 327
1012 568
962 828
491 476
1072 1011
930 786
551 274
374 1084
119 983
240 251
333 106
1111 47
365 355
111 524
147 77
412 204
689 1037
901 16
750 659
644 798
114 822
498 929
454 364
879 894
641 183
76 596
920 622
796 585
212 218
631 42
720 137
920 556
424 525
822 797
122 398
86 358
469 766
708 794
775 946
122 435
419 218
700 256
623 785
173 350
247 155
269 917
787 279
612 648
955 183
915 233
747 156
137 1095
451 147
380 641
669 832
704 891
698 98
344 679
871 859
531 677
439 658
121 693
963 317
415 868
145 1109
836 981
204 524
597 233
461 455
686 547
137 650
802 884
854 134
536 248
146 318
887 492
910 150
259 594
616 997
369 105
983 272
793 208
957 865
530 404
670 408
726 198
328 842
646 541
775 735
912 390
365 663
767 566
813 782
696 1059
779 885
426 445
500 994
262 105
1010 1016
856 230
858 914
756 272
123 615
278 639
462 1014
324 525
181 110
661 149
686 726
658 722
943 1112
1010 1006
651 534
595 585
814 708
1007 230
673 888
101 428