431 288
213 892
1001 882
489 1086
337 848
375 29
863 220
270 1108
232 310
809 1084
884 318
1015 724
961 367
805 732
10 968
749 931
1041 406
144 167
911 1003
785 666
315 825
227 271
441 127
1084 807
419 846
243 420
256 520
1007 927
294 464
153 856
299 546
959 689
873 364
258 185
836 789
894 374
865 395
320 30
1007 166
268 1049
869 1117
247 887
413 177
951 292
175 888
913 951
780 234
799 548
732 971
595 893
1069 888
955 511
417 298
517 181
753 655
242 790
1017 967
670 630
340 146
163 116
582 448
598 522
220 801
645 931
1106 221
475 248
436 647
460 833
711 732
716 143
808 751
190 834
647 8
825 1072
859 291
1007 344
786 774
561 1077
982 765
393 167
822 200
258 503
1022 137
356 72
347 793
156 469
807 1121
1048 807
213 726
1006 767
558 171
742 934
827 571
616 608
924 152
163 903
176 404
552 899
695 1116
225 583
998 233
45 1082
491 182
12 333
347 282
423 524
866 484
210 742
212 408
965 179
309 340
107 990
611 328
437 158
585 137
66 228
239 910
215 325
667 307
370 796
929 955
138 127
157 777
662 1041
432 997
782 854
426 122
90 864
31 559
337 656
662 897
260 968
768 917
611 650
1057 1089
899 316
816 929
641 653
894 558
867 753
397 96
589 597
514 969
2 263
419 78
100 362
838 1015
109 209
856 175
823 431
398 842
1045 117
912 436
587 675
772 655
287 90
847 923
649 555
838 288
269 892
448 655
878 874
392 137
818 260
749 124
140 264
491 784
354 143
72 782
1031 971
192 321
939 981
291 1118
714 338
637 240
85 1075
309 731
848 349
411 766
739 547
167 468
186 18
405 159
576 1040
224 468
167 869
689 639
943 404
89 1024
791 1055
758 10
244 362
467 789
208 105
783 213
872 827
1058 1017
346 939
712 571
221 515
226 526
122 186
406 674
860 285
304 904
890 680
781 437
612 565
796 810
183 244
871 244
782 784
900 505
1074 475
750 693
543 304
545 760
192 843
996 536
152 193
227 1008
986 311
47 672
911 795
759 738
974 622
431 485
555 942
682 780
780 915
345 810
344 605
940 806
225 486
950 195
69 73
913 615
671 931
894 81
228 184
979 769
675 437
233 1070
109 738
712 569
286 796
689 906
987 1041
823 753
845 296
734 373
777 11
449 1039
914 612
438 365
39 432
593 401
912 536
547 803
122 563
1069 676
50 543
893 442
356 25
412 834
940 1079
491 631
90 168
1020 509
633 450
42 268
163 190
1114 733
1020 349
451 193
280 188
352 249
367 835
326 1059
991 504
928 367
975 937
989 736
850 968
713 947
445 310
971 869
954 681
827 519
926 172
942 400
638 69
233 64
540 475
182 911
496 1079
573 994
476 300
582 618
155 825
689 767
710 407
414 376
407 985
183 60
672 432
946 25
643 1019
338 339
947 1038
454 829
107 769
250 402
884 968
982 437
904 47
934 91
285 812
360 788
642 101
693 930
601 811
850 833
609 746
289 626
1019 443
480 190
408 890
654 872
136 414
263 368
401 199
827 822
136 271
219 898
707 758
356 611
49 612
535 755
751 981
734 900
876 1001
686 923
211 1068
1092 1116
830 504
240 307
170 642
387 626
689 119
409 367
675 995
934 419
224 461
7 620
377 201
274 114
958 597
150 946
296 927
325 804
336 898
622 187
823 776
1019 267
190 647
914 611
616 198
866 525
142 325
272 701
167 394
580 139
825 487
213 501
879 156
980 1067
380 754
386 191
228 1
74 1037
825 871
991 142
603 342
935 840
427 951
853 602
201 699
254 647
757 169
627 327
341 424
44 326
532 879
700 457
973 788
783 406
488 291
491 354
705 650
1076 510
608 520
225 394
455 548
965 366
587 459
121 1043
960 942
419 637
431 950
283 811
102 490
401 550
565 565
685 702
1004 779
952 979
403 837
954 556
974 1042
291 289
497 418
121 190
438 404
86 59
957 52
560 38
403 555
1015 933
903 282
830 275
982 592
858 242
621 120
488 412
320 903
928 934
752 425
646 434
237 611
824 1095
773 927
428 36
668 383
813 323
262 547
842 818
405 515
157 643
726 609
372 717
518 588
542 448
945 702
531 342
191 163
560 22
841 785
312 210
910 397
854 274
602 719
435 181
547 747
271 942
759 585
102 646
621 919
591 1077
826 747
317 149
1014 157
61 789
104 43
608 711
775 773
626 207
1003 310
500 338
498 478
565 664
1118 61
967 721
183 240
824 573
693 661
705 591
176 791
368 472
18 503
889 449
53 635
265 387
545 900
675 629
1000 856
407 749
117 327
154 565
205 1008
863 840
408 423
732 115
308 249
434 696
111 386
701 889
606 753
930 992
1060 605
749 1078
76 31
33 851
627 644
492 293
752 760
371 831
1021 551
151 745
86 749
736 685
184 15
415 117
136 563
144 42
156 915
987 205
870 680
116 690
631 618
1062 850
635 119
905 608
779 221
100 1046
38 120
557 224
747 17
303 622
710 1095
765 109
1009 878
750 350
418 161
925 1011
331 595
298 603
801 955
257 581
25 1116
150 612
1100 293
659 1000
537 177
1004 636
399 503
206 519
908 748
603 304
732 605
802 1022
510 435
805 777
744 199
781 950
625 397
895 253
500 987
921 383
1074 745
999 296
921 1097
555 511
243 532
202 100
968 101
425 952
640 232
701 726
603 121
523 618
474 769
1065 1025
118 130
502 24
735 106
671 387
715 775
169 16
687 30
662 938
526 291
353 333
761 161
990 941
1058 708
555 360
668 737
943 1056
926 513
757 785
878 467
805 752
965 1078
602 7
73 547
807 508
362 351
812 482
81 901
745 715
545 627
206 842
895 853
730 226
648 194
813 1071
977 122
779 860
179 840
699 974
455 1067
946 962
688 718
241 162
944 698
427 406
784 1034
553 217
459 645
754 774
892 395
152 841
718 986
1016 198
221 334
371 902
595 840
1049 242
165 266
348 434
254 872
553 376
583 337
102 202
840 973
159 321
195 740
871 842
815 277
906 378
1095 1006
802 618
852 961
355 632
403 221
853 316
611 697
622 985
894 693
54 550
574 77
350 817
163 951
632 150
851 262
195 224
5 586
780 648
849 528
799 479
219 875
644 968
711 468
1022 234
121 65
797 718
886 512
525 542
357 746
738 794
826 673
926 348
143 632
348 804
1108 177
706 1011
426 621
523 604
523 355
615 436
288 955
931 177
38 783
1117 666
338 390
543 1034
587 725
646 191
894 57
250 655
356 1021
231 682
1095 1020
955 994
1005 6
362 1023
608 45
502 726
375 749
1059 227
689 596
946 735
296 170
1084 269
584 308
1037 314
649 1020
54 434
629 129
789 256
310 561
471 596
271 1116
368 664
930 992
518 577
949 218
310 881
824 751
619 428
390 787
658 262
491 576
842 1108
1034 370
515 865
343 832
879 600
871 596
546 1013
877 1011
461 678
944 928
160 474
595 984
733 518
945 291
274 391
690 747
370 1020
449 376
752 426
231 166
475 310
318 472
140 725
802 300
663 429
1013 592
189 894
585 256
1018 167
95 607
1022 967
678 550
949 565
613 332
286 390
333 193
136 374
930 1013
329 801
216 510
651 522
1088 720
181 345
483 412
310 905
778 655
1057 856
975 1049
796 222
576 724
989 346
523 515
183 713
313 569
206 191
230 796
785 1114
636 522
1049 306
127 219
926 487
805 136
448 120
150 305
808 833
409 663
876 814
520 940
440 375
873 554
937 739
278 686
242 1005
335 356
615 623
798 517
436 730
663 980
378 45
353 198
372 606
184 385
540 269
107 902
876 73
745 1004
478 919
815 731
373 75
1120 870
712 281
592 987
392 144
386 420
833 173
473 726
629 273
897 199
301 702
798 920
379 839
957 962
389 160
249 460
55 694
380 281
494 537
1086 889
154 298
141 381
350 914
295 664
404 719
996 786
494 583
960 626
850 419
461 1009
404 668
396 426
1067 119
869 166
745 294
222 146
505 765
76 690
450 486
689 474
331 294
906 347
833 1107
633 978
345 378
965 150
52 828
304 272
676 667
400 691
567 729
466 758
311 1102
823 946
1036 482
481 196
303 369
145 263
784 519
281 257
913 619
381 611
158 119
477 199
75 104
409 1001
377 264
649 1088
1021 797
130 548
301 590
605 894
367 421
710 945
102 363
864 653
521 764
769 485
170 340
171 1112
165 231
973 945
981 941
978 677
489 950
209 945
452 104
1103 559
786 689
621 1023
839 459
623 381
199 119
173 479
451 214
930 521
573 153
514 145
989 144
215 1061
506 385
400 379
450 571
798 443
667 541
987 154
411 427
780 562
1108 301
969 239
627 971
1003 580
1093 975
805 657
546 280
127 273
449 226
672 700
711 779
690 884
1085 694
262 42
334 788
840 667
980 1052
413 327
322 314
652 69
282 528
1011 602
406 285
202 386
829 938
167 451
344 485
562 413
673 639
264 343
933 1007
20 926
752 663
798 757
274 829
494 928
451 670
959 148
544 392
287 302
255 1057
470 940
851 357
392 1118
509 684
348 215
552 1059
406 294
788 646
654 643
859 669
874 124
607 324
920 487
781 46
280 899
504 198
626 1022
321 140
251 164
48 89
141 807
608 921
352 18
167 1072
550 478
976 655
310 288
597 106
500 763