289 830
407 297
155 301
462 170
378 892
825 891
855 979
770 1018
556 808
64 819
510 1087
279 655
307 371
582 110
415 166
1041 530
896 644
856 975
553 174
154 118
271 400
1014 824
962 266
667 704
876 361
23 788
408 414
370 383
378 240
883 179
15 394
698 955
673 314
567 305
722 271
79 168
688 376
133 772
173 340
551 119
962 897
753 367
998 434
1065 772
162 44
181 1067
375 212
374 439
1008 586
766 527
867 825
983 562
326 130
300 231
287 57
512 932
635 276
430 927
378 1010
1073 491
444 776
148 103
944 924
535 818
244 699
627 349
670 874
1007 394
7 1017
181 327
33 892
872 212
812 556
1030 27
483 621
236 989
337 282
24 433
355 1075
859 1089
821 917
920 1017
305 436
480 64
210 993
102 825
485 935
838 109
350 451
353 1059
289 139
264 571
1000 164
329 325
485 281
525 909
1082 897
139 463
900 895
753 661
637 646
521 836
318 802
362 215
153 702
23 197
965 237
483 898
522 180
1007 812
1009 982
629 815
206 358
190 709
471 413
949 929
818 662
997 944
1086 86
380 376
100 648
593 477
207 332
331 133
661 837
818 572
680 397
219 588
980 45
704 970
1019 140
914 301
482 1121
706 219
494 327
955 1083
857 773
781 659
462 704
131 267
782 798
315 1099
787 389
391 366
821 701
857 954
598 1013
435 495
376 231
487 801
940 195
486 1031
702 674
436 526
885 375
507 307
405 917
1040 339
569 236
605 462
668 927
848 872
523 467
19 878
909 65
846 247
435 303
578 388
330 179
1007 773
1085 403
922 1070
849 779
187 655
291 504
721 898
112 1050
879 23
1001 912
1020 966
588 823
350 930
364 631
4 345
982 337
548 740
317 358
350 459
106 112
834 1029
217 272
859 786
569 564
125 340
690 991
417 189
423 767
863 951
1066 633
124 1071
509 356
253 180
851 179
862 781
489 509
559 1032
840 687
207 24
0 249
834 543
1074 1093
914 522
134 1035
633 625
662 618
510 686
194 469
480 644
638 264
146 912
191 634
776 735
711 773
214 314
554 1073
159 868
622 525
439 309
902 578
628 667
492 100
723 575
435 907
119 904
508 290
18 287
597 254
855 266
949 690
778 674
224 1057
10 586
881 339
221 289
533 227
441 571
297 157
213 360
720 879
913 92
1079 393
471 312
62 1033
419 655
1091 523
388 454
905 1074
428 792
191 587
710 273
340 466
142 825
853 404
913 688
665 566
157 256
734 208
755 60
770 618
627 870
874 377
641 814
1040 75
981 413
486 507
487 521
1022 763
1052 681
890 143
480 324
577 908
1085 426
82 318
335 979
702 668
337 1000
979 354
1100 276
926 951
558 566
679 556
476 489
706 870
812 658
157 798
493 262
338 313
944 757
761 145
647 420
239 870
452 1053
985 561
812 670
983 1020
541 148
978 379
242 928
641 110
116 316
457 1094
179 834
852 464
862 944
343 823
912 1120
402 933
1108 91
742 766
875 886
68 2
1100 604
296 337
875 251
747 730
78 143
781 621
124 446
975 831
295 860
807 151
592 664
313 77
393 119
1067 813
140 961
622 690
233 181
594 789
305 895
479 672
208 756
86 320
911 292
586 746
115 941
113 1049
489 266
1104 236
459 233
140 376
290 1050
988 755
582 201
701 315
642 905
1075 712
884 636
274 257
704 475
589 955
922 959
746 294
326 830
891 874
515 503
183 583
39 329
212 941
298 958
780 884
188 395
599 854
881 336
715 758
30 106
147 536
197 738
400 192
942 550
824 431
343 794
71 515
946 628
678 969
604 160
743 979
294 764
720 1046
654 407
948 303
851 857
544 187
242 20
375 889
107 33
922 420
880 299
523 275
767 83
786 558
606 881
219 960
263 353
1065 17
901 379
725 819
906 723
731 365
906 653
246 500
480 1006
651 745
982 363
453 748
346 399
226 869
359 155
618 164
425 1047
577 489
285 802
363 581
1052 700
1105 275
566 999
1048 223
513 157
816 405
722 105
78 381
779 479
415 371
927 328
800 998
543 228
207 715
126 970
1011 815
447 350
247 454
348 1008
497 978
362 929
647 935
682 284
732 589
439 621
559 36
478 670
768 750
589 151
697 904
896 1116
980 89
152 386
232 110
422 298
589 650
70 726
36 112
808 219
217 702
972 592
511 190
396 707
539 889
223 433
219 1033
875 1087
547 1000
1103 973
501 163
290 669
611 410
480 639
601 419
1011 875
822 140
755 320
178 553
993 1000
558 486
125 402
350 1077
519 442
466 270
933 234
349 831
506 363
571 505
1081 1065
526 348
1010 728
503 331
200 804
113 846
261 555
426 189
823 993
1084 331
412 344
488 361
276 384
534 312
805 219
846 650
1090 456
42 162
1007 223
682 476
868 132
709 629
209 441
245 1059
245 881
804 815
483 211
740 932
741 951
953 197
10 157
225 443
995 480
588 690
945 393
811 559
769 1098
307 100
499 952
819 1006
696 621
625 996
338 320
705 101
909 950
394 720
923 951
589 484
344 132
251 920
768 749
737 381
649 173
330 548
308 337
719 804
890 994
266 45
130 859
29 860
207 743
883 1089
119 729
969 449
246 380
533 318
420 836
934 49
491 1109
202 895
981 940
239 526
132 989
588 938
204 844
748 424
866 848
190 510
518 439
210 743
767 669
75 396
869 858
427 688
810 489
224 666
140 654
830 980
267 998
1093 266
246 797
640 885
928 633
147 241
544 287
489 908
321 969
946 616
1035 856
106 356
340 195
692 798
443 836
259 29
145 407
374 1094
442 638
897 810
320 683
965 514
749 91
236 211
886 680
305 757
126 994
650 833
100 393
171 213
40 728
903 817
592 695
83 99
1087 952
118 815
410 943
995 535
933 663
1090 549
184 457
783 1096
294 712
872 264
498 52
1007 836
157 647
111 922
287 893
896 870
1036 489
232 490
505 779
750 538
585 585
368 745
253 421
620 874
299 525
619 713
118 154
520 277
265 867
741 467
713 369
386 795
907 14
385 359
839 968
612 754
487 665
687 647
1115 518
301 940
949 384
814 971
836 935
378 239
260 1009
240 389
504 694
362 372
1107 505
570 110
231 654
634 392
920 130
342 103
185 775
528 469
781 861
224 47
416 144
214 217
350 635
214 174
847 912
209 462
1116 210
125 356
1029 5
697 82
909 549
386 1010
119 117
744 878
825 531
482 165
342 751
156 350
735 194
998 416
186 138
482 430
350 686
1012 691
394 563
346 907
932 716
806 884
1085 77
1119 822
835 456
362 39
710 746
343 581
167 440
226 770
225 745
373 865
289 838
783 165
708 420
98 200
351 291
1002 1068
955 368
996 564
1073 676
965 797
156 264
524 467
118 829
881 254
596 817
698 855
989 433
791 573
520 797
554 867
548 1075
985 197
217 389
642 1051
13 209
508 496
801 1013
359 436
564 572
1026 1040
551 807
748 623
1034 885
180 868
414 294
571 1091
1045 285
9 169
947 565
490 265
222 117
278 1076
151 119
592 846
1033 989
567 416
418 827
243 259
704 729
973 644
975 649
491 448
665 190
1013 475
701 944
507 517
1035 442
540 919
559 949
110 168
221 327
569 481
525 888
900 403
856 572
652 517
405 525
325 115
647 572
737 1009
991 814
177 585
894 545
533 1039
334 567
232 460
985 931
878 475
176 417
640 1007
920 251
408 77
754 186
384 962
49 494
628 383
314 1086
563 158
766 445
522 514
414 568
420 482
843 502
771 737
724 218
662 68
329 318
1016 931
448 855
1013 153
606 883
1019 321
568 35
460 793
595 213
733 46
961 731
1038 977
548 977
638 240
243 930
167 565
564 301
181 597
1097 236
695 347
1006 378
492 204
638 177
321 706
101 553
519 1023
670 124
335 641
645 1011
232 1040
719 74
99 450
1055 751
386 1001
212 514
85 322
865 512
78 85
65 369
176 979
924 447
1080 1003
872 996
907 219
300 423
102 713
2 638
419 316
580 472
572 1056
853 355
464 537
967 1068
859 551
987 790
163 476
512 47
594 205
381 933
169 454
747 369
481 397
1026 844
847 343
617 1114
544 430
271 658
870 978
977 818
646 765
58 61
416 926
409 589
514 1094
964 1006
600 235
297 800
0 528
733 63
965 285
232 189
662 301
336 636
780 987
581 532
621 454
385 231
985 749
207 277
421 940
365 307
505 752
709 956
753 1006
233 736
912 551
904 106
497 496
255 646
1098 24
492 1057
741 996
99 699
217 211
651 603
993 870
1056 44
373 255
553 708
661 965
993 850
315 317
17 669
217 187
684 312
923 755
398 160
169 298
474 1065
912 457
755 789
210 207
89 898
120 736
764 776
1110 30
261 473
843 909
123 158
342 1015
511 221
643 338
1004 564
125 666
765 491
669 151
177 807
993 714
556 477
41 664
678 975
573 426
304 183
1099 953
846 907
901 397
869 984
233 672
996 887
249 924
104 464
199 532
171 126
642 593
833 916
108 212
463 674
80 177
664 437
987 650
354 396
975 351
768 661
986 706
40 670
790 1053
583 729
811 839
587 280
860 441
1013 578
810 55
423 644
668 210
972 137
309 500
239 201
880 1115
293 988
524 546
902 325
734 540
994 674
594 484
343 253
709 305
350 411
783 589
382 189
738 137
180 804
560 522
621 873
368 360
656 562