451 928
856 525
319 1034
384 964
222 514
568 1045
162 175
216 790
192 166
241 803
992 918
300 995
692 242
595 654
274 684
616 158
560 1048
1013 1034
945 283
803 371
723 635
958 995
1117 180
308 826
709 817
156 977
342 674
30 520
589 436
961 385
771 488
920 1118
751 240
864 523
111 1020
266 632
1027 257
821 123
967 474
190 768
483 450
323 808
587 137
992 727
438 678
115 22
936 293
202 387
844 851
611 900
800 129
565 242
589 641
773 707
62 648
94 941
687 943
1020 115
460 177
453 1017
471 431
594 599
1032 670
1042 1059
111 357
453 500
752 1063
159 294
982 516
501 336
512 295
216 780
694 483
248 1106
366 831
839 637
557 184
135 276
300 873
1004 618
509 339
454 613
1096 449
350 544
85 739
479 584
136 1054
504 451
287 723
768 115
1068 361
1113 477
736 424
664 150
802 563
833 589
128 800
798 925
908 971
321 359
458 487
138 980
737 469
730 124
349 1080
274 31
586 200
739 648
249 615
143 438
479 132
127 1108
765 343
813 234
645 26
48 415
701 923
959 1009
571 180
115 989
383 763
336 836
367 1034
5 222
127 676
402 1002
894 767
619 808
1056 736
699 945
762 552
407 268
439 589
324 327
800 804
261 974
774 786
809 503
825 662
939 119
207 794
779 892
512 235
333 289
275 737
657 861
953 716
154 569
320 257
738 19
791 908
841 825
208 424
196 242
539 624
286 217
796 656
801 227
244 1014
366 696
696 548
413 815
515 330
142 405
991 769
609 735
904 952
740 133
1010 82
547 678
957 813
932 831
496 412
892 668
463 424
788 595
249 368
376 113
1058 279
697 166
419 572
393 945
134 936
892 281
487 459
685 754
299 1032
162 824
58 327
996 256
300 433
493 122
893 942
1010 722
861 922
696 176
551 442
547 507
698 166
723 414
562 392
770 876
761 462
584 516
155 419
992 380
435 305
664 406
943 965
468 47
288 572
524 119
916 508
581 1010
159 387
464 283
622 755
674 847
292 0
639 378
216 621
1018 55
511 766
1020 800
696 126
996 891
208 612
859 862
452 593
713 956
660 60
758 283
144 163
797 393
988 439
417 291
272 582
313 347
351 658
651 623
700 287
804 404
118 207
43 292
492 1065
613 899
714 862
1107 257
215 753
739 720
817 684
840 1015
458 990
198 905
788 796
1004 42
418 851
947 620
859 987
946 729
1114 868
579 365
1046 336
718 59
195 210
412 574
677 869
746 446
911 494
775 148
376 573
959 217
281 383
248 291
962 166
202 180
338 1028
282 312
650 632
119 811
355 370
280 392
837 923
801 336
656 198
805 196
67 382
784 677
352 428
413 769
889 610
830 1085
555 470
962 1100
301 838
322 445
311 359
456 714
549 614
104 524
1112 614
1096 278
577 173
227 599
966 482
9 727
837 833
437 526
24 203
82 402
775 25
587 215
80 107
626 184
237 500
871 611
983 107
601 404
122 203
232 406
145 492
636 257
752 908
385 1007
208 579
196 411
344 569
850 612
558 754
479 736
745 428
530 781
758 1121
446 883
1015 526
199 232
522 781
662 498
799 352
649 789
120 407
591 656
131 376
595 1000
302 599
728 415
398 17
260 474
456 525
129 1032
186 221
572 375
883 1072
287 362
890 1018
653 691
406 455
843 782
43 724
354 1005
121 1122
35 104
228 693
231 458
458 353
296 975
732 416
479 604
155 1084
935 948
1004 195
41 623
690 546
224 435
830 985
16 796
481 745
994 381
244 993
910 124
163 293
285 416
84 819
1037 574
682 538
646 85
222 301
165 393
379 352
726 956
92 587
515 858
675 215
844 1017
454 653
438 929
754 112
582 874
137 375
944 964
513 176
556 283
402 639
917 282
775 306
358 848
886 635
552 881
437 657
864 511
865 501
553 770
168 73
109 526
1008 948
273 407
369 744
825 42
725 578
201 748
693 382
870 664
556 232
548 170
690 1025
744 661
462 563
300 181
494 259
857 900
304 1003
121 400
444 681
750 1071
271 767
182 947
316 69
863 956
195 731
413 140
222 1118
211 588
276 974
787 635
536 867
882 549
544 236
202 195
171 827
409 455
99 39
246 248
195 809
634 1071
474 4
865 350
1056 944
633 598
316 984
343 1122
427 244
672 505
287 510
502 877
1028 39
163 359
417 1006
778 30
767 815
317 546
354 386
307 329
887 816
514 866
589 154
746 223
305 378
363 145
613 131
512 259
244 566
877 619
650 368
411 786
754 729
386 106
688 158
698 500
756 708
1006 186
80 337
818 205
808 898
603 1042
343 1001
303 1070
163 683
606 579
711 587
311 869
809 751
127 514
619 293
676 265
640 135
333 925
383 645
217 878
565 463
472 39
235 888
973 935
530 820
53 853
965 508
456 190
576 543
430 201
976 671
724 559
1017 575
719 284
843 585
321 618
195 276
202 847
969 542
545 483
146 373
276 714
1063 492
461 1021
609 395
598 711
1095 142
754 1004
350 259
828 125
709 639
272 239
954 1049
601 401
396 817
151 445
1122 951
746 427
916 898
385 764
739 178
334 1006
665 158
394 588
832 397
277 674
620 660
764 18
159 373
174 486
413 427
779 1020
979 963
774 375
250 81
954 899
249 892
688 1072
525 115
160 659
912 422
208 249
415 390
1020 213
402 488
463 421
310 302
561 583
774 128
426 769
190 460
455 159
91 603
67 439
1034 191
988 652
264 563
974 716
499 803
356 773
260 859
389 829
1030 86
945 535
679 536
765 847
420 1082
860 658
1009 923
975 958
549 1053
190 733
128 828
448 391
881 722
120 166
533 187
953 724
1005 906
1003 451
59 656
983 677
252 633
725 805
1010 191
908 932
271 577
46 48
404 476
636 640
544 1020
516 132
298 221
977 147
642 818
456 309
714 1008
104 585
807 359
50 526
573 295
386 880
423 711
445 458
324 713
724 223
315 995
808 91
620 190
983 161
499 951
218 308
256 675
376 713
974 619
539 830
388 963
25 918
296 100
273 119
719 763
399 972
134 665
140 461
933 317
658 835
839 173
542 822
450 1039
976 303
446 749
596 605
862 864
345 967
251 947
683 187
811 202
372 1026
424 614
836 642
1049 1092
809 78
903 962
125 231
187 924
1078 985
440 1110
425 490
693 258
619 556
372 774
884 288
1009 158
517 1058
366 644
204 34
873 955
454 60
853 638
869 107
268 305
43 695
908 824
54 263
869 368
581 578
484 483
1018 207
101 1090
993 885
653 649
460 85
539 207
368 794
234 644
284 477
134 25
592 175
955 773
240 994
918 215
176 231
138 910
755 494
113 665
752 41
270 120
117 195
184 316
559 272
28 795
108 516
683 1051
11 940
494 1008
229 1027
250 731
245 1059
715 334
698 773
862 941
90 307
249 927
777 787
1009 976
779 581
602 933
951 951
354 348
862 496
976 791
1002 749
150 1091
986 604
72 562
346 415
709 919
975 443
103 950
342 238
987 628
652 738
198 400
484 367
794 392
111 709
458 706
840 1123
240 668
569 680
198 449
941 384
556 958
887 571
298 761
278 579
327 783
570 395
25 1060
419 484
116 325
408 853
447 889
1094 371
695 1075
633 961
430 61
234 243
283 779
650 483
979 893
355 204
190 1122
925 1040
426 546
408 958
155 1084
583 198
856 386
1067 936
512 10
161 443
554 751
597 381
795 484
112 615
980 124
564 984
711 1092
318 697
614 359
523 420
1012 372
30 1089
706 189
981 180
555 368
475 863
681 996
994 681
948 772
442 790
724 274
412 231
1003 980
547 225
854 467
836 576
620 757
276 750
992 946
463 182
752 847
302 671
1014 993
985 831
621 1073
142 824
992 452
161 535
328 252
693 642
1083 1019
495 1080
1096 518
1001 721
602 326
540 775
283 826
258 855
130 113
130 579
929 595
221 366
653 422
650 820
601 420
221 626
496 411
296 565
979 817
1005 186
381 356
166 808
110 280
607 422
876 535
313 514
275 369
208 358
982 538
671 578
839 947
481 486
165 212
263 304
1103 350
504 332
10 660
1048 616
222 776
1021 916
889 509
318 322
684 246
997 540
1023 782
940 525
549 632
139 294
441 769
840 654
393 501
882 179
976 6
74 885
588 741
820 723
970 585
378 169
425 343
902 696
175 601
721 408
710 877
961 749
803 536
723 729
1096 92
891 782
210 516
116 754
834 109
796 426
388 392
559 931
907 623
858 367
562 244
506 689
433 347
1005 694
752 473
669 889
531 189
131 653
793 534
879 679
395 904
509 164
423 575
938 180
354 83
456 1089
754 450
587 346
879 158
150 793
419 851
1088 358
115 416
1010 1082
556 185
5 736
325 104
160 379
450 726
904 999
447 750
1074 895
560 42
628 903
509 450
452 196
469 353
678 633
239 523
449 533
921 149
223 674
1054 1026
571 324
321 889
1039 257
125 420
471 623
841 916
122 255
387 396
126 991
765 108
893 599
272 232
534 394
481 50
417 947
158 231
711 187
714 873
149 781
291 353
135 691
579 429
931 193
158 391
718 146
681 136
111 891
544 221
523 961
173 578
1028 1025
389 768
13 499
964 625
553 211
904 923
986 743
806 244
220 798
320 375
731 575
480 612
987 826
608 948
942 482
424 782
94 239
202 564
979 170
900 762
830 793