836 788
667 263
833 285
779 446
994 133
377 791
106 884
126 676
761 48
155 636
211 937
665 707
309 448
721 402
178 724
346 304
813 595
50 575
773 232
250 949
803 482
1109 796
396 219
850 109
1120 332
496 649
978 627
739 297
237 63
317 138
1017 260
819 108
120 228
304 746
65 458
305 755
902 307
386 399
57 467
633 710
673 764
505 548
100 135
433 528
102 565
350 542
893 93
573 718
849 429
941 827
870 299
872 343
118 664
712 783
504 195
973 120
690 985
901 520
669 690
623 364
134 513
603 663
947 702
645 764
318 250
825 854
88 828
355 698
791 1088
256 450
935 176
399 204
1052 155
4 163
1034 307
253 449
844 278
1118 590
732 152
1108 926
453 397
341 997
287 49
778 230
547 803
688 636
77 556
636 841
615 700
1045 170
686 145
1000 347
222 570
974 314
513 700
141 1007
117 627
55 904
134 988
926 486
1008 584
257 868
755 338
999 566
748 657
250 825
836 479
630 957
209 901
1107 574
592 113
799 227
781 883
1032 691
305 934
249 766
676 563
124 653
394 86
735 1051
368 308
770 1028
69 867
1100 828
1036 504
245 386
612 281
16 549
607 147
249 1061
711 170
101 502
54 359
903 576
605 1109
986 386
876 908
797 807
969 1117
795 926
908 889
188 850
396 545
935 651
682 988
1073 293
821 136
564 634
908 944
428 195
305 319
883 209
759 641
619 341
980 121
201 314
910 697
944 872
207 583
555 174
826 407
407 230
416 456
184 1070
285 659
1042 960
549 249
618 627
1007 267
1061 414
528 800
116 177
101 625
409 320
310 496
746 822
407 203
853 645
17 688
291 219
968 730
576 478
65 1007
422 748
1107 595
945 842
376 953
179 938
740 753
928 115
578 390
835 1017
550 705
890 843
530 969
83 501
931 1109
144 357
652 639
301 838
179 752
1000 7
800 428
509 1014
1012 568
1003 264
552 368
542 995
212 832
877 520
198 368
327 261
350 521
201 1010
953 282
394 584
1040 668
754 778
176 1122
492 909
849 927
739 24
911 291
811 954
713 496
208 794
407 921
679 77
217 18
179 323
977 1061
410 572
296 459
776 891
1094 508
503 568
472 43
625 117
724 993
142 613
742 442
266 305
654 757
899 220
142 823
534 897
197 396
931 553
803 1001
912 129
979 436
694 468
828 977
987 284
863 824
308 108
507 164
283 241
945 791
175 1080
46 741
74 210
564 272
494 149
3 139
100 325
255 667
673 301
646 980
747 481
611 624
375 873
844 440
299 646
269 360
871 508
408 896
103 862
741 61
707 715
37 954
83 239
265 751
336 838
167 263
903 192
451 42
624 514
288 190
402 946
99 835
491 903
676 198
53 538
1087 377
503 915
701 592
668 679
881 195
895 492
574 90
601 652
646 963
795 1008
191 509
705 511
33 457
739 129
375 328
44 1078
727 814
920 850
1047 322
161 404
326 1006
470 157
146 813
552 253
571 47
609 555
119 892
382 663
174 895
179 145
775 244
645 1019
479 609
847 115
842 153
657 787
155 948
522 439
321 534
828 91
1111 347
500 859
264 583
330 285
302 153
1043 864
572 940
262 263
948 991
329 1115
990 1022
700 132
201 892
273 172
210 215
828 228
955 644
846 552
65 128
710 835
1036 745
520 151
690 687
376 354
349 816
489 1077
300 969
225 163
473 686
832 462
973 343
914 672
573 17
386 313
994 1109
736 424
848 984
324 988
597 486
420 339
995 726
214 713
839 224
762 133
978 179
220 25
699 901
5 801
842 440
659 824
188 746
938 759
511 642
784 384
944 312
704 226
1007 764
850 476
191 222
934 215
683 631
299 879
46 923
1117 137
516 504
399 892
399 873
490 1111
518 133
181 818
323 141
214 749
124 523
664 858
658 232
342 163
112 723
887 376
655 1122
386 646
352 431
625 667
554 793
618 754
138 105
845 508
425 974
1020 413
937 619
380 743
595 263
984 777
904 447
842 195
591 752
541 918
608 126
721 192
400 1
488 683
916 630
346 675
855 737
812 791
126 642
161 780
512 501
237 850
376 285
70 458
568 75
500 518
401 1004
295 401
202 333
30 116
174 255
791 779
117 432
157 390
396 1111
577 851
554 406
1021 812
121 1114
786 84
187 431
208 509
362 91
1035 519
607 928
747 809
251 811
856 880
191 780
423 188
232 890
307 644
464 390
545 415
482 628
257 127
608 483
218 933
203 6
857 346
221 773
791 189
997 323
876 893
393 545
738 479
825 299
676 228
432 283
903 89
464 1012
849 535
944 932
696 191
867 854
893 803
515 837
362 782
885 591
829 801
251 914
534 25
252 52
654 253
244 334
528 1021
1078 811
681 793
1033 6
371 163
1036 690
27 823
1023 899
1108 270
435 534
886 299
778 94
155 370
910 765
262 343
780 724
885 478
973 610
61 781
614 311
276 74
138 642
931 706
376 749
621 922
166 225
1007 540
669 471
393 881
1058 427
412 858
918 538
117 376
159 368
361 748
518 288
194 955
482 699
218 103
1014 423
285 678
533 280
692 957
812 690
344 222
907 368
901 111
443 515
983 249
689 847
725 640
881 423
484 714
286 1100
6 483
834 27
228 1104
620 183
621 634
590 503
624 600
220 490
155 763
63 1020
101 535
525 223
370 292
814 182
772 120
838 189
660 1020
65 176
722 709
400 840
747 609
749 833
281 528
797 964
107 488
283 487
46 748
297 655
806 933
591 845
169 238
456 622
353 1000
218 335
920 936
1067 1062
672 308
863 855
108 185
683 420
462 286
485 562
586 558
194 183
530 831
41 707
603 1108
121 668
899 449
156 127
1020 683
290 188
297 535
606 614
559 486
451 279
750 325
1021 306
489 247
1067 531
734 892
494 31
866 55
441 430
500 608
777 71
200 426
29 602
211 905
720 827
44 979
738 421
181 166
274 1022
490 744
268 56
379 468
37 1108
38 852
959 346
203 956
938 594
26 921
711 681
500 987
494 290
409 480
539 1070
422 774
673 207
208 779
834 737
975 952
855 576
783 437
499 780
1023 316
646 710
748 855
615 892
58 698
406 803
1008 531
855 162
973 593
48 160
424 448
717 455
920 718
11 547
325 1007
840 78
170 377
426 938
124 718
582 346
31 305
121 88
247 735
189 230
17 106
1013 1092
667 593
1086 1079
1004 471
714 485
816 444
705 770
199 795
215 136
924 807
167 503
1081 1029
374 394
712 652
949 358
132 797
367 854
161 957
775 410
197 939
27 878
344 804
357 674
830 1016
442 712
763 935
855 239
598 793
573 421
970 642
658 227
281 689
798 396
218 33
865 344
1078 976
135 142
710 888
1085 918
383 252
380 337
449 799
797 736
492 53
42 630
917 511
509 872
24 974
1055 145
527 605
163 306
835 1090
150 446
896 1021
406 339
306 860
896 172
829 490
513 968
1090 102
547 896
496 586
561 861
969 795
713 443
774 379
234 385
307 199
389 622
847 217
679 456
371 449
431 543
865 699
522 270
672 55
702 870
805 364
173 811
905 322
675 1027
369 603
553 984
336 829
657 132
28 565
1098 201
950 723
983 947
756 565
321 869
590 237
118 752
507 599
120 342
662 745
822 463
294 70
282 1011
737 623
993 131
77 862
294 209
992 746
313 113
502 385
463 597
148 268
562 1045
43 382
155 1008
301 185
1033 121
247 810
146 615
302 355
970 136
780 913
402 1039
795 925
958 1
416 874
343 305
910 496
362 476
555 265
616 275
406 858
247 503
938 527
222 1007
896 483
509 1054
256 728
839 293
776 278
465 778
536 47
582 501
520 836
437 840
452 948
626 245
538 884
146 884
9 324
101 901
285 1012
771 265
656 776
238 616
436 715
155 819
823 480
261 555
966 175
663 222
190 489
353 690
75 815
855 133
219 713
619 180
334 393
868 981
678 667
98 977
869 324
319 167
941 3
22 90
317 97
664 105
241 740
476 380
187 689
125 532
192 423
588 65
831 1073
935 326
489 926
338 785
101 555
422 139
1091 995
262 617
947 616
64 246
1014 750
131 916
28 870
907 265
760 653
1038 387
653 403
84 656
641 569
198 840
251 1110
766 457
447 258
1086 812
421 519
533 695
963 548
837 197
716 946
956 347
1003 796
455 524
974 82
500 635
342 659
959 332
458 960
902 841
235 168
287 288
724 262
648 402
386 824
205 885
522 1
275 705
65 425
342 21
1023 809
773 155
720 689
855 387
836 973
1036 1009
197 35
88 536
486 282
109 370
169 690
451 715
702 951
889 854
354 174
237 486
813 684
556 819
535 296
134 458
784 262
442 972
879 471
782 156
301 973
549 572
770 91
172 760
1067 575
203 224
110 846
645 886
1115 906
1034 337
467 946
689 560
970 581
1007 607
1112 749
842 242
143 768
549 986
468 464
274 153
927 1022
572 118
869 356
550 1027
632 874
143 361
461 156
1103 424
870 513
382 596
231 141
787 762
206 504
763 234
1015 1092
926 347
949 735
710 722
271 741
986 160
362 1014
740 702
459 104
672 142
72 192
551 81
350 991
114 316
773 577
817 304
386 189
502 933
481 457
496 236
1077 703
244 485
860 13
1009 163
406 559
498 214
696 558
978 1025
780 523
305 296
296 264
333 46
63 646
185 480
755 355