837 314
972 1007
748 667
999 477
88 643
1010 662
656 110
560 832
793 513
60 586
672 122
790 112
441 1
989 883
216 814
889 745
583 908
778 544
874 972
407 300
747 963
890 375
1010 494
1036 590
505 970
237 140
457 1014
362 361
174 141
546 280
228 325
741 631
932 616
295 960
479 160
244 515
784 533
636 778
630 1014
978 390
363 482
536 916
524 792
1022 637
283 48
563 551
737 934
699 946
490 406
890 535
753 352
485 878
296 452
447 480
953 530
982 944
1058 926
127 765
880 229
186 253
308 555
1050 270
1031 912
871 867
410 283
877 437
169 276
950 434
552 980
763 1058
174 831
808 944
635 489
256 149
240 196
62 750
382 853
701 560
1016 148
142 432
156 707
863 1114
273 568
703 748
57 456
904 1016
670 820
828 499
269 857
133 222
720 163
182 795
643 181
902 260
958 506
158 800
95 468
640 846
1100 673
440 709
911 768
638 906
122 394
603 477
863 790
820 653
489 89
362 138
993 965
27 990
804 97
604 607
1059 311
569 706
581 458
1017 846
491 620
421 565
225 596
831 537
250 536
759 202
241 735
418 261
1044 885
870 596
739 1018
529 51
245 978
512 213
674 135
238 244
795 898
886 641
965 281
725 334
358 327
653 700
117 280
166 522
835 428
142 176
728 319
295 451
476 497
510 718
656 852
979 962
471 331
279 566
707 824
194 1059
572 396
533 909
331 879
186 1018
1016 82
954 841
438 153
191 200
610 598
131 128
591 731
496 382
118 649
385 583
35 998
728 547
704 974
641 611
890 740
51 125
186 336
1012 540
603 623
962 857
519 14
208 104
560 536
570 306
61 1097
125 220
333 830
865 402
174 388
1056 615
221 1023
135 417
433 653
323 1020
157 809
543 464
1116 736
387 975
1109 607
447 236
376 189
337 1053
468 753
164 249
907 217
26 724
6 784
683 987
646 490
463 999
491 124
381 466
647 722
870 549
359 342
1109 220
835 971
199 561
875 648
232 482
336 227
543 664
132 732
136 941
170 357
704 431
845 983
510 140
685 878
775 72
879 209
834 172
967 757
293 321
496 772
203 20
569 650
511 278
649 715
984 356
38 719
766 460
1028 705
621 159
693 923
704 391
818 343
420 665
926 338
133 938
158 429
920 533
966 168
642 340
958 264
949 925
483 243
306 417
619 842
786 570
780 384
1016 747
797 817
837 648
247 940
830 138
221 468
807 977
776 593
777 309
801 174
826 600
540 420
802 411
567 1073
1077 465
217 999
398 979
534 7
747 955
819 239
263 489
888 249
432 1068
639 576
146 1
451 888
782 870
368 492
535 696
567 621
218 28
575 665
564 816
548 256
125 958
519 744
234 717
437 100
823 786
570 877
942 166
511 1019
647 1016
103 1021
345 4
557 857
277 1075
269 122
849 743
785 613
999 448
578 281
334 716
251 708
868 103
652 816
646 555
988 941
224 915
722 373
113 424
754 469
478 881
966 118
861 31
416 318
513 401
933 551
139 32
757 695
675 790
14 286
1016 97
625 1009
705 394
860 1107
997 972
444 299
845 890
244 371
728 1
287 1031
22 303
267 273
985 979
8 1008
332 5
439 803
694 378
156 180
986 420
884 1000
319 883
500 201
346 969
542 218
850 949
501 234
196 1077
170 295
304 449
371 523
620 285
1106 676
230 787
910 1013
431 384
549 430
230 431
142 962
286 293
107 528
827 99
453 622
339 107
975 22
600 20
574 794
745 774
776 923
842 876
240 512
204 744
1110 658
769 711
395 339
403 772
648 897
187 819
764 581
777 6
444 1
841 242
474 417
724 1095
107 976
689 399
703 573
721 481
1092 1015
154 309
634 362
418 834
216 403
699 1071
515 387
155 953
717 360
828 645
155 364
470 1002
266 170
322 1052
782 272
875 1118
535 627
184 721
310 124
768 883
324 815
793 984
510 398
781 161
47 50
647 755
810 635
25 54
984 513
415 816
900 74
480 1006
290 453
1027 992
296 356
135 578
341 827
918 1021
342 582
1003 514
581 976
915 943
653 59
515 945
142 845
943 638
366 1007
181 978
589 894
739 638
516 835
421 71
659 226
251 740
306 433
478 1001
317 399
361 258
973 276
295 967
693 455
690 903
321 869
987 479
255 151
896 422
619 750
673 935
739 585
182 791
829 152
456 990
657 700
447 755
669 876
256 347
468 341
528 796
774 534
312 503
216 64
258 848
332 206
254 412
691 666
409 410
702 834
611 891
292 859
751 908
517 429
60 603
514 611
569 131
247 142
138 450
712 96
1105 901
450 701
338 189
325 796
330 947
254 1037
773 286
932 438
272 317
450 667
1074 618
285 964
1101 223
133 711
163 975
311 735
469 252
821 670
920 997
486 151
819 306
930 386
28 112
108 124
617 591
698 901
922 1041
292 787
949 349
704 1020
585 152
272 543
1046 334
1051 951
732 695
217 403
507 825
593 711
1103 834
523 692
964 554
654 911
204 730
917 311
767 326
554 321
195 996
983 667
1052 39
436 267
870 97
108 538
10 374
1016 902
417 705
776 312
104 439
558 289
384 428
167 793
84 903
543 814
856 465
940 936
592 172
78 374
382 389
193 80
264 391
317 442
332 505
492 209
589 903
569 676
270 303
994 416
925 695
53 196
338 402
439 1038
856 941
70 279
364 80
961 610
605 991
521 717
1011 941
120 500
987 451
160 1
834 171
895 436
280 271
117 366
504 758
243 162
542 371
10 453
888 614
826 1107
177 575
703 1062
106 491
673 938
202 659
268 793
260 230
753 1085
47 562
742 145
534 933
756 773
776 727
955 1000
1003 321
109 46
108 752
302 217
1017 117
585 308
866 1012
592 288
825 972
72 723
1104 360
913 407
716 326
292 287
224 848
788 89
779 666
323 58
846 887
857 855
700 88
503 24
699 142
884 1073
279 2
259 1104
293 991
976 999
6 387
809 217
301 832
106 764
289 279
1063 1089
383 999
841 595
307 32
51 121
45 522
277 381
227 1040
562 938
381 780
806 1102
232 514
128 673
630 21
428 75
630 865
578 328
175 411
775 822
667 640
237 797
385 686
239 140
582 383
104 231
895 534
828 518
295 325
433 202
325 552
891 175
848 1056
693 1112
190 1030
505 1084
710 798
632 252
125 196
108 414
874 1080
383 388
421 38
285 330
925 616
837 25
641 368
460 143
149 653
367 953
365 424
330 195
261 442
913 679
746 264
659 323
937 802
812 613
590 100
818 627
243 313
452 537
402 208
800 83
184 909
470 500
266 140
641 851
525 439
344 219
657 418
343 771
974 1059
622 483
42 523
12 495
190 691
437 654
800 821
647 99
468 762
369 752
623 474
933 479
804 770
1083 52
312 156
85 161
192 677
964 456
273 10
298 805
372 184
929 1028
83 156
730 296
723 204
842 406
714 697
481 345
648 300
273 784
169 123
640 868
613 273
973 745
211 788
244 381
331 823
1039 121
691 659
329 777
584 956
454 1006
509 944
792 810
675 988
570 344
602 777
630 381
1012 974
1119 1072
568 569
731 1120
997 259
904 244
968 322
822 623
811 607
717 893
383 139
597 184
923 498
1067 156
469 995
189 904
837 1090
257 515
9 852
1008 821
140 665
573 880
186 140
154 909
916 319
651 143
591 595
415 877
450 328
883 786
881 572
702 826
580 217
315 1101
268 90
690 863
651 857
441 692
562 962
1062 723
703 373
550 746
311 265
767 177
726 934
19 171
246 197
739 559
173 216
393 627
738 57
128 597
514 236
386 93
1014 1065
186 214
1016 823
261 374
766 503
699 863
22 537
1062 336
1068 1042
209 281
200 711
876 239
972 902
239 369
920 610
447 670
656 487
299 508
3 781
270 795
108 940
1056 130
1066 739
673 232
395 588
519 537
969 784
897 393
1072 635
250 314
995 818
69 1088
902 746
225 687
436 114
527 706
497 390
495 481
758 548
429 860
715 525
918 630
820 664
333 679
184 264
467 835
346 462
261 63
994 304
273 362
711 315
844 467
349 247
503 877
818 141
382 146
564 502
659 1022
706 1002
1001 419
714 398
599 466
817 989
136 878
458 193
99 717
548 768
682 981
624 92
505 656
866 788
251 875
222 835
496 407
969 781
49 868
648 789
412 995
848 799
139 701
424 366
396 546
700 1018
664 143
586 552
98 177
442 833
128 746
1009 902
74 424
662 169
1061 211
241 382
286 175
856 242
843 19
163 896
109 278
785 34
59 747
476 953
411 622
898 238
567 913
965 679
862 1021
198 742
1093 726
533 582
1054 1105
1007 546
614 344
610 501
540 306
877 413
186 465
372 129
200 911
375 857
727 814
915 442
1001 150
203 491
950 646
227 960
71 501
390 492
611 814
847 213
512 1060
22 278
507 390
187 221
1106 400
727 555
787 325
129 379
957 736
107 737
510 1086
773 27
692 702
518 983
532 938
785 599
973 352
474 932
300 150
162 638
577 347
587 597
969 887
201 1022
624 323
93 240
773 369
714 607
602 228
617 351
334 461
528 974
550 194
792 798
48 713
655 620
413 811
184 932
169 965
449 254
168 834
964 960
471 730
602 890
223 255
1092 497
249 896
180 440
531 940
695 557
113 354
324 421
79 789
968 410
916 639
147 912
651 1008
502 345