788 1084
84 606
449 790
857 361
332 601
830 43
594 218
71 23
924 1021
471 1113
635 248
760 295
979 323
182 55
379 813
602 1006
832 312
307 828
1040 1002
328 716
399 229
500 275
315 821
1010 55
162 346
112 962
749 484
999 396
246 845
672 325
828 35
253 180
797 333
744 798
227 1010
64 646
372 845
131 316
982 1058
171 47
742 1011
365 405
342 327
798 333
972 518
6 526
329 166
474 184
397 868
541 782
484 705
628 608
604 144
1059 750
150 882
383 167
739 897
188 293
862 987
201 50
220 270
1042 9
169 285
986 194
249 612
826 777
282 530
628 528
887 1024
828 754
707 106
836 745
942 237
295 411
274 949
48 983
175 532
395 526
811 497
939 887
746 342
509 771
588 581
852 903
804 841
406 207
773 371
307 764
550 286
372 786
392 858
855 497
663 467
312 1063
554 182
758 465
165 129
903 730
584 374
16 621
916 143
1113 716
729 503
913 392
125 253
109 363
569 562
814 717
700 786
995 228
271 589
284 632
121 492
200 897
461 270
873 832
192 79
990 339
935 696
516 820
684 831
217 547
728 932
665 749
519 334
339 142
627 787
259 227
805 418
528 979
9 927
889 156
523 1116
859 1099
216 706
186 395
60 912
344 909
372 445
197 878
158 916
336 350
461 264
449 333
634 200
776 453
675 784
309 71
418 619
1017 327
989 601
777 656
180 583
298 843
910 1014
332 642
534 128
354 363
170 353
208 203
1080 649
158 819
133 1098
430 376
738 389
577 132
447 590
959 304
925 74
671 1017
579 422
803 1010
384 787
17 1079
20 134
282 309
396 266
228 430
1042 907
694 608
984 268
1033 351
561 673
247 590
126 820
167 970
1002 913
431 636
869 310
613 492
810 1011
466 308
1052 885
728 573
533 229
139 669
781 260
795 481
784 988
248 984
736 474
522 943
701 287
1078 689
76 207
902 565
168 585
1108 880
370 496
436 513
149 448
919 500
739 433
318 124
921 103
664 944
760 821
400 750
45 635
514 320
756 969
988 684
996 720
903 800
597 485
407 553
411 899
692 1008
595 985
361 995
308 680
634 707
581 271
153 649
729 192
894 979
322 1033
495 520
971 311
669 318
428 797
840 987
941 237
940 67
884 437
486 819
564 172
726 118
839 717
477 975
296 420
133 489
215 352
711 235
1024 773
1017 545
349 349
473 705
856 913
297 268
243 586
716 9
236 312
644 818
795 329
413 520
1055 971
689 929
163 1024
109 895
631 234
995 591
276 685
673 124
1054 224
122 420
345 436
1043 111
153 692
700 927
234 761
167 353
357 668
829 1068
837 902
999 79
471 600
1064 1075
506 217
912 444
906 524
391 981
813 186
243 426
440 905
66 612
631 1048
941 227
889 383
721 851
686 251
319 1109
700 736
294 149
1011 996
366 293
932 128
528 618
248 146
452 708
422 1
139 553
939 138
909 638
1004 988
673 722
637 664
763 744
373 476
454 218
872 602
259 227
627 417
689 487
60 430
942 453
406 799
477 409
964 188
265 656
103 284
9 1086
697 237
133 458
1092 834
696 396
481 800
815 696
446 206
178 427
364 1013
633 798
529 204
641 857
1089 913
743 1060
648 166
757 861
703 480
452 266
130 210
929 1043
232 288
114 1003
1107 400
347 350
881 678
1117 643
158 883
192 497
1024 630
89 392
192 483
649 262
792 212
639 287
742 411
491 312
993 480
477 908
752 812
352 167
256 348
563 530
677 377
404 746
554 894
566 700
184 318
373 193
1099 838
640 134
830 230
628 865
184 107
214 798
710 279
594 816
116 222
641 359
399 328
811 557
1041 691
678 713
891 786
958 705
844 903
398 915
1099 480
238 790
692 742
918 970
889 301
23 159
782 345
832 650
717 327
999 673
324 624
745 94
416 539
878 649
866 1121
881 605
449 529
127 177
860 892
190 891
500 909
252 157
285 410
649 943
638 990
882 556
452 279
871 796
815 1003
899 359
597 169
209 299
585 744
365 296
1081 818
956 115
920 626
326 721
982 237
306 423
787 886
779 1080
654 150
200 856
577 1088
911 566
77 360
214 1021
191 730
2 949
723 402
298 1017
566 839
219 238
282 602
133 369
939 629
493 911
715 674
540 57
218 941
380 127
413 535
776 729
592 565
133 765
531 610
623 157
207 881
1021 488
447 260
504 180
951 419
238 948
429 833
395 233
163 42
100 508
814 382
751 914
5 1089
578 427
860 300
258 34
780 1114
338 18
1004 1008
1013 941
343 78
541 404
67 415
885 142
154 409
737 628
230 762
947 624
351 173
117 405
381 856
485 404
282 873
684 745
252 800
691 239
880 1015
366 660
269 899
267 593
464 359
362 511
100 767
509 112
1017 256
114 981
569 973
479 245
826 518
894 775
542 861
634 867
961 168
1021 316
28 276
115 345
494 238
406 1059
302 1108
307 412
72 221
893 272
90 371
440 908
1018 410
612 566
947 467
738 335
337 423
394 983
450 601
998 208
785 744
675 52
877 784
575 809
437 906
354 129
359 818
568 553
961 908
170 427
490 334
963 722
809 833
1041 200
487 397
997 239
570 236
988 1078
459 58
967 49
436 951
989 752
582 1011
39 367
242 324
680 150
830 539
741 617
80 283
475 123
405 660
254 422
999 558
261 412
439 524
501 993
748 747
450 1042
485 669
77 647
314 1067
790 407
913 835
416 572
975 413
302 599
901 475
331 342
333 248
1010 45
850 846
143 608
634 854
186 385
361 537
346 1084
258 435
332 881
144 744
780 114
174 816
479 772
829 310
635 532
454 1031
351 871
780 791
863 499
619 619
611 7
310 782
606 716
1005 803
258 689
664 695
369 821
606 318
1023 810
119 174
853 666
216 995
500 797
173 622
556 298
834 313
203 247
1018 644
473 74
420 516
508 7
976 441
407 171
307 137
640 880
550 171
675 396
40 799
870 1086
288 422
189 78
920 668
1080 893
733 900
1012 444
949 948
34 147
365 176
711 936
470 29
896 128
104 760
812 560
631 1026
655 114
137 388
732 408
740 776
912 1087
864 596
413 962
479 410
693 432
598 681
503 83
643 1086
457 768
612 632
176 552
323 1098
220 762
393 914
528 799
692 619
705 887
785 382
885 720
17 287
1115 291
546 685
993 191
951 826
801 921
991 821
783 547
426 128
406 178
997 400
225 298
1033 410
885 155
793 202
253 578
690 501
505 869
586 1054
587 170
123 154
507 499
83 841
1017 540
533 53
383 103
444 131
1111 953
1021 254
775 773
538 381
763 908
709 334
584 518
439 768
623 1019
257 540
242 22
980 617
318 487
136 140
877 214
383 999
922 599
962 625
654 842
995 35
569 265
665 637
203 324
773 918
531 752
210 628
340 136
241 157
798 678
764 435
726 391
963 938
339 1096
527 514
260 406
887 451
894 302
879 747
361 1082
91 768
609 1052
990 578
248 309
926 272
1017 245
377 295
304 365
793 437
328 541
399 115
92 93
479 323
914 343
150 1076
848 176
174 293
176 881
848 717
534 257
630 601
768 469
887 880
98 228
640 520
706 123
540 843
574 602
418 397
828 629
591 758
87 979
741 215
1096 225
378 934
690 984
970 559
385 635
689 96
140 174
798 1017
361 141
798 557
906 162
334 392
686 399
296 303
265 175
157 322
801 587
355 524
640 414
1112 777
1085 641
380 576
597 627
914 144
422 467
586 946
808 657
356 350
119 102
934 305
1040 592
195 777
754 694
42 840
732 318
842 1106
813 715
382 680
943 994
461 712
799 1107
834 145
329 459
972 51
919 905
980 750
571 576
480 811
389 874
650 103
774 414
674 928
439 671
917 341
253 821
632 360
766 900
781 74
975 891
501 178
1078 766
947 687
382 1047
374 762
786 686
492 687
315 679
584 1098
845 492
962 730
391 51
636 710
426 65
691 954
771 583
799 675
684 912
338 209
501 414
1016 299
527 813
804 134
961 257
713 585
918 954
323 1011
985 628
286 964
330 630
830 897
814 1000
1111 652
98 449
280 369
33 833
1103 198
965 652
323 857
226 340
283 344
249 1002
639 409
368 382
895 208
744 586
436 295
442 295
164 439
782 728
618 195
828 997
662 943
764 788
849 135
48 198
197 858
544 505
699 85
98 869
132 292
395 998
899 783
968 106
911 1004
913 679
240 972
143 199
246 1001
525 782
429 835
1041 644
833 234
626 570
926 504
424 357
1005 905
987 882
130 627
65 569
155 946
692 942
663 1112
354 400
648 55
862 822
861 972
687 177
21 95
655 732
1095 133
919 776
575 532
576 278
784 955
408 750
280 337
709 1013
671 236
766 305
323 354
584 416
874 874
264 470
216 947
503 724
437 842
21 191
46 461
962 249
862 847
488 896
231 976
669 324
344 892
681 32
846 670
404 146
903 299
558 636
277 154
570 1020
359 388
895 783
462 751
233 799
716 408
27 117
497 443
933 747
807 250
185 997
734 758
1016 598
700 853
519 268
82 815
880 696
453 955
366 580
1030 1088
541 667
649 765
736 137
225 821
508 837
499 451
336 217
731 385
750 147
710 1104
318 493
197 314
73 577
146 1
345 251
797 729
134 947
848 1043
219 223
414 937
265 199
196 246
1064 1020
858 777
61 496
651 642
335 646