170 175
694 512
940 483
695 839
442 752
964 16
363 199
350 576
645 617
631 994
554 797
274 120
927 997
23 302
987 325
522 482
864 350
522 4
655 894
400 41
9 762
440 933
169 352
173 168
436 780
400 264
580 996
798 1009
190 983
322 345
206 254
572 262
589 559
388 343
445 214
237 890
110 0
142 878
725 852
657 242
316 709
669 781
716 907
507 380
898 529
627 587
950 606
249 208
146 522
469 215
546 230
463 91
370 466
1020 1086
79 469
312 868
691 1100
101 279
543 948
51 274
936 163
689 1064
851 277
999 229
542 119
966 118
869 375
304 785
834 157
1019 60
851 292
1016 646
886 647
432 962
678 967
587 637
514 973
516 449
895 150
292 463
599 188
1053 529
910 294
293 223
315 4
980 380
606 649
927 1058
312 383
302 496
741 786
1076 913
613 620
660 864
625 881
199 694
708 194
931 155
164 423
127 909
875 7
733 953
387 499
1096 768
992 334
183 411
131 210
980 561
451 781
393 257
887 237
907 99
237 497
801 757
176 896
804 712
1113 142
944 520
172 67
486 294
571 856
627 493
446 399
745 2
186 939
683 685
466 824
90 363
603 145
630 776
763 251
342 562
103 392
964 805
840 704
75 283
543 650
410 537
535 545
137 687
964 337
450 283
989 1031
35 506
150 109
289 510
456 819
112 916
586 109
672 804
737 188
650 715
787 728
404 654
556 128
174 991
780 502
663 927
967 1014
618 435
294 551
524 793
741 914
549 1083
234 68
158 204
32 949
747 282
159 379
754 289
466 308
363 313
932 75
240 784
395 870
187 915
659 749
22 170
697 896
635 435
924 488
117 612
769 950
650 1012
589 139
690 205
452 15
167 302
628 1008
1078 949
977 658
914 207
68 643
871 952
552 1123
681 1088
705 918
285 279
235 1028
295 828
116 240
61 947
710 533
768 118
762 251
530 269
974 483
771 1040
225 563
143 1
189 656
339 109
649 353
478 1034
883 238
938 480
1065 612
580 560
880 685
269 729
561 366
746 229
866 448
530 591
336 3
1078 123
128 505
845 895
1107 127
896 273
832 536
868 194
871 460
933 874
973 453
326 367
941 816
296 1088
830 657
264 241
127 382
908 512
854 655
479 259
847 1014
987 41
377 491
167 463
345 355
802 650
995 345
835 959
450 1009
1010 181
66 588
43 401
915 745
481 737
364 433
805 931
478 227
343 506
190 718
444 428
1071 270
778 696
955 440
636 411
344 105
1010 791
1053 177
968 612
753 589
1021 1064
810 231
491 234
560 1035
972 556
254 809
236 258
199 213
500 795
860 741
394 641
852 1001
399 100
688 719
28 870
358 115
680 278
1010 377
501 177
932 348
754 776
985 711
305 759
569 852
522 732
719 881
999 210
992 370
49 622
272 1006
957 492
951 291
355 117
1041 217
951 566
753 186
306 213
406 427
697 183
1020 959
491 81
539 420
572 1021
997 600
767 306
748 829
37 271
970 740
612 878
715 111
122 290
484 868
130 79
925 831
218 615
406 542
383 281
375 828
893 699
809 1022
995 899
332 496
234 389
779 1022
589 102
623 952
696 614
774 320
44 908
151 491
78 560
673 941
1030 977
1120 679
839 989
203 594
868 95
305 291
554 971
675 376
484 875
190 915
1055 463
249 568
246 722
1003 24
56 441
677 256
232 505
855 455
576 265
572 399
1034 920
950 804
400 180
182 93
955 385
353 647
401 735
496 668
298 915
769 45
1003 685
297 543
149 667
58 878
986 929
389 124
861 811
522 999
868 218
653 851
832 978
643 508
804 864
211 282
222 557
172 146
433 751
611 742
1069 740
286 484
507 546
345 342
742 1004
744 712
745 740
433 1027
661 900
811 709
542 189
953 637
316 446
404 943
977 587
978 329
792 137
523 680
69 350
149 432
459 146
247 700
849 683
937 372
481 419
226 350
349 218
412 841
907 322
374 906
147 905
776 336
999 217
779 577
863 838
192 1107
693 448
20 689
767 279
510 429
627 941
811 368
364 383
355 609
563 739
16 947
787 462
1004 375
192 796
726 130
441 384
1018 148
365 925
748 226
571 353
568 504
1013 629
598 249
931 441
171 142
1020 274
105 1095
797 645
733 673
396 895
350 946
315 590
872 213
441 183
648 613
722 559
478 220
1110 769
418 587
493 531
412 581
526 1026
884 889
373 1044
652 1082
884 504
436 362
480 390
819 765
834 460
1008 410
290 634
632 1059
678 405
608 1037
756 891
41 600
177 507
634 613
452 228
738 983
862 431
361 358
574 520
366 244
561 740
837 240
984 1017
781 529
941 122
719 616
827 642
826 836
989 454
108 575
264 958
170 385
716 543
550 59
60 709
770 162
493 273
66 944
828 581
585 562
76 310
254 997
207 103
582 549
682 543
1002 967
42 488
781 801
293 106
55 676
827 398
618 23
413 154
150 922
919 552
785 1101
257 985
754 566
522 13
743 794
800 793
633 839
827 490
207 639
256 363
515 54
993 993
805 844
843 831
34 957
11 757
750 7
733 449
822 108
53 480
670 1106
615 636
247 807
481 206
1001 209
975 1097
719 683
223 326
581 496
510 262
507 865
10 985
872 907
656 733
238 198
152 874
378 732
392 315
622 525
1054 730
497 689
561 346
66 318
569 439
691 677
446 513
976 936
470 520
1000 674
227 531
131 673
551 515
368 379
537 51
685 425
972 215
629 631
358 716
937 188
508 355
661 294
659 277
642 64
441 524
530 592
276 334
1022 134
295 884
865 245
403 364
331 282
801 460
155 265
470 916
890 139
802 234
490 386
101 302
391 805
413 781
369 864
133 877
100 1050
994 394
765 130
319 815
1015 425
364 836
725 849
353 730
462 1045
321 266
314 659
412 585
926 190
420 803
523 26
924 992
708 649
502 455
29 809
948 962
658 102
596 260
450 567
879 965
119 925
219 527
269 156
512 111
465 371
181 775
139 869
1027 782
543 333
725 140
899 1038
617 207
416 272
295 403
823 146
600 383
436 1016
314 381
435 388
345 370
206 428
708 814
216 234
808 541
542 827
657 584
510 564
232 658
833 240
808 444
1007 377
1092 814
1005 801
200 550
3 187
879 410
48 466
585 115
411 943
413 566
364 836
273 1097
836 231
408 927
604 531
1023 71
238 215
564 301
101 932
355 1019
227 915
395 1088
710 441
476 876
247 445
993 129
208 432
224 27
174 788
1041 817
175 318
428 58
539 226
910 781
375 234
162 987
1039 137
755 602
1106 898
757 595
985 94
556 549
1044 617
516 513
293 589
1098 659
321 217
779 349
469 417
500 513
88 277
1021 93
433 1022
816 972
647 477
300 14
680 856
166 76
987 85
560 1088
517 633
509 971
795 720
612 953
1051 830
204 164
149 631
12 265
112 738
715 190
775 1041
925 293
910 978
127 28
974 956
448 158
1115 439
753 460
847 769
460 470
748 976
552 299
388 723
839 370
447 878
74 344
732 396
756 819
556 630
735 702
1018 1000
180 722
687 482
239 733
751 606
209 796
253 64
558 306
812 402
226 340
165 49
311 583
977 356
890 219
497 780
406 346
544 1108
648 205
100 961
269 734
240 971
168 756
553 373
592 762
231 480
385 1081
525 237
1113 547
158 1024
373 473
962 26
276 346
271 468
132 622
558 715
804 106
1112 432
302 451
308 233
797 394
201 827
108 18
731 510
119 676
291 456
523 757
330 1099
546 799
392 228
349 910
910 518
1020 426
1072 629
1005 500
535 463
532 902
205 556
1007 573
825 1008
475 19
1040 695
750 868
938 325
390 152
859 1070
533 503
659 78
733 369
725 582
959 461
91 661
431 52
862 132
554 122
634 904
556 166
68 112
764 321
179 270
417 683
583 174
57 925
728 618
192 817
643 577
474 23
903 400
589 310
875 582
138 730
732 593
722 631
367 570
415 339
487 562
748 323
797 973
626 850
646 721
11 797
954 535
4 378
804 471
694 296
1031 731
177 974
964 520
917 264
364 196
801 113
301 121
397 674
156 317
910 189
887 851
520 721
138 622
176 670
697 1108
634 573
450 426
1105 52
733 950
61 128
253 405
969 965
756 167
542 15
882 901
130 904
218 879
845 749
733 429
633 458
605 926
433 358
118 539
492 916
270 1036
434 264
239 476
990 517
635 198
517 701
199 750
619 1008
271 576
852 375
548 572
545 263
156 925
267 489
1069 919
272 936
158 554
92 941
761 314
678 952
787 801
708 646
1027 662
788 986
583 227
724 930
489 646
143 509
157 138
849 200
236 389
1080 56
684 789
708 488
762 312
848 475
29 730
834 1119
650 996
212 177
994 835
165 949
723 235
967 340
868 637
841 850
556 845
379 896
681 9
496 655
931 932
900 656
898 287
95 804
5 107
729 1021
917 325
494 251
222 987
597 948
972 204
956 207
758 87
467 660
31 20
1001 231
141 626
1058 645
975 948
731 933
928 414
798 515
905 723
889 121
371 444
277 453
349 1122
363 479
227 12
659 316
319 286
440 278
97 594
18 461
709 483
893 809
992 964
747 390
882 509
765 120
60 632
591 719
926 948
308 1075
747 467
255 853
658 272
867 778
955 574
901 321
658 945
183 726
720 443
904 145
337 1017
466 993
927 1006
536 409