614 795
420 664
870 410
672 1047
71 205
830 658
823 920
752 229
554 140
453 828
258 754
842 879
559 370
460 429
984 838
972 185
630 236
806 660
260 229
483 444
276 820
29 639
148 767
280 710
411 535
766 470
896 667
295 403
200 888
667 492
884 545
568 156
13 299
303 304
706 923
37 200
301 157
525 869
880 400
986 150
246 407
306 1003
636 947
805 114
834 485
703 606
441 72
570 437
207 518
336 72
836 1008
687 227
1007 17
679 907
725 383
513 222
883 308
65 195
261 131
910 435
174 940
224 345
318 583
117 553
581 642
1071 720
307 256
714 437
898 241
961 593
211 716
119 808
278 696
475 267
924 1096
808 767
405 424
38 690
867 872
347 818
629 1062
1022 422
374 105
444 751
543 836
805 445
852 513
203 730
456 248
1064 973
593 906
197 439
148 540
249 102
285 843
659 888
366 187
547 532
568 179
207 1053
668 842
666 1090
639 390
817 413
1044 734
608 566
245 289
991 881
1010 751
641 44
469 799
697 419
752 652
24 297
994 401
330 972
803 461
279 147
593 961
132 281
1009 208
1004 360
931 160
780 948
207 522
454 81
900 557
961 90
681 187
516 1061
984 789
116 320
677 258
230 216
350 801
850 502
231 904
930 107
610 958
202 444
272 339
336 255
219 226
851 583
447 118
895 80
867 636
291 517
1037 1010
542 397
13 520
626 220
367 207
723 673
649 286
448 1046
221 764
680 604
185 467
591 127
921 992
345 602
139 432
1018 840
244 830
647 401
6 734
796 436
782 793
576 849
1077 41
482 107
129 1045
1108 557
1013 361
289 365
223 294
1114 996
345 172
741 729
901 533
1001 749
689 650
297 866
427 449
711 766
103 811
972 92
194 100
478 967
253 1035
877 392
794 363
330 564
979 964
416 97
152 895
124 144
354 1020
771 1106
229 655
338 885
687 222
1062 255
189 628
1100 35
1010 545
931 887
977 858
241 412
518 1013
371 905
861 702
584 240
746 721
403 844
443 345
863 1106
574 892
708 148
485 834
968 843
457 1044
876 245
140 699
47 120
501 146
210 397
271 1119
949 873
519 792
681 406
446 266
88 457
526 736
610 196
515 944
185 271
131 587
102 885
725 981
636 316
426 514
461 339
848 1043
715 643
672 91
602 473
288 152
724 989
694 247
936 824
264 421
166 441
943 302
378 164
49 175
1024 323
812 856
952 839
525 451
963 1030
597 1017
416 315
474 1082
66 219
258 296
326 189
148 777
25 416
296 294
537 983
1065 339
780 1026
481 509
335 377
291 342
627 229
875 353
681 1032
387 218
876 13
857 731
833 333
918 268
1017 188
669 665
133 406
585 394
734 1016
952 973
467 914
697 299
628 509
843 29
203 262
934 864
529 274
686 307
931 178
175 960
878 852
278 498
908 586
1105 153
535 816
723 210
1002 314
586 668
959 364
670 687
212 539
876 179
529 665
543 104
361 192
420 745
768 40
410 585
1001 875
786 105
1064 879
729 978
634 880
364 626
522 313
981 832
939 689
216 442
1108 671
513 908
1064 256
659 890
439 867
331 1007
563 595
718 610
479 515
217 277
301 470
582 570
799 1004
313 759
308 305
325 864
858 1099
604 441
454 549
1030 1084
699 302
229 727
456 933
718 494
230 848
980 761
129 27
370 1086
196 846
189 5
166 514
59 153
516 721
825 308
933 435
589 364
116 433
443 605
399 1004
155 370
164 127
883 668
776 965
872 900
195 764
361 772
839 427
1039 1058
640 672
274 893
400 637
572 276
362 276
190 374
732 546
444 759
152 155
610 357
660 687
589 14
227 553
580 839
190 309
991 272
935 397
664 283
718 113
70 659
166 474
910 272
935 106
954 135
164 934
358 743
664 673
990 676
508 903
684 402
55 871
684 570
929 703
476 481
681 113
243 169
654 281
357 358
776 992
827 487
759 522
647 522
432 913
878 765
166 936
735 1102
266 331
820 138
175 979
816 1046
676 634
202 318
460 422
282 398
503 332
108 1120
681 241
944 417
295 774
494 32
985 970
1090 481
1008 424
1004 726
543 150
58 1080
175 984
84 571
358 184
795 1077
140 212
559 731
290 286
325 1064
343 900
484 168
589 214
1068 153
267 836
239 137
995 906
201 852
690 271
24 391
870 882
393 739
132 768
751 1087
546 227
783 884
247 472
722 347
346 563
835 885
176 11
1039 536
193 356
529 211
361 618
159 267
754 508
344 571
197 633
52 852
889 1087
213 768
651 1011
301 241
200 755
269 959
923 162
649 862
899 575
27 87
680 367
624 212
180 125
306 388
1092 8
835 418
408 189
771 928
1096 381
989 283
207 320
939 455
589 434
851 112
136 509
1120 307
87 360
874 222
275 612
555 620
158 259
585 915
285 161
511 465
520 756
919 447
823 309
909 169
428 994
502 776
464 997
659 429
598 218
392 1009
758 685
931 636
185 147
620 12
841 445
78 358
344 381
1084 222
457 796
636 922
542 988
506 238
746 441
785 32
306 984
649 865
615 353
273 865
583 496
307 503
516 110
574 987
828 346
635 1051
283 764
1003 216
973 517
742 919
512 149
113 840
877 553
757 56
877 337
2 1087
750 417
1062 59
495 610
784 4
925 792
879 120
55 796
737 427
439 969
1013 863
265 538
698 183
248 420
381 879
272 514
377 667
364 719
112 448
648 833
273 681
1061 164
512 122
1091 732
861 290
547 268
408 348
677 157
501 678
312 555
1068 54
1112 922
170 473
600 579
179 367
153 1077
170 700
442 910
265 127
185 279
388 708
773 1112
622 630
412 837
554 567
728 427
519 116
109 578
118 320
782 163
190 848
233 255
958 666
110 1047
728 633
431 1014
1015 816
44 949
415 902
183 315
946 723
823 247
365 234
1016 546
486 958
630 631
916 425
1095 744
502 354
575 343
503 52
383 417
316 667
686 203
188 418
700 571
1042 1094
35 1045
144 757
863 866
513 169
996 488
796 739
869 766
383 464
1004 279
133 252
496 842
816 130
210 195
323 389
628 740
387 206
735 975
761 802
139 554
464 104
336 399
835 487
362 966
666 376
656 132
441 446
474 506
220 560
436 675
876 245
463 1108
348 153
190 612
558 493
292 673
603 598
466 419
304 412
62 907
469 458
1057 448
978 387
981 323
273 816
288 52
398 617
542 319
744 968
766 858
270 440
1107 240
169 342
610 1050
454 938
1033 11
437 784
994 588
545 461
216 589
356 393
987 541
368 315
927 549
414 917
746 556
331 105
510 319
450 98
792 1103
469 699
435 1083
67 371
287 462
218 289
526 235
636 930
855 263
394 820
444 214
389 406
582 673
1006 1003
399 950
917 975
1004 856
670 371
924 247
424 493
116 1007
215 841
380 794
896 551
817 1081
754 888
995 154
472 122
230 1112
488 1002
813 125
120 63
502 991
108 382
492 656
457 980
809 704
257 459
1083 899
783 181
437 126
135 530
1078 402
603 936
578 283
984 251
831 955
1060 480
47 763
198 129
699 971
77 910
646 119
436 371
67 972
688 127
188 603
1096 41
436 89
181 648
242 239
431 225
847 410
700 1018
173 1026
309 966
881 690
481 47
831 964
279 707
716 574
833 426
304 984
711 903
621 242
837 131
367 967
269 271
356 229
328 654
430 239
318 790
7 329
75 1011
89 81
485 905
559 290
627 668
1019 702
769 128
848 912
956 91
875 363
225 1101
486 475
207 620
380 505
112 84
59 214
402 568
778 452
205 841
1026 639
849 447
223 86
694 1024
519 207
963 871
207 727
22 601
189 131
601 302
477 455
139 877
606 235
673 390
247 966
234 205
446 136
224 379
150 773
860 381
761 913
230 801
60 345
957 838
49 625
751 829
676 770
188 72
329 1094
217 901
501 853
830 667
540 356
895 1078
887 822
123 943
1030 797
890 16
732 371
1109 65
10 1003
895 256
140 772
170 459
555 564
523 349
842 22
592 126
866 828
565 1114
910 1103
780 813
150 355
903 262
661 882
643 820
816 560
350 735
639 1120
830 513
459 987
312 140
20 436
168 1019
938 109
11 497
822 505
915 467
634 361
278 391
149 499
690 735
1099 45
327 322
112 834
797 622
243 612
363 995
722 441
790 477
1051 640
9 635
37 988
505 3
216 639
47 250
930 246
457 672
291 453
1115 146
215 33
848 447
322 276
171 139
555 550
947 680
13 1084
704 939
606 672
348 428
225 217
875 711
775 588
847 770
768 586
777 310
588 899
1118 152
175 569
351 1069
433 192
816 831
711 1000
581 797
621 749
429 559
190 998
797 598
740 806
356 201
299 766
364 675
683 275
724 674
508 731
117 336
331 146
364 107
19 100
265 611
314 684
935 634
677 352
770 1109
420 777
631 385
1002 111
749 27
1120 680
115 901
120 696
270 166
581 683
542 673
744 715
533 384
745 705
543 240
791 862
145 92
1005 833
425 239
391 406
518 812
271 746
523 1002
251 197
723 631
483 145
326 690
110 326
112 735
999 920
546 973
221 1087
740 419
366 427
351 773
456 970
870 305
237 562
603 631
237 478
465 609
13 744
364 135
797 508
803 296
110 152
613 216
702 416
510 588
939 647
728 594
87 851
808 1056
880 805
308 183
878 503
969 749
559 93
281 1031
190 994
309 508
83 617