322 414
782 843
543 636
510 1088
714 487
477 827
620 206
84 836
100 624
1012 586
415 345
538 627
246 554
164 178
877 271
835 198
148 507
1097 357
1105 985
529 610
24 987
934 936
142 364
93 774
965 89
1006 985
1120 841
649 604
978 336
284 385
980 296
368 844
136 969
436 215
318 833
685 266
441 315
1023 430
454 312
248 27
604 953
395 55
320 451
443 966
451 956
137 776
863 709
1039 743
775 851
878 554
693 616
573 993
1058 918
994 512
550 897
109 744
936 821
1068 650
218 459
762 571
839 631
531 298
789 591
519 912
1084 955
414 164
760 234
764 655
994 476
902 710
811 869
260 854
553 1030
207 814
775 1010
397 204
111 722
995 222
1023 1069
202 30
1102 558
990 659
336 400
564 69
250 237
819 636
124 340
261 588
494 789
733 433
126 220
188 127
655 844
511 380
804 199
512 680
422 210
917 475
965 98
300 528
389 778
641 589
130 436
696 116
632 215
1023 214
820 1008
974 645
474 1094
1072 781
397 473
195 615
807 656
451 361
1120 423
760 123
120 26
328 350
976 623
377 789
726 377
155 931
325 379
873 679
728 686
95 744
828 977
648 466
417 591
848 282
297 904
892 629
1020 5
960 387
867 839
136 247
27 704
347 520
519 699
828 506
528 855
242 225
356 784
247 915
979 376
356 611
5 770
356 653
69 541
1009 227
1122 455
1057 1
672 643
77 614
387 57
303 1032
289 261
243 756
488 287
780 865
300 913
463 928
289 872
856 108
276 279
67 424
950 949
25 539
412 941
923 722
787 518
862 162
337 364
41 500
117 479
604 292
657 100
505 836
131 801
284 1008
1080 1019
142 504
520 353
126 526
397 674
164 627
200 619
98 838
617 851
604 734
680 152
141 307
395 728
923 685
50 630
744 245
460 685
138 498
926 842
250 676
242 286
591 678
161 671
949 597
987 848
851 903
590 844
705 567
931 469
403 970
728 303
800 321
1017 816
672 306
577 124
439 1024
988 232
710 203
851 736
512 318
560 293
888 1000
1066 213
322 1094
604 1092
786 932
858 200
345 226
984 583
198 448
666 862
795 846
458 230
248 43
185 391
567 698
496 697
178 573
534 170
1114 972
836 268
425 445
352 554
729 795
410 914
149 997
1038 981
696 854
539 1074
245 52
356 794
595 410
376 1019
169 850
71 676
172 1086
898 308
510 861
407 990
234 436
696 449
118 1075
574 979
1036 477
1014 770
389 1006
211 813
618 900
453 293
645 297
549 1062
679 1093
314 328
579 466
866 106
966 602
533 97
1008 1000
751 755
534 206
1070 1105
456 954
366 739
374 545
276 256
814 725
677 324
1013 666
440 363
711 896
426 803
943 536
569 446
634 150
64 1094
306 527
82 772
246 212
248 418
654 793
440 456
332 158
111 614
817 434
831 457
73 400
632 515
843 124
497 221
478 634
675 853
936 650
406 757
272 612
282 724
425 652
132 394
168 578
921 552
627 825
510 488
643 269
82 917
512 782
756 265
979 1063
107 736
524 292
753 492
220 95
305 480
733 146
609 418
264 968
897 600
759 338
795 975
852 505
965 609
133 1009
155 816
865 219
577 1074
962 487
1005 831
803 902
830 559
17 177
779 721
565 73
672 503
933 793
792 105
900 702
1107 983
50 873
463 601
287 989
1066 726
514 1116
320 360
182 244
254 621
933 932
351 767
1016 252
386 827
621 101
838 155
1123 195
421 1089
755 440
806 478
727 75
583 598
400 297
743 542
811 332
218 51
740 307
486 284
567 490
303 574
83 990
135 622
289 532
871 637
879 167
510 647
480 472
775 627
532 761
1013 585
172 916
516 184
280 795
561 1018
860 357
459 1103
416 989
194 235
30 695
990 870
556 1004
656 587
338 523
949 118
142 464
708 722
855 476
345 32
393 750
939 605
653 304
781 240
382 1014
262 987
410 887
275 625
610 271
1064 49
758 631
248 747
487 1079
731 401
670 101
1007 466
1081 117
505 978
116 343
846 424
906 485
852 899
869 214
880 740
819 298
335 147
274 858
695 601
449 247
962 155
272 163
463 310
537 134
154 917
376 596
121 102
477 161
405 491
343 254
600 1097
1012 220
806 497
351 838
658 139
598 730
752 940
373 499
147 437
1037 681
160 455
257 1022
819 415
689 3
436 542
217 405
1045 508
493 972
104 1051
581 1059
376 446
636 740
1073 139
108 738
830 859
349 785
244 1105
567 664
878 1069
240 800
218 738
137 41
688 357
186 419
452 830
141 57
212 680
1121 479
218 686
559 165
331 929
338 322
6 705
257 586
978 308
780 35
744 127
856 450
1073 983
680 521
597 551
349 400
333 485
235 722
116 383
549 491
720 964
726 910
247 529
489 828
246 902
383 3
782 508
343 162
413 762
1017 847
258 857
767 998
416 807
876 583
646 917
550 174
938 604
583 869
301 266
886 405
1108 672
224 838
625 100
900 529
1027 161
931 289
169 55
985 290
821 524
311 773
11 247
1114 709
1035 790
827 623
229 200
817 771
147 432
167 663
533 894
281 319
290 1097
192 141
879 393
357 898
223 328
520 147
1077 897
1018 847
1006 662
880 596
168 215
736 799
362 599
871 702
1032 400
573 521
971 708
466 798
592 198
234 921
838 888
1119 186
737 918
260 745
745 146
908 188
168 372
748 741
696 542
166 736
1103 771
200 355
575 604
384 646
354 1086
832 78
551 486
216 962
823 1009
137 455
967 1059
69 846
504 961
189 461
814 358
171 951
115 703
545 684
969 385
974 740
338 986
398 777
746 863
443 51
637 906
633 901
241 886
658 748
384 421
988 742
101 106
958 1115
734 526
642 591
625 786
499 913
169 896
158 904
866 1097
860 276
152 840
125 342
88 175
455 556
701 265
207 598
262 915
552 549
819 373
906 371
1086 300
661 1038
809 754
1063 1012
56 653
203 335
727 548
763 471
269 543
296 655
685 979
288 70
167 405
47 698
858 990
425 321
825 599
647 1025
938 199
497 626
551 496
432 458
973 723
213 829
674 527
897 445
225 340
469 222
167 478
992 837
577 48
887 990
327 453
773 28
351 457
52 856
622 1018
779 111
887 450
201 801
702 599
498 349
942 774
280 961
765 900
283 893
269 372
1092 472
661 970
591 341
678 932
696 791
607 626
453 484
1029 197
297 967
430 1006
615 793
1020 943
143 677
438 750
717 89
1059 560
217 1079
808 355
193 253
246 123
214 1014
547 165
896 721
647 118
548 163
103 439
516 286
1030 942
1028 223
475 132
536 177
592 271
508 572
907 108
932 699
476 279
836 607
928 539
810 992
400 906
610 783
643 795
637 896
1012 630
958 1094
115 66
622 879
89 951
118 692
576 580
202 569
91 132
763 569
917 727
381 439
264 382
370 110
342 897
175 379
177 717
357 290
577 968
373 713
1060 46
680 709
212 1106
900 308
396 782
660 279
266 579
463 190
76 167
382 891
878 593
516 50
173 715
609 241
287 608
975 361
797 321
264 213
718 1023
955 272
358 441
821 289
1008 1092
834 608
861 267
125 862
459 217
453 331
305 888
346 128
316 363
98 838
621 501
959 241
565 689
793 785
528 777
952 1011
924 716
836 642
313 199
471 831
1022 209
827 623
304 268
376 1014
531 836
612 790
56 80
870 1059
274 126
376 697
448 966
211 556
480 185
700 524
404 912
508 581
1081 117
428 397
839 593
1091 1015
587 991
332 901
613 158
1100 555
364 714
526 466
821 164
944 10
451 851
238 424
1017 349
149 423
117 474
1054 888
445 1116
387 597
922 664
690 439
163 997
816 82
686 619
949 144
319 173
262 946
589 1004
146 219
1006 792
1032 465
584 1082
384 685
433 175
416 856
482 1073
270 135
595 270
972 934
697 988
675 124
404 378
924 602
765 414
1024 945
14 424
694 460
274 172
953 691
660 791
515 1112
311 926
760 651
96 257
1023 303
350 710
178 560
909 235
204 264
377 733
452 910
412 293
223 806
720 873
1031 703
646 970
466 339
71 327
1100 620
82 1092
1017 943
543 295
621 650
531 879
765 772
554 523
698 668
851 233
852 674
323 135
957 748
684 265
694 283
757 405
1010 963
944 545
722 1072
645 337
688 308
444 853
823 599
931 789
534 933
186 856
939 838
991 604
195 699
517 738
280 685
443 239
702 694
2 382
922 376
153 822
431 381
998 544
562 499
235 444
860 876
346 173
982 181
958 817
117 982
280 664
862 770
328 957
168 894
721 326
81 984
64 202
1006 1043
202 814
438 1099
737 395
920 637
584 864
1012 567
229 733
619 299
344 311
658 545
951 731
997 433
835 573
559 335
423 884
889 921
654 368
907 187
705 235
947 928
1041 329
316 250
252 89
353 140
344 733
635 963
943 343
539 299
963 432
84 360
309 156
684 1038
813 947
377 462
904 832
847 313
477 126
792 1029
1024 493
511 510
683 522
832 826
717 549
392 865
378 1059
904 103
591 426
719 281
444 324
569 318
62 1020
166 565
157 233
791 508
114 721
1017 372
473 166
907 771
222 820
126 524
396 671
988 543
831 220
299 611
490 37
721 1056
1005 185
186 346
97 961
865 248
1121 833
556 637
767 154
67 887
747 973
323 835
479 1037
166 269
524 399
774 917
574 165
426 123
410 557
577 239