408 952
357 646
116 269
660 45
710 986
391 422
320 504
130 483
634 258
112 726
770 55
371 377
39 577
106 445
982 232
818 152
983 348
713 544
917 746
623 292
0 607
295 672
436 32
505 623
346 295
401 633
752 461
415 1019
898 236
119 517
673 610
844 318
375 1102
472 941
833 211
295 46
947 372
436 192
30 1106
739 297
189 541
360 955
504 666
607 526
387 555
422 262
182 396
99 212
511 884
306 629
573 289
514 346
421 816
598 385
998 635
230 758
651 621
110 828
8 537
616 376
121 711
557 712
424 849
905 387
248 488
63 486
560 578
73 545
245 660
117 569
133 881
704 1120
1007 479
548 934
391 885
768 687
896 811
870 777
298 372
817 1011
599 992
215 264
231 925
837 588
788 390
121 866
683 174
580 0
530 441
848 544
888 596
101 838
197 701
487 432
281 316
419 204
233 518
202 1084
202 885
728 561
523 183
554 849
825 212
282 123
855 934
188 985
232 521
725 890
720 57
298 198
1020 730
154 756
982 562
1112 716
924 989
120 344
707 736
336 386
389 254
478 508
422 1035
823 174
576 1021
250 614
996 905
485 274
1011 746
4 87
175 331
121 292
774 695
1052 1083
801 714
595 329
125 405
679 762
301 338
153 432
354 460
163 937
859 148
754 541
365 801
132 985
4 57
150 588
467 875
471 673
592 778
668 290
295 768
367 556
1040 97
585 999
123 1044
439 747
612 556
104 494
395 282
450 389
968 996
453 981
620 354
175 168
312 168
945 613
142 692
334 571
983 642
1001 533
49 211
376 189
186 892
15 504
498 103
894 225
693 934
55 639
194 839
943 540
158 862
1051 896
658 499
826 463
205 893
736 385
653 368
705 596
127 851
767 878
545 780
437 663
416 292
461 337
998 693
887 257
931 501
867 155
941 152
844 831
1076 345
558 58
409 158
730 314
58 50
384 120
297 340
121 334
406 536
5 1006
88 227
563 202
950 514
399 478
375 260
380 629
985 541
819 840
854 997
779 263
889 487
906 830
1055 1022
859 269
845 873
753 497
551 1048
811 645
482 141
457 881
539 192
1022 56
643 20
671 109
533 664
456 283
729 501
53 488
938 796
515 285
158 270
576 911
549 786
423 988
984 593
184 406
676 730
631 511
1019 835
651 241
376 286
289 742
456 296
345 669
946 818
242 517
539 706
1105 821
507 601
203 629
545 533
803 737
23 275
301 372
772 660
645 196
424 651
254 480
359 5
175 891
468 681
270 334
85 618
478 1005
629 128
76 1017
187 342
212 920
793 243
106 188
1003 1008
14 583
523 70
608 24
747 1111
685 32
770 999
745 736
588 625
1062 791
506 974
288 527
459 801
754 1018
924 554
984 130
503 476
351 227
144 951
1005 334
315 418
492 329
166 377
553 420
445 955
761 1020
847 444
96 609
1009 441
357 371
72 472
1049 989
688 608
670 254
857 582
694 412
948 690
453 286
871 481
592 895
465 437
495 541
1038 930
937 661
286 305
629 45
436 390
440 851
925 838
1020 677
783 273
676 1057
612 524
622 454
780 840
889 221
651 66
504 405
1086 967
929 1109
242 697
490 78
346 386
56 896
582 1111
674 738
443 437
193 133
460 275
593 661
479 725
1003 290
326 893
476 455
999 772
286 326
115 55
684 122
1051 448
559 776
406 1014
631 210
34 699
659 623
646 141
821 509
465 277
124 1016
394 303
99 454
786 849
918 787
1021 918
803 643
678 367
660 535
49 594
418 936
177 979
333 593
707 498
369 177
640 401
975 263
428 1021
85 846
341 757
419 867
965 308
120 689
150 11
895 1104
1023 652
781 105
590 327
458 376
483 73
191 217
937 778
28 247
202 1007
563 462
379 1070
956 950
221 937
465 1117
340 507
744 176
492 465
407 663
674 480
664 368
923 109
1062 241
692 395
1083 593
728 688
627 39
493 297
660 356
919 437
887 898
724 692
899 1021
29 1000
360 258
207 792
954 637
186 155
574 985
938 1113
856 346
955 405
126 749
879 10
21 1011
307 487
371 858
151 1061
884 557
120 536
784 750
452 965
280 737
968 230
207 919
146 838
879 317
372 393
493 330
153 1031
222 214
234 826
715 1005
933 546
423 155
715 616
823 488
999 611
114 101
844 644
417 798
201 848
661 671
128 802
686 535
612 53
407 492
988 476
137 909
263 275
633 14
602 611
581 240
353 196
112 704
462 123
748 182
856 448
88 715
640 392
227 356
218 718
20 885
657 1007
179 509
453 353
768 541
364 557
1018 334
981 625
354 992
689 1000
296 60
401 454
1121 456
584 194
451 370
612 429
273 767
401 135
19 329
742 582
569 641
330 499
126 277
531 945
816 880
681 743
413 78
925 1022
817 607
864 506
181 437
645 191
859 773
13 174
464 817
371 945
561 515
1053 1081
937 416
859 611
518 494
311 353
35 288
492 185
610 85
356 200
331 905
632 875
568 118
281 926
658 955
217 643
814 984
782 1032
740 223
1018 270
956 124
106 831
483 866
415 445
106 788
917 531
388 1105
580 628
241 250
8 1053
320 255
751 1106
22 172
901 1097
101 987
820 804
479 328
55 1010
115 348
348 369
779 771
431 1076
448 851
544 305
718 977
792 1091
260 464
1007 389
347 930
868 930
1110 851
630 728
789 803
441 494
461 302
650 192
767 397
826 722
687 1022
919 796
792 723
430 784
837 103
640 824
795 791
986 446
397 216
805 840
68 268
984 774
791 223
126 650
873 663
958 500
553 166
256 577
657 390
373 621
107 741
921 204
769 977
527 322
372 366
842 529
790 156
367 696
971 245
266 2
924 169
706 580
510 968
149 520
171 670
318 1089
1086 371
1107 393
341 614
260 985
833 575
1070 689
565 925
166 552
431 314
821 743
342 460
124 395
622 657
967 276
844 927
402 923
71 1081
433 560
346 769
200 488
790 436
532 655
611 890
50 89
525 843
519 129
790 201
619 221
473 547
308 184
534 347
334 629
780 420
64 721
578 328
642 376
442 301
1099 787
366 64
763 151
940 1114
255 735
452 741
783 245
808 595
692 822
948 451
505 383
278 690
631 691
624 101
343 146
572 1053
182 421
509 947
732 230
996 795
25 392
196 1067
901 924
129 585
77 924
138 950
797 601
78 111
1007 503
556 655
815 861
654 1029
765 942
180 1014
510 403
285 468
188 447
334 1057
1060 838
461 415
519 423
140 459
417 282
282 159
849 333
447 317
885 193
727 555
651 896
842 647
219 929
943 911
125 203
826 881
805 846
53 312
1003 196
597 906
194 450
835 724
313 1020
531 791
849 935
423 770
969 269
261 783
1032 148
610 403
1037 413
705 194
653 971
159 527
786 1115
655 812
167 416
658 561
500 389
389 711
102 758
102 868
730 157
460 310
429 306
238 552
75 977
185 27
579 422
821 761
79 981
681 450
933 103
238 355
651 824
585 755
1058 407
1077 838
937 154
268 164
575 1075
123 1015
701 889
91 197
294 695
870 1047
1074 665
328 779
675 565
766 258
5 303
520 980
362 562
386 643
475 363
487 257
166 328
705 166
1004 28
896 839
310 275
857 920
300 683
470 613
990 17
396 199
875 671
1056 402
455 461
438 302
671 545
70 500
253 1111
648 638
266 636
786 298
770 167
968 246
632 667
816 963
894 1102
735 595
452 502
891 246
705 624
201 1101
565 38
297 807
365 353
25 968
631 994
463 311
394 679
26 858
107 179
750 749
108 945
159 462
25 189
455 276
479 870
636 163
236 225
396 1088
873 1033
826 651
822 475
265 436
654 653
423 492
548 689
333 224
206 363
564 866
843 981
174 26
619 118
285 888
231 443
696 49
20 337
900 270
596 1007
466 714
898 46
639 980
149 283
755 1006
205 1095
870 822
720 647
234 763
168 453
902 218
719 975
499 199
502 446
208 316
384 766
977 1056
1006 246
674 391
887 901
534 391
115 984
509 369
359 576
789 576
230 640
741 464
173 190
135 900
918 535
229 79
965 59
517 256
205 604
304 581
722 1079
428 268
176 296
961 572
1050 277
678 659
966 714
796 379
136 781
954 562
892 787
394 988
1065 450
344 112
674 326
153 287
687 296
207 19
492 752
634 164
919 878
561 188
115 719
937 589
105 261
214 1084
631 354
137 650
586 968
985 570
342 559
773 1006
790 817
885 547
274 384
336 103
889 436
862 784
116 1044
670 902
599 249
290 390
675 236
937 673
879 971
304 36
7 124
813 167
1038 153
948 593
422 728
1004 397
655 1102
333 186
1104 162
354 622
1115 485
369 984
173 176
178 361
1122 470
137 182
436 54
847 570
238 698
655 216
456 149
468 551
481 932
842 496
946 451
45 658
699 286
789 1086
120 850
363 928
916 81
316 570
284 695
565 942
979 1103
274 986
1002 1091
657 638
848 370
413 826
769 829
807 252
196 671
501 838
440 469
926 856
1038 421
277 951
180 611
397 484
446 748
989 255
595 423
204 395
342 985
142 19
965 792
896 393
825 881
189 987
110 389
274 985
718 57
253 948
1029 294
305 984
813 589
796 495
494 179
939 970
907 52
673 592
901 476
608 683
449 541
849 902
802 615
0 874
248 563
982 730
662 438
1007 607
341 775
535 81
94 1071
536 20
340 748
135 632