303 217
948 1037
975 1027
413 153
980 972
924 626
655 172
418 789
849 306
555 353
165 909
667 180
823 357
324 875
250 565
567 276
1014 238
35 105
249 1082
1085 189
597 706
746 605
303 569
397 491
715 888
661 1014
637 17
542 185
552 1031
710 615
468 337
690 658
1029 60
298 420
485 367
762 894
735 245
161 575
205 321
319 700
199 394
154 423
592 338
357 569
748 689
357 521
973 102
236 141
45 813
431 715
863 267
806 446
767 592
281 170
805 291
594 107
74 290
738 143
647 871
900 548
522 562
200 498
581 374
299 285
302 166
219 231
466 117
522 702
318 696
923 390
414 276
784 517
302 55
252 656
115 383
612 91
1035 955
185 587
179 859
953 233
215 913
150 187
1056 277
238 13
1059 757
285 795
1037 850
715 592
762 290
26 690
677 770
415 986
961 491
703 672
638 396
220 1067
232 725
265 908
498 574
283 921
567 82
9 369
1027 936
661 306
389 906
771 452
1038 369
462 245
255 457
1090 433
801 994
130 938
562 346
794 363
1013 920
491 878
514 340
277 70
137 127
533 790
876 1063
127 327
599 96
1006 796
174 809
426 425
844 960
6 540
759 521
1011 860
396 758
352 856
517 601
651 684
166 251
1015 866
432 400
854 1090
446 241
166 942
371 519
415 812
1048 314
128 540
128 969
891 297
416 735
544 225
180 339
129 864
867 333
402 384
481 928
593 997
532 653
361 296
441 875
842 241
46 184
492 114
276 386
985 341
216 924
1085 490
179 951
1057 523
606 533
1076 758
304 1101
54 485
884 256
853 728
616 456
945 588
931 214
818 67
0 637
287 267
479 213
926 440
237 141
690 180
338 153
632 717
901 720
902 91
339 643
785 281
261 99
477 532
472 866
450 74
517 641
764 371
286 434
206 1102
833 920
940 527
424 938
466 429
416 1039
993 43
368 942
496 174
944 654
470 144
323 861
836 813
528 917
568 658
889 772
467 650
468 230
679 98
307 426
774 62
766 244
304 1001
540 898
364 676
218 441
933 319
625 592
212 917
330 580
787 309
633 330
608 95
291 423
1018 695
646 259
481 807
1024 597
945 700
1010 1103
540 623
205 970
560 1065
868 604
650 42
245 884
1005 2
37 173
957 65
220 452
624 202
168 511
381 785
314 925
718 384
761 848
1020 1003
112 837
481 197
567 732
1058 915
734 654
302 292
650 978
294 953
735 291
446 388
120 350
719 164
166 833
501 663
8 820
536 674
874 637
383 359
736 966
872 122
460 247
126 605
873 270
219 289
771 165
781 749
891 466
1051 967
631 797
208 329
189 866
952 588
602 636
465 421
198 730
673 389
838 795
325 824
401 456
312 120
182 333
997 1078
572 764
942 836
956 323
558 3
23 834
1024 690
135 827
833 132
740 500
763 908
213 864
3 1017
451 158
753 357
639 925
686 936
493 548
290 482
265 417
895 463
533 312
677 273
537 105
694 207
80 1013
544 377
514 944
225 240
975 856
919 27
353 378
497 908
405 985
237 456
579 922
354 314
364 954
157 949
611 1006
56 709
695 614
750 899
50 494
717 803
1078 765
188 677
117 547
724 158
1085 1081
477 96
760 169
281 889
549 801
1085 442
664 524
15 978
801 552
79 1105
333 519
496 338
387 960
937 400
1004 382
400 263
236 376
904 1039
158 663
779 827
1082 987
970 419
789 416
131 347
663 311
114 652
32 994
819 781
445 703
423 543
294 885
750 67
417 176
53 320
701 792
992 634
494 335
782 701
215 308
348 981
545 1018
58 910
876 998
957 350
971 578
240 992
850 600
964 123
129 468
128 857
220 664
256 1120
233 741
967 1027
1051 711
386 794
710 729
981 1019
768 923
1117 866
472 721
454 638
208 734
636 983
45 107
948 452
643 493
532 32
458 321
711 317
308 864
861 535
489 617
738 1115
669 457
133 75
1101 541
720 899
978 14
1005 746
149 501
791 230
109 285
234 188
913 1049
724 199
331 883
373 244
899 601
73 939
1008 760
252 289
779 965
477 240
335 715
719 422
226 450
668 170
926 966
499 387
315 646
821 879
977 579
82 985
427 48
702 1037
34 305
577 355
483 658
611 138
428 514
393 594
359 858
139 503
239 329
720 400
127 272
22 567
592 291
989 749
270 669
953 558
662 667
142 773
149 1023
765 627
532 188
741 974
865 0
288 373
791 660
447 1034
356 1039
982 595
249 731
828 500
693 277
722 306
309 352
386 994
14 736
811 117
998 635
698 1056
845 125
199 971
865 522
529 776
1011 507
799 402
85 1090
473 581
936 883
129 628
973 900
485 751
693 433
169 859
328 451
720 688
136 828
985 419
246 408
951 233
838 994
292 412
235 607
26 948
238 43
923 267
415 785
839 264
657 582
203 425
372 760
127 657
581 607
352 771
537 1010
376 413
864 262
221 209
836 684
713 61
912 653
226 175
148 593
512 126
1005 39
181 190
577 472
912 844
781 281
185 308
691 288
659 350
489 377
354 712
999 537
173 179
495 179
163 328
857 842
889 534
522 924
467 1090
471 587
617 658
721 1029
1069 701
834 588
106 854
225 899
208 642
861 518
557 719
128 773
795 860
559 1093
360 474
439 844
717 773
143 58
339 130
443 884
334 680
599 319
484 683
709 867
721 423
557 777
691 562
900 600
156 469
869 519
1014 462
860 565
307 821
800 908
374 184
114 751
130 828
973 77
297 647
1014 416
714 934
224 228
358 265
1028 475
720 748
30 412
636 859
476 1055
154 991
945 946
411 497
307 916
767 832
857 1122
296 669
775 401
943 210
436 382
46 367
302 706
465 825
516 650
608 231
450 424
584 964
957 506
632 599
123 919
651 861
1096 995
499 110
501 203
285 814
14 703
915 607
407 553
533 225
764 410
604 640
531 641
903 243
730 943
471 16
1117 760
409 58
449 10
593 203
752 777
574 302
911 656
541 465
671 606
323 109
1010 18
662 298
188 308
413 824
821 318
382 113
1005 766
624 1056
9 671
267 763
982 223
760 666
828 727
340 974
376 853
315 647
528 636
360 526
548 519
468 899
854 953
391 31
795 986
858 279
775 408
607 1054
703 581
190 264
372 678
704 781
639 573
228 1015
1015 479
1088 920
654 1049
550 381
385 861
201 815
904 553
306 488
58 608
838 356
944 385
171 633
703 1012
233 295
877 146
916 273
914 389
704 776
329 156
449 206
167 455
1019 615
120 826
1080 89
308 524
808 533
838 212
365 148
302 882
216 548
936 1064
646 259
202 817
295 1065
662 450
636 917
813 211
663 444
780 664
552 754
206 164
798 753
642 104
587 258
533 775
147 282
292 288
162 512
488 753
349 770
771 95
399 300
920 244
612 852
233 1119
330 510
657 388
854 393
993 935
653 363
935 155
292 222
356 215
349 386
820 138
906 1058
759 474
978 858
313 118
474 621
398 709
998 641
516 800
665 291
119 504
214 894
322 535
657 108
118 64
301 480
147 516
574 330
725 923
144 238
298 165
177 496
2 200
1093 261
688 818
944 545
290 63
604 373
481 354
100 189
591 458
231 692
1004 358
425 960
108 352
103 617
665 751
705 836
846 944
857 563
28 673
354 543
483 369
535 1118
195 101
771 94
265 190
563 676
589 251
683 949
381 902
459 404
745 603
626 176
634 524
871 495
465 356
630 1105
504 932
797 1020
825 223
152 913
680 521
690 873
442 137
452 842
629 554
638 731
1044 1004
413 852
759 867
808 774
855 822
438 742
968 175
359 938
24 680
650 558
1073 819
330 1019
1048 951
1028 966
827 383
845 291
969 39
504 299
281 120
574 62
547 508
489 293
664 467
521 860
210 481
320 175
687 670
433 51
344 176
724 249
121 440
84 562
489 238
1020 94
1075 596
1107 958
514 1057
943 1021
15 634
263 729
388 951
260 793
366 915
349 806
696 665
210 832
80 796
731 1023
201 777
370 789
845 865
805 752
1097 506
832 630
378 524
426 697
939 486
349 1089
676 82
356 782
966 669
872 783
912 458
43 1042
658 454
1056 887
644 519
946 1081
563 912
1051 863
334 1007
824 379
878 828
499 110
556 184
457 356
427 194
148 805
251 1022
374 1006
312 624
464 569
415 172
269 771
561 588
979 569
916 909
383 623
226 827
1006 888
712 824
919 895
651 143
128 716
606 800
846 855
930 267
440 779
744 442
793 536
226 1014
213 184
134 883
925 584
216 767
790 471
837 174
204 1013
1101 461
386 651
380 419
965 856
108 986
338 54
1104 501
272 251
366 629
714 504
487 408
128 650
1039 532
883 238
768 699
767 753
862 6
780 558
291 826
729 182
1030 934
692 835
223 175
201 154
870 464
1050 988
352 314
878 641
620 574
366 229
352 693
716 234
963 159
485 219
917 1068
329 893
655 676
568 494
926 259
1072 983
858 418
293 732
444 369
941 137
282 1034
1005 904
154 259
1119 614
7 642
653 1085
123 279
560 250
452 198
661 330
1003 549
769 189
1099 1056
340 547
178 107
940 869
107 59
793 791
854 525
1024 673
684 150
675 789
195 132
728 414
594 499
707 532
971 1074
400 213
247 452
1013 613
283 74
339 546
230 1118
411 920
495 911
503 191
1087 261
537 112
910 1081
596 711
284 531
522 374
863 473
1025 197