842 232
450 472
693 279
410 204
52 857
458 531
190 286
772 2
506 311
491 392
1007 772
294 496
951 524
621 1122
643 182
133 706
912 184
216 384
176 93
371 21
1018 404
610 744
268 582
195 913
477 846
586 81
645 90
641 795
821 485
593 209
860 165
768 514
242 1043
828 153
769 775
439 972
787 197
339 260
315 497
917 1003
815 227
269 773
132 434
704 88
406 1103
706 617
42 350
750 368
249 732
191 1100
943 348
591 763
478 1016
566 623
691 687
932 244
333 734
907 564
867 185
32 849
428 774
456 154
1109 635
369 497
363 768
554 766
993 358
904 432
1106 863
129 880
266 8
1006 503
1080 788
468 294
315 1006
839 428
842 534
107 710
850 101
631 352
883 614
923 544
1092 416
440 539
125 737
382 15
1008 959
390 444
749 930
688 136
982 349
487 274
857 708
307 867
483 624
859 434
184 1012
980 656
1082 307
652 998
224 614
451 598
621 606
591 585
291 492
319 868
412 110
486 811
126 225
424 198
271 714
308 931
705 660
699 408
687 924
129 846
1045 471
794 746
906 589
247 549
610 235
185 743
1107 965
166 646
858 95
402 619
901 296
764 1110
791 1007
634 772
425 431
222 568
147 369
538 480
591 497
249 828
355 617
799 198
1042 280
1010 534
988 924
186 491
346 499
714 377
833 777
800 989
942 658
854 527
232 721
27 243
451 956
157 114
1048 459
895 592
82 384
785 1118
303 304
742 754
495 37
474 302
200 492
533 1061
333 537
891 1115
923 700
100 313
238 524
343 466
928 1003
970 160
28 298
333 626
1083 546
575 426
953 864
788 35
21 386
913 291
582 449
480 353
655 234
239 951
783 554
1015 548
1105 831
929 733
265 895
493 26
453 901
174 569
545 576
104 378
205 368
819 935
872 882
1 45
376 98
35 694
652 486
273 1100
100 1009
386 1073
529 998
57 307
536 1047
377 200
417 377
731 142
216 608
453 183
886 105
650 582
599 903
328 916
773 604
750 694
478 969
1079 962
888 835
889 304
539 223
362 1114
744 140
691 553
801 761
727 595
1081 954
863 592
186 606
1014 1113
873 192
296 713
793 669
302 102
743 140
757 288
139 856
871 513
1041 1110
57 479
209 707
703 111
888 982
616 248
24 41
501 374
674 815
640 301
330 615
193 843
170 469
501 682
197 623
794 543
797 374
950 987
1097 392
1006 298
414 880
37 399
849 432
270 309
345 476
991 683
751 240
279 888
950 245
961 887
1020 14
1098 221
923 1092
660 403
90 1101
812 686
788 294
978 659
20 810
775 498
468 995
915 776
155 924
559 861
20 1077
929 520
324 541
702 264
768 696
500 911
451 1051
321 673
766 703
324 808
578 926
425 779
988 182
882 205
566 1094
883 431
459 146
762 435
388 642
576 734
487 630
191 888
597 826
654 180
259 325
541 891
650 687
493 680
228 953
450 326
843 101
386 904
228 729
702 408
568 384
727 972
760 280
360 551
402 628
905 707
369 232
1046 93
7 139
9 752
1011 852
205 117
337 818
964 138
358 627
138 103
906 499
683 1018
712 1108
102 578
771 749
436 95
778 786
884 717
955 258
199 525
776 723
525 229
975 836
329 956
858 711
263 603
385 616
228 911
721 169
595 291
686 593
469 141
121 298
809 101
563 1020
253 848
286 500
560 576
960 244
569 47
762 829
263 826
272 418
618 303
1015 617
650 351
674 326
414 116
231 909
595 387
997 353
709 353
926 875
281 554
1110 296
260 290
521 830
584 154
724 596
934 684
831 172
1011 433
671 692
294 317
602 346
188 665
946 881
790 1108
284 981
624 812
366 202
827 779
560 560
369 517
704 838
286 78
826 937
446 737
373 388
468 499
1116 280
298 285
842 782
551 485
969 229
705 208
560 193
348 274
204 377
821 691
626 758
475 786
962 96
79 291
994 158
490 664
112 719
900 544
6 806
850 807
771 1079
228 478
752 502
264 562
144 653
370 622
368 111
582 519
1087 429
1006 292
953 743
183 116
292 326
266 609
553 704
254 215
776 860
529 347
827 223
552 140
501 386
659 305
154 502
261 238
396 434
103 520
890 842
931 84
765 775
100 578
769 310
387 31
339 477
544 562
966 422
482 873
18 686
480 592
117 669
769 858
985 502
538 891
432 400
870 833
518 4
374 777
195 848
537 772
239 920
381 328
119 531
744 298
690 1114
673 1081
150 659
931 403
133 456
1007 850
864 509
864 1085
610 131
760 64
335 924
184 827
268 383
101 137
538 333
8 446
1087 93
954 150
846 960
658 727
192 682
663 805
822 541
89 563
954 228
878 149
636 860
632 982
638 792
286 154
902 859
132 109
296 885
1115 294
392 13
1013 274
582 546
952 413
604 1013
793 587
731 942
704 344
440 856
818 764
600 488
497 548
116 360
443 933
639 310
620 704
382 218
214 296
823 1058
911 354
401 623
105 713
776 468
282 778
548 967
940 203
930 151
115 1101
984 778
660 58
598 858
462 236
206 701
188 107
769 392
625 284
806 115
271 1021
1001 200
84 716
245 944
799 225
355 972
262 864
461 250
313 341
596 797
807 477
1025 703
719 286
961 990
161 226
1119 905
468 749
681 498
507 227
364 182
692 507
986 276
228 485
427 542
153 401
966 841
364 687
927 664
695 718
772 946
746 782
708 759
897 796
944 698
489 146
472 263
753 577
620 1015
996 129
762 400
732 976
276 354
662 748
1071 275
220 56
467 326
10 663
990 197
900 820
355 574
851 760
341 627
431 986
964 568
573 736
212 902
130 858
111 251
1079 716
68 451
422 358
848 269
468 180
309 383
175 92
874 539
714 957
528 226
183 1050
435 96
201 775
892 170
667 540
487 823
213 536
583 434
1085 237
622 882
495 14
946 616
449 288
1009 463
52 497
657 1084
464 936
834 311
703 893
730 708
471 301
335 892
950 614
223 626
265 135
470 685
761 988
696 1100
729 649
862 704
531 770
283 106
1009 557
889 520
503 558
109 123
255 947
705 308
1060 829
51 456
818 641
413 994
777 280
278 431
193 473
792 547
782 764
162 10
356 678
469 605
605 639
693 264
657 1033
434 966
874 434
974 550
480 770
292 600
23 488
655 670
648 88
709 511
693 931
903 736
576 827
595 55
217 729
719 128
558 960
993 576
423 0
672 667
252 303
923 560
315 758
1005 221
390 695
402 934
239 794
249 248
637 606
602 514
559 163
274 576
455 1035
927 1119
841 432
840 616
940 472
865 26
241 88
1013 950
803 660
998 790
318 808
398 346
163 1090
895 549
791 583
951 188
898 901
391 400
919 565
653 875
442 385
940 861
710 743
467 528
23 312
549 856
861 580
447 617
794 186
617 293
1001 683
195 1021
281 688
417 694
1109 364
908 918
748 1106
203 890
768 330
688 723
450 497
539 327
672 255
878 403
874 494
21 787
434 440
655 508
842 65
1012 713
343 732
952 433
236 247
256 449
772 555
142 710
212 455
396 589
855 769
586 479
699 517
416 524
460 853
164 415
223 595
137 417
533 576
420 211
481 1008
420 587
450 447
122 884
869 761
228 573
438 1010
361 935
709 809
531 832
640 621
650 1106
159 199
1013 300
296 864
739 515
722 648
232 1104
959 1073
379 835
733 634
10 828
922 593
708 948
353 896
118 724
867 356
438 1016
154 794
150 971
10 889
883 916
329 579
454 974
321 585
795 1052
637 808
261 288
513 320
958 763
949 648
634 817
259 708
999 765
999 415
110 1015
328 158
271 587
461 824
741 931
658 795
219 134
43 210
479 239
488 237
734 525
346 618
810 737
534 982
622 438
440 1016
523 521
358 663
917 346
998 416
635 239
1017 228
11 201
648 129
157 754
152 736
115 426
585 353
395 995
247 160
308 317
212 212
607 620
1109 825
911 912
28 386
1123 315
865 106
748 1004
445 118
841 1029
855 156
921 819
568 376
508 265
945 937
836 968
3 890
787 138
1019 525
396 726
375 818
837 999
236 611
1100 123
608 507
1003 519
879 1005
125 280
385 906
686 151
202 1085
967 594
101 474
563 165
534 525
505 1100
1023 369
572 945
869 379
338 442
475 924
138 875
550 605
423 615
491 448
300 664
1001 290
494 960
307 775
980 208
444 769
377 264
956 845
177 299
788 71
865 433
941 799
815 994
198 973
858 778
477 173
508 140
910 735
714 491
619 554
1022 237
743 959
141 530
950 132
279 56
541 847
1062 811
486 428
868 948
257 939
138 744
401 823
251 38
161 637
493 365
286 619
333 100
938 974
955 165
758 706
689 454
820 892
968 495
493 238
682 895
617 776
408 257
1118 713
220 770
134 164
48 508
612 709
16 1091
265 98
757 463
290 812
646 528
977 518
176 226
1020 935
911 833
229 674
947 365
172 361
424 468
117 508
1098 15
102 345
8 1094
588 920
135 889
676 759
415 1068
8 405
643 751
434 798
637 1121
1013 149
1079 205
211 607
358 700
818 651
56 256
514 369
681 248
350 248
820 130
930 317
260 122
385 802
809 766
895 355
981 1095
341 254
331 210
523 692
381 769
101 221
123 743
1058 364
1019 1000
289 700
1053 1001
70 518
444 342
604 610
527 1014
819 892
834 7
601 143
803 8
588 112
770 114
443 1110