512 892
522 855
936 972
396 875
534 694
780 191
1102 904
382 698
264 736
309 784
884 722
735 1101
226 1032
807 517
315 238
307 182
122 293
471 904
500 306
584 776
377 458
861 1041
533 995
762 834
560 538
623 818
24 664
640 102
319 337
1110 650
885 522
109 744
162 1084
606 339
117 960
608 390
469 955
955 1107
728 493
325 952
606 838
799 657
733 446
162 846
976 476
261 584
825 732
1050 458
610 1079
617 587
1002 308
285 688
240 403
109 429
927 814
809 242
372 331
174 1004
485 793
651 243
649 772
1005 860
772 512
640 199
694 512
191 408
712 532
361 140
531 75
157 779
887 968
776 235
673 816
469 724
218 292
388 865
376 400
359 976
745 811
489 452
542 638
1064 612
810 377
38 907
561 684
883 109
342 535
969 775
781 897
755 589
421 435
482 100
288 374
249 852
507 504
584 937
313 584
876 981
738 1015
506 886
487 267
117 862
542 783
28 480
953 609
439 1060
879 333
967 390
1013 456
29 1020
227 888
877 799
476 825
476 264
639 584
603 202
380 112
812 7
892 415
677 29
692 1020
571 918
62 1083
749 680
664 620
154 1008
647 819
108 207
912 327
166 989
258 615
319 722
527 335
1056 587
973 794
939 104
1027 887
270 408
924 602
535 783
914 845
552 343
528 1004
909 351
751 427
627 208
1018 736
192 1044
785 746
601 379
593 125
188 310
303 508
759 393
780 562
185 190
1008 871
974 603
976 429
792 375
1098 331
979 821
360 375
469 730
524 1103
480 732
342 362
696 563
959 851
856 979
284 310
1050 380
681 726
1062 727
263 735
341 449
818 273
759 431
987 317
978 322
817 795
443 761
313 634
1033 37
510 385
816 989
593 941
952 641
470 609
935 981
536 614
140 739
934 979
677 728
84 917
507 205
777 85
532 204
354 612
596 225
976 307
783 947
180 117
574 339
1120 830
1033 273
176 307
825 390
933 173
991 306
848 108
920 458
539 208
529 209
772 150
461 996
926 268
93 347
622 620
900 397
803 118
804 884
415 738
776 754
484 257
539 370
825 412
1009 306
518 848
156 347
1025 662
492 227
655 664
570 928
868 772
706 142
70 1067
865 262
1005 552
734 495
492 204
195 947
126 992
590 693
15 393
859 1027
355 72
1098 761
782 989
791 772
927 1007
720 455
125 353
710 397
569 928
609 261
837 325
1030 983
1073 561
27 1020
1 578
536 271
1072 243
861 842
580 804
130 945
678 373
999 173
690 869
908 926
575 255
799 60
392 388
652 856
100 280
564 684
334 248
282 894
982 665
891 400
338 563
508 720
357 864
989 713
702 58
891 629
358 991
26 858
1018 943
957 140
112 267
590 112
125 511
681 349
556 1045
230 481
551 787
446 393
385 811
1003 863
716 1068
396 603
899 246
252 427
596 974
320 276
1118 542
591 136
534 965
1037 879
401 219
1000 169
553 77
102 260
258 939
950 305
1108 361
1013 877
317 355
323 403
109 12
359 415
580 398
820 201
674 555
142 10
566 378
200 349
641 425
702 262
243 859
804 587
748 449
896 978
337 335
473 894
336 560
801 373
1005 1011
658 277
681 199
1012 297
917 315
657 678
340 109
396 736
888 356
55 636
195 284
771 435
294 993
161 304
38 271
311 470
399 469
591 859
691 475
231 599
85 958
321 829
1003 580
130 237
57 323
361 842
59 866
664 824
913 422
211 306
545 933
999 479
819 327
973 110
838 846
655 728
979 1120
623 407
140 915
942 418
770 972
4 666
1101 124
310 649
676 551
1095 368
80 551
1066 836
851 43
215 715
237 656
500 387
374 992
147 142
869 707
442 574
150 1061
955 942
784 1105
292 217
476 962
309 333
69 384
288 33
672 489
688 505
46 755
415 976
883 309
769 699
412 701
853 9
195 503
1053 649
817 714
908 217
736 427
629 818
489 870
402 343
121 398
970 1011
401 244
182 457
300 954
865 708
947 616
487 948
780 832
276 245
825 837
309 211
591 1022
319 136
712 592
1094 379
837 916
584 1000
416 756
226 1086
936 764
1107 67
1081 876
1000 733
250 359
491 989
233 284
135 974
48 240
599 952
521 408
1029 711
905 593
370 889
950 732
620 947
757 1086
191 862
436 402
384 304
147 468
762 422
284 279
202 391
490 895
817 937
433 342
864 222
1023 393
144 1123
987 659
27 373
1008 245
729 156
45 162
327 981
453 496
761 269
770 964
806 230
616 244
873 737
424 624
454 776
380 163
746 1080
559 456
182 572
199 506
254 442
9 1058
141 81
245 301
320 443
980 878
867 298
281 988
448 362
203 465
342 358
77 775
968 706
600 271
263 390
475 606
532 986
815 476
786 114
872 722
315 288
308 793
954 484
648 959
796 526
844 751
274 147
729 29
626 860
125 555
373 677
929 993
113 169
494 183
182 92
1002 617
402 692
786 530
497 264
999 508
463 273
276 818
961 197
100 1107
820 506
808 655
743 369
193 12
591 892
261 924
994 188
65 633
982 134
961 581
449 903
1085 456
939 893
993 114
595 406
664 1
587 554
330 260
1031 557
271 653
508 364
581 208
1084 47
824 745
1005 598
932 698
1011 905
659 865
1006 474
818 919
279 1083
703 483
521 303
461 927
252 614
750 133
958 288
878 288
814 615
883 674
856 1086
745 204
429 845
496 1039
534 208
536 121
335 867
847 910
88 221
408 872
174 532
146 201
571 322
335 401
350 107
153 994
192 349
752 121
313 559
349 737
781 263
676 818
923 264
611 189
534 190
424 563
901 437
330 725
678 120
42 426
822 831
151 187
423 347
240 1042
909 569
183 862
694 806
191 375
105 1108
511 516
1005 387
548 508
169 288
1111 471
119 363
488 1109
372 204
658 149
327 991
785 1101
707 528
827 456
73 982
71 322
394 109
540 347
779 457
929 164
706 1118
20 836
577 337
55 952
570 760
1013 727
963 347
6 51
737 457
743 871
414 960
109 890
702 489
592 675
566 403
774 1043
569 69
688 297
430 807
121 255
375 180
162 1088
258 796
696 166
273 1066
706 173
161 906
555 982
877 937
1019 327
185 647
1104 562
756 683
1062 867
477 271
148 205
635 220
104 568
914 805
636 939
330 808
469 821
270 445
1049 0
904 284
282 172
691 591
1085 815
252 133
471 359
438 951
1079 718
237 356
201 549
202 1109
269 771
852 670
241 948
825 352
146 449
181 1020
1088 385
658 1016
852 542
1114 440
1010 628
810 577
136 488
191 39
337 92
610 595
652 889
967 918
427 197
838 349
75 173
862 883
861 1091
249 765
328 954
20 618
525 616
991 89
202 33
856 1050
1029 207
178 626
386 119
267 343
170 540
365 666
956 768
41 679
811 379
408 805
290 934
564 708
673 420
50 982
202 134
944 284
718 964
626 102
119 459
1080 1108
789 853
818 928
507 641
296 193
641 505
499 712
233 913
448 882
913 430
87 318
334 732
8 117
1047 422
550 545
280 513
790 489
469 642
458 118
999 37
129 1013
253 66
662 389
196 524
642 783
484 618
499 509
34 426
1070 1078
389 112
950 897
123 33
1005 822
509 810
891 454
895 344
302 582
784 803
289 396
222 1110
673 661
675 594
332 729
517 58
979 442
702 631
482 1122
668 1039
630 577
11 527
835 1079
341 1023
662 462
501 729
573 1047
167 144
581 985
315 463
240 569
330 339
215 756
174 694
850 650
608 439
295 786
676 573
332 337
88 645
937 112
435 657
600 693
168 487
470 727
899 341
601 164
785 639
251 234
252 641
855 519
870 33
457 498
617 539
508 859
114 462
527 447
595 878
663 781
457 535
315 456
437 293
157 119
322 771
261 92
658 959
471 540
922 168
981 765
95 398
741 221
161 566
560 758
988 451
579 713
328 1000
190 376
626 462
354 165
266 712
447 1085
979 697
127 1000
388 1042
1025 93
741 933
593 354
357 211
180 262
599 982
806 911
842 750
1062 528
706 665
202 616
913 183
439 363
104 268
808 796
941 600
295 56
258 164
731 1101
347 222
683 334
460 131
254 776
572 51
828 1076
885 806
444 104
984 662
95 309
446 566
265 836
119 639
862 642
265 755
323 268
939 1086
197 229
496 131
669 732
651 624
454 665
574 722
296 333
304 1007
982 866
278 776
1093 749
731 652
413 109
36 254
261 1025
282 762
458 753
336 876
493 178
772 110
909 147
890 604
146 238
984 139
795 279
574 631
198 900
240 770
542 65
824 390
693 792
400 892
130 462
595 761
713 564
535 680
217 251
462 846
902 613
545 557
760 895
413 243
395 26
221 709
568 326
942 467
227 280
458 908
950 221
510 447
997 577
738 116
403 23
531 330
740 599
331 132
52 228
85 998
315 87
701 530
643 57
857 662
823 585
329 416
1060 872
714 633
868 880
557 151
225 770
679 745
404 752
995 114
1055 711
341 972
744 994
901 211
199 68
738 620
29 305
106 291
454 494
192 416
308 322
789 1001
653 182
955 226
106 549
785 738
913 626
259 206
357 612
350 752
716 482
782 805
1005 1116
964 939
1082 575
726 956
52 351
515 881
349 263
686 674
862 126
762 699
698 817
358 1000
1006 901
124 441
602 870
296 519
947 656
734 319
586 1014
279 965
268 366
562 169
507 499
886 319
165 949