186 551
902 496
116 503
624 642
599 387
236 688
307 564
1063 806
853 185
1017 156
48 936
745 851
588 1088
543 1046
1005 187
906 786
529 378
890 367
970 700
923 991
288 856
891 512
1088 335
958 804
170 451
1024 499
596 880
127 642
698 554
137 900
574 349
124 270
996 372
925 832
695 67
438 393
360 922
947 524
1060 914
522 809
15 553
50 585
141 566
601 676
894 708
481 637
55 872
768 151
346 961
319 232
420 726
25 140
438 7
172 252
925 195
220 639
956 966
1022 210
537 582
820 352
312 215
494 237
903 158
183 803
222 518
296 52
467 914
561 428
473 135
959 610
658 818
73 461
825 175
398 959
353 776
986 742
815 703
120 441
393 731
135 141
921 397
504 558
659 565
824 244
492 259
690 1073
675 507
663 572
528 158
409 598
23 736
916 112
256 495
710 561
126 657
550 413
686 542
752 339
710 1062
119 1065
414 354
350 177
191 83
996 1044
468 906
903 1113
152 1092
966 397
820 119
706 665
949 145
622 505
488 576
606 373
533 717
822 600
886 789
860 192
593 632
494 542
531 603
175 740
891 909
357 996
595 62
211 125
356 629
73 537
719 571
428 729
206 915
394 578
55 361
242 614
0 565
435 575
501 506
827 427
200 324
523 24
740 805
801 984
356 499
485 342
746 247
568 522
690 990
597 845
468 427
601 660
403 272
378 227
1004 511
738 893
664 250
741 317
368 195
724 292
605 119
236 73
575 988
1076 1033
652 451
325 832
304 584
138 190
339 726
906 365
519 912
781 929
701 247
828 149
616 542
948 59
877 907
857 407
380 596
262 544
289 436
724 935
761 582
332 833
307 783
185 906
454 693
530 314
456 506
1043 967
663 716
393 293
1017 273
960 1019
454 708
1072 27
1088 1016
76 582
394 426
406 934
1083 827
790 735
58 554
538 885
811 751
1113 125
579 142
28 185
1022 1104
969 875
226 821
961 771
555 109
756 188
780 1088
418 180
370 682
661 1045
245 260
477 411
141 313
504 132
403 985
435 203
400 585
336 705
1052 433
289 730
555 411
927 570
690 506
439 178
992 545
1106 979
990 841
924 620
251 592
1067 472
625 443
663 342
349 715
877 932
156 509
495 231
134 245
927 973
869 53
413 203
197 811
537 707
642 485
541 774
11 907
10 422
846 28
721 303
110 626
668 395
325 545
541 957
139 706
167 512
640 589
492 825
154 587
962 395
8 142
785 520
451 373
909 912
628 229
359 850
971 421
453 798
581 713
698 793
250 480
1023 537
274 833
892 145
202 171
442 214
629 45
137 635
320 413
716 171
980 509
867 696
405 204
284 775
195 664
142 68
896 216
739 665
669 760
133 526
573 113
1083 168
432 424
516 705
338 552
191 314
1015 333
747 1006
902 79
254 732
194 794
634 972
580 527
915 224
698 611
383 123
1123 1065
794 906
664 219
865 546
824 578
826 714
868 187
425 795
502 452
1109 119
335 1046
764 630
943 604
183 94
736 248
386 627
455 602
1020 1093
813 617
874 671
999 516
513 982
1018 561
260 292
1099 524
71 893
915 817
293 361
164 771
180 139
310 521
487 544
785 364
459 419
1022 604
230 595
872 38
1116 38
949 919
100 857
287 385
66 794
175 150
605 462
243 377
948 749
631 380
116 595
742 965
325 967
1035 1070
709 800
450 751
403 784
700 723
753 1022
931 550
140 642
628 365
221 240
91 410
1120 223
850 828
450 819
177 975
176 989
742 195
607 155
720 1053
239 436
164 463
1106 826
566 386
363 575
612 157
323 593
715 368
252 736
226 814
810 235
281 629
66 173
140 119
964 492
803 542
858 444
596 626
241 311
265 952
809 714
520 270
257 825
424 886
469 321
552 316
738 385
485 375
126 1020
912 273
244 750
570 724
818 117
200 574
309 64
380 1038
525 1096
744 425
741 249
763 384
133 440
435 228
852 382
862 543
367 949
240 358
871 1026
75 273
169 147
42 79
807 404
132 180
606 340
653 341
153 143
203 533
598 460
505 321
1015 169
375 158
1023 895
746 1123
645 113
349 798
357 922
834 344
653 315
394 351
362 694
829 762
388 836
643 382
987 865
403 794
530 267
462 401
573 769
373 1019
382 316
376 531
173 604
1110 936
816 967
647 169
108 916
292 481
1101 521
516 867
739 996
772 165
127 661
936 677
977 611
811 874
690 946
166 940
456 714
517 833
216 475
556 1121
696 678
614 465
862 954
799 747
856 614
345 234
853 316
463 382
487 976
605 708
394 795
415 637
1024 963
577 888
846 926
1043 904
914 260
142 209
758 295
404 234
805 655
559 4
92 806
237 718
983 620
970 358
348 932
85 323
668 990
669 687
280 926
739 935
834 521
996 876
693 858
80 711
750 6
115 698
172 636
380 304
365 193
999 452
314 324
985 401
228 675
1025 717
448 724
824 812
693 857
76 648
867 48
956 159
391 628
456 579
141 987
228 629
453 343
573 408
1002 212
170 159
544 588
629 442
588 151
123 120
69 544
944 398
456 27
473 956
1080 633
872 421
615 481
1082 549
468 406
595 457
398 183
729 179
408 999
535 350
742 303
928 160
551 18
795 1028
660 1059
182 420
1097 620
296 508
178 970
37 643
988 550
946 590
228 53
824 713
660 822
855 930
820 308
680 224
516 440
146 948
727 647
600 266
694 591
305 1040
134 299
140 985
554 975
482 81
1110 846
736 538
1116 272
854 621
672 1118
668 90
534 269
28 548
786 855
200 139
575 754
476 460
315 1012
783 300
423 728
636 411
835 32
72 956
828 250
387 935
145 758
234 999
178 358
322 863
35 924
526 497
768 266
480 277
154 281
499 843
181 811
197 1105
747 650
123 837
341 753
105 128
399 311
358 510
897 988
912 650
827 1049
49 696
578 544
868 298
313 706
673 410
386 750
630 123
534 405
16 765
845 803
240 265
354 145
589 223
802 790
648 655
1003 531
314 455
535 407
483 282
546 790
172 641
265 169
792 341
884 1059
783 382
185 823
1107 265
178 614
1087 794
636 446
1043 567
49 411
1074 424
337 860
268 852
123 1087
455 332
401 230
562 706
221 1070
913 766
1042 815
689 777
167 775
1093 776
709 634
671 197
111 952
830 737
982 767
704 314
446 1123
463 764
784 523
845 302
545 224
872 453
906 865
123 264
937 701
300 275
856 1011
717 198
363 904
839 955
488 42
431 917
1 427
331 636
713 131
497 367
384 351
211 972
711 110
636 13
160 289
683 419
797 209
968 320
1007 896
598 703
225 442
626 986
110 575
453 1074
1032 210
115 797
858 212
456 491
272 901
250 531
180 746
795 236
872 955
791 284
194 252
626 275
631 435
1010 273
1100 828
996 142
949 385
497 495
663 308
590 100
432 991
146 481
910 95
447 860
561 810
579 834
244 749
514 651
685 354
388 253
515 575
933 1007
820 218
606 608
1080 365
622 672
201 524
460 717
276 187
926 635
656 710
498 1080
477 824
50 815
699 590
227 428
139 775
165 925
433 420
628 454
931 134
257 331
770 948
123 312
111 376
231 300
381 856
593 519
876 772
361 561
325 220
246 590
812 165
493 874
296 359
264 40
626 866
410 1022
587 639
841 530
264 1003
304 694
108 693
578 344
619 989
524 249
562 1015
730 259
686 641
644 113
941 682
953 241
147 253
183 629
264 1045
155 557
837 363
754 647
833 1111
48 210
730 450
450 240
400 561
183 780
233 942
413 932
1061 534
903 488
1064 125
909 325
641 541
154 77
1008 443
1040 948
581 1015
321 509
983 772
762 893
483 713
550 760
245 949
1035 137
1082 83
513 755
615 23
374 356
834 602
783 1023
464 258
401 678
450 172
992 163
203 104
853 413
785 674
158 975
714 220
737 164
213 520
295 171
698 571
134 438
235 551
1003 774
332 686
126 965
501 972
276 457
54 789
254 303
327 255
582 370
416 386
669 317
71 606
376 456
176 495
586 166
1061 593
206 213
334 280
478 778
375 131
615 887
576 53
509 186
745 229
985 976
448 772
314 800
566 413
554 499
585 150
631 820
350 987
573 1077
477 567
698 550
446 518
346 921
986 273
1113 944
907 26
428 377
752 725
1057 948
100 654
708 387
749 235
644 488
443 659
97 738
769 750
576 140
480 717
891 531
418 617
538 601
118 140
488 598
713 807
507 996
460 183
641 353
1100 534
138 759
553 372
227 232
962 42
779 716
900 1072
593 237
794 461
330 404
260 926
614 901
948 716
313 653
897 672
466 628
782 652
595 764
258 97
809 908
296 963
131 1068
714 202
868 306
720 68
716 1000
823 782
605 329
456 1006
548 229
789 499
712 420
67 58
583 932
636 327
371 985
603 950
356 79
125 848
925 681
54 756
1041 456
393 495
1051 295
716 179
357 264
187 599
565 986
155 554
556 1109
1081 249
529 531
963 444
257 657
995 955
417 215
363 774
953 741
144 428
551 1002
266 835
994 808
699 594
1024 509
374 572
537 20
387 502
1069 1094
1001 477
587 485
1103 179
855 520
662 389
364 169
539 594
676 534
329 701
826 611
273 496
565 1062
468 953
390 887
933 964
430 976
851 874
583 314
765 223
172 515
849 627
441 1105
926 421
197 654
448 617
1118 297
445 630