265 229
464 903
525 35
881 910
211 1066
948 799
467 280
760 1001
713 881
62 301
344 473
969 1005
213 228
936 522
619 218
735 317
663 449
1055 125
976 159
19 372
228 778
948 171
182 504
790 157
483 962
708 358
1057 823
205 953
368 436
880 791
315 268
250 829
991 736
758 221
188 376
452 58
299 645
950 129
415 186
1079 659
885 167
557 758
137 970
66 873
252 148
349 752
531 755
371 514
288 104
787 972
674 937
218 908
50 643
1040 829
906 610
590 879
122 651
993 659
56 393
718 410
1076 875
376 478
466 758
354 563
1092 897
328 122
131 647
931 783
126 739
732 797
660 475
671 671
374 83
905 842
379 649
999 24
887 33
967 607
553 426
958 457
439 594
764 708
520 1036
853 960
153 512
609 180
303 395
994 934
898 985
907 759
584 928
679 864
845 158
179 123
759 753
673 666
672 933
783 443
862 196
311 369
779 344
343 745
432 377
111 910
550 741
656 194
312 273
956 761
967 740
164 296
595 806
2 401
548 834
1000 484
198 820
773 847
225 445
309 804
105 821
510 285
1018 717
1024 0
848 1001
621 23
569 143
739 188
234 61
761 887
555 434
969 906
656 208
170 380
952 739
917 291
1121 732
499 351
857 124
380 849
265 999
1086 574
908 979
758 177
159 915
127 1087
738 1081
81 1070
1019 479
204 450
440 981
382 1018
161 797
1014 633
248 598
618 338
378 631
799 698
764 637
903 33
742 539
170 918
811 225
496 380
86 138
850 236
441 243
1048 781
1072 928
839 277
188 583
676 133
897 637
372 527
176 631
956 569
896 561
883 415
370 308
630 409
998 461
1096 647
500 579
475 840
535 781
1058 473
884 773
1104 412
797 202
745 975
765 425
639 668
60 970
270 264
828 342
419 275
180 253
774 215
143 528
991 487
350 936
208 47
70 904
48 181
223 934
410 964
405 978
374 283
975 276
804 868
532 947
152 242
199 1046
836 671
389 862
381 273
268 696
919 123
452 185
787 433
312 810
507 841
255 337
523 698
538 343
495 269
861 1042
27 119
170 159
859 422
645 378
875 751
1065 1099
525 299
109 894
105 983
464 526
500 811
825 690
933 929
50 770
1033 171
264 1082
573 623
735 1015
1025 1051
880 1104
674 425
446 1002
148 130
873 193
721 22
359 1012
962 678
106 880
204 509
454 923
744 596
53 210
1007 1024
243 272
655 799
245 744
747 690
521 214
858 265
617 1017
645 515
379 649
951 733
380 238
328 844
440 6
550 628
716 131
343 595
621 178
190 818
1013 965
476 593
901 1111
345 43
126 846
748 729
810 615
536 374
384 795
961 918
891 907
569 128
506 279
1030 300
1110 815
740 1020
31 364
479 142
145 380
219 461
552 138
278 903
203 452
558 961
757 559
863 337
978 919
247 978
743 596
813 475
211 390
687 301
847 937
634 882
53 972
1063 727
373 211
387 192
614 744
675 184
662 955
138 722
964 1087
547 272
1014 161
915 358
717 1021
665 596
106 519
807 368
376 905
389 562
826 47
276 917
2 461
217 35
706 422
618 688
511 958
777 51
594 360
503 592
1101 286
1004 818
462 912
429 205
866 511
829 455
861 859
655 844
1049 328
375 607
1024 473
359 307
667 823
265 274
898 17
531 481
858 1039
1006 400
521 806
979 245
134 305
919 252
765 875
189 404
863 932
300 55
99 1107
618 856
912 132
591 150
271 388
454 234
509 121
1001 667
796 439
867 718
760 1008
7 601
281 313
614 372
303 55
482 1002
981 180
921 558
902 282
803 503
129 678
472 967
574 229
464 350
290 585
548 234
809 449
337 552
322 428
595 157
1012 634
564 407
891 812
413 475
730 744
973 989
157 99
921 808
66 516
231 232
75 56
478 370
1058 808
45 368
553 411
50 942
318 180
698 742
596 908
895 707
244 885
149 240
143 641
993 435
952 1054
870 703
271 1100
89 654
224 364
243 695
951 545
989 1021
907 415
880 552
231 1108
581 824
1005 35
451 905
384 969
24 144
257 125
817 391
339 122
237 571
608 603
859 169
297 163
891 178
324 336
866 1110
957 417
537 252
956 1083
928 828
980 1121
374 231
1032 167
348 900
195 970
178 801
448 731
74 491
594 1036
459 245
557 76
660 311
39 768
866 30
110 381
626 453
370 882
795 547
724 847
739 377
956 831
544 382
113 86
870 293
794 193
311 1005
863 507
538 1065
1104 564
839 602
134 453
351 539
681 453
1015 901
748 786
646 301
101 423
608 996
573 1068
753 896
414 635
102 196
849 713
880 504
936 176
242 606
157 391
1049 742
1081 802
603 474
990 442
750 855
1011 520
104 1083
364 399
977 37
720 772
232 371
782 948
291 936
1102 132
938 1101
554 928
894 863
1008 528
389 37
555 194
445 384
333 1032
209 534
867 192
460 761
666 465
228 541
813 393
633 363
178 496
887 761
148 304
248 122
339 727
23 309
380 767
172 777
522 977
116 924
207 906
428 327
503 588
596 522
949 971
699 779
1013 977
865 681
849 960
813 660
584 1119
727 686
892 823
1024 991
419 109
279 108
1053 83
911 214
362 780
159 155
705 402
174 924
893 794
624 824
262 689
848 962
318 16
599 442
370 434
927 917
252 437
132 290
922 389
444 686
769 25
990 190
547 663
293 96
881 660
172 672
779 190
216 685
726 340
5 1058
357 206
503 465
666 114
130 967
1004 996
635 598
398 347
703 431
24 549
919 486
102 635
541 155
538 636
351 509
571 656
523 106
350 425
478 372
263 112
936 397
143 706
896 407
556 156
11 3
777 934
890 288
836 220
460 305
218 973
860 298
244 1070
848 443
230 426
910 127
715 434
832 454
748 925
283 826
99 16
650 667
1081 641
693 109
1030 250
703 344
962 415
359 107
904 276
763 317
290 100
106 63
621 256
433 668
365 640
32 100
712 851
261 230
515 122
131 851
724 481
255 107
434 45
348 106
644 652
1118 247
892 842
774 574
630 904
451 565
951 468
203 319
954 955
570 555
412 162
510 294
324 302
981 725
601 992
423 829
937 285
872 437
537 398
170 733
1076 1004
158 463
819 124
156 149
824 560
546 986
899 321
285 1002
869 1002
615 191
657 876
1005 957
805 145
313 129
166 333
434 866
193 757
26 712
810 876
175 297
979 843
606 249
56 784
504 618
695 78
735 593
541 82
1120 736
413 300
401 1115
872 465
542 855
584 814
383 253
653 640
844 232
764 226
437 1003
664 39
1003 101
502 233
675 813
715 879
633 850
154 155
577 1070
682 672
150 257
1121 476
837 662
1020 933
72 438
156 480
630 235
441 717
226 353
640 381
925 268
848 566
977 473
485 577
951 225
527 1026
810 802
317 286
420 293
764 1087
325 605
255 682
211 800
421 796
37 985
220 614
1012 645
909 438
734 924
611 905
660 385
320 161
450 900
213 291
613 669
245 447
304 423
844 249
883 436
609 969
505 917
402 791
80 929
562 202
569 291
1021 859
1048 402
459 887
490 731
652 739
846 326
339 450
198 951
712 664
486 762
426 798
716 1003
917 601
1080 631
472 1000
191 681
60 509
148 608
561 475
167 153
143 239
552 329
387 251
858 441
858 618
348 289
577 148
963 508
633 577
246 320
295 765
343 849
168 570
366 877
538 966
171 797
629 813
620 717
658 137
1039 724
1 906
692 286
465 357
1063 879
335 464
753 200
694 914
468 375
712 310
520 868
820 835
339 321
439 702
352 164
294 437
1107 944
206 558
625 715
548 556
450 493
160 854
657 313
511 1013
560 306
36 668
712 873
194 729
160 196
313 996
1070 460
357 911
269 244
284 337
504 825
418 880
1106 798
243 588
767 820
425 26
414 298
582 276
344 175
207 1007
312 333
934 36
749 35
496 1075
525 267
288 968
618 935
447 1033
681 170
721 378
161 369
875 861
194 1031
881 583
294 1107
707 1007
993 645
790 160
276 433
694 979
762 856
808 813
455 798
278 1007
689 56
705 573
512 393
926 179
996 834
980 313
924 926
128 352
614 1044
643 544
973 616
227 402
610 584
839 311
799 576
383 938
585 409
962 777
932 899
235 119
656 271
403 501
689 221
53 586
879 418
78 177
543 570
710 987
584 831
1017 1119
1123 85
770 781
253 1022
400 748
278 632
1063 157
834 539
280 866
805 1015
586 1023
927 727
934 23
626 849
927 275
597 103
1008 395
825 509
423 1118
532 748
82 296
156 314
653 642
14 635
838 808
584 469
384 872
228 858
487 752
462 232
1002 295
1031 138
905 21
243 469
373 313
216 950
477 657
640 769
959 870
504 695
237 272
842 699
806 205
761 725
542 293
347 489
261 501
635 620
859 21
895 95
628 343
144 548
792 49
392 752
196 190
268 697
846 97
851 1007
931 970
306 1015
723 668
401 954
1056 177
1017 150
352 625
767 160
173 334
544 466
704 898
126 947
677 870
583 1079
692 548
587 512
732 745
691 333
361 584
1080 880
530 539
598 786
27 260
561 957
40 473
184 628
1074 842
1064 485
617 620
315 75
166 735
602 946
730 368
744 357
986 758
664 454
897 890
416 167
422 116
895 253
236 652
541 602
161 865
240 315
927 913
913 587
139 988
617 786
292 745
270 171
981 1008
889 284
554 64
716 412