542 909
1090 1027
536 469
966 287
1077 405
215 568
197 834
720 335
912 997
283 950
117 234
222 884
456 312
32 738
279 897
856 881
492 683
180 976
1015 562
539 657
314 558
966 978
175 1017
736 415
450 296
1077 726
341 192
557 229
455 861
177 1054
542 908
590 287
483 318
280 537
859 240
977 510
534 710
267 671
707 486
522 165
864 582
558 52
1017 415
912 559
54 739
475 219
897 566
466 200
60 845
664 861
1079 842
563 270
185 326
300 620
675 736
338 809
148 324
110 480
1039 527
195 367
923 278
1014 631
234 154
292 815
106 67
538 953
51 730
773 360
460 917
947 865
342 865
197 657
388 42
181 224
504 323
282 590
900 868
666 762
297 1005
301 224
124 486
288 910
858 39
539 879
568 923
806 801
683 12
349 868
1045 322
747 852
415 898
953 116
142 212
576 10
767 236
955 163
69 814
784 753
1044 264
749 158
322 833
15 354
1021 1064
687 383
248 148
48 943
682 85
1112 338
551 448
110 82
998 226
119 254
479 755
540 669
628 273
19 66
181 110
917 377
827 355
320 597
652 616
645 847
582 1081
336 820
368 753
125 472
327 986
750 1017
209 767
235 307
1034 511
518 440
377 266
224 483
262 947
342 623
700 387
504 422
179 981
203 799
292 371
549 676
821 350
502 573
690 375
741 207
647 778
120 193
435 951
471 753
339 370
827 7
276 241
482 785
578 553
966 752
920 9
559 255
600 175
713 114
223 611
434 806
358 255
654 772
1027 49
740 189
676 303
441 579
852 121
308 1028
277 133
906 592
187 892
369 752
302 920
298 832
267 1006
442 934
175 839
821 818
561 651
558 910
6 990
818 205
171 65
180 987
469 146
329 912
789 768
805 363
285 130
396 847
797 991
221 343
599 329
843 387
98 398
221 865
85 988
849 970
577 883
300 1033
873 35
648 604
807 416
193 694
313 467
569 327
482 860
643 154
156 840
890 448
749 399
473 452
763 425
634 981
633 565
634 911
1020 959
84 601
869 636
1039 123
885 1107
748 463
815 622
124 184
767 540
240 383
696 918
971 735
681 717
161 438
828 1009
536 758
1015 943
340 132
115 154
806 758
729 333
401 623
654 974
496 544
656 956
407 1095
1023 1046
121 730
522 107
610 146
471 527
1069 388
189 976
747 134
214 1020
109 187
226 488
128 306
900 660
455 983
462 179
842 340
865 596
940 1079
248 458
1001 243
779 886
9 391
410 128
583 400
793 130
894 176
396 846
1093 349
411 406
258 367
536 629
929 307
208 930
397 266
33 1049
382 530
966 175
340 227
147 432
527 919
103 530
32 874
577 927
956 696
1115 446
775 1051
469 280
471 397
661 713
2 409
360 222
997 517
109 768
1022 194
976 20
339 1061
543 151
667 548
146 270
301 332
1021 1011
648 630
152 242
662 1034
886 157
564 222
577 138
846 340
648 114
279 586
765 831
231 1042
615 447
1063 573
298 183
684 930
500 286
43 770
497 967
273 939
147 552
332 1072
621 893
353 409
928 655
159 676
641 236
531 1054
371 25
700 913
259 907
970 287
990 213
514 628
479 290
1088 709
348 228
465 850
756 205
282 378
317 413
974 760
1023 379
543 90
774 496
1058 277
827 275
1069 622
226 258
563 231
417 963
827 225
101 919
906 619
224 948
1042 289
230 356
964 176
582 883
595 764
238 584
546 505
731 720
1110 599
914 877
952 681
926 50
507 1011
321 672
993 233
444 1057
995 4
70 204
329 784
535 764
1015 395
838 37
642 657
747 522
302 798
109 381
504 1008
794 255
662 341
493 651
445 293
257 758
887 476
127 444
294 225
672 702
968 675
55 1102
779 90
796 912
835 176
667 825
11 86
447 463
489 715
1062 723
294 795
397 442
480 337
863 895
649 809
1096 321
260 545
218 240
390 893
121 198
575 753
461 907
801 413
169 522
353 1123
20 130
100 415
310 335
156 266
619 476
651 182
210 844
596 942
294 942
953 1057
7 663
909 205
354 299
1050 717
216 278
672 143
394 145
959 744
875 432
658 945
905 760
661 656
397 308
157 753
835 648
878 280
815 995
592 553
239 433
686 212
459 605
475 980
891 560
767 829
846 563
757 827
808 639
925 440
186 1012
393 916
356 358
619 353
260 666
478 1006
879 579
581 104
490 620
367 709
622 127
492 1112
920 632
319 1107
1001 791
741 888
168 982
962 166
625 46
202 163
559 673
126 707
532 731
687 662
760 511
515 529
290 148
654 208
506 942
775 1103
759 617
316 924
1018 1013
854 918
200 714
657 794
556 612
780 560
493 719
788 679
669 416
646 473
381 1009
333 680
717 286
745 473
473 795
850 813
473 390
47 110
654 618
234 81
728 1089
456 447
140 954
677 380
935 480
226 1113
286 611
658 428
186 456
785 919
536 599
1102 557
684 656
332 242
896 517
460 164
827 681
410 1111
205 465
688 689
123 355
310 677
395 1055
515 28
989 892
967 452
601 485
538 483
353 986
169 839
75 298
719 570
607 1025
838 480
565 910
1014 774
480 725
1066 133
749 194
713 510
925 211
975 595
203 267
221 738
311 771
910 307
268 963
283 551
307 690
900 994
413 472
856 389
380 975
82 463
792 1100
109 741
116 644
857 240
592 978
383 743
895 371
835 302
169 495
136 861
260 291
120 740
672 999
444 27
795 392
1062 356
1021 12
757 793
1017 1020
1038 449
207 452
296 827
154 571
272 967
760 390
606 36
192 0
118 911
577 949
164 893
500 36
218 235
549 949
395 851
404 708
460 1119
757 773
936 1039
49 452
573 167
602 73
789 89
849 742
571 458
526 279
495 441
527 207
86 526
535 869
406 782
670 490
384 803
489 962
880 319
273 631
18 428
255 544
277 518
970 524
581 128
569 678
204 537
741 419
1046 250
946 412
317 415
328 815
883 179
110 127
798 958
125 1039
983 987
224 314
407 784
307 139
382 533
684 331
717 124
955 853
562 963
242 297
938 733
139 28
935 952
211 837
499 492
191 1014
352 246
230 678
225 481
659 409
116 1011
290 493
1009 128
490 1071
930 934
404 135
708 779
784 594
818 729
571 860
575 273
990 798
594 1057
172 688
700 129
755 372
477 129
285 372
928 484
379 426
383 963
619 637
755 950
819 281
398 192
80 142
363 1019
257 1103
1123 804
603 387
705 289
624 356
1043 393
429 952
394 925
643 256
447 451
842 488
831 215
609 978
421 868
153 737
213 946
467 912
984 629
999 754
198 150
967 346
292 210
228 211
911 213
225 327
1016 246
291 340
1072 708
419 218
998 891
158 476
231 312
923 704
934 421
1079 740
5 262
309 243
915 772
27 634
279 518
199 186
172 1108
150 902
334 1089
1082 177
505 945
135 328
608 631
418 82
743 91
487 313
581 207
781 320
404 198
730 182
1010 606
988 1075
361 652
487 1033
545 374
129 223
121 667
511 368
359 152
555 652
361 375
359 74
989 783
995 964
367 482
170 577
840 255
287 670
461 328
566 795
466 720
557 647
384 193
619 983
174 195
133 962
387 723
316 406
663 462
488 745
364 413
1025 560
74 241
417 867
642 519
244 451
263 935
167 240
1097 829
945 647
788 925
241 752
1005 686
1009 261
58 957
123 278
679 514
682 139
582 405
779 491
503 545
1089 123
809 244
808 572
1056 692
381 106
193 179
959 736
510 921
357 265
702 805
417 983
224 151
974 573
5 168
890 412
532 949
652 523
289 765
353 965
334 338
248 293
205 844
46 814
932 128
335 535
171 36
357 1066
531 518
304 764
360 336
1007 252
213 108
757 593
885 188
1068 641
373 780
518 130
1096 142
911 141
666 881
943 824
105 311
632 480
136 758
697 866
493 771
232 543
594 148
750 319
175 904
842 734
774 539
784 585
818 165
1091 560
1076 1070
531 429
896 689
953 129
647 878
308 323
934 1026
204 411
387 297
661 356
597 803
138 664
709 294
415 479
171 339
1077 105
194 859
498 764
616 57
611 592
997 502
970 907
66 1116
13 1067
384 472
602 169
817 412
673 835
255 613
760 432
27 1059
266 160
44 758
742 1009
745 482
885 148
580 889
319 670
1056 857
587 200
577 963
520 245
938 175
234 653
494 467
328 546
1066 857
879 61
671 681
112 270
443 884
503 859
990 91
378 617
322 166
601 1019
730 256
646 48
679 101
524 511
488 404
436 798
833 836
972 894
497 163
159 1057
983 994
410 558
905 805
1095 591
823 633
66 570
308 848
401 764
210 725
990 825
659 596
453 138
670 237
260 448
859 731
872 174
979 340
873 78
371 738
208 828
1063 1018
989 921
429 705
263 789
1106 723
192 473
145 295
709 80
738 272
703 396
950 729
428 383
137 498
339 390
150 599
804 678
1010 81
447 880
238 207
921 654
239 661
231 580
620 1000
663 87
382 321
429 648
844 887
795 282
815 856
761 348
828 844
580 148
896 857
356 1030
168 231
348 1072
625 613
955 977
110 317
803 777
777 647
11 648
199 628
404 842
975 549
544 736
856 331
342 432
849 544
770 52
861 178
289 1104
160 895
1073 173
250 975
120 491
978 512
1068 264
629 736
967 404
639 1121
1073 1070
1070 346
396 963
1093 987
675 183
1111 472
881 1014
261 492
843 608
516 582