130 462
411 218
154 500
281 110
562 812
789 773
476 577
236 665
1096 71
253 917
56 159
89 343
269 155
308 541
362 453
1019 950
308 309
662 847
120 1073
237 1075
372 111
998 564
228 186
318 773
1005 595
681 140
811 309
778 213
345 353
1062 893
653 445
735 735
924 657
237 286
957 376
717 595
565 671
557 933
912 549
578 967
991 601
347 484
543 1033
546 769
243 913
1010 212
557 689
285 450
313 761
46 841
984 306
688 750
778 968
272 241
621 1019
808 4
421 928
773 198
100 643
343 429
612 892
607 1066
126 965
841 131
925 600
730 1004
773 710
688 540
751 815
568 452
344 678
596 1094
458 496
246 983
571 566
1080 911
1075 545
37 646
133 36
199 336
417 19
145 1000
332 504
964 867
416 991
909 584
952 923
626 454
208 753
726 967
1012 1034
685 558
67 923
11 891
332 1005
719 1036
1020 676
836 580
693 286
772 23
509 29
376 1086
104 198
158 154
324 396
661 567
206 487
1026 934
583 648
1003 1073
1009 341
549 257
1017 962
513 996
85 460
616 572
437 1011
959 766
670 1022
76 330
428 168
411 720
538 597
143 532
296 665
508 123
304 375
625 760
193 518
970 14
504 958
520 157
468 167
556 604
449 446
805 959
531 813
736 440
1081 135
780 42
188 92
695 598
624 392
180 151
151 151
1045 689
725 430
832 249
608 268
133 462
396 563
263 434
123 1027
652 800
790 718
1021 734
866 540
306 106
59 582
468 134
438 892
196 724
756 35
508 726
897 1000
660 414
942 512
219 457
497 531
431 739
598 1066
842 952
144 902
662 1120
24 249
482 367
372 992
262 712
604 624
388 552
10 275
128 579
8 684
246 685
380 1092
753 276
808 321
947 657
624 492
555 137
741 274
467 890
988 905
435 652
278 731
1052 371
227 405
241 570
329 263
914 774
164 637
187 697
460 273
992 307
563 309
106 782
937 1009
1005 203
22 160
794 298
731 612
24 714
969 159
879 476
1036 772
765 525
240 170
691 149
463 354
802 402
286 960
793 535
365 733
878 142
424 810
5 706
624 403
437 603
228 119
833 662
761 511
893 182
426 622
970 1008
183 189
555 128
893 529
1025 992
546 167
980 1002
120 612
827 687
380 184
317 464
989 303
433 143
171 1081
348 862
789 117
361 1083
142 200
600 764
646 683
235 596
19 847
317 903
292 226
900 360
460 664
374 296
549 1015
647 972
138 827
225 1050
385 356
1103 1108
635 684
182 168
1050 753
269 984
773 351
496 109
173 684
512 556
456 667
462 186
987 495
393 226
850 563
624 932
1069 965
99 552
803 241
155 970
271 931
481 640
791 319
1077 483
848 413
488 25
819 39
47 1038
422 1069
576 166
598 662
509 624
618 864
455 922
340 842
117 748
466 167
382 521
699 852
448 626
772 427
674 590
950 267
275 925
941 954
308 975
647 625
1059 347
119 219
378 924
462 510
639 380
236 305
1084 987
698 16
661 418
99 1039
775 980
174 900
656 817
773 462
749 255
389 417
272 299
165 353
67 266
1122 982
1 258
228 843
994 735
90 270
832 1114
176 734
615 57
28 27
425 30
150 307
852 1120
650 142
168 1015
277 790
1108 692
208 218
578 215
413 835
570 347
261 771
669 836
980 885
907 179
445 806
422 134
805 511
207 637
327 926
1117 248
114 229
196 993
5 337
1112 124
714 540
955 1113
588 138
480 774
972 584
313 988
776 798
463 1048
467 562
808 592
662 392
844 677
930 663
675 439
104 868
550 919
852 857
941 917
218 372
653 75
281 864
571 54
4 272
240 615
773 948
293 85
568 973
545 345
530 112
697 351
0 955
612 730
1047 90
824 1016
425 262
92 791
458 357
175 630
493 64
965 815
740 52
432 735
507 839
292 952
869 1053
998 420
792 680
918 722
826 527
373 703
545 588
562 498
864 816
463 695
306 191
358 530
313 109
303 364
151 364
154 701
452 258
171 709
241 296
1008 578
369 325
730 529
727 711
949 936
747 570
666 328
371 213
1007 185
843 806
204 846
490 1047
213 317
696 295
1046 437
220 484
847 753
422 329
144 23
765 291
627 383
746 439
800 604
280 193
1032 201
696 245
46 605
164 1066
975 340
968 150
912 724
955 260
689 781
44 30
927 761
410 966
366 1054
892 1043
633 611
804 266
518 1005
1031 739
797 220
864 825
158 933
637 119
338 874
1015 719
275 419
358 647
928 1066
749 759
348 1070
1014 562
716 165
274 263
35 972
522 770
801 755
671 511
60 109
95 945
386 264
694 335
650 702
328 36
601 1009
369 903
663 599
915 897
1019 675
248 589
776 276
150 783
706 201
880 1003
704 114
851 300
762 109
421 767
484 143
506 933
548 598
655 371
301 578
708 148
749 300
161 786
746 1024
147 18
776 173
713 607
741 618
1094 977
800 740
300 776
1047 695
433 151
647 567
346 517
417 915
1064 371
971 730
67 121
703 88
167 703
795 1110
451 367
917 240
95 647
302 404
1005 231
617 247
853 829
172 444
635 365
923 439
743 521
123 227
1081 491
417 946
368 562
419 604
775 855
447 204
768 759
330 99
182 368
548 734
251 183
1050 781
366 75
411 275
964 651
38 949
519 719
171 15
737 1005
776 775
560 311
779 594
985 966
334 1090
74 969
143 27
414 236
808 82
16 73
573 17
679 996
508 805
852 653
648 790
664 958
179 852
679 236
853 176
16 32
233 13
213 923
753 86
1061 686
928 349
362 975
757 1045
349 970
846 1070
479 1074
926 624
539 472
42 845
422 1003
437 537
1063 972
379 440
766 879
660 825
391 297
281 930
131 325
135 653
782 805
218 242
807 893
992 812
404 472
310 551
732 1056
803 7
367 720
380 798
686 1014
243 106
477 256
1003 1106
590 401
939 475
715 508
665 184
843 245
326 189
724 960
896 252
291 789
951 209
552 471
876 209
71 707
974 915
810 763
734 11
1054 931
645 621
147 954
1012 994
929 178
612 768
975 222
815 980
804 537
873 17
673 1030
19 985
889 916
461 337
1014 936
426 405
668 792
189 262
284 549
1114 1119
48 364
702 380
1059 229
458 960
821 171
110 894
125 869
57 597
169 209
532 1023
1006 585
711 942
845 1024
276 1070
1005 294
490 106
595 939
224 518
790 1011
1051 266
271 898
108 527
419 383
166 118
894 118
15 923
552 765
1022 253
700 736
1028 689
142 194
14 407
397 1062
618 537
455 136
649 366
213 56
417 156
1088 539
1098 608
1056 525
614 248
518 1014
1029 897
401 387
983 981
154 357
925 969
902 247
264 535
934 371
123 245
911 925
675 527
889 1023
374 192
501 242
30 202
571 576
469 1035
455 1004
723 1089
853 214
703 666
254 677
3 935
830 303
635 945
579 932
236 671
215 564
872 563
748 536
621 154
242 158
519 194
1021 901
834 158
632 650
691 831
325 647
989 115
375 643
1040 490
508 1020
1042 228
482 132
586 619
581 1094
760 971
989 176
369 977
826 694
854 821
986 221
995 84
515 535
136 545
950 1093
450 920
454 1005
143 774
1057 788
242 623
77 902
424 929
1022 605
845 830
913 773
405 204
646 406
1071 1036
261 476
1002 1026
412 279
153 313
152 230
566 395
670 270
146 835
365 436
903 415
484 1014
929 402
1045 386
1034 1002
1075 475
765 344
129 973
961 270
1070 935
669 676
395 110
715 286
604 664
496 720
582 324
1007 547
1067 561
135 148
697 1097
925 666
105 934
542 894
126 196
223 1012
971 904
470 711
930 149
661 646
361 989
974 575
425 486
663 214
250 448
965 994
795 395
606 132
993 77
338 384
374 327
522 606
250 638
173 388
362 77
478 1050
237 2
483 213
86 996
470 393
428 833
805 419
246 622
65 207
927 570
441 378
175 491
649 498
1092 253
520 559
704 135
561 211
10 1074
15 355
540 988
730 754
502 911
350 940
435 345
910 641
909 100
540 544
128 245
419 915
411 19
432 270
779 382
110 490
397 657
129 872
699 84
1098 386
679 231
360 290
805 984
653 357
518 948
321 141
244 549
102 469
840 425
686 316
1024 920
770 246
764 332
971 43
773 789
310 663
582 820
987 815
501 745
154 384
959 273
498 868
529 743
881 1089
1042 158
296 1006
833 396
563 541
480 389
748 443
439 296
626 781
118 1060
399 80
734 605
245 351
158 277
757 427
991 543
752 617
32 1009
328 365
187 219
586 489
960 1002
524 541
164 275
326 170
363 431
1100 216
799 377
986 100
367 404
956 882
309 157
455 12
733 174
756 113
395 607
683 19
548 1088
388 1052
393 330
974 1020
230 732
298 312
447 678
286 826
265 378
277 761
607 171
806 201
184 791
406 120
958 187
583 562
662 270
698 1082
825 639
214 910
181 686
1025 805
561 334
207 171
805 299
554 951
452 610
721 720
722 449
949 25
983 374
928 157
633 414
871 673
626 539
1058 463
400 426
138 197
201 563
483 124
695 148
482 773
681 120
789 859
155 884
473 861
111 755
768 509
956 183
947 123
610 1114
550 1093
974 411
315 1089
728 670
672 533
986 792
573 372
103 309
528 1017
1074 388
906 91
253 121
173 249
931 322
759 715
176 154
1067 1099
602 517
989 961
871 1052
336 478
486 50
675 1078
821 18
303 593
445 251
79 487
783 585
241 586