166 659
736 637
1081 903
575 18
178 96
182 166
168 370
776 111
970 440
55 864
678 358
1096 335
948 424
157 927
880 194
942 735
824 122
403 816
994 217
353 304
108 836
316 439
738 1002
845 548
471 631
45 706
747 151
417 647
23 362
447 457
747 623
847 500
518 458
702 563
483 1027
388 173
409 917
92 581
202 398
265 932
905 259
726 175
860 618
347 811
147 938
910 638
967 875
863 582
666 300
63 204
865 89
478 560
665 519
397 118
775 671
11 626
434 324
874 69
444 584
212 209
418 1097
914 912
954 876
1061 494
443 391
920 715
613 984
329 665
411 420
662 627
277 105
1019 891
1081 883
1002 822
947 920
474 378
879 183
1107 327
800 267
453 17
592 549
216 338
120 264
400 491
512 5
321 611
1117 240
869 548
298 119
796 722
15 455
432 717
780 1093
729 251
159 172
243 874
575 202
943 396
703 626
346 490
381 498
101 624
329 770
77 214
942 522
753 1075
310 47
425 627
353 882
301 421
83 138
807 270
308 385
229 160
164 390
333 418
571 802
202 117
382 552
603 248
631 672
706 643
794 394
771 532
822 159
789 294
421 267
629 89
88 1043
322 888
588 889
800 31
179 668
216 145
613 351
1019 244
148 421
413 469
204 596
613 856
210 435
1115 935
271 665
133 832
237 644
398 1013
870 103
535 747
380 708
1095 833
327 634
389 944
280 765
644 216
989 786
895 142
41 1021
965 336
38 412
948 507
192 735
969 905
561 410
538 167
702 261
351 685
747 702
690 277
605 789
237 577
502 152
469 687
451 816
509 206
281 634
280 1059
664 396
299 144
188 653
361 920
236 882
488 252
185 146
100 266
1002 208
698 1067
181 301
175 876
350 874
554 697
239 413
430 800
574 1010
476 829
268 425
608 585
424 330
762 88
218 606
688 634
327 778
690 632
651 746
853 107
479 811
691 14
177 876
95 955
629 377
908 151
428 375
584 297
892 110
1006 743
820 493
659 969
509 905
740 111
289 908
272 46
368 1115
2 673
358 80
221 809
396 265
355 671
798 765
615 446
627 740
650 381
305 895
567 610
404 676
618 466
386 422
294 465
356 227
958 617
23 701
162 389
678 234
330 193
239 911
434 332
134 879
359 908
472 967
246 170
915 327
115 957
69 1012
736 393
579 81
335 585
421 244
193 933
939 933
871 866
166 809
110 663
659 940
990 859
50 353
923 108
465 741
991 484
369 11
391 796
148 920
349 302
908 388
737 899
454 258
164 656
332 469
229 258
74 901
181 74
154 799
577 878
235 569
814 99
801 545
1121 417
224 1020
784 789
607 713
804 469
157 456
607 335
262 367
449 597
390 737
678 820
325 837
222 699
482 986
368 1005
857 126
28 601
964 650
720 396
392 298
113 820
441 1022
986 201
891 864
804 1052
303 434
807 525
261 478
833 407
582 417
341 914
960 993
534 467
391 901
453 470
865 317
952 104
996 1007
996 359
634 633
200 1051
416 964
2 924
1004 620
274 428
328 901
422 666
739 822
761 137
840 641
247 133
537 686
125 968
224 192
1108 649
1092 995
259 1009
872 1123
766 629
259 155
657 289
720 397
737 998
151 992
884 578
120 556
239 480
427 628
1100 1101
505 922
732 930
130 882
143 719
270 403
483 382
936 723
890 576
414 356
679 786
407 854
367 284
673 551
211 39
191 490
1029 704
888 1096
731 1075
1058 672
879 450
629 280
633 331
22 1111
33 656
513 209
225 338
678 429
389 228
500 648
397 965
138 1008
532 519
739 1037
337 837
581 344
855 341
534 953
648 1029
950 375
170 857
996 378
973 596
607 1056
428 923
976 337
931 227
748 976
29 251
612 468
718 415
150 727
163 118
648 228
584 977
987 442
385 865
226 792
725 353
440 585
971 695
570 105
415 132
150 779
596 580
545 132
386 400
284 131
851 173
249 250
961 175
302 34
739 148
624 660
15 615
494 174
158 326
339 383
263 954
418 238
49 137
1023 741
565 792
480 966
527 189
1008 197
523 636
821 667
790 214
116 213
301 110
641 809
829 264
704 334
869 716
183 195
841 515
687 639
679 961
233 626
743 362
501 955
286 831
15 649
1123 275
826 563
654 855
785 331
453 724
1024 804
832 1076
882 874
542 683
622 955
185 466
446 175
451 919
402 226
322 235
419 1019
95 1070
474 327
562 159
515 461
992 267
411 233
159 622
929 211
830 983
399 642
1049 407
493 293
932 642
454 790
912 456
344 180
876 308
971 328
936 876
606 758
243 796
642 831
1004 979
587 56
391 159
306 695
152 1049
309 209
816 957
942 918
766 511
56 798
440 682
147 574
34 884
455 63
1011 960
1023 1083
718 976
120 513
995 941
831 648
767 535
102 284
376 638
830 881
454 439
843 36
574 218
972 354
127 568
461 256
122 456
473 229
77 455
817 662
1061 598
227 793
1044 645
578 876
1105 246
644 790
318 962
1015 390
529 137
364 666
319 979
214 896
437 730
56 273
369 49
894 608
264 822
838 916
729 574
884 982
257 716
3 592
656 798
38 142
791 674
1086 1
882 251
230 664
905 159
390 187
66 352
614 1107
374 258
361 31
365 661
103 961
210 938
559 676
898 425
1023 364
135 522
874 876
321 701
935 575
873 984
103 964
713 1004
242 862
866 1090
669 549
823 845
347 0
446 822
937 221
334 363
895 192
421 909
131 854
266 98
930 190
332 858
262 923
364 29
163 724
324 799
801 364
441 399
542 271
755 752
762 712
459 843
432 977
537 367
263 1011
510 920
687 1106
328 136
117 379
148 752
942 799
436 1074
326 955
722 262
375 706
980 251
681 877
385 1117
833 560
783 1115
29 735
581 871
214 297
324 264
262 1067
1001 111
186 167
142 545
302 189
842 848
366 662
245 410
319 743
871 348
574 284
1003 248
842 880
544 381
543 682
988 490
835 617
660 362
766 978
186 917
192 344
113 227
492 862
926 347
323 509
327 1117
151 865
1109 654
295 671
733 400
657 344
424 680
945 326
27 613
90 266
616 822
808 628
375 281
854 918
555 297
318 540
344 284
502 870
345 483
683 289
678 954
838 709
676 944
730 755
392 904
611 202
833 860
781 632
188 359
885 275
156 406
190 785
419 642
300 916
636 899
161 18
241 176
1091 789
476 684
1116 913
769 250
840 831
803 926
89 463
616 972
16 847
109 586
1118 360
830 971
321 594
868 563
992 313
296 640
130 431
852 859
893 603
240 714
16 479
763 437
943 479
147 978
402 801
742 749
582 210
1010 801
724 520
146 124
546 317
378 116
1034 865
32 283
518 998
124 367
452 952
786 153
282 528
717 675
100 973
187 509
876 312
391 682
1067 286
751 229
1112 36
143 568
740 103
184 184
223 762
845 193
261 422
874 754
1056 585
479 482
938 200
240 671
693 664
454 826
271 570
777 951
160 411
462 726
357 331
692 822
453 50
971 264
14 16
437 1017
78 469
655 798
973 889
190 277
960 780
837 760
755 745
138 955
1106 871
473 622
684 868
593 96
224 284
413 605
655 862
277 147
868 570
422 863
725 350
251 492
179 52
349 1015
500 691
752 119
756 31
1071 1115
938 1065
1077 572
515 372
301 246
615 1016
468 330
145 608
1005 388
716 927
1012 273
898 704
727 501
207 859
805 372
416 430
920 276
520 36
530 315
545 579
227 285
44 820
253 1030
253 689
611 768
439 824
326 1035
790 61
617 729
235 552
696 760
809 457
132 984
978 551
462 877
471 571
485 649
840 690
112 400
779 178
63 561
95 893
567 159
523 760
317 225
979 936
989 719
972 617
332 965
879 435
647 915
418 633
220 183
530 418
789 973
164 619
427 393
144 982
349 911
206 499
522 160
375 867
220 127
690 230
894 653
612 562
723 1033
425 6
48 832
67 842
575 24
789 264
126 1096
778 138
135 232
488 308
424 519
886 28
945 271
973 219
923 896
234 779
816 413
769 26
969 976
321 1050
300 279
799 300
615 950
926 567
925 503
992 151
318 779
790 794
604 295
812 426
539 440
600 332
1093 138
508 383
944 657
768 167
808 372
657 226
712 864
974 219
650 812
319 6
406 903
1015 783
953 369
1104 976
615 492
203 178
578 1113
983 242
811 836
259 682
245 228
1006 177
672 1104
803 477
552 49
454 872
279 133
286 537
252 498
406 771
813 667
324 453
107 637
761 638
900 380
344 71
708 145
286 1123
639 710
934 496
962 771
1104 110
777 449
928 384
937 311
551 44
279 994
850 535
520 890
769 512
897 604
218 729
121 916
398 60
973 11
862 156
500 829
13 422
260 36
143 853
716 515
980 386
395 34
759 972
609 738
224 185
492 523
951 710
832 420
127 456
426 173
530 297
518 574
860 347
209 438
147 437
846 415
988 1020
171 368
366 587
190 101
309 146
907 664
1107 120
182 568
320 206
647 436
143 543
908 887
109 314
518 573
297 976
317 660
359 262
886 647
289 1121
651 293
1009 1017
296 634
934 86
973 762
52 596
1010 609
536 933
235 820
674 149
1004 1102
303 303
911 1004
870 180
180 520
450 589
936 821
318 552
522 46
1120 822
559 320
836 355
364 384
759 400
729 770
808 362
251 805
940 1039
1118 778