313 589
403 86
826 121
885 793
480 884
1015 469
823 834
427 565
377 716
468 703
104 159
130 55
961 939
597 351
140 194
91 331
295 371
622 957
481 613
104 226
114 610
88 755
285 142
85 514
319 690
201 769
63 972
881 730
755 221
442 675
1012 682
690 783
768 179
895 612
745 110
344 570
1069 772
1090 274
10 300
142 616
770 644
281 665
113 871
331 664
366 1007
1084 550
360 401
606 146
1007 1043
431 217
674 1022
495 713
824 320
142 633
1041 1005
712 271
63 380
940 507
305 646
345 826
56 529
611 1041
470 218
821 647
285 797
551 538
591 465
519 64
462 257
1010 968
1094 791
333 1023
778 273
170 791
605 445
72 278
880 1122
951 141
659 831
762 923
907 184
206 375
1019 1093
682 1067
197 556
1000 826
666 693
984 383
495 555
507 256
604 456
887 948
957 802
960 677
0 341
249 241
328 972
971 182
270 483
642 1102
580 770
775 759
683 1092
85 792
23 324
711 370
691 161
689 7
327 1114
422 535
466 766
658 55
891 834
304 738
748 977
862 584
320 101
663 564
54 791
284 722
372 450
63 988
265 213
320 107
289 848
529 749
728 149
1009 911
329 512
684 890
318 953
293 330
538 90
255 1015
163 1010
697 1013
533 636
433 754
107 37
391 106
925 783
106 572
724 14
250 934
379 336
263 335
816 406
281 330
513 811
265 392
1019 97
1032 264
589 1003
486 975
832 746
950 853
506 475
599 730
889 710
925 928
410 250
265 360
327 722
481 975
592 478
652 5
1071 354
573 468
515 568
191 552
525 924
437 816
670 712
546 508
617 432
734 809
814 548
890 1032
396 212
865 861
304 1014
848 406
222 710
732 289
726 812
442 461
396 707
736 713
50 516
145 197
173 315
773 22
828 1017
290 378
552 176
1105 193
475 721
173 654
249 978
242 920
453 154
577 515
146 343
719 291
649 433
622 996
19 803
91 1023
113 670
225 742
768 204
821 492
550 864
444 659
800 914
985 159
97 640
627 238
701 363
250 1008
555 778
320 497
848 975
806 285
1012 574
559 372
955 401
577 701
58 281
195 443
728 644
70 703
220 675
847 809
782 727
469 761
245 164
910 162
447 935
723 920
682 350
308 872
262 392
701 782
266 846
651 971
767 604
318 126
797 58
927 692
899 993
840 84
227 46
482 923
930 897
575 57
634 775
905 274
679 226
498 166
1017 486
604 951
841 634
1099 777
739 479
554 664
209 740
883 905
948 583
963 772
511 636
796 677
243 897
660 888
677 370
294 380
910 320
1023 92
189 1061
599 643
941 346
440 759
723 668
963 234
496 174
185 773
481 586
656 343
981 341
719 541
1002 693
726 792
594 991
954 450
334 46
645 373
140 833
273 300
539 155
894 637
584 878
332 965
1102 560
226 420
1007 1099
952 939
220 981
175 253
690 785
87 1074
153 946
576 105
401 383
765 940
568 159
874 780
711 972
4 365
53 177
602 552
899 425
537 332
288 120
915 759
907 582
796 285
401 161
626 550
677 376
492 100
348 828
757 341
626 723
617 939
177 27
831 391
123 794
696 387
551 231
876 505
773 359
467 225
542 736
606 1074
421 552
430 606
386 300
965 1017
936 928
515 1045
721 950
987 124
642 259
615 354
303 937
697 736
1049 178
1011 775
1106 216
188 601
964 965
1027 743
690 618
580 159
752 828
346 357
924 356
117 253
253 461
765 552
392 316
1057 903
120 778
691 331
822 240
560 865
234 616
1036 769
97 893
84 241
605 735
247 1085
27 19
341 997
212 1121
1066 928
883 329
822 438
891 348
989 789
40 400
610 592
738 358
951 435
412 989
668 661
473 410
1120 457
527 510
707 728
173 935
845 463
832 598
991 354
1035 689
312 622
813 288
286 241
515 428
1109 174
203 925
332 820
979 686
478 392
83 1083
651 607
1013 324
736 325
46 1068
412 94
899 610
988 904
102 908
572 329
468 430
551 932
624 1017
424 125
876 752
474 898
541 298
106 1013
980 997
778 962
908 799
789 592
242 367
929 566
579 690
1064 997
478 806
203 690
328 5
760 169
531 1025
699 814
954 826
306 957
491 557
611 913
927 1065
206 737
736 295
63 160
994 967
971 1063
27 763
435 569
551 985
132 898
1001 400
936 357
563 551
652 340
522 935
572 474
624 149
211 441
980 1090
46 547
108 229
755 379
782 292
942 590
346 444
216 643
349 88
523 531
655 600
20 783
1011 1052
859 965
518 127
460 640
273 456
263 327
327 831
329 1095
671 715
379 536
470 967
404 249
58 800
107 354
849 53
703 919
628 145
649 633
106 336
29 948
906 337
288 969
712 605
270 758
731 441
644 193
932 690
100 360
360 638
847 211
172 39
1075 709
79 783
326 925
932 111
498 1009
162 935
962 18
406 636
808 460
746 1043
480 1090
637 196
145 540
780 891
929 121
329 161
850 942
877 734
459 189
443 719
72 276
134 247
998 735
183 1071
861 850
125 481
703 843
852 955
353 562
16 976
200 155
900 404
771 125
763 391
694 738
921 803
101 527
205 226
1010 579
77 635
632 755
677 607
1001 400
326 1029
633 42
349 588
876 1017
708 466
793 553
733 467
889 234
673 508
915 856
726 873
304 164
444 169
148 660
481 368
350 480
170 388
394 429
1017 624
693 665
547 216
910 312
634 134
226 1099
385 196
792 127
466 732
198 279
834 634
423 285
66 896
574 898
442 778
790 682
1027 346
555 275
153 327
377 102
860 938
947 863
161 984
62 965
507 1001
126 600
1000 255
756 823
840 357
249 421
569 27
171 219
546 444
342 800
395 570
726 583
779 905
523 156
419 960
407 1090
568 434
910 528
694 958
967 395
2 695
800 190
1090 643
488 910
724 998
191 200
246 999
177 54
782 425
177 831
436 248
137 959
576 255
960 316
691 379
188 574
240 1118
889 1013
330 128
888 70
554 447
236 770
238 699
850 217
1004 17
111 275
824 297
459 242
498 989
971 515
743 576
327 922
306 834
205 626
94 1088
165 286
526 744
454 545
545 62
769 841
563 11
884 834
798 1105
693 354
511 665
679 218
604 339
568 808
795 1100
485 860
275 297
182 483
241 887
438 829
408 512
1030 223
100 352
216 303
135 983
254 372
128 566
924 262
23 644
547 398
744 594
671 752
882 677
1103 658
285 366
130 217
91 244
681 831
265 532
427 333
795 291
256 19
1118 568
258 913
301 722
900 887
666 191
181 283
898 919
676 691
889 27
500 578
139 393
366 486
298 691
693 118
746 329
370 977
879 1020
113 643
688 901
860 390
540 9
741 63
332 245
785 1016
428 248
498 694
796 776
490 410
978 546
190 670
434 697
428 1005
236 117
945 386
328 975
261 102
586 1033
897 625
216 152
898 998
1110 245
998 33
1042 305
791 466
262 394
390 998
481 446
795 330
120 112
138 164
626 334
308 192
342 357
288 728
557 621
283 593
870 370
599 685
114 480
770 103
683 436
750 405
350 254
101 596
154 750
197 942
268 685
750 827
809 38
817 721
230 728
652 767
774 773
333 640
327 503
500 546
690 616
164 1016
560 887
795 149
865 720
568 404
29 597
1001 126
911 1013
1110 956
1030 591
446 781
1055 695
464 446
919 777
719 680
571 557
17 1048
290 241
721 357
104 1021
940 306
376 138
139 306
431 666
974 1109
310 230
587 176
1069 577
935 669
656 468
521 116
752 778
310 375
216 522
208 324
472 903
906 168
176 541
123 416
412 956
1001 964
1012 501
809 693
855 107
668 824
201 452
957 556
602 170
249 704
249 628
114 985
420 163
648 509
376 1067
248 909
486 866
919 125
209 963
954 798
434 204
631 917
930 1084
406 633
513 307
700 282
882 865
953 215
687 706
752 439
727 164
748 643
765 135
504 112
935 590
684 577
1061 107
766 711
1098 707
506 3
876 684
677 780
170 281
331 969
897 964
217 928
140 877
410 331
30 528
204 176
45 740
349 703
813 514
442 278
802 360
472 513
226 159
206 421
228 550
494 116
673 427
362 448
893 751
590 843
413 360
636 249
865 236
119 576
753 1113
307 576
479 237
692 669
432 628
966 549
1006 771
473 158
766 580
493 1032
329 401
932 620
153 932
358 698
1108 974
685 146
764 519
625 498
1002 1094
214 670
663 786
1109 1110
559 857
739 372
493 896
201 194
736 638
784 374
1041 413
459 167
175 754
246 233
212 972
477 83
637 718
134 538
359 353
987 63
139 294
410 283
975 328
198 714
228 760
354 368
196 1084
124 987
143 449
168 866
160 568
349 396
327 872
524 829
673 73
343 684
684 465
165 346
211 346
956 1065
856 1096
578 675
807 104
551 1035
245 930
774 894
779 828
59 453
552 270
432 1020
1069 404
435 167
59 706
212 166
372 592
995 977
925 891
240 472
707 345
886 340
95 1022
220 908
122 30
829 294
465 1045
955 223
248 1031
847 304
897 354
1051 913
154 906
435 10
185 26
937 278
401 440
119 103
514 571
230 830
278 945
333 338
290 287
855 143
554 972
617 307
643 792
962 451
442 1016
756 178
510 450
63 226
534 845
852 99
486 452
572 563
882 226
721 511
458 903
33 356
102 8
970 916
844 332
273 739
949 615
190 976
407 169
599 521