289 569
564 872
657 874
362 456
166 904
35 728
48 623
367 730
136 132
914 714
488 958
401 216
840 862
1060 272
988 295
672 730
399 621
132 985
104 783
957 821
654 627
805 786
818 299
681 682
244 742
979 738
645 921
245 949
678 662
640 324
973 963
495 703
794 441
816 482
1055 756
520 109
1018 775
13 756
174 815
200 128
222 1075
667 460
821 332
497 424
265 617
485 925
748 519
1072 302
819 384
414 567
861 351
363 606
275 979
1121 678
646 910
21 496
171 848
978 595
615 832
674 372
780 478
1051 230
629 441
155 877
533 174
160 1012
448 332
978 196
419 702
427 591
103 690
216 694
578 358
665 181
346 477
902 934
728 1016
746 805
869 550
265 1028
790 1080
861 313
585 500
609 869
408 297
626 349
1006 258
858 969
976 671
790 773
221 940
838 238
198 316
1050 1102
196 372
100 124
595 39
517 733
648 109
716 383
287 657
701 554
744 743
993 770
634 927
410 585
344 947
742 246
397 396
372 850
412 521
918 701
717 1013
703 217
558 589
496 349
904 841
758 175
606 187
695 374
939 1043
870 836
748 838
1010 379
762 551
910 601
956 591
365 945
1089 134
453 848
694 476
115 645
348 538
772 963
306 864
35 863
263 926
280 513
617 76
583 993
918 1055
370 909
699 817
895 731
550 566
150 925
566 409
583 328
248 474
815 412
733 721
108 391
117 267
1057 936
657 345
811 532
488 680
214 276
830 908
19 455
1027 716
506 53
633 912
338 278
857 911
831 1116
502 887
672 850
611 1059
282 353
15 980
1000 414
115 310
900 493
68 150
453 699
353 878
185 600
949 516
182 848
700 1006
1052 1068
484 441
698 346
373 619
1106 1107
12 294
452 576
465 421
834 447
819 106
340 385
281 37
924 790
581 775
281 627
938 826
559 308
348 1069
594 726
722 491
648 423
496 694
521 905
49 593
474 199
671 829
938 927
190 26
361 439
941 125
657 459
682 775
158 924
895 639
1028 192
5 366
886 674
925 492
510 767
654 696
275 408
817 1066
278 30
462 484
233 1001
550 461
921 987
463 2
530 817
342 934
696 878
914 187
251 402
834 48
118 710
975 707
693 880
655 613
320 934
880 828
13 180
441 608
216 752
259 975
596 560
1000 765
130 873
7 1112
991 603
389 747
535 801
401 737
136 481
290 813
1012 735
1111 265
555 569
621 226
580 808
693 296
1002 162
356 1041
990 10
805 910
234 551
109 665
152 1109
705 353
84 531
915 971
503 624
914 867
596 962
345 465
632 1032
816 1051
605 478
864 984
1112 757
794 613
652 540
514 536
81 40
258 966
1105 590
669 332
751 257
52 386
905 1019
585 437
540 973
101 491
438 733
597 193
628 423
651 103
861 867
624 1008
494 593
136 727
247 347
937 246
989 317
549 352
321 493
114 902
260 574
499 932
284 935
550 645
455 231
768 441
173 711
409 660
1047 1112
788 577
350 192
833 304
541 264
65 722
347 698
303 796
680 752
597 395
502 1037
986 398
327 553
69 645
572 647
391 183
144 288
117 720
686 1074
746 1122
100 334
139 480
673 425
145 256
416 741
436 427
718 787
768 579
781 794
828 497
1002 691
961 244
38 1004
864 850
831 471
1036 87
256 115
383 806
986 669
1065 199
613 965
803 609
43 902
269 890
274 783
461 552
872 209
306 278
383 448
560 695
602 984
19 335
923 994
582 984
974 1027
502 428
653 767
908 182
757 420
668 1120
776 655
421 592
644 522
386 547
576 101
550 231
757 1117
108 1021
499 65
145 1022
324 663
137 55
913 844
178 611
660 373
559 1066
665 503
1003 914
128 899
694 79
854 966
459 458
889 418
314 765
242 569
447 724
774 366
225 157
522 118
439 567
944 848
723 832
128 745
644 531
18 458
986 256
891 838
934 128
671 775
993 516
795 368
247 61
987 309
125 377
110 401
11 948
369 776
894 523
144 658
856 894
356 480
1008 246
1016 678
1094 844
318 359
457 496
38 403
268 165
652 931
403 851
599 550
951 1013
863 666
273 101
143 918
786 123
716 268
6 652
1090 396
33 953
365 694
125 428
362 132
910 226
615 990
42 768
827 1007
366 432
258 447
226 49
196 545
409 179
956 608
288 76
104 929
976 634
38 443
1004 928
565 1039
636 251
157 271
74 635
436 570
440 305
738 127
601 232
375 680
116 810
467 824
715 860
81 141
982 886
944 1023
834 978
878 123
614 858
982 606
509 587
573 650
402 123
391 555
782 609
752 483
300 491
849 645
647 357
767 897
698 428
307 905
718 978
933 81
589 456
891 755
329 1000
610 762
184 298
218 1032
564 458
475 635
329 989
901 335
738 240
109 394
427 311
326 460
976 957
642 983
449 297
298 104
566 170
934 190
851 369
833 673
771 169
216 792
594 168
985 279
1094 686
943 234
516 734
1075 508
686 454
114 565
371 392
76 653
447 281
671 926
823 800
134 693
35 290
371 610
625 246
172 905
274 743
169 875
212 527
193 575
776 748
459 1043
332 509
186 919
1063 711
452 854
331 30
879 881
626 144
1013 336
459 492
814 461
793 229
531 193
163 660
168 189
930 186
410 540
650 319
323 882
791 984
173 891
822 596
710 253
539 230
960 651
682 435
200 872
602 1059
625 629
210 499
97 725
487 409
199 564
684 582
294 604
731 947
22 954
98 936
850 896
41 487
969 732
661 371
240 619
640 266
1015 361
534 591
434 270
617 749
247 806
706 506
453 1001
104 293
168 309
95 381
474 803
283 366
429 873
789 501
935 788
695 546
641 227
1008 37
340 816
465 551
276 568
351 787
519 505
967 109
21 809
302 848
552 873
910 1117
662 186
434 512
437 685
831 627
924 996
111 328
1103 899
538 228
476 1044
619 267
1004 252
255 183
826 994
755 370
3 617
688 1096
718 121
1011 125
995 741
105 848
1098 588
814 997
268 741
173 436
673 352
323 567
980 58
25 806
900 124
1103 685
243 759
699 407
535 877
926 83
639 409
373 673
832 268
598 710
225 862
285 412
649 709
410 672
622 308
284 498
661 378
263 989
896 842
600 178
675 958
480 106
1123 444
176 173
987 1009
960 826
520 479
19 488
459 234
855 943
205 185
17 435
162 1065
826 1014
178 388
637 789
853 498
993 939
189 1071
643 786
25 647
669 177
743 177
138 1110
235 730
327 812
790 528
256 1046
8 829
345 447
945 462
1091 494
117 692
162 253
367 219
209 88
676 785
295 788
760 894
161 1015
912 536
832 781
818 105
1090 959
434 851
559 590
805 309
173 223
847 716
884 521
1008 233
835 50
906 339
581 673
594 746
202 1105
424 913
1019 812
73 714
860 511
963 619
427 804
726 306
72 366
322 654
952 373
831 414
1031 743
693 789
1044 242
844 320
856 971
394 553
125 337
395 470
1013 281
241 1110
760 17
653 64
753 1023
312 296
601 108
622 971
254 320
804 781
321 719
672 456
669 205
450 491
173 210
73 212
282 117
279 780
766 327
112 693
854 717
737 205
223 179
724 972
402 325
895 940
943 1007
789 392
473 447
824 415
233 666
321 1012
96 892
221 598
642 267
617 934
344 747
607 518
527 82
473 593
973 40
778 1104
983 386
467 713
389 653
252 1065
307 269
341 809
464 122
563 529
165 871
958 919
619 777
159 509
277 788
477 1123
436 518
273 381
592 881
802 745
770 277
131 502
391 102
307 412
370 553
381 265
726 571
57 688
312 156
961 377
794 192
840 1
338 638
1084 760
584 57
762 965
342 1097
19 618
269 622
429 629
845 159
103 577
544 652
928 925
731 1034
401 1041
544 700
962 380
106 524
219 458
288 246
115 591
905 944
501 241
1016 778
393 975
873 548
593 365
874 239
253 734
865 445
84 894
374 370
691 921
461 131
726 131
211 455
406 80
164 204
1030 495
294 578
809 1016
322 566
995 221
241 807
599 121
333 540
312 696
895 170
708 895
569 1035
237 467
784 219
905 79
943 72
132 1102
958 129
652 806
647 350
209 566
732 448
309 102
210 803
419 408
546 554
419 600
732 332
828 353
952 833
853 1109
945 202
89 1015
772 910
794 966
409 530
1015 860
1047 382
193 761
153 627
475 819
238 156
185 877
1055 718
184 726
890 956
867 649
947 2
595 400
738 592
635 660
221 171
194 228
709 1006
226 1097
766 852
174 436
869 743
519 577
452 835
419 657
823 1001
777 275
422 271
540 450
83 478
255 677
730 407
724 334
742 205
320 472
366 628
123 529
878 1011
283 27
282 831
74 876
670 946
641 509
981 314
447 565
986 113
918 858
310 184
99 579
268 289
771 976
242 585
237 210
502 681
863 587
98 894
854 814
394 359
49 247
303 1104
531 241
901 690
864 590
509 1029
101 363
416 102
499 988
203 685
618 178
706 496
9 308
169 873
745 207
739 447
483 1045
85 1078
594 124
212 121
29 694
921 1112
944 110
275 138
473 406
851 431
481 725
859 176
835 323
600 616
369 670
702 961
1006 383
461 852
959 194
934 685
925 961
793 567
42 123
133 886
635 437
66 580
726 231
618 880
956 469
723 653
405 1051
124 263
25 861
766 630
590 808
529 566
1032 183
893 567
945 164
869 785
546 731
612 346
725 316