961 124
167 920
504 667
508 128
244 943
847 1081
590 407
708 913
135 204
424 938
150 575
1030 762
404 73
411 1007
433 472
468 656
415 312
342 465
30 1081
894 724
71 1038
554 361
688 630
463 955
871 889
627 533
216 886
190 116
1016 631
612 385
729 553
109 773
930 64
224 945
240 980
793 13
542 50
338 173
353 448
484 401
139 664
878 470
981 847
1045 612
124 838
814 770
727 196
268 840
155 880
526 1105
991 895
63 431
820 935
815 132
706 653
759 494
702 497
704 54
860 81
853 852
469 448
80 825
145 478
413 293
115 810
934 404
393 385
746 653
968 49
233 246
258 327
420 118
227 554
849 1062
431 366
964 690
133 894
388 185
422 757
196 227
584 861
553 1013
454 531
301 661
118 580
425 761
898 450
211 1059
485 110
1096 130
629 281
684 399
409 329
465 704
861 337
553 810
523 571
823 713
333 973
1036 880
304 750
341 739
695 543
152 557
843 737
911 830
218 560
340 914
686 76
975 661
797 931
920 483
933 1087
705 573
531 944
719 351
908 881
279 457
522 270
491 316
670 943
333 1016
358 720
260 540
492 812
1014 577
635 11
233 498
275 592
469 347
564 524
189 56
921 161
181 1012
751 470
228 1016
358 1021
618 1117
542 385
536 517
556 689
398 299
542 947
648 963
726 343
829 16
262 919
288 899
728 545
1017 866
295 504
831 265
298 758
1038 656
269 374
144 278
420 208
559 60
813 193
178 542
651 233
447 785
964 655
831 1081
748 416
681 159
443 196
201 39
785 191
1033 194
634 769
788 988
637 410
929 380
71 612
429 904
777 484
157 621
736 263
935 548
834 982
143 981
88 384
456 313
390 962
716 788
524 906
948 282
363 590
940 1052
349 314
558 716
10 169
718 254
873 726
1014 536
874 20
370 298
533 477
645 199
400 102
285 432
873 121
964 663
341 720
776 613
15 404
314 689
127 757
626 493
882 581
985 926
1004 66
281 199
1003 864
841 443
182 660
965 58
893 524
141 642
536 780
686 160
332 761
135 862
121 702
592 1123
162 1105
664 687
337 582
686 724
131 954
1114 588
99 562
909 100
689 928
937 508
385 403
612 724
437 171
123 508
887 236
58 902
70 967
892 789
471 1123
984 1044
1043 523
382 290
571 298
315 717
937 467
357 389
595 292
372 308
591 629
681 435
138 377
967 108
723 1040
459 427
697 366
927 733
116 809
136 228
967 836
240 544
270 87
538 366
616 602
164 348
377 703
344 810
963 25
999 962
100 782
587 230
32 521
779 773
616 141
367 1083
656 454
933 900
967 435
126 876
245 404
574 790
571 175
722 364
125 312
866 319
765 184
106 211
117 1051
324 646
703 220
333 463
187 603
665 1058
511 315
1047 114
34 696
600 286
923 211
350 508
750 940
633 508
69 803
530 563
607 691
243 565
210 859
1053 953
503 679
667 992
701 236
203 349
676 432
540 904
164 686
472 455
147 892
546 988
713 394
737 990
1115 1093
638 782
1036 954
199 589
643 245
389 970
9 793
456 561
765 611
721 795
998 269
716 945
1004 786
382 551
94 262
897 346
124 556
846 740
5 237
187 648
176 781
190 613
396 745
625 571
1082 930
735 542
886 302
574 965
266 869
637 414
269 543
325 163
22 370
235 176
1005 591
829 927
159 983
998 219
104 165
686 770
1016 155
270 881
1019 966
994 203
877 975
624 975
431 813
361 383
1040 810
798 595
255 707
537 300
1081 569
237 1045
366 618
459 674
95 496
646 282
988 243
512 72
882 501
405 790
983 451
313 964
935 528
429 955
733 400
267 772
682 285
739 1111
864 704
780 737
354 106
799 524
706 992
276 710
432 913
854 232
515 414
1021 597
504 965
354 742
654 567
172 673
281 1003
968 1002
1031 815
101 886
227 148
657 142
342 178
543 237
431 394
457 390
666 849
665 1056
908 561
772 608
992 404
114 205
1003 553
188 84
298 778
498 489
363 435
852 843
286 155
635 869
758 983
160 12
14 920
897 759
234 829
346 622
49 1097
1010 364
263 480
559 866
407 696
127 852
712 143
816 1000
57 1078
113 726
269 563
570 155
880 876
685 735
837 855
814 416
742 683
213 728
188 985
393 315
655 642
612 382
943 787
1005 186
791 468
586 999
893 692
847 570
210 854
305 971
433 210
71 410
1078 691
1081 953
459 989
523 773
604 260
461 287
1025 781
356 316
387 254
588 834
960 353
287 889
398 460
785 330
383 115
781 644
711 1042
264 550
1023 112
515 489
581 318
355 934
531 394
811 919
239 245
705 844
345 292
625 25
426 807
602 259
823 364
872 491
245 571
436 633
798 477
1123 783
950 128
360 371
468 185
395 521
376 900
476 464
483 966
527 783
305 1008
518 921
825 652
256 652
553 267
1115 424
1107 811
841 770
790 115
41 8
460 132
845 665
741 788
544 405
229 763
704 566
1065 829
559 32
648 852
253 113
407 993
168 748
198 354
943 192
650 746
1103 308
130 210
808 849
86 201
839 1090
488 815
845 156
666 199
459 545
305 1051
583 682
486 71
739 237
379 1100
211 1087
441 108
1065 998
600 387
579 726
314 305
680 321
802 839
772 388
141 987
1012 854
1049 488
838 667
717 1100
80 226
447 559
895 345
626 322
926 968
1097 665
856 317
795 981
763 247
16 174
638 1012
408 381
161 902
809 694
642 107
677 739
31 454
759 882
930 800
373 788
880 1111
619 993
302 332
1068 275
664 847
818 633
995 859
792 1092
485 752
905 332
131 489
23 251
692 444
11 766
211 668
657 778
582 438
363 332
12 248
971 31
823 785
936 897
212 668
960 103
198 165
545 256
210 337
831 719
187 480
643 540
484 875
390 362
367 1067
300 707
908 615
563 277
572 131
151 62
311 190
1034 949
139 469
623 563
949 786
682 200
336 762
1000 149
924 64
805 831
673 65
1064 1069
213 727
227 554
571 556
966 217
845 399
1021 176
800 1064
152 718
886 397
602 410
139 735
450 109
707 545
558 772
803 827
244 371
1071 934
236 92
432 664
283 795
639 836
929 234
993 325
691 543
987 570
900 179
612 699
408 560
857 1041
112 654
49 925
440 635
914 177
825 311
412 299
354 216
228 460
461 684
514 726
143 416
142 1009
1034 923
783 578
242 162
663 251
940 344
11 815
745 550
199 234
826 638
345 656
964 523
163 111
543 238
551 641
1005 1050
118 700
243 866
49 509
346 784
163 451
592 971
782 1117
41 887
964 26
782 132
816 399
723 124
182 301
918 749
920 495
433 354
90 299
840 969
528 535
1075 1022
302 377
577 933
640 1036
1023 752
210 211
805 968
362 493
798 865
828 1111
963 443
161 712
517 921
4 903
1040 707
246 853
878 629
864 928
553 589
938 377
244 118
281 765
161 401
633 789
919 293
805 518
599 406
867 237
60 495
987 1033
154 173
653 719
1097 701
290 388
237 299
980 566
309 209
562 224
549 877
303 364
1064 684
704 355
251 215
132 859
222 541
903 45
834 616
755 688
1106 928
666 996
791 914
787 1072
1055 629
531 644
50 228
306 606
1050 867
335 406
314 489
1013 861
114 747
592 523
885 1008
667 155
178 578
346 436
940 885
1077 202
960 821
630 1074
461 213
656 463
774 813
569 275
381 1078
927 376
897 1008
1022 428
572 152
812 445
909 464
712 975
443 966
1072 451
671 655
433 48
811 306
460 585
996 630
407 285
406 513
828 575
658 876
1113 547
158 656
164 203
556 910
262 904
771 739
1098 706
836 423
398 552
798 480
794 917
824 1044
399 206
532 543
418 378
100 110
233 950
510 397
154 446
726 1093
898 162
597 851
461 880
1010 896
836 598
952 328
854 825
29 415
794 328
106 139
184 511
732 361
214 547
85 41
426 108
216 734
206 1065
112 351
916 414
925 541
170 846
1026 558
704 957
539 1023
344 403
721 465
1113 302
293 418
713 281
954 710
512 449
243 576
433 924
900 335
554 633
166 861
858 75
772 668
576 844
455 1053
570 273
338 346
543 887
401 1060
648 953
730 172
896 242
533 434
907 971
1014 127
745 1060
406 809
795 151
1019 984
666 267
174 110
278 777
1012 653
897 404
861 141
989 727
408 970
26 409
357 767
212 509
620 377
904 1053
443 913
1077 848
334 946
922 546
837 304
1045 235
704 210
115 845
454 732
622 756
110 500
374 907
1061 557
12 443
654 740
843 526
330 514
480 668
668 838
552 313
935 1013
184 10
445 268
345 440
1001 251
613 349
1035 933
437 1011
1060 323
507 520
71 658
1062 166
547 224
1044 206
726 968
468 251
421 1048
102 994
450 14
991 789
825 210
808 338
650 268
673 136
650 173
873 44
958 1025
565 220
759 489
489 602
156 853
467 13
720 399
318 674
109 1055
869 270
585 110
161 730
658 715
639 65
1018 462
286 501
348 409
504 512
678 431
360 753
989 544
107 247
858 1045
578 106
1071 189
147 329
684 971
759 134
448 618
932 1014
127 688
995 903
4 483
535 659
735 541
711 188
569 837
998 195
810 448
569 16
1091 625
798 150
1120 433
209 1018
891 585
1098 657
417 861
126 523
228 272
407 301
899 280
975 824
504 505
1118 215
525 104
1003 912
254 780
1020 807
394 699
793 350
952 933
859 1097