190 218
883 102
551 422
778 646
870 267
1019 292
914 154
1012 307
576 338
108 177
557 315
810 711
679 633
167 567
820 69
485 683
301 94
41 266
475 892
11 627
373 164
404 929
579 549
104 688
685 494
293 381
811 918
171 632
517 448
796 61
550 422
674 760
310 942
1031 929
963 310
145 41
855 801
983 975
577 887
819 119
747 792
520 699
386 280
419 835
367 485
926 307
327 388
692 721
646 397
347 814
266 1104
834 412
363 737
954 983
457 762
803 237
174 664
191 295
315 826
775 72
196 1009
629 320
759 70
409 671
131 582
398 640
823 926
99 926
424 101
374 480
856 790
974 477
340 1045
409 1001
606 825
628 1080
181 222
489 142
365 597
988 811
180 224
857 670
81 488
577 470
566 764
468 49
769 561
687 526
627 918
390 885
772 941
144 420
343 473
450 798
1015 24
256 299
548 611
795 140
387 885
118 1006
328 429
426 873
173 693
114 807
914 534
846 443
255 286
561 913
891 204
456 1027
470 503
923 841
822 888
643 563
878 676
632 1059
928 915
786 453
643 358
250 146
395 107
442 449
654 415
717 690
992 926
451 160
447 135
676 681
467 774
427 377
227 144
1110 602
968 972
771 984
641 915
861 469
291 556
1064 727
423 887
474 718
619 689
379 354
601 887
1075 249
550 599
506 335
1059 675
611 469
683 393
437 137
312 608
406 1017
578 1092
921 305
227 735
319 1060
71 154
184 418
897 78
576 1115
1110 304
359 145
215 112
489 33
930 727
879 235
275 1077
421 453
691 920
158 107
149 622
284 254
454 1050
739 598
158 443
895 491
716 409
1052 307
555 221
387 106
100 378
1019 1031
439 670
114 1091
205 274
357 440
844 808
988 225
879 960
226 967
651 819
408 896
301 29
304 723
164 702
637 1082
988 528
672 270
163 664
545 570
201 904
183 201
521 345
549 281
673 896
351 691
376 145
235 531
353 929
523 797
1101 143
303 105
804 129
438 670
744 986
747 624
1050 613
349 228
330 443
934 899
599 157
128 802
708 566
97 778
595 783
621 825
329 36
69 439
100 1055
725 852
369 509
934 880
1117 880
542 504
580 612
483 934
976 1002
559 683
928 427
396 1021
202 368
1062 1103
387 250
827 53
17 927
966 314
355 951
511 2
187 926
449 780
1105 471
360 317
605 1072
787 545
107 721
869 918
655 777
159 903
672 890
421 592
461 178
591 896
1063 419
115 684
1016 970
168 1028
389 737
434 151
553 324
915 829
854 240
225 123
135 482
398 520
975 554
487 234
31 833
57 635
529 373
328 501
525 445
210 38
987 700
467 565
675 46
793 416
960 521
934 340
153 517
468 252
498 318
185 835
278 819
860 1105
968 653
712 553
657 924
463 309
446 766
948 820
492 873
44 887
218 249
306 203
84 154
162 393
882 253
884 260
1101 231
641 991
595 562
825 461
225 736
206 75
495 938
753 455
1066 444
1108 733
734 224
151 391
376 201
902 216
374 390
974 466
947 440
14 304
465 309
721 299
254 114
153 777
1035 41
639 437
388 4
249 520
115 839
895 559
306 664
642 1041
425 351
545 513
490 932
333 137
179 179
223 519
375 313
815 966
1048 994
68 533
1029 309
643 319
655 636
521 187
296 913
1012 1115
850 786
23 829
299 764
724 52
835 479
182 591
703 972
433 252
1004 866
866 623
156 1045
922 449
532 627
797 486
740 667
910 60
954 496
1114 657
1100 622
621 525
551 725
1044 997
15 1031
141 460
469 872
128 918
1002 445
294 918
175 91
174 581
813 670
358 899
134 866
940 907
445 708
479 946
584 970
376 950
240 589
492 383
1080 223
945 398
479 939
751 848
579 893
310 304
234 643
1038 851
349 890
583 476
925 133
753 842
324 59
894 295
472 857
134 246
970 818
367 841
420 969
318 311
740 1094
844 800
258 304
517 212
718 928
910 300
425 378
877 170
610 371
922 673
900 243
964 415
998 454
849 855
395 1022
601 904
320 331
104 957
256 495
899 304
153 178
1045 1082
142 434
842 247
831 32
656 204
373 1026
244 823
759 192
659 1017
541 562
586 177
608 584
671 735
618 327
40 397
427 440
344 360
105 52
272 859
206 99
1068 79
1032 141
319 465
383 342
128 261
696 341
1015 277
1094 350
919 814
1063 33
612 789
621 633
278 508
1056 867
807 478
88 899
907 467
980 944
398 28
568 669
98 515
599 1081
202 774
267 488
429 770
932 485
519 1009
224 830
505 384
143 836
167 562
676 401
755 160
722 543
520 288
299 719
385 1004
291 988
137 1095
479 988
789 259
643 1017
209 483
853 623
805 569
991 546
856 670
208 170
57 382
309 994
148 780
270 2
803 113
431 285
958 255
804 250
884 439
686 710
482 565
779 520
4 233
1034 938
435 66
1101 257
770 245
475 547
1012 513
478 370
145 312
228 486
1008 668
775 798
1076 794
112 534
1066 1012
721 93
831 858
1061 302
222 281
367 278
1080 395
473 634
911 211
540 310
1039 195
190 262
422 29
133 297
631 129
654 174
506 164
783 107
614 439
991 684
482 503
223 559
665 908
682 927
1109 683
37 984
1009 558
356 430
458 396
1022 689
135 773
208 568
760 913
486 901
353 804
25 574
600 259
217 476
887 446
511 120
742 1060
610 618
432 327
545 125
899 431
634 1053
42 333
764 155
142 1085
324 403
637 361
648 388
1030 1104
986 802
996 519
745 270
705 1056
868 845
574 1040
186 634
1081 535
776 137
307 515
575 448
186 851
403 807
528 252
46 101
838 924
501 103
83 977
889 714
689 487
700 491
901 342
334 377
596 779
132 854
921 973
961 141
990 1015
244 425
724 366
914 306
926 505
574 344
779 486
920 803
379 185
106 209
831 1053
100 61
412 458
27 972
146 340
131 1004
936 348
786 641
31 253
354 152
568 548
678 566
598 906
466 770
624 947
253 502
578 280
645 594
473 604
726 172
453 319
982 516
554 671
441 429
95 909
438 443
666 454
565 589
123 839
334 846
704 138
886 563
848 918
994 1013
724 339
444 6
146 568
505 1022
523 748
425 778
571 1122
1003 537
286 743
618 417
962 806
510 239
715 343
356 458
435 318
400 559
467 337
470 436
993 741
317 640
435 875
785 288
322 383
308 644
907 1080
747 451
327 620
1011 205
506 254
200 36
406 755
119 377
543 389
44 299
966 606
738 309
201 323
151 354
350 172
840 40
937 589
87 499
202 931
895 1090
923 646
351 493
345 841
860 156
1025 262
671 1114
313 781
885 771
831 987
66 1047
526 798
588 424
832 847
159 887
1095 659
315 243
496 445
160 702
420 456
352 109
447 268
937 789
1106 442
30 497
548 418
541 1053
270 7
940 972
1048 473
364 834
467 518
1054 745
663 293
420 595
427 517
232 500
35 698
1019 452
265 538
258 265
376 632
587 1106
946 519
1092 290
1017 137
913 240
252 671
244 205
258 966
831 358
202 956
541 740
979 701
943 208
119 455
1033 1043
628 328
117 541
798 885
573 748
171 158
972 820
759 970
658 103
511 706
684 1091
237 653
200 347
697 941
710 160
402 282
926 854
318 758
360 849
190 540
401 841
1014 937
1026 682
929 493
178 605
592 352
597 594
348 33
218 608
156 647
585 207
628 650
234 1082
431 658
103 1046
827 369
1007 546
179 402
1117 262
132 498
601 233
348 848
492 1015
603 839
636 301
196 287
831 1068
275 126
271 423
631 290
282 62
919 763
434 327
360 877
560 997
166 672
865 289
571 709
462 771
62 1017
663 139
121 881
759 185
805 526
476 646
503 838
172 328
779 1045
539 622
526 502
131 471
185 574
849 495
789 744
146 447
322 510
679 654
962 950
973 938
592 484
211 446
1069 687
901 517
316 318
947 160
110 342
372 612
283 852
512 523
970 244
576 194
525 565
169 65
137 699
302 360
246 678
989 567
515 101
264 830
1020 542
258 118
446 777
711 847
471 620
633 781
522 471
735 581
725 872
816 372
822 642
35 877
194 765
998 857
727 358
483 997
905 604
143 696
520 312
201 290
964 589
115 539
1021 756
631 874
656 156
165 550
911 542
435 744
508 401
533 654
723 424
638 354
33 418
264 1052
355 524
874 674
400 125
712 830
219 849
273 922
1044 132
377 862
797 242
743 890
999 266
461 1083
518 584
794 286
290 918
203 939
406 938
434 285
34 200
777 816
676 209
295 572
328 743
716 791
264 806
198 684
437 318
699 714
791 143
775 181
978 522
509 1095
107 840
800 28
382 500
454 774
104 700
874 701
519 516
643 511
120 134
89 588
269 793
520 801
112 334
646 198
775 555
1115 1013
937 919
346 222
860 775
513 713
1048 0
825 1052
1003 37
860 510
342 589
679 347
107 464
1077 650
440 515
487 844
868 773
146 768
280 809
201 754
276 651
117 865
338 817
553 735
107 207
480 597
712 501
185 354
871 1036
977 205
87 955
105 668
673 932
703 620
816 316
534 1119
862 1096
77 648
664 652
821 347
891 341
961 987
152 211
919 130
798 117
866 1009
245 313
860 348
278 314
226 956
313 185
508 908
95 263
907 291
632 433
673 848
771 549
786 1072
396 867
72 515
570 434
753 638
1018 719
258 353
879 879
387 592
715 732
954 737
957 366