1111 866
179 762
523 877
615 239
379 279
938 702
622 253
476 431
932 385
369 889
564 1021
279 468
960 637
876 795
756 418
147 495
286 226
247 762
184 748
271 507
973 581
83 161
604 392
1039 194
732 743
621 78
736 981
812 929
310 603
935 575
698 845
515 653
813 153
1102 557
1016 182
315 673
957 416
434 763
789 325
51 585
868 391
1001 709
1009 299
501 139
309 351
140 474
615 822
502 423
62 813
375 305
849 718
599 138
790 308
654 501
831 174
889 716
927 1096
843 5
659 359
1051 884
484 11
593 115
397 988
342 544
854 214
148 1080
104 964
68 350
704 69
686 439
1104 44
906 614
886 785
980 186
424 498
160 550
120 1069
703 1043
1089 587
269 258
1117 636
108 736
76 318
396 709
224 294
124 617
739 38
992 588
114 462
877 899
217 51
785 684
984 721
719 1068
1013 234
1001 725
176 406
967 603
354 742
376 512
96 672
991 718
377 689
1045 758
601 34
180 17
116 424
535 586
411 768
695 752
944 545
384 482
514 352
341 325
575 827
941 491
554 912
351 829
801 814
160 957
598 728
299 876
824 889
128 712
315 540
465 649
369 89
25 751
1082 445
1062 468
625 710
473 762
833 231
900 942
721 781
340 649
1039 441
352 662
758 674
566 978
415 658
691 285
52 505
1104 228
919 793
98 758
504 894
130 828
968 367
982 1066
360 264
987 530
270 809
941 726
365 364
887 269
829 875
807 266
352 966
740 107
409 586
121 997
788 885
750 370
1123 356
989 360
151 437
980 624
26 659
376 1019
366 608
417 63
688 768
243 985
905 274
191 554
541 854
659 311
952 489
907 1017
400 90
194 700
695 192
39 715
760 960
635 781
953 111
614 694
736 720
481 1105
226 247
560 1097
826 170
361 154
1006 1005
1076 963
984 279
811 252
625 800
904 937
756 629
661 1038
123 993
460 510
424 707
712 185
201 684
735 273
119 314
825 322
112 446
641 153
963 756
641 114
667 317
979 182
310 603
654 873
602 533
266 323
983 331
64 1008
889 365
152 523
348 496
717 601
816 879
1001 632
472 758
941 154
404 893
884 967
161 793
438 581
863 679
708 527
1013 692
657 1023
625 644
544 126
371 452
747 773
829 572
610 179
671 25
341 381
146 1021
15 900
517 122
229 459
916 767
738 739
137 641
131 981
706 766
797 818
212 797
605 623
1065 313
1103 441
428 292
931 146
484 31
21 663
163 581
587 32
796 134
356 900
277 530
862 445
343 544
144 173
451 850
145 959
207 638
248 817
336 52
605 1068
658 412
72 935
709 1025
688 466
416 163
242 254
526 334
410 404
854 758
469 955
1065 846
601 784
485 1106
234 709
320 214
653 969
931 222
241 347
435 374
732 934
908 297
924 1045
604 710
415 502
444 769
309 191
132 869
732 1092
1014 719
927 539
514 1094
58 512
544 588
601 604
919 555
920 707
327 576
694 427
538 689
678 791
539 237
246 551
357 3
257 213
473 943
816 732
404 908
748 895
171 700
778 338
407 554
98 469
501 954
905 257
881 22
245 254
137 349
910 566
692 798
754 1004
327 392
149 687
435 291
299 617
892 347
130 885
286 667
883 415
1025 790
943 445
980 271
805 1012
427 4
971 950
1023 783
926 318
307 790
1059 215
1085 978
702 400
582 945
467 429
1037 613
244 871
371 314
885 209
614 316
15 513
234 513
343 847
185 108
301 588
698 976
540 559
441 623
879 118
743 301
259 465
915 593
787 827
336 176
820 690
431 132
377 1046
483 154
369 680
1023 288
855 818
51 64
77 388
688 412
773 837
528 817
601 650
342 933
306 549
389 1022
150 243
54 824
301 935
905 738
257 266
531 224
476 163
422 1116
471 474
403 831
329 424
218 836
1025 640
575 1036
887 997
823 632
537 826
169 527
674 273
964 756
982 894
559 934
900 943
876 569
933 253
301 323
1089 542
494 374
151 234
433 1003
500 452
111 539
259 616
357 952
351 882
166 258
410 682
988 200
128 927
778 274
986 362
963 276
1110 175
353 185
563 707
635 330
848 179
821 314
670 638
248 725
974 210
312 1072
652 952
912 481
862 337
697 512
808 680
382 1006
496 172
302 363
529 558
96 1077
499 910
400 722
445 321
489 61
902 994
728 937
104 429
520 806
799 567
642 305
146 1003
584 223
600 607
1020 653
793 583
42 720
388 806
392 53
944 211
539 49
639 748
395 909
386 787
407 785
812 523
410 523
804 337
838 463
980 324
258 594
191 741
864 837
1013 191
294 588
1067 766
520 193
625 524
860 139
235 595
548 649
1075 1012
910 1017
730 607
161 928
686 297
794 215
1055 769
906 411
1109 386
626 350
118 566
581 858
180 448
252 1098
585 1107
188 631
734 360
435 987
584 171
866 846
684 566
235 894
33 1104
944 1114
877 663
405 266
973 781
250 969
720 48
842 306
669 765
134 962
827 597
837 170
854 497
912 486
376 525
914 512
373 620
221 618
515 201
562 460
112 299
668 666
493 899
898 426
835 247
437 850
884 720
1029 121
544 440
338 938
312 130
630 1012
452 542
277 755
224 154
183 887
187 56
205 894
915 483
779 797
752 200
807 527
640 512
271 287
318 635
723 303
758 150
524 58
108 699
576 1055
676 849
394 766
354 987
890 606
554 374
570 589
1010 893
3 226
966 834
619 229
296 809
899 548
441 279
149 815
155 879
76 404
655 193
304 168
361 820
640 801
587 784
1120 70
31 345
412 178
608 291
1056 200
886 419
491 296
1065 579
794 211
819 367
602 505
650 324
821 979
521 926
428 38
748 216
133 879
445 229
897 615
117 869
567 336
417 638
755 1107
686 1058
713 1115
38 307
594 503
699 140
1026 796
228 735
903 712
631 225
713 429
810 396
869 473
997 272
184 720
155 324
985 165
880 778
573 559
283 532
771 856
692 928
506 55
463 365
179 773
930 745
752 754
625 307
303 113
96 965
938 10
590 134
194 1031
407 721
222 459
365 506
175 482
931 385
1000 85
531 731
867 814
839 215
836 28
533 609
940 1015
438 1057
739 907
472 841
517 295
523 1004
872 464
566 925
317 797
594 382
657 959
758 719
89 1017
892 233
440 627
76 739
177 97
551 330
770 530
995 575
82 703
372 959
904 346
369 790
282 273
904 160
98 401
118 242
100 536
315 946
339 837
861 795
967 794
684 617
775 651
641 185
135 919
922 695
289 156
518 906
365 646
1036 1065
64 85
958 195
826 370
715 24
917 539
324 757
392 823
683 371
495 1118
556 1118
673 557
454 1068
582 153
681 436
347 838
96 353
982 573
562 732
564 496
580 902
119 247
1025 313
581 913
829 297
547 334
919 725
712 396
926 28
936 288
310 58
716 565
547 761
1032 538
613 540
1083 240
414 1026
355 287
624 556
399 160
651 281
102 110
170 96
655 850
1099 345
807 375
149 724
299 384
701 716
1119 619
417 115
997 460
529 212
1005 739
453 249
869 158
883 416
609 800
865 213
520 133
822 283
830 513
922 684
254 586
814 876
226 526
301 89
657 899
101 656
189 487
901 582
454 801
735 561
992 338
980 276
445 866
965 938
898 282
574 137
974 318
926 735
380 990
593 852
879 359
626 157
206 214
870 859
986 385
1101 699
536 219
351 711
563 629
418 958
33 692
179 787
901 515
637 1005
662 325
597 959
442 557
672 323
392 336
77 1090
36 166
807 581
100 634
494 891
299 936
948 213
549 557
158 833
132 898
747 728
979 21
53 865
1114 221
759 415
790 904
79 962
702 231
924 179
213 293
677 427
223 226
706 577
525 837
364 956
378 162
273 147
862 118
690 434
874 274
159 431
862 667
434 1058
799 687
83 894
251 358
564 582
375 292
534 474
630 901
1083 1019
908 75
645 380
831 571
998 705
275 915
161 923
967 443
660 332
261 965
222 253
138 947
644 756
990 779
919 1000
654 155
345 56
1091 1031
792 732
381 107
282 567
712 534
659 395
1062 809
447 805
961 414
620 719
250 613
1011 757
1082 971
941 489
655 424
136 921
295 730
11 580
831 847
611 956
882 205
494 423
290 688
249 153
750 935
477 419
97 517
206 33
690 556
128 169
290 52
1018 456
865 911
188 784
306 963
655 591
557 927
1019 534
376 979
1001 397
531 451
945 374
140 937
474 599
859 553
312 557
291 930
342 923
404 495
405 688
407 422
392 915
294 628
337 1068
357 610
398 745
185 525
336 540
433 266
489 832
796 208
413 389
447 172
636 427
911 895
1084 557
891 363
908 459
741 811
951 603
828 577
582 343
616 590
610 706
983 885
117 363
626 317
375 533
601 488
595 672
85 264
1059 1034
485 856
1017 187
429 968
247 854
39 473
452 1116
679 922
336 625
376 595
753 970
389 242
143 1029
234 309
13 593
461 274
689 397
732 449
22 555
216 535
728 325
149 913
88 4
492 477
192 664
986 263
320 227
990 470
683 801
393 753
525 984
996 422
1062 903
105 973
694 840
405 289
802 164
848 465
426 435
247 333
1051 490
852 774
684 455
771 465
308 163
926 541
767 363
961 652
466 598
148 592
127 565
1093 391
460 83
204 37
390 915
535 496
770 504
1009 939
636 422
797 715
787 520
514 63
388 131