645 463
980 321
581 249
941 142
790 217
354 157
369 590
513 836
291 219
172 194
40 249
289 17
751 694
563 257
432 125
129 113
968 845
621 697
949 632
139 471
8 589
82 683
785 824
819 693
749 692
465 194
380 1012
964 566
644 536
569 560
469 832
93 628
699 809
808 1094
427 777
925 202
259 937
64 692
124 302
396 309
265 1038
741 201
699 129
975 82
437 606
880 29
959 166
507 121
377 379
959 273
951 532
859 762
258 724
850 485
929 152
198 743
230 977
176 543
911 464
282 525
874 1105
992 433
107 366
248 646
979 809
920 1090
472 770
249 874
836 438
338 101
412 479
970 633
38 708
18 338
34 566
433 783
1088 925
161 243
246 426
1042 996
858 526
781 526
845 314
607 999
282 529
519 633
468 150
392 894
176 626
395 874
634 176
1084 768
933 270
891 279
105 225
50 315
64 63
173 629
779 394
302 494
345 577
408 1014
836 622
937 639
723 321
555 709
290 794
140 1119
698 882
567 110
460 981
937 945
620 374
1016 917
684 1070
524 480
371 953
687 689
156 236
775 614
847 537
675 854
155 1022
647 590
692 441
667 630
38 975
541 914
427 891
397 333
388 432
846 357
389 322
211 678
187 436
700 873
529 132
953 0
311 834
794 251
212 971
832 344
640 604
336 355
292 451
342 678
79 802
304 652
853 664
908 681
887 1037
959 1074
65 390
566 687
563 955
1002 494
361 401
815 847
993 641
553 461
746 955
146 623
373 714
1115 455
559 967
866 752
1081 166
131 696
964 490
739 420
225 46
201 682
425 753
542 614
850 906
811 375
396 326
681 40
297 99
637 923
760 941
733 928
565 261
494 610
642 377
702 553
675 400
769 251
883 365
103 163
772 632
16 267
523 720
947 392
841 771
1052 84
601 650
901 612
18 975
1067 952
648 663
257 877
1122 329
428 980
925 1061
977 174
130 147
559 240
164 830
473 424
572 558
706 374
185 365
738 726
301 28
982 548
217 368
467 144
197 853
152 530
662 543
707 667
956 810
64 652
846 105
529 984
788 944
529 589
771 592
892 498
627 547
227 622
126 906
996 730
1018 349
647 400
128 861
903 304
593 865
155 458
401 747
380 1100
209 962
688 309
305 995
1116 395
237 593
950 202
768 749
531 284
576 605
867 141
142 959
52 610
392 928
248 370
998 634
738 672
472 673
783 439
875 454
488 415
1116 558
151 596
260 224
138 725
999 287
791 409
425 436
658 1111
712 591
175 137
768 909
268 404
752 420
278 806
1021 183
714 256
629 842
850 980
503 302
984 332
1043 42
1095 492
301 395
441 312
956 471
396 506
316 894
704 1074
689 342
356 383
426 192
1000 683
218 229
419 368
607 477
165 756
107 880
967 181
321 144
497 930
723 159
171 683
305 1046
144 538
529 838
163 419
157 807
172 409
146 628
1058 944
963 885
1057 938
728 741
735 148
537 710
418 563
814 339
257 133
728 808
1002 661
285 446
166 313
1085 248
220 598
678 723
812 590
14 223
948 182
899 997
727 76
670 633
324 755
498 563
92 367
182 931
240 721
747 891
554 466
253 629
1090 268
707 482
423 736
995 258
727 1000
629 910
247 161
812 342
1007 275
136 137
613 596
691 633
161 578
898 261
1017 351
677 563
69 481
646 543
196 494
299 869
392 868
436 104
283 414
336 614
763 231
836 454
349 920
236 485
453 17
637 239
600 613
167 762
972 1113
342 1116
1000 610
465 18
472 81
1002 379
68 914
13 619
33 151
887 328
554 965
610 765
803 1082
735 384
411 815
908 542
737 134
878 956
857 627
796 722
800 984
314 26
364 492
214 233
343 587
1066 1111
658 483
676 540
653 874
547 561
1023 835
988 169
395 688
676 493
865 698
660 681
590 801
402 1090
168 85
660 172
1079 576
100 964
844 187
435 184
434 835
606 1087
554 754
1012 397
722 207
613 568
71 348
354 610
1067 852
599 1019
201 460
1123 770
807 1118
36 910
891 529
542 728
114 537
367 701
462 518
731 527
958 316
467 796
278 915
553 581
384 408
402 802
705 1002
112 755
577 269
614 254
629 370
88 887
653 790
392 706
209 211
666 826
599 184
938 376
460 1014
342 313
788 441
140 554
986 272
285 919
251 1120
144 162
641 420
1097 363
716 352
162 466
1105 506
484 1067
166 876
407 234
764 352
208 550
430 570
234 347
526 228
357 527
143 127
313 509
487 814
878 187
1013 32
84 852
448 805
320 491
785 965
893 764
554 581
542 1109
536 97
596 829
139 783
760 907
724 135
145 988
751 152
1095 977
209 638
873 693
776 506
941 971
641 795
1034 15
926 815
713 396
281 636
343 600
692 194
437 769
354 533
1015 893
993 1068
741 932
1064 930
1098 846
72 746
593 657
286 364
728 875
516 343
826 470
889 114
435 916
285 265
589 890
1 819
880 114
761 369
410 910
195 806
744 151
492 838
277 624
913 394
362 767
632 994
790 952
512 873
599 217
270 114
416 632
761 1041
797 578
675 943
767 308
360 730
596 215
828 274
226 559
192 626
200 82
274 555
743 253
974 139
939 175
227 1087
1091 585
386 760
355 716
823 940
669 159
225 242
782 712
896 963
445 868
533 1016
505 198
399 249
52 1001
987 513
466 158
156 1021
94 499
916 688
939 257
450 852
394 969
156 778
293 640
512 103
967 336
311 402
203 22
725 995
548 7
591 491
183 494
737 496
614 658
71 194
639 455
926 332
675 406
875 355
363 130
704 165
677 515
269 933
502 472
981 787
802 351
322 700
0 188
374 164
1021 238
371 884
462 648
896 1052
1000 882
1037 773
251 54
688 550
470 751
97 924
343 237
568 1023
565 728
1092 466
88 316
147 133
938 754
992 294
824 6
621 206
490 834
674 657
989 522
952 875
620 856
762 118
519 834
728 96
228 604
1054 671
901 115
156 934
380 643
727 990
260 906
1007 937
937 416
498 547
537 763
1016 913
954 587
160 576
876 1057
207 734
184 462
302 931
912 952
806 429
270 736
542 782
976 673
484 372
738 1108
196 227
949 982
1049 714
680 523
283 957
314 887
919 559
251 860
374 550
355 751
375 762
591 1007
510 256
675 211
639 311
702 500
458 505
202 1028
941 224
116 683
275 638
538 717
538 382
494 1035
132 409
607 685
216 271
967 611
688 923
134 995
271 891
430 442
731 141
308 748
302 231
323 346
944 717
258 387
199 738
993 866
906 218
307 89
658 443
1021 561
299 328
129 603
318 778
1105 285
968 966
243 1014
50 33
364 826
346 486
267 739
326 259
888 1099
614 470
582 347
448 644
377 610
902 1048
411 675
971 808
125 759
855 718
152 650
631 797
414 352
825 695
312 475
51 649
986 430
658 624
987 433
557 646
126 760
667 969
732 804
414 606
747 604
81 568
917 940
968 596
698 213
597 290
656 1010
386 749
368 625
269 951
960 312
563 903
614 119
289 451
215 581
775 695
159 519
382 229
547 1006
876 400
68 747
822 123
386 247
731 611
294 381
742 560
698 1102
765 180
742 962
143 239
502 622
218 407
387 960
423 582
1099 406
173 748
1116 102
261 264
554 491
186 519
1084 444
15 770
721 740
818 283
39 793
687 478
478 740
851 106
800 1021
914 1045
533 799
722 924
372 889
360 585
789 87
695 673
833 532
551 282
496 430
24 895
477 652
328 697
526 1014
1010 403
1007 553
800 377
662 223
291 872
681 500
201 1092
331 604
330 87
861 139
342 85
633 62
762 491
751 393
546 541
919 328
979 382
886 553
978 488
172 286
868 524
366 1111
142 332
751 834
839 354
1073 687
1076 805
571 1106
640 301
307 113
773 680
910 390
319 914
317 104
783 336
394 475
773 982
202 248
705 291
443 426
370 856
299 194
530 658
759 583
762 822
778 773
266 609
667 589
8 119
287 699
126 454
554 866
494 609
114 697
361 472
516 964
1048 21
819 655
950 797
795 1082
81 996
676 982
567 273
675 720
63 758
430 298
649 516
659 439
923 310
236 897
397 295
953 11
663 830
1008 924
449 528
140 95
687 572
1018 792
197 330
976 663
217 724
889 593
655 174
718 623
548 104
704 312
695 793
993 850
985 1020
135 244
43 951
500 444
1005 649
623 981
636 585
886 992
28 892
384 356
1016 266
738 32
642 820
631 455
1038 453
901 188
396 758
740 188
181 248
886 421
323 61
1072 39
597 87
464 863
82 404
853 619
275 186
728 390
263 290
591 700
890 1023
391 503
214 599
47 287
941 446
482 1046
906 439
212 212
214 379
349 944
469 453
245 913
778 109
695 51
924 164
899 778
675 1021
352 588
418 962
683 290
1005 1099
1015 793
780 465
443 276
105 681
898 420
487 437
353 492
708 874
648 997
802 575
1074 911
177 995
961 807
331 947
680 718
731 486
612 650
627 595
532 1006
148 338
854 196
451 176
959 181
194 756
595 304
931 646
717 651
364 986
393 159
775 754
711 909
665 287
400 978
1037 713
25 646
641 468
201 431
61 955
321 467
106 549
461 9
1061 321
543 781
156 1032
527 239
125 1012
241 259
661 441
446 1111
964 448
691 904
439 845
377 148
869 895
966 734
237 690
501 698
187 326
109 904
521 730
186 312
781 403