174 575
220 153
477 814
113 234
235 438
941 218
57 995
876 232
995 985
302 255
223 338
504 408
430 331
321 616
519 842
11 958
343 610
699 325
728 279
170 1004
585 729
341 898
1042 880
783 277
132 314
917 936
272 522
758 460
546 888
131 138
1080 132
437 626
851 1067
548 175
901 116
211 1106
309 690
163 210
356 1009
336 904
803 132
899 861
88 924
612 726
655 210
62 509
215 102
232 845
181 705
825 940
1003 574
704 298
186 756
605 241
728 463
840 1015
325 127
224 1042
800 110
922 574
872 1038
234 467
726 345
1005 443
845 555
873 1117
18 136
489 54
448 445
13 1033
803 670
1009 381
116 691
468 485
267 340
4 231
918 733
975 715
210 193
673 544
821 916
219 861
4 809
706 723
641 20
474 576
416 1036
565 318
568 905
367 259
1092 714
586 532
820 296
949 833
135 15
834 358
996 657
1097 226
966 106
820 756
808 307
875 100
656 1039
966 962
27 746
610 658
723 890
1020 850
107 726
245 318
692 224
654 374
294 990
282 134
867 328
377 97
157 298
138 174
764 769
542 326
926 186
371 920
1021 1120
259 230
1108 70
501 233
609 452
715 823
546 237
414 11
691 144
682 944
775 479
702 154
530 452
79 734
529 740
875 739
529 741
425 857
800 1020
447 1109
661 960
579 560
669 539
277 633
584 427
612 104
1123 822
143 379
615 83
95 610
343 304
107 379
720 699
583 155
558 123
521 971
601 32
829 232
529 303
543 191
435 635
333 797
314 297
773 975
347 516
661 458
856 227
361 1122
483 276
406 572
175 294
157 188
181 162
940 683
146 254
812 61
244 466
571 652
1021 909
40 488
1056 260
284 465
191 649
655 223
183 323
793 995
221 709
833 337
1018 1018
866 126
1 131
660 1020
154 505
232 573
321 297
961 835
365 264
918 923
693 490
1012 1028
495 326
695 624
415 719
655 946
700 712
518 43
604 1014
639 331
535 109
510 291
493 859
246 819
103 172
270 514
29 425
768 813
306 250
306 957
172 404
974 764
420 595
548 888
290 63
494 1118
935 438
48 449
904 686
368 145
532 446
648 464
482 756
426 843
365 743
933 402
483 765
358 631
174 361
448 237
136 580
1095 209
335 422
118 299
412 927
791 670
892 832
948 169
682 1006
180 66
838 128
1027 764
667 753
543 812
375 623
130 404
744 352
299 868
794 646
999 809
602 822
596 388
424 869
570 7
480 708
229 828
196 759
402 134
449 344
976 588
776 337
214 52
520 807
3 14
540 494
125 920
289 110
717 302
166 663
635 577
522 890
773 962
1010 617
925 799
248 593
179 117
114 464
788 403
96 390
165 501
545 923
203 491
502 373
428 629
107 317
861 753
819 24
988 215
721 629
204 854
378 288
720 111
160 888
757 925
376 479
315 149
402 32
1109 489
250 620
856 855
785 51
401 189
861 265
1050 870
880 418
367 619
502 593
829 963
696 524
347 1078
647 559
132 272
1075 628
423 810
668 618
504 140
668 647
704 350
917 947
208 596
980 823
367 375
333 236
963 546
1057 991
604 1065
523 1086
231 1088
939 890
574 685
1021 630
758 539
664 813
292 413
260 894
164 174
518 393
758 283
302 725
554 437
303 880
62 573
643 369
270 335
199 667
48 539
140 458
697 343
225 21
786 687
205 81
511 1018
14 914
617 390
378 527
1083 164
651 518
799 153
1023 929
1120 867
494 830
118 795
619 815
745 648
806 633
719 175
699 536
34 353
1011 798
348 198
736 349
956 279
827 303
969 167
979 69
893 50
485 272
357 855
957 186
750 812
584 110
162 115
86 118
819 520
671 690
280 871
123 392
550 331
584 1008
514 204
918 392
461 829
581 683
319 117
130 876
656 527
962 674
210 165
387 1047
523 794
632 66
759 685
306 452
194 157
357 177
572 114
723 305
608 159
261 69
845 453
322 917
919 858
1092 907
937 668
815 928
531 446
803 1045
1031 1051
994 901
182 1004
112 475
705 514
272 102
350 270
1123 257
728 577
644 173
971 822
173 912
366 767
287 411
874 958
719 137
458 376
217 679
972 297
676 470
472 483
469 288
311 919
560 71
363 152
155 383
308 457
596 793
365 966
220 271
895 925
482 700
374 562
670 815
107 795
511 267
605 157
171 183
1043 534
21 384
897 626
91 990
218 758
160 655
262 923
1005 229
956 134
62 480
1106 597
954 233
715 845
394 987
144 181
1032 710
171 640
879 537
816 374
683 212
837 529
454 601
101 243
987 4
536 798
436 40
933 933
692 734
579 966
77 694
345 120
681 384
317 963
575 873
607 647
689 659
1022 1115
110 978
978 778
557 757
339 534
966 474
525 581
533 943
317 503
793 293
892 364
225 352
154 230
788 745
426 416
782 863
907 611
461 138
17 260
108 766
565 268
539 1
213 1020
414 139
528 41
899 1062
197 1080
663 316
91 441
751 736
773 532
648 837
342 800
701 372
1014 1084
1056 552
302 428
610 99
85 408
324 579
500 837
1084 906
540 390
216 127
110 113
590 7
88 596
572 904
453 1001
769 767
889 378
850 892
214 286
730 841
837 677
1007 341
737 135
1101 662
614 349
715 239
925 250
920 155
607 192
413 252
418 264
929 743
719 867
615 707
125 743
468 272
253 359
570 996
496 386
702 947
845 578
675 900
175 671
831 687
50 237
117 142
628 762
74 403
922 754
904 641
235 280
143 64
309 106
404 244
759 628
556 587
442 291
368 423
1027 973
226 384
1005 612
691 929
98 454
531 1080
327 764
62 354
704 1007
604 460
581 539
286 978
703 996
83 445
1022 611
433 879
595 907
745 293
568 607
129 434
662 868
502 216
691 413
528 10
501 569
1053 507
230 1025
525 641
128 987
669 891
447 140
901 227
774 828
1111 552
871 621
306 786
759 1064
595 589
756 521
677 901
72 284
377 1067
622 352
930 452
355 459
529 233
459 678
531 237
884 411
679 411
243 1077
772 651
941 398
1077 14
904 202
811 922
643 766
988 249
150 581
102 611
926 486
952 111
1017 985
288 342
453 957
1007 452
462 602
348 249
416 430
168 679
854 264
481 1103
532 1004
944 25
419 225
710 917
139 598
493 857
128 974
147 643
433 771
524 483
994 1008
485 336
312 145
649 354
402 908
917 814
917 240
790 700
647 219
415 97
192 534
229 869
1082 138
825 124
760 264
816 933
589 128
390 599
413 207
319 991
919 252
369 509
108 807
251 299
140 628
793 994
519 208
882 839
466 150
231 797
1122 258
260 624
441 452
646 292
375 825
293 378
79 337
534 70
539 262
869 493
249 196
487 735
247 704
934 924
196 189
294 1114
543 1054
532 430
568 266
942 704
302 206
106 296
745 818
879 368
905 972
1116 384
277 404
242 581
743 634
138 436
420 965
894 876
704 216
53 193
1092 469
487 99
683 865
265 471
269 329
104 613
406 836
71 909
554 529
533 247
801 228
892 279
982 211
616 106
107 132
546 801
656 377
237 215
916 488
425 719
923 171
291 939
105 883
532 666
211 1117
889 958
924 146
183 484
134 532
151 688
273 965
159 1062
772 895
925 729
786 172
385 511
379 963
587 840
796 233
258 624
1116 505
407 230
528 940
954 205
156 590
282 178
731 309
1092 88
576 865
640 628
270 107
625 238
898 857
360 1001
190 771
608 536
1033 564
262 499
1093 719
919 345
924 73
114 633
895 342
10 329
624 230
541 389
1007 594
296 235
422 289
1 49
535 821
115 24
462 444
1006 578
1027 196
352 651
659 1004
175 511
615 816
1019 322
120 614
765 276
732 649
647 376
540 184
316 939
1008 894
390 740
455 820
706 198
786 71
448 425
731 286
848 793
610 997
302 315
904 384
625 437
639 311
1085 28
652 115
903 607
783 873
316 707
192 667
107 76
875 0
155 515
701 716
357 1120
559 700
938 779
356 989
676 299
831 646
933 710
307 763
486 820
533 826
960 95
273 920
260 469
580 493
914 801
462 985
897 701
312 869
888 1014
600 588
636 233
131 1015
768 1112
99 41
481 275
250 708
120 691
882 606
694 555
998 54
916 259
624 335
894 326
108 531
1105 867
673 199
438 767
725 418
413 600
610 931
739 899
999 609
337 904
744 248
756 772
1050 259
523 243
721 503
785 741
107 495
808 255
145 893
218 941
444 602
472 856
887 481
205 907
1010 646
109 380
1061 170
737 655
550 636
651 450
984 950
825 82
157 564
794 841
529 1045
155 464
672 285
792 406
397 572
719 471
301 654
373 501
115 828
260 182
356 712
1050 138
212 760
519 628
730 465
656 589
894 1080
259 1012
1001 482
145 905
2 668
526 650
1118 1007
375 605
280 611
998 759
762 16
662 641
367 800
868 644
330 38
910 371
110 398
791 222
351 178
237 267
9 441
910 942
591 259
563 1052
862 937
527 109
178 1095
316 870
616 923
814 120
805 1084
525 1060
1115 728
822 832
650 863
991 1022
70 570
349 204
967 1088
631 516
139 751
1100 54
242 159
522 127
167 206
150 443
980 1013
420 455
696 626
402 874
659 492
964 939
257 713
896 429
397 227
774 316
489 890
596 387
516 864
401 575
124 291
900 49
557 972
944 452
364 337
830 860
160 129
834 274
966 524