886 668
314 616
971 719
854 747
569 487
1020 655
914 509
525 1018
352 215
737 326
715 642
492 29
274 800
706 788
412 138
541 373
113 484
693 814
594 291
1040 1036
543 722
339 390
202 771
1016 960
186 658
209 957
715 293
448 649
862 451
247 702
555 318
838 308
140 459
404 672
767 560
359 312
529 596
856 177
695 952
909 371
120 733
632 910
744 586
448 813
427 1064
701 374
761 710
545 738
848 822
317 1100
893 177
674 262
1115 431
177 811
194 767
576 1018
547 388
318 29
300 674
147 792
545 384
780 644
805 293
247 587
246 895
1122 142
854 799
777 766
746 190
104 1006
1119 1055
813 558
997 138
475 889
414 629
543 377
179 435
156 636
372 680
526 564
753 111
937 731
480 647
484 346
106 887
131 718
335 153
769 694
481 506
943 682
101 354
271 505
1097 170
309 197
305 593
91 679
734 986
292 372
1110 557
735 993
451 159
12 324
353 330
514 60
610 27
898 882
294 485
223 64
602 588
671 934
771 359
1058 234
916 172
642 885
636 546
1046 554
59 373
713 918
842 933
121 358
685 695
540 860
80 465
292 1069
454 641
675 63
103 59
432 900
155 841
650 767
875 174
33 957
241 1028
740 900
747 390
907 268
273 882
69 172
585 536
428 194
60 306
775 150
59 844
671 386
378 365
6 793
812 528
636 468
203 912
132 441
755 974
678 329
591 888
710 309
403 46
748 964
535 582
420 350
560 422
357 295
442 270
445 83
20 372
948 510
1010 108
17 606
509 6
528 338
1104 911
613 372
639 379
556 599
664 540
323 223
849 432
208 317
226 133
631 110
834 578
783 892
506 264
371 565
139 700
527 430
128 446
883 373
303 378
489 248
72 527
74 310
397 466
138 715
557 104
252 626
935 510
562 35
500 325
242 919
938 1074
749 730
100 975
33 252
1100 267
481 1016
405 741
883 994
911 117
466 603
524 497
20 846
766 57
338 981
105 286
598 598
566 495
949 425
263 522
405 348
189 693
190 262
340 46
260 564
510 0
484 1108
798 744
735 949
335 534
713 58
480 104
359 234
862 661
583 676
204 119
673 914
1007 746
206 300
447 1075
279 671
23 824
775 798
139 308
797 709
673 766
901 762
280 490
1069 923
42 831
655 165
411 667
180 231
133 350
507 1016
377 506
514 875
834 875
241 832
790 220
158 560
139 600
425 836
1014 891
944 551
418 86
176 850
708 706
878 617
551 888
880 754
778 206
399 246
584 959
421 834
679 74
395 18
618 913
484 1105
421 1083
633 150
204 942
352 469
261 179
198 288
960 672
144 61
383 692
389 327
538 862
731 335
267 117
602 334
575 424
544 490
781 530
942 510
691 629
123 612
844 339
230 974
440 63
325 1053
463 877
476 390
801 616
1015 139
664 582
108 235
455 291
248 524
243 399
248 921
93 737
231 632
1024 718
605 893
722 209
218 724
218 411
460 967
1008 784
398 896
725 693
650 183
875 86
772 522
930 166
704 367
972 345
889 185
169 585
43 755
92 127
659 643
821 291
541 966
910 626
486 182
331 1065
890 308
605 393
700 428
1025 154
108 759
566 581
1005 1054
336 751
632 641
155 497
600 720
1038 856
279 108
730 450
840 405
1012 681
518 362
890 148
340 839
439 631
6 266
576 526
1039 609
602 229
412 1062
408 366
917 461
494 751
130 246
857 797
112 709
339 272
245 904
298 563
368 126
557 642
917 943
329 283
548 168
430 148
1032 877
347 639
366 431
861 752
422 907
407 694
587 238
898 595
782 942
754 506
600 382
758 333
128 378
694 263
126 157
923 454
642 381
621 417
971 297
738 319
604 607
569 938
123 56
522 635
611 179
634 161
89 91
154 647
817 689
804 52
279 406
224 577
467 1021
336 892
941 993
384 991
442 548
829 360
214 713
641 305
995 144
127 970
941 536
822 210
1007 915
449 990
929 171
364 12
604 121
597 781
526 407
170 796
393 621
321 890
662 972
580 1085
310 872
1108 802
681 643
144 579
514 1063
237 108
834 149
615 1010
147 1018
926 423
55 430
387 803
914 354
844 98
317 521
774 838
684 150
915 296
914 926
969 987
690 513
217 583
65 973
1042 760
161 350
468 317
861 362
121 966
779 298
103 358
434 582
576 260
621 833
579 488
430 478
593 490
455 359
767 470
741 632
701 807
855 24
768 705
258 87
103 644
1022 1006
922 598
388 876
521 607
497 659
108 421
427 264
1096 801
777 920
1088 897
888 305
425 1000
372 139
999 924
1120 184
411 638
130 982
310 697
1117 609
237 591
160 447
535 626
675 412
594 160
576 897
331 944
577 847
740 738
799 804
758 308
78 282
88 1123
398 159
975 530
188 1008
531 910
786 967
844 49
816 741
240 485
469 330
1077 665
904 889
918 702
778 831
787 243
259 234
504 643
860 946
408 11
829 737
639 0
880 711
1042 1103
969 831
168 218
430 283
249 169
217 1113
737 1059
1116 1107
581 534
89 432
938 990
323 1013
495 1097
852 570
781 833
560 416
960 458
289 564
364 870
372 795
575 872
788 38
688 280
613 478
660 505
903 431
463 789
475 509
729 381
965 451
624 791
699 230
418 624
290 124
392 881
400 782
98 441
289 455
815 361
277 295
491 806
869 938
861 343
412 1008
119 580
604 550
503 299
962 963
812 424
455 479
959 740
1032 134
714 150
816 452
832 569
396 62
174 399
319 430
635 885
974 108
814 622
1078 1032
199 386
491 272
105 731
932 540
305 269
614 166
684 596
746 1030
335 51
906 1065
644 378
945 896
861 341
521 527
61 388
921 21
295 1049
672 816
351 330
1085 382
336 871
304 918
688 405
1069 1094
639 766
223 682
476 839
815 448
236 473
533 533
246 455
90 754
847 979
392 363
535 206
30 417
998 184
1072 381
395 135
486 411
319 387
755 334
1014 381
893 624
900 1025
906 530
492 127
650 328
661 395
266 449
1034 251
708 391
226 351
813 458
664 421
1118 300
658 522
894 316
414 1092
211 311
178 155
432 1017
593 797
463 958
775 217
976 591
747 135
833 1023
110 488
623 724
536 452
407 690
1027 344
681 923
669 580
405 444
889 153
752 699
302 257
555 765
970 676
321 247
791 789
922 259
477 462
1085 152
276 6
167 213
762 794
354 404
249 122
344 936
242 995
16 128
395 405
888 941
146 980
1021 332
805 594
987 705
439 539
33 489
698 537
644 572
283 755
75 1103
925 1102
662 675
334 607
570 391
389 190
492 630
111 1123
876 631
796 728
677 988
131 449
674 453
415 838
840 1088
1009 399
906 913
490 809
765 597
493 1015
948 301
985 395
522 0
993 5
358 927
791 733
802 872
714 414
584 1022
804 525
746 378
260 276
497 170
143 626
879 613
516 41
744 590
495 1088
989 658
389 806
1043 833
744 900
156 167
275 1010
891 780
120 842
642 143
475 170
574 504
1011 914
1026 637
955 528
412 222
666 744
79 1077
305 171
683 650
716 250
601 321
541 972
804 594
508 113
523 569
1023 120
155 493
89 859
508 268
455 627
250 527
642 261
367 946
622 511
814 815
697 190
931 100
973 806
105 61
479 402
111 113
247 938
735 457
272 191
679 352
682 575
585 819
238 992
305 590
982 1079
101 844
843 855
961 805
964 201
243 459
540 135
797 14
842 228
185 342
601 1030
842 261
369 87
257 201
168 777
689 1013
954 860
278 962
722 1085
791 959
904 81
1099 771
532 440
957 295
390 463
755 155
132 794
129 296
953 251
746 504
599 960
443 138
729 712
1034 920
990 899
409 596
502 843
183 184
720 571
240 245
44 18
596 1063
720 737
459 848
112 571
460 1000
632 207
551 763
90 240
242 945
610 613
482 147
919 378
640 877
344 189
412 64
966 601
932 856
652 931
742 1
541 334
767 225
616 699
610 1066
944 909
988 264
5 1015
544 181
508 209
367 842
921 710
1014 191
859 968
939 928
1055 254
281 767
840 675
411 897
304 850
166 163
120 904
586 626
1030 630
410 644
656 479
811 764
1002 249
602 284
1017 616
842 767
878 379
429 342
340 548
872 464
472 541
712 621
475 456
931 1040
823 1013
921 891
248 653
667 795
516 880
945 637
929 962
767 255
32 1121
564 403
245 784
734 767
871 157
217 560
107 821
534 638
689 588
867 743
179 571
649 864
144 659
297 187
606 926
987 487
738 311
639 317
274 255
293 354
367 893
639 147
183 135
261 444
637 700
65 37
585 383
1084 364
361 311
40 159
440 193
838 515
1052 860
258 752
392 187
838 801
348 355
956 575
945 824
431 512
674 175
919 758
577 354
764 364
1016 651
244 317
340 728
889 57
495 1079
773 114
126 625
727 612
155 1023
374 988
789 45
996 997
809 909
918 258
365 924
785 224
1008 451
983 195
96 967
154 628
300 284
465 250
937 235
417 359
847 624
191 530
183 720
828 570
1050 673
640 247
930 767
707 660
501 507
279 36
285 375
387 758
404 944
704 185
11 687
365 533
997 511
318 650
309 775
167 128
380 422
927 361
466 368
474 687
754 897
254 1001
601 721
922 774
720 287
980 854
561 287
1026 723
384 633
926 842
770 237
325 107
855 728
925 348
155 1042
30 346
1087 726
979 188