516 1085
541 1096
548 1046
518 1072
506 1041
493 1004
463 958
420 966
386 985
362 938
340 898
358 944
400 963
390 936
364 968
401 929
426 883
407 838
419 824
469 834
488 852
486 816
491 770
459 745
466 775
501 774
547 748
595 752
600 701
611 721
559 737
587 778
553 800
573 815
618 805
624 791
631 779
677 809
698 837
739 809
756 768
804 770
803 727
831 708
855 744
870 795
912 819
932 863
979 873
1026 860
1024 902
1029 911
1032 961
992 991
966 1003
931 1003
952 1011
899 1017
867 1012
890 968
869 949
866 912
877 920
836 922
873 936
831 905
792 885
753 899
782 927
756 955
786 970
766 927
715 918
708 945
700 957
698 975
655 961
622 957
587 983
633 1004
624 952
622 927
604 893
626 883
659 874
692 866
673 843
671 834
685 794
697 748
669 708
674 707
700 676
752 665
797 650
839 674
875 673
862 697
881 716
927 727
938 731
981 757
1008 792
980 814
992 792
961 772
997 761
1009 726
990 746
1005 794
967 801
948 823
928 787
883 758
876 705
905 698
868 690
828 717
808 666
809 625
777 610
756 613
726 569
689 535
646 532
637 479
643 446
661 438
701 472
683 443
676 432
629 456
582 478
553 493
556 473
567 477
585 528
585 552
566 573
528 574
530 574
538 602
569 634
572 628
593 601
629 619
645 592
608 584
622 593
620 562
594 526
641 506
629 484
604 439
573 477
547 442
500 448
454 421
434 388
422 364
427 322
436 371
465 409
509 379
521 412
545 417
570 382
607 363
572 341
583 333
601 294
590 263
556 238
526 275
497 231
454 243
443 248
392 230
350 248
307 282
305 315
296 365
330 400
339 423
388 426
432 427
454 465
493 444
541 435
563 406
600 429
581 466
564 496
583 500
508 472
504 504
518 542
553 556
575 583
546 612
512 636
487 647
452 683
455 717
504 701
541 733
576 754
617 734
641 756
673 733
698 770
733 729
745 678
751 651
780 624
822 628
837 584
883 590
915 572
930 619
961 624
978 573
999 529
961 495
932 450
904 444
892 402
847 373
797 395
784 349
737 331
717 302
687 290
647 305
684 283
679 238
705 229
758 219
756 261
751 302
746 323
697 347
710 378
748 369
763 342
744 359
761 407
766 378
781 373
763 339
723 311
700 342
711 372
769 361
832 357
861 313
843 285
835 246
831 203
803 189
778 231
819 249
788 237
757 200
785 178
809 184
770 158
756 152
765 186
753 186
711 193
666 170
644 199
621 164
642 126
592 116
552 103
517 142
468 166
423 146
400 191
439 156
479 121
517 130
499 175
510 144
541 115
500 111
474 126
457 131
551 129
602 118
640 97
663 119
692 104
741 107
768 122
811 136
858 146
878 194
846 233
801 255
752 249
716 217
759 204
810 194
864 204
842 221
821 270
791 252
750 261
705 259
658 287
639 308
636 312
650 312
647 284
650 250
666 199
630 187
678 174
684 164
723 148
746 131
699 114
703 158
749 158
649 214
811 244
837 290
814 314
858 303
905 300
927 257
949 228
920 199
911 151
872 134
859 179
852 147
837 95
861 128
888 120
891 123
929 125
943 80
986 73
993 39
1039 30
1009 49
998 111
1004 162
1020 187
1021 200
988 241
954 203
997 189
1032 211
1008 256
976 278
966 294
918 302
956 331
983 316
941 318
895 318
922 359
947 355
975 392
952 416
971 394
1019 390
1014 379
1001 326
978 277
929 263
913 252
872 257
901 304
965 328
980 316
1045 333
1055 331
856 341
865 389
882 433
875 487
857 496
830 523
794 554
794 550
832 525
851 534
873 579
794 530
815 580
746 523
727 562
736 605
703 603
699 563
680 549
701 515
658 528
651 563
666 611
672 660
638 701
618 719
571 737
542 735
495 733
464 769
410 774
393 773
371 813
340 855
296 840
247 818
200 815
200 764
237 737
251 723
287 709
324 730
376 715
379 703
348 663
385 629
347 595
380 557
359 517
342 493
348 450
363 409
339 435
305 438
289 450
309 500
310 554
308 575
298 608
316 565
354 537
350 571
352 558
336 576
385 557
353 538
428 579
465 618
429 614
440 578
452 579
485 611
480 645
437 677
415 637
441 635
459 596
508 573
518 572
543 616
471 675
249 630
254 653
251 692
206 671
169 659
152 705
139 755
104 791
111 817
124 856
114 907
165 911
186 961
210 1009
260 1010
263 963
261 936
282 901
288 887
335 867
311 833
309 868
351 883
394 873
408 832
370 802
368 792
390 768
398 804
440 793
451 755
498 762
527 766
553 736
565 734
532 814
553 843
544 896
543 942
561 950
595 922
643 944
678 961
677 962
703 978
725 1012
647 902
692 907
611 870
571 985
556 1027
513 940
492 962
453 947
472 929
482 875
521 910
486 911
523 929
508 967
493 983
443 864
415 890
412 938
388 934
363 972
323 1005
269 1011
308 986
275 943
252 934
203 937
149 931
128 929
88 922
128 890
129 842
156 802
127 819
145 834
171 833
127 822
144 796
202 825
122 930
112 982
114 1019
138 1057
176 1048
199 1008
224 970
265 941
273 939
247 910
200 904
182 912
145 913
166 911
237 890
248 888
317 936
204 1008
156 1004
105 1007
115 974
151 998
165 999
171 1030
167 994
209 984
93 998
52 991
30 1029
38 1080
72 986
143 1089
123 1114
192 1103
215 1074
199 1111
219 1092
77 913
322 1027
346 1032
387 1068
351 1079
397 1072
388 1019
358 1022
352 1025
399 1052
360 1094
277 1048
288 1071
378 860
494 812
471 739
456 753
452 773
315 876
296 853
124 742
163 710
139 688
176 701
110 678
86 717
44 712
44 666
80 719
101 676
253 648
227 619
223 576
185 547
161 540
132 551
116 577
120 555
117 533
94 505
126 470
162 455
199 476
218 491
268 507
278 504
251 512
212 499
201 462
205 426
192 458
148 459
105 467
117 461
115 504
107 545
135 567
175 601
211 610
242 621
259 606
215 605
222 604
261 638
264 676
271 723
242 720
238 754
221 772
266 727
296 739
214 627
207 615
245 562
268 514
269 477
229 442
225 439
201 437
250 429
275 471
269 481
323 477
333 464
334 420
316 412
374 411
360 368
353 315
351 284
301 294
297 241
272 244
318 227
308 277
287 277
247 298
213 294
193 320
162 295
135 337
97 322
115 352
158 365
160 312
175 345
221 372
245 366
247 334
275 291
281 262
238 228
185 219
210 175
169 148
205 176
228 167
266 180
312 180
283 146
300 152
306 139
317 170
308 204
261 180
286 221
266 271
308 302
280 314
236 327
265 337
230 342
258 303
280 284
312 282
357 286
389 312
368 351
384 344
405 352
388 309
387 258
404 214
422 186
426 214
470 231
519 239
500 290
519 252
559 251
590 239
551 262
551 231
520 232
486 261
476 240
444 219
419 241
376 240
384 264
427 265
451 241
410 246
447 284
417 283
401 316
465 212
457 198
530 249
540 249
439 364
460 348
185 334
149 297
106 265
97 215
139 221
154 187
201 177
233 158
283 163
300 165
317 118
367 126
391 132
378 82
398 37
416 80
397 103
323 150
321 107
278 105
238 95
249 54
237 27
231 4
210 23
235 69
260 87
301 216
230 150
212 159
120 182
126 156
110 208
67 213
68 197
127 246
111 284
96 299
51 324
34 295
3 279
16 259
69 316
66 364
85 394
55 379
63 409
30 415
66 413
49 379
91 345
102 307
59 332
83 366
121 393
147 362
137 392
119 345
154 442
158 451
182 497
149 530
62 304
145 263
200 291
211 255
204 357
379 486
422 478
464 507
441 468
463 512
222 543
124 599
114 611
87 605
110 605
360 636
335 672
342 698
617 711
637 702
701 591
724 507
806 498
788 470
865 440
844 427
818 388
817 399
826 302
807 305
1034 264
1065 210
971 165
942 183
896 191
853 164
825 164
842 208
826 142
882 158
1025 138
1041 130
1083 133
1108 149
1099 139
582 150
576 170
579 166
525 171
533 177
535 177
535 123
586 109
553 52
533 18
493 24
474 23
551 35
589 42
608 28
1011 477
995 504
1033 537
1056 532
1064 499
1085 518
1119 519
1076 489
1081 443
1112 419
1076 382
1110 364
1123 376
1119 333
1070 433
1023 451
1019 496
1015 535
962 526
929 568
951 548
955 514
985 563
1017 568
989 580
1061 516
1030 505
1026 453
1106 540
958 675
984 639
987 637
954 665
913 645
905 624
954 651
979 648
959 686
918 712
955 718
975 647
1036 637
762 684
774 735
736 773
757 799
790 821
841 811
810 843
786 809
765 786
773 741
760 780
734 795
729 823
763 842
752 828
741 788
737 820
697 821
676 773
695 727
709 715
672 764
657 767
611 783
620 793
620 788
735 814
779 814
807 841
826 884
745 771
771 781
870 845
894 858
925 882
947 899
985 915
840 772
544 672
558 673
554 679
507 436
647 374
852 697
954 818
954 796
1008 784
1019 755
1027 703
1023 765
1004 848
1046 876
1032 849
885 956
872 992
925 995
974 1003
1019 1020
1000 1009
969 990
1005 967
1008 971
1010 1012
1020 994
1073 1006
1082 1001
1093 950
1087 999
1014 1006
951 997
946 1018
860 1020
843 1070
876 1091
860 1071
880 1099
907 1115
878 1078
886 1093
