428 15
406 52
383 58
378 101
332 114
334 75
286 71
241 67
233 101
183 118
197 156
161 197
173 192
132 204
107 157
89 157
52 130
30 143
22 114
5 70
25 175
62 174
111 192
139 145
136 96
102 55
99 4
128 69
161 88
209 104
214 130
234 174
285 192
273 166
249 138
266 92
256 131
268 183
313 206
361 194
378 242
385 237
350 264
331 261
313 266
340 301
337 349
380 343
392 328
440 303
480 296
480 344
499 316
500 366
522 370
550 395
592 361
631 369
610 365
603 412
600 377
555 381
596 361
643 387
686 362
706 316
724 276
732 274
731 253
704 236
662 251
668 250
675 210
660 184
662 136
612 131
605 109
579 121
549 148
554 182
596 184
564 216
521 185
528 162
510 192
516 145
488 105
492 157
476 178
468 207
490 252
506 227
554 222
586 190
622 200
649 221
633 260
604 260
592 287
543 298
573 286
609 272
611 270
663 260
709 256
751 265
795 262
849 263
823 310
811 355
786 346
757 332
750 361
696 362
693 383
695 431
678 456
637 460
638 498
683 522
720 540
751 568
736 606
740 618
766 655
779 694
831 693
855 700
894 715
874 739
910 766
940 802
959 844
990 864
961 887
919 894
867 902
902 934
913 952
923 978
922 1015
928 1055
927 1051
980 1065
973 1026
1013 1087
1031 1079
885 1041
868 1038
843 1039
805 1013
777 1004
749 958
785 926
753 964
717 929
713 894
682 853
656 813
608 815
564 814
570 765
644 847
646 793
679 786
704 764
708 769
680 732
668 683
634 724
630 707
616 693
616 646
599 652
569 690
523 701
553 704
519 676
519 643
483 660
431 653
390 636
352 634
332 678
371 644
399 604
358 639
335 648
359 666
352 712
348 758
328 805
324 834
355 792
360 810
330 834
284 837
273 883
264 892
246 935
289 949
255 945
278 923
227 921
222 884
221 929
238 948
229 956
254 1002
284 1016
302 1002
345 983
357 978
393 990
442 998
446 1022
403 1016
394 984
377 1027
343 1050
366 1059
326 1069
280 1086
406 983
453 965
484 936
495 915
470 869
487 915
493 954
479 970
508 1011
555 1022
562 990
598 1021
564 1062
583 1111
530 1104
483 1109
439 1083
421 1074
407 1100
383 1116
391 1109
435 1078
458 1072
510 1107
549 1056
556 1032
577 1012
530 1020
482 1008
476 962
435 953
435 945
420 965
417 1017
427 961
483 911
521 900
542 920
580 930
607 903
599 943
634 923
655 939
632 901
649 939
643 892
609 858
584 880
551 883
561 932
588 945
581 983
542 953
607 992
645 1026
632 1073
651 1110
618 999
629 833
666 835
678 869
711 905
720 957
739 966
784 992
801 971
815 941
777 956
751 914
767 877
806 862
846 845
834 799
833 847
808 817
765 796
777 759
807 727
764 723
813 738
773 773
767 743
753 782
712 757
660 774
748 756
743 802
809 690
847 660
846 649
823 627
788 612
813 568
817 555
856 551
893 521
863 480
870 462
829 465
784 489
765 499
773 452
764 457
731 427
740 392
770 358
744 327
756 284
783 272
783 263
829 291
867 301
915 292
933 249
915 216
947 186
912 184
875 185
846 141
874 109
886 85
856 67
890 101
906 131
947 112
963 120
962 158
977 190
965 171
971 118
1012 116
1049 151
1064 147
1015 120
984 203
1007 245
997 271
1018 310
998 326
959 349
946 340
983 371
979 403
979 354
1011 341
1020 316
1020 289
1020 265
1062 246
1109 253
1096 301
1119 313
1098 313
1100 365
1103 412
1120 379
1122 397
1117 398
1105 377
1105 368
1117 400
1057 438
1019 424
1000 456
983 463
974 419
1005 457
976 461
958 421
916 397
889 441
895 464
921 460
907 407
928 426
965 395
1006 402
972 360
957 310
921 329
937 282
916 271
889 241
886 218
842 197
840 177
828 211
778 203
765 202
754 195
783 184
757 153
712 165
724 196
801 136
837 125
846 163
862 136
834 157
809 180
762 129
768 100
766 73
768 65
765 33
744 50
781 65
757 105
910 260
933 254
854 277
826 309
798 344
833 358
851 376
819 371
857 407
860 438
902 440
894 425
884 410
891 462
931 481
973 476
923 481
892 461
884 389
887 406
856 340
896 329
759 318
776 281
760 262
750 264
720 297
725 356
680 336
639 371
632 360
603 341
564 326
514 304
506 306
507 276
515 228
525 216
499 211
472 233
429 260
409 263
410 256
398 226
433 185
433 134
387 137
409 155
384 160
338 157
312 161
310 147
306 161
352 157
322 133
276 110
229 93
227 106
204 150
191 188
199 179
202 212
206 246
231 260
190 266
195 303
208 349
214 394
241 402
221 433
187 427
151 423
115 450
97 469
54 440
71 473
92 514
112 557
106 575
70 544
38 548
47 508
23 557
70 569
33 587
109 532
151 499
176 521
166 543
176 551
226 566
235 521
247 508
261 501
285 503
248 506
233 473
237 419
241 394
202 383
193 355
144 343
134 309
124 264
97 249
87 278
66 308
31 273
3 233
16 191
56 182
103 268
155 255
198 266
195 289
208 328
259 338
267 311
280 262
264 248
295 363
339 392
355 440
367 460
413 457
441 455
456 495
480 544
497 535
503 495
512 452
489 408
461 414
425 386
373 401
378 446
378 451
396 494
356 521
351 558
353 561
329 589
306 629
283 672
257 702
214 681
201 640
240 632
201 632
161 640
149 681
131 677
122 650
69 651
78 624
127 632
164 650
200 632
251 640
245 620
236 657
216 685
221 707
257 732
225 766
246 786
295 763
325 732
351 742
338 753
341 743
293 736
284 690
312 655
353 629
394 609
374 591
369 575
324 550
337 571
314 577
387 602
386 669
415 715
432 736
443 728
436 721
395 724
389 687
426 690
470 658
472 685
463 739
506 761
495 803
486 794
488 830
495 858
457 838
428 802
422 830
412 857
389 878
421 840
412 831
366 822
457 857
352 880
307 898
296 919
310 960
338 976
299 1003
264 1018
225 1006
196 1033
153 1011
136 962
138 920
132 955
106 914
109 934
123 953
127 943
104 901
69 891
36 890
7 879
32 840
80 833
114 821
165 815
194 835
156 841
198 820
228 822
276 809
252 792
246 838
225 851
223 894
229 935
225 864
240 872
276 829
304 819
190 788
144 802
115 811
110 757
68 784
37 764
60 722
16 694
9 771
96 817
89 858
58 837
82 906
119 938
170 922
145 885
143 838
160 819
167 825
178 792
170 741
214 719
216 702
186 660
135 675
124 666
131 657
166 616
143 588
171 560
128 589
105 598
83 563
65 521
19 496
28 496
201 593
238 566
264 518
260 556
262 537
179 623
151 904
167 964
184 977
70 920
55 934
35 983
2 952
24 945
62 969
49 1012
88 979
260 1017
262 1032
481 664
517 647
543 607
540 597
573 588
582 563
571 519
587 557
619 579
656 558
699 590
670 614
698 577
710 542
723 564
708 560
726 570
722 551
654 547
647 508
647 460
594 454
568 438
579 463
580 472
593 464
653 474
643 523
625 553
703 624
697 660
716 665
770 663
790 682
839 661
823 699
866 710
819 710
815 648
762 633
721 677
687 641
696 627
647 626
631 626
675 614
695 648
581 596
310 644
325 683
276 693
296 734
317 739
272 643
282 623
295 672
448 496
468 517
490 534
471 547
476 588
445 539
491 530
511 485
410 479
367 465
413 474
408 471
349 429
327 425
301 385
320 366
329 379
472 400
179 343
174 313
135 296
118 336
124 350
133 392
147 441
128 478
147 448
170 420
207 442
230 435
213 449
213 459
154 408
120 364
114 303
87 266
209 230
198 181
197 145
163 113
162 101
139 225
26 339
291 468
3 422
433 138
404 122
421 138
407 120
378 98
407 65
442 65
444 225
436 250
411 276
385 291
430 299
430 283
377 244
345 315
329 297
525 163
526 137
500 96
552 105
564 74
605 51
582 31
577 36
626 34
659 64
547 50
570 34
561 86
525 46
546 2
608 100
518 283
673 327
689 374
666 388
831 270
997 276
1009 400
992 392
1057 468
1066 517
1023 543
1003 583
955 559
907 578
905 582
928 571
959 537
929 573
919 603
997 559
989 591
981 640
966 656
935 665
970 668
1021 671
1057 669
1027 675
1008 725
1024 760
1004 763
996 734
1013 707
993 666
1040 742
1070 761
1119 772
1117 736
1119 824
1106 858
1116 872
1052 702
983 738
967 767
937 786
897 820
894 849
882 899
903 937
903 902
937 877
972 860
991 817
1021 834
1035 860
1004 870
1006 915
1027 919
1014 932
993 958
1021 942
1057 945
1059 982
1065 1021
1043 1004
1090 960
1008 955
1005 891
968 887
948 868
934 870
956 897
959 928
928 836
910 815
906 785
894 774
852 779
942 839
887 869
840 887
790 881
769 900
797 924
827 942
861 980
886 975
851 1012
874 987
902 996
861 1034
835 1078
878 928
828 871
1046 815
966 760
972 717
936 701
938 714
973 722
946 733
1069 620
1075 580
1111 553
1079 526
1087 527
1091 528
1117 585
1077 310
798 490
825 499
844 539
799 555
777 526
804 562
817 572
806 590
813 591
827 587
788 552
824 585
707 927
734 977
715 1004
736 1037
789 1004
798 1031
498 1010
626 693
909 1092
923 1106
617 162
618 172
86 73
264 28
