836 417
843 374
864 335
843 349
796 363
761 385
710 393
709 346
737 381
737 402
764 442
806 468
824 492
829 536
833 567
816 517
779 518
828 534
803 520
848 540
853 528
874 484
890 475
907 503
922 539
954 583
964 581
961 598
988 637
959 639
922 665
904 682
909 695
876 681
828 661
808 674
807 676
826 713
836 739
823 758
777 737
730 710
742 733
730 730
691 762
655 764
619 725
592 746
623 708
640 740
687 746
709 790
692 817
693 854
736 871
758 835
734 882
699 859
703 815
718 793
753 790
735 793
758 801
747 839
795 847
817 809
869 815
821 801
839 758
880 759
896 753
845 719
811 693
803 655
798 680
837 694
859 680
909 659
927 650
942 692
992 714
1032 732
1015 745
1020 697
1017 724
1033 769
966 760
987 808
946 833
928 832
952 853
979 816
958 797
951 807
968 807
966 783
939 805
975 817
931 807
914 859
862 873
855 927
860 942
875 942
917 966
895 1011
898 1013
864 1031
828 993
825 1008
803 984
759 964
765 915
793 893
818 922
853 934
855 908
884 886
932 868
952 881
974 900
951 895
929 929
903 900
931 869
975 884
983 890
1026 879
1026 854
1031 828
1082 846
1089 856
1077 891
1047 908
1038 946
1003 964
998 977
1078 961
1094 994
1086 1004
1077 988
1117 1019
1123 1064
1094 891
908 882
907 973
930 998
945 1043
940 1078
961 1066
1004 1097
1028 1099
970 1076
947 1052
924 1079
896 1116
867 1071
880 1043
905 1049
884 989
836 972
792 951
817 917
783 960
736 937
729 973
675 976
664 998
639 1045
608 1021
569 985
531 999
493 983
506 949
462 941
515 936
515 979
494 931
503 944
552 933
590 915
603 939
624 973
622 1009
615 1005
562 993
572 1043
562 1095
527 1101
505 1093
479 1120
464 1083
414 1072
400 1073
348 1079
329 1072
331 1023
294 998
301 962
328 934
351 901
382 946
392 982
422 1004
448 967
476 936
506 981
542 1008
514 1054
473 1062
467 1009
413 1016
368 1022
325 1012
324 1019
357 1062
331 1105
310 1055
314 1052
356 1022
330 1012
289 994
320 949
302 917
339 897
309 895
287 869
238 857
229 840
205 805
208 817
181 837
144 809
143 789
138 782
106 780
74 796
75 793
61 742
55 746
13 724
33 699
5 724
29 692
37 654
71 629
94 621
134 654
124 686
112 636
116 630
112 605
136 571
141 567
176 588
194 585
226 566
223 524
262 535
253 586
274 590
268 625
277 666
320 660
344 652
391 663
342 653
339 616
302 617
354 567
352 516
344 483
374 442
321 448
309 426
292 393
334 398
350 348
387 331
377 287
356 239
362 229
376 189
367 196
401 230
424 220
443 230
407 247
432 286
477 295
525 306
517 252
508 220
494 226
456 197
444 188
456 182
463 136
503 118
514 157
554 140
529 143
510 123
519 163
483 122
506 159
548 149
585 189
612 230
596 266
571 291
580 327
586 291
613 252
660 258
692 219
702 195
722 184
769 184
781 217
800 166
835 124
784 108
801 121
849 138
861 142
898 175
937 195
948 248
968 280
947 311
915 337
924 385
946 371
976 356
983 325
974 280
987 321
1034 303
1076 281
1049 293
1043 346
1097 352
1081 328
1044 378
1003 404
988 451
992 481
1008 471
979 507
987 525
989 503
987 537
1019 570
1024 575
1010 589
1022 580
983 613
992 588
957 583
935 614
897 651
968 503
924 533
914 524
904 492
894 481
895 429
877 392
887 342
865 358
828 321
810 299
776 303
750 321
745 344
785 322
756 309
759 304
780 259
786 214
797 183
799 184
835 221
831 273
848 243
883 227
926 218
955 203
992 208
1022 179
1011 139
980 154
975 134
947 117
936 67
895 47
847 55
817 35
768 38
743 61
705 36
663 44
663 83
670 38
705 29
729 77
745 117
709 104
698 102
690 93
724 104
679 133
655 172
680 218
670 197
711 196
716 174
690 166
687 191
678 241
637 225
608 201
581 203
588 149
585 130
547 103
514 61
499 63
503 61
500 29
500 92
482 126
508 156
506 156
510 207
467 79
565 78
579 33
618 73
662 101
596 193
630 186
735 124
727 111
751 182
751 234
790 226
809 231
738 253
719 304
690 324
654 304
642 352
664 394
696 386
721 424
720 470
682 467
639 472
666 440
634 429
598 424
549 408
550 383
544 377
522 334
485 343
460 384
438 407
448 459
479 464
432 478
444 439
458 456
462 496
455 537
486 553
496 574
502 606
448 609
419 605
421 614
458 637
486 664
490 691
539 687
505 681
539 662
512 651
505 600
516 583
564 592
565 564
512 580
491 545
521 524
533 475
543 469
564 482
539 509
525 479
503 502
463 488
426 460
449 430
477 469
461 489
474 519
475 552
514 519
526 470
555 451
584 448
610 407
578 366
550 362
512 324
479 354
475 304
502 282
482 286
471 298
424 293
379 323
395 335
374 341
354 373
350 421
364 402
363 416
313 406
352 411
311 417
275 454
298 474
273 475
308 447
357 466
363 445
378 401
364 411
362 360
346 403
331 451
368 332
330 298
280 298
269 295
295 269
308 238
309 201
323 249
283 272
313 264
317 254
306 226
282 205
233 209
182 192
143 217
154 193
201 209
201 231
200 206
232 166
191 143
213 96
230 74
241 77
194 49
143 29
182 16
120 18
102 50
80 96
75 149
120 148
144 127
185 103
238 99
243 140
159 156
141 197
157 213
160 245
193 261
227 238
211 289
177 321
189 374
138 392
131 421
124 439
124 340
100 375
115 343
154 315
141 280
130 330
156 303
161 331
204 298
208 267
218 242
242 290
274 281
293 239
288 203
84 385
53 415
68 451
24 422
7 386
65 472
84 390
74 380
195 401
199 434
217 383
254 344
247 386
226 368
256 404
239 421
229 469
196 492
152 513
126 499
110 509
122 515
149 500
182 524
194 549
168 582
161 635
170 642
152 609
107 601
82 557
115 653
138 620
136 579
184 580
212 545
211 533
253 503
252 512
278 515
289 562
328 563
207 572
206 622
247 630
255 676
275 725
320 736
347 772
362 799
362 826
405 816
414 776
388 750
347 741
309 728
304 703
251 712
223 747
180 739
208 698
223 676
234 728
257 777
270 822
247 843
231 882
188 912
206 895
183 851
159 814
155 769
207 756
196 762
213 788
229 812
268 831
284 781
329 807
355 771
334 806
330 793
289 836
309 881
305 896
279 930
301 915
290 953
243 932
218 976
232 992
271 1015
266 1042
258 1041
293 1000
286 978
235 940
204 994
191 1047
202 1096
170 1106
122 1121
153 1092
176 1049
140 1027
106 1036
113 989
137 954
133 947
68 968
32 976
71 969
79 915
40 895
55 910
14 863
30 820
87 1013
82 1018
39 995
93 1073
150 1052
149 1073
222 1111
332 932
376 936
427 946
452 990
435 1004
366 884
395 875
425 854
330 930
359 969
298 852
297 852
384 737
393 715
444 698
446 695
462 730
478 777
495 793
477 818
499 798
519 803
563 819
603 810
636 814
636 867
652 901
619 944
661 910
680 955
684 1000
683 1052
705 1061
730 1078
771 1078
752 1029
776 1043
778 991
803 1081
685 1096
672 901
705 873
730 840
781 827
803 842
825 888
726 824
599 944
578 971
531 989
521 957
526 935
601 891
640 806
583 773
543 736
505 713
459 705
454 658
403 670
424 715
376 689
348 733
319 719
292 722
289 719
316 672
305 685
316 671
394 621
458 618
484 645
564 768
551 813
534 863
500 872
502 844
576 785
405 774
229 867
195 857
157 860
190 844
144 840
130 859
114 827
130 860
153 826
126 809
197 785
201 748
190 701
195 714
217 692
199 735
216 626
170 636
215 433
238 405
196 386
256 405
163 228
92 178
75 205
80 249
32 244
12 194
16 243
44 181
243 44
260 28
256 44
245 22
289 31
300 61
307 111
342 126
327 161
371 154
387 145
375 176
391 225
362 215
360 215
368 235
368 133
339 104
390 140
327 327
418 351
465 341
452 384
465 354
490 347
526 314
545 268
555 291
584 335
567 360
602 325
620 340
630 377
543 258
456 368
449 437
401 463
415 296
446 284
502 416
566 634
542 643
562 675
592 652
639 640
652 613
653 582
676 556
647 512
613 509
615 511
712 579
706 614
743 635
753 628
750 609
729 602
703 555
711 539
694 567
680 599
643 624
677 651
674 660
640 671
640 596
649 577
643 606
693 544
761 624
783 598
813 595
848 560
846 534
866 572
835 544
783 546
847 610
411 567
714 457
744 429
787 400
805 432
809 428
829 425
870 457
881 478
927 463
949 455
986 428
1003 415
1012 430
1010 429
1006 403
925 407
925 371
948 345
942 324
895 410
793 372
808 355
750 455
724 352
724 308
720 294
716 293
737 278
789 291
770 63
790 30
820 7
789 52
769 44
724 30
703 6
844 71
855 98
865 148
902 171
931 133
969 119
968 116
983 149
942 121
919 163
866 162
853 181
855 109
814 133
821 101
890 70
959 188
942 235
949 199
979 167
1008 210
1019 236
1025 268
1063 247
1073 238
1116 213
1019 188
1005 169
896 227
921 19
980 38
1004 42
1025 24
1024 53
1011 333
89 713
48 760
472 1071
579 1109
765 907
880 833
858 696
780 693
