707 768
708 815
731 770
765 736
752 717
713 715
673 678
635 695
623 707
578 684
575 670
614 636
593 616
615 626
589 615
525 648
502 609
520 582
518 552
511 503
549 486
562 527
565 534
577 484
524 492
538 445
500 438
462 463
455 510
401 519
427 552
453 526
420 533
392 522
405 571
353 563
342 562
307 578
331 586
344 533
374 510
404 496
421 521
397 488
428 450
416 399
462 371
460 403
483 440
484 403
431 395
384 384
357 352
355 323
320 307
337 269
385 270
401 303
417 321
392 279
393 232
364 215
403 196
423 152
401 108
395 110
407 84
442 119
466 83
513 69
556 75
582 108
551 141
521 174
534 196
536 175
549 130
591 138
592 179
549 171
529 154
567 124
558 174
554 221
544 265
510 301
526 303
518 276
529 261
475 253
462 268
448 244
438 235
453 227
471 190
463 172
447 170
481 197
523 176
474 212
477 129
457 133
493 127
524 108
418 158
383 184
381 142
402 115
412 90
389 110
382 104
336 189
323 150
327 104
296 100
325 131
314 154
322 151
322 150
295 189
291 236
259 254
270 272
267 321
244 274
250 262
252 272
259 288
249 338
235 387
285 396
297 401
343 405
358 386
329 381
279 386
250 355
227 404
189 404
178 377
171 351
191 304
169 272
121 291
143 248
106 285
137 288
55 303
24 311
53 339
64 354
12 349
17 396
23 416
107 383
121 405
133 371
168 387
108 407
156 202
206 214
220 173
237 164
238 116
255 139
216 108
163 117
168 101
179 114
205 82
217 54
247 16
252 10
208 18
174 36
144 55
100 73
59 80
190 142
199 170
204 193
203 181
201 196
226 241
185 253
228 286
175 235
250 210
304 211
309 255
352 225
314 249
303 290
290 318
311 366
363 260
299 195
320 177
127 141
124 170
93 189
125 158
135 150
71 164
38 144
21 151
39 134
20 123
61 208
223 384
204 431
170 471
152 500
177 514
185 541
184 525
198 567
185 620
209 627
222 664
267 646
265 694
253 727
238 775
249 798
208 769
175 782
167 831
175 814
154 816
150 867
120 892
128 868
176 892
173 914
199 933
218 962
224 1003
278 996
270 957
261 910
284 883
329 869
353 834
375 813
423 811
394 778
348 773
338 753
335 731
320 732
318 729
330 754
367 696
370 664
401 637
410 626
447 606
447 570
470 553
479 590
477 564
489 520
462 500
432 479
455 550
452 579
489 603
469 640
459 653
421 665
445 713
423 753
394 752
423 802
470 824
519 800
525 820
508 837
513 864
541 882
559 893
547 921
537 933
556 977
585 1000
571 1000
531 975
490 1003
469 956
455 980
451 1015
400 1022
403 1022
455 1036
438 1084
401 1050
373 1089
357 1118
330 1079
295 1044
292 999
248 1005
219 989
251 986
264 952
239 989
192 1001
161 994
122 1020
128 966
96 960
112 924
110 910
57 904
38 893
56 849
34 807
43 777
17 733
34 736
74 764
116 782
128 805
160 797
188 801
173 838
202 846
233 816
272 836
300 812
344 841
329 866
305 871
261 851
210 870
168 905
176 930
218 931
263 916
232 908
199 890
183 935
166 972
171 986
175 974
180 946
210 906
202 967
195 960
146 967
110 944
108 978
100 1012
113 1061
114 1076
90 1083
90 946
78 921
35 915
158 944
195 976
275 919
127 877
110 866
71 858
22 839
29 822
314 851
363 853
394 888
365 914
402 908
420 920
400 934
361 943
400 950
437 965
422 1014
469 987
463 971
492 997
466 1000
419 991
372 1006
350 1004
347 988
296 988
287 1008
283 990
363 942
367 890
374 847
414 841
444 805
438 867
469 882
510 848
559 839
607 819
601 790
572 758
553 754
593 790
572 800
541 830
516 863
554 827
533 781
495 759
545 769
574 796
621 786
666 757
688 767
701 736
719 738
729 752
741 795
745 835
788 833
790 881
790 904
770 895
725 897
680 918
686 942
714 978
736 978
727 943
709 945
676 972
646 997
653 962
650 926
633 898
598 872
649 864
694 886
668 867
690 862
732 860
736 830
712 795
727 774
761 828
685 890
613 903
562 915
540 930
520 927
559 956
553 998
589 959
629 981
663 1002
688 1036
730 1043
770 1023
793 1047
840 1063
876 1042
902 1006
875 980
831 992
848 1043
881 1077
924 1098
881 1068
868 1085
953 1110
815 1049
832 953
810 932
790 915
820 893
833 849
879 839
879 889
901 874
895 920
908 880
956 888
966 939
1005 962
1025 973
1011 1014
981 1060
976 1060
934 1039
937 1009
891 998
877 951
929 947
968 958
985 939
936 957
965 932
995 964
998 999
1046 1000
1016 1020
1052 1056
1087 1071
1107 1040
1015 1012
1043 955
1059 932
959 922
964 879
996 856
1015 829
1041 786
1009 791
994 805
971 796
925 796
876 778
866 771
917 771
902 744
862 712
869 680
876 630
840 613
843 629
862 591
858 559
865 528
861 507
832 475
867 467
873 508
827 529
786 506
771 520
728 497
692 491
687 448
686 394
716 392
676 357
627 339
619 311
629 357
648 347
604 330
589 353
538 353
535 369
519 343
515 293
529 300
536 264
552 291
591 303
512 337
504 360
515 400
541 403
573 414
583 409
588 442
565 490
575 530
574 555
592 537
582 485
573 468
537 465
538 412
598 559
570 544
481 436
513 341
610 356
663 363
714 345
720 300
697 276
678 227
669 201
689 221
672 262
641 251
613 234
638 211
679 189
689 154
735 157
761 116
802 131
832 156
840 108
859 62
836 50
815 11
779 14
751 37
716 46
713 47
739 52
717 98
731 123
740 161
716 153
702 104
649 103
612 89
631 108
636 130
664 135
649 95
647 105
601 124
601 152
607 158
649 177
690 210
640 224
674 214
645 239
667 191
660 174
695 221
720 244
699 287
725 334
725 362
740 396
767 401
808 422
849 386
852 386
873 340
916 364
955 337
969 358
986 391
966 416
920 419
940 466
972 478
971 526
972 571
955 565
987 609
959 623
924 664
952 680
976 668
1007 685
1030 719
1075 692
1087 710
1122 722
1116 762
1117 766
1060 750
1062 793
985 728
1007 769
983 743
994 693
957 669
935 697
955 630
913 630
982 608
972 563
969 516
999 471
1043 454
1017 486
972 494
990 503
973 470
928 464
966 431
929 426
932 473
986 467
1008 498
966 471
1004 489
977 507
938 481
921 491
880 513
867 558
835 572
789 590
790 575
814 617
843 608
877 576
925 554
934 574
861 587
811 569
770 605
738 608
692 593
671 547
666 586
680 576
714 595
761 611
773 628
808 641
738 551
740 519
780 518
794 491
815 456
865 449
912 442
779 503
797 544
694 596
679 594
976 487
1050 526
1059 562
1030 595
967 389
1002 386
1030 341
1022 317
1062 332
1079 334
1118 323
1034 330
1013 307
994 260
992 240
976 194
959 146
968 191
973 202
936 176
885 194
851 231
855 253
817 287
790 273
810 227
804 184
796 181
785 227
773 255
747 281
766 211
747 186
794 181
737 142
801 323
842 298
871 343
856 371
828 390
790 376
766 421
743 404
776 350
846 350
904 336
951 354
979 363
1004 317
1011 282
1015 244
974 226
926 214
918 187
872 201
886 176
899 182
950 173
962 185
1006 170
1025 173
1028 222
1020 257
1072 197
1041 162
1051 130
1085 114
1084 123
1071 138
1026 100
980 117
985 149
985 139
957 123
974 117
984 192
939 192
927 236
935 283
875 181
863 158
888 116
897 81
941 54
930 19
923 13
849 143
1009 371
1018 396
950 400
674 338
667 370
672 424
701 452
665 442
699 473
652 463
692 441
691 475
676 281
645 272
687 223
591 94
560 55
569 37
620 25
663 2
623 23
591 44
559 55
547 17
511 26
487 59
439 36
443 0
492 6
562 46
647 113
739 69
754 20
739 63
835 4
869 679
860 733
838 771
811 774
811 778
813 750
783 729
803 754
854 734
762 719
730 684
693 672
711 660
721 668
948 793
906 825
897 804
1035 858
992 870
1040 863
984 860
875 969
826 976
861 876
854 881
832 866
753 921
730 950
678 1044
678 1016
672 1021
718 1084
691 1123
655 1095
621 1091
588 1103
631 1116
551 993
529 934
501 916
486 889
489 906
448 939
448 988
457 1041
478 1082
499 1061
493 1101
468 1122
486 1035
408 1063
413 1106
404 1108
539 911
564 872
659 779
638 802
602 811
616 801
456 730
333 822
358 1038
179 821
138 765
161 724
115 702
124 688
136 648
132 640
116 619
113 578
77 570
130 560
94 574
72 536
25 530
4 553
28 595
25 615
76 631
116 636
137 666
104 668
73 614
51 626
12 621
14 670
15 672
4 581
149 609
124 579
103 541
114 505
102 485
81 457
121 491
116 520
124 554
117 581
160 594
187 600
222 630
212 635
231 672
220 700
192 690
201 725
213 583
256 553
309 557
296 578
281 613
322 637
339 664
291 658
301 641
309 618
390 660
422 627
414 577
373 590
456 585
431 652
336 522
382 523
362 511
302 508
282 470
237 485
215 496
238 485
247 450
264 463
260 438
225 407
280 495
319 452
340 453
165 578
182 572
135 608
149 456
142 770
37 734
311 1071
296 1110
250 1087
269 1084
515 659
506 622
373 370
421 345
443 382
423 418
375 365
272 72
442 271
