119 829
160 863
162 814
207 783
169 744
129 735
121 777
77 767
53 739
65 757
23 790
0 768
63 758
54 712
73 673
30 639
26 605
8 628
60 619
67 592
63 558
101 555
132 535
165 522
195 514
218 477
191 458
231 423
189 424
224 448
246 407
281 428
247 401
270 377
302 351
339 329
362 293
403 265
391 245
357 203
354 238
312 231
342 242
363 210
324 182
272 168
253 163
277 192
278 243
259 288
250 287
278 299
258 346
274 329
302 336
293 324
327 322
346 285
343 238
361 247
357 273
355 288
354 287
399 213
433 217
462 204
511 191
517 209
507 159
496 114
455 145
452 111
448 78
440 26
436 14
429 97
409 118
397 106
427 191
418 225
445 268
450 294
442 334
455 319
475 334
496 359
463 399
515 415
522 416
514 428
506 434
465 466
436 489
445 495
463 542
430 525
392 487
361 466
339 439
315 485
291 531
300 526
296 578
326 580
330 535
356 530
361 500
323 469
338 514
343 523
367 491
342 477
361 431
330 397
301 421
267 421
260 410
278 363
294 338
336 349
378 362
362 369
366 376
386 419
402 398
452 420
431 371
456 332
498 328
520 309
554 271
562 251
569 240
605 274
637 237
645 209
645 208
632 219
629 252
582 280
594 271
644 288
662 328
702 349
657 335
672 362
695 378
718 356
758 339
757 326
769 283
734 265
721 233
703 197
698 185
729 205
772 192
804 228
838 265
863 295
853 318
869 324
888 375
877 411
917 423
907 474
899 512
904 564
869 587
911 611
948 599
978 637
998 648
981 670
958 697
949 679
936 717
904 759
865 790
863 742
840 720
803 686
793 713
762 739
753 762
760 776
740 748
708 732
704 678
709 628
755 643
791 632
812 599
823 546
798 524
818 484
814 470
804 465
835 477
787 490
829 466
873 453
897 448
942 449
984 474
1010 522
966 535
932 560
939 590
961 592
976 579
990 625
1017 620
1052 660
1083 638
1108 648
1123 686
1114 614
1117 570
1099 539
1077 528
1100 525
1096 527
1039 650
1070 711
932 569
942 520
948 488
917 507
879 490
891 444
942 455
956 492
1004 472
1024 446
1073 427
1103 418
1092 430
1053 411
1013 378
1029 402
1043 356
1068 321
1044 288
1029 266
1073 258
1098 272
1116 251
1017 276
981 310
991 327
979 363
935 383
908 372
871 353
828 365
801 393
761 409
714 383
711 379
723 379
712 355
753 387
795 363
794 330
782 277
766 268
792 261
835 238
829 219
858 245
901 233
938 250
911 246
860 264
830 231
797 232
766 218
748 170
722 179
724 136
723 94
766 61
815 57
765 50
722 84
676 56
655 104
657 144
643 178
683 173
731 183
715 199
753 165
807 160
848 152
887 117
926 149
958 119
984 145
1005 195
977 154
989 172
1011 128
1058 133
1040 125
1054 113
1070 145
1111 173
1100 118
1004 132
955 114
909 129
877 173
862 150
826 127
825 117
849 126
880 148
905 114
900 90
903 130
917 156
953 191
978 208
977 235
903 208
864 209
881 236
841 242
861 219
886 243
876 292
920 306
920 303
886 338
850 329
832 318
835 292
805 299
787 307
762 329
740 373
695 360
692 345
661 328
624 362
610 406
638 422
613 419
572 451
616 469
630 506
637 552
656 570
663 542
717 540
687 517
704 469
683 503
729 489
716 451
685 473
676 483
624 475
641 428
617 396
585 371
658 403
596 504
578 541
589 582
618 582
628 584
649 634
641 643
608 656
594 677
552 642
521 655
475 634
452 682
428 696
472 720
453 749
441 794
425 828
426 792
425 750
413 730
370 722
349 768
314 778
343 811
356 840
322 863
294 900
288 947
338 968
390 974
444 981
489 958
528 995
525 1011
501 1020
512 1065
459 1058
442 1088
396 1063
421 1046
419 1021
383 986
424 952
458 918
449 872
459 849
505 836
518 885
555 864
591 870
609 920
620 920
660 912
679 876
657 841
664 848
692 815
687 793
680 761
707 749
706 715
660 705
673 668
657 627
691 603
669 587
661 613
674 572
685 532
635 528
615 502
618 502
624 490
586 530
577 576
541 564
524 559
500 537
489 503
485 479
461 476
502 555
526 595
526 612
516 590
537 629
541 677
558 674
578 626
615 663
608 713
598 753
602 710
566 688
536 584
535 556
473 574
443 582
417 622
370 631
350 675
325 669
296 637
270 658
268 697
249 725
221 768
223 796
271 805
325 814
313 845
339 870
385 875
397 876
398 930
432 950
461 942
491 935
492 888
539 872
585 887
611 846
605 812
654 791
681 828
706 863
741 904
785 880
821 896
843 862
885 881
903 841
925 839
958 822
987 782
997 753
973 712
933 692
918 663
883 657
858 660
820 698
790 714
740 695
754 736
750 765
783 788
809 788
834 825
874 834
923 822
950 819
931 844
899 857
923 906
913 913
959 921
993 955
996 916
1043 890
1094 891
1079 930
1107 916
1114 916
1050 969
1096 997
1082 1014
1027 1018
985 1048
999 1014
979 1010
944 1010
904 1001
915 948
925 925
930 967
902 1012
929 1038
931 990
946 954
914 916
919 883
908 850
950 899
920 953
963 972
939 1019
1001 1001
994 1045
1080 849
1099 809
1099 800
1017 853
1010 813
985 792
949 763
902 791
873 781
851 733
808 705
765 695
760 692
824 723
839 711
837 666
848 650
877 618
888 614
915 587
897 557
888 607
911 566
925 521
859 594
799 647
811 628
782 610
795 557
769 548
898 759
912 783
957 766
1007 766
1006 726
952 729
916 763
950 682
1034 781
1022 797
813 855
768 883
770 871
743 912
745 939
714 968
677 944
650 899
596 895
615 921
667 934
703 967
670 989
656 986
640 997
673 1005
681 957
722 963
746 1012
793 999
798 981
835 961
850 933
826 989
795 973
744 980
719 964
751 946
702 1016
814 986
629 967
613 938
554 884
516 883
507 927
530 970
498 978
479 1012
485 1046
476 1049
501 1089
494 1121
526 1095
564 1076
597 1088
622 1096
593 1062
565 1021
561 1005
530 1003
492 983
504 995
530 1038
561 1070
578 1003
561 974
643 1100
441 1031
402 998
361 998
325 1011
275 1030
225 1018
221 993
267 969
245 932
223 885
212 848
242 892
258 940
240 952
248 957
254 950
260 925
254 910
201 922
167 944
175 944
128 958
105 973
80 949
33 968
28 950
30 899
64 892
112 884
85 841
135 831
145 880
121 895
83 872
108 851
128 818
106 841
84 808
107 804
178 915
193 918
218 955
199 965
164 983
202 1022
190 1042
206 1065
135 960
96 984
111 963
101 1015
86 1044
68 1077
61 1104
63 952
24 960
7 970
12 1020
2 929
228 869
270 973
321 985
333 1034
333 1041
326 1078
319 1079
277 1103
317 1051
280 1014
307 977
295 1015
407 988
426 1033
547 890
559 837
602 819
571 817
541 794
539 785
561 795
596 822
564 858
573 802
646 849
492 867
448 894
432 870
395 872
484 837
491 831
756 891
726 876
774 788
735 755
680 795
322 864
316 881
357 770
374 780
389 793
413 799
238 782
269 797
220 781
187 752
175 787
199 775
179 758
201 735
234 682
243 636
201 622
184 583
218 597
242 563
255 553
242 511
261 542
281 526
277 546
263 553
231 475
198 516
205 587
209 648
184 643
142 648
133 676
157 682
118 660
155 662
204 649
245 643
138 713
118 719
120 668
138 621
146 587
130 698
138 718
246 703
308 731
304 716
298 622
325 603
352 681
378 645
385 603
403 610
415 628
416 651
420 653
386 675
363 704
445 638
475 663
457 714
504 731
471 766
485 674
614 572
671 603
677 683
396 1095
732 496
768 434
803 406
850 415
816 397
823 410
807 457
802 476
816 479
795 485
834 460
868 393
912 398
946 392
985 420
987 455
1019 491
1003 527
1018 516
1039 479
1014 486
1029 452
999 413
957 432
989 455
956 353
906 333
968 346
800 380
849 311
853 200
816 218
841 232
903 175
918 191
844 134
802 132
782 159
799 132
792 80
758 98
732 125
694 121
652 135
675 114
725 148
1008 113
625 228
653 244
661 270
687 259
740 263
597 206
563 223
529 239
551 217
539 211
540 179
513 139
551 121
596 125
556 92
508 108
524 148
504 185
468 208
466 255
507 278
505 322
469 345
451 363
424 316
511 243
557 227
454 213
441 261
567 115
584 157
610 200
539 55
564 14
507 16
665 55
678 28
723 6
733 4
693 25
900 466
303 336
290 314
281 316
252 329
250 340
210 365
183 368
188 340
149 345
139 371
157 374
118 341
132 356
126 403
128 435
119 436
77 466
33 456
12 452
11 463
83 469
126 487
148 437
146 430
57 418
78 393
45 359
80 330
90 381
95 318
88 283
140 269
153 300
156 282
190 285
226 250
179 223
134 222
151 199
139 187
107 188
112 141
70 109
77 156
92 160
136 131
139 99
185 99
225 113
246 148
251 177
268 130
321 136
320 104
314 103
323 147
329 179
351 168
364 179
333 141
351 172
288 163
254 139
245 191
219 200
188 222
157 225
170 178
133 174
139 174
119 206
221 185
250 195
177 221
192 102
180 107
194 45
174 36
106 97
168 289
212 321
197 337
183 386
199 370
202 395
326 418
380 539
391 548
525 382
56 625
8 643
43 683
